id,isolate,MtrD,private_record,private_owner
1,A4/M1027,25,false,
2,120M,28,false,
3,M00242905,,false,
4,M1027,,false,
5,M00240227,,false,
6,M00282207,,false,
7,7891,29,false,
8,M00242007,,false,
10,6748,11,false,
11,129E,28,false,
12,0090/89,,false,
13,139M,28,false,
15,1,,false,
16,2,,false,
17,3,,false,
18,4,,false,
19,S3131,30,false,
20,5,,false,
21,6,,false,
22,7,,false,
23,8,,false,
24,S4355,29,false,
25,9,,false,
26,10,,false,
27,11,,false,
28,12,,false,
29,13,,false,
30,14,24,false,
31,10,25,false,
32,15,,false,
33,16,,false,
34,20,28,false,
35,26,25,false,
36,17,,false,
37,70,,false,
38,53,,false,
39,54,,false,
40,18,,false,
41,19,,false,
42,20,,false,
43,21,,false,
44,22,,false,
45,23,,false,
47,24,,false,
48,25,,false,
49,26,,false,
50,27,,false,
51,28,,false,
52,243,25,false,
53,E795,,false,
54,E797,,false,
55,29,,false,
56,223,,false,
57,251,,false,
58,252,,false,
59,30,,false,
60,31,,false,
61,393,28,false,
62,32,,false,
63,33,,false,
64,254,28,false,
65,34,,false,
66,35,,false,
67,S5611,31,false,
68,36,,false,
69,37,,false,
70,38,,false,
71,39,,false,
72,40,,false,
73,41,,false,
74,42,,false,
75,84,,false,
76,102,,false,
77,120,,false,
78,Mrs 2000173,,false,
79,160,,false,
80,413,,false,
81,414,,false,
82,11-004,32,false,
83,415,,false,
84,IAL2229,29,false,
85,416,,false,
86,417,,false,
87,418,,false,
88,419,,false,
89,433,,false,
90,CN100,33,false,
91,CN103,,false,
92,630,,false,
93,631,,false,
94,632,,false,
95,633,,false,
96,634,,false,
97,635,,false,
98,1149,,false,
99,637,,false,
100,638,,false,
101,640,,false,
102,800,,false,
103,801,,false,
104,802,,false,
105,Z2720,,false,
106,803,,false,
107,Mrs 98082,,false,
108,0267/78,,false,
109,Z3204,,false,
110,M00243120,,false,
111,M00243142,,false,
112,M00243156,,false,
113,M00243189,,false,
114,M00243264,,false,
115,M00243275,,false,
116,M01240013,,false,
117,M01240053,,false,
118,M01240130,,false,
119,M01240227,,false,
120,F4698,29;34,false,
121,M01240230,,false,
122,M01240234,,false,
123,M01240269,,false,
124,"M01, 257025",,false,
125,"M01, 257072",,false,
126,"M01, 257105",,false,
127,"M01, 257086",,false,
128,F6124,29,false,
129,0929/83,,false,
130,0984/83,,false,
131,0049/82,,false,
132,0090/80,,false,
133,0171/79,,false,
134,0522/80,,false,
135,0561/79,,false,
136,0774/78,,false,
137,3988/72,,false,
138,4844/72,,false,
139,5391/72,,false,
140,9565/73,,false,
141,5289/72,,false,
142,9335/73,,false,
143,0433/80,,false,
144,4398/72,,false,
145,"M01, 257107",,false,
146,239,,false,
147,649,,false,
148,2708,,false,
149,4214,,false,
150,097-10N,,false,
151,MN3098/99,,false,
152,Mn3037/99,,false,
153,Mn3081/99,,false,
154,Mn3082,,false,
155,Mn3136,,false,
156,00-1008,,false,
157,00-1035,,false,
158,00-1047,,false,
159,00-1048,,false,
160,1014,25,false,
161,00-1050,,false,
162,00-1122,,false,
163,00-1187,,false,
164,00-1245,,false,
165,00-1257,,false,
166,00-1263,,false,
167,00-1264,,false,
168,00-1299,,false,
169,00-1301,,false,
170,00-1348,,false,
171,00-1385,,false,
172,00-1390,,false,
173,00-1473,,false,
174,00-1481,,false,
175,00-1531,,false,
176,00-1652,,false,
177,00-1677,,false,
178,00-1706,,false,
179,00-1814,,false,
180,00-1838,,false,
181,00-1910,,false,
182,00-1980,,false,
183,00-2187,,false,
184,00-2365,,false,
185,00-2425,,false,
186,00-2497,,false,
187,00-2550,,false,
188,00-2693,,false,
189,00-2694,,false,
190,00-2702,,false,
191,00-2912,,false,
192,00-2976,,false,
193,00-2993,,false,
194,00-3447,,false,
195,00-3504,,false,
196,00-3523,,false,
197,00-3535,,false,
198,00-3537,,false,
199,00-4062,,false,
200,00-4066,,false,
201,00-4097,,false,
202,00-4159,,false,
203,00-4290,,false,
204,00-4315,,false,
205,00-4357,,false,
206,00-4520,,false,
207,00-4607,,false,
208,00-4666,,false,
209,00-4916,,false,
210,H1964,29,false,
211,00-4917,,false,
212,00-4952,,false,
213,00-4967,,false,
214,00-5059,,false,
215,00-5077,,false,
216,00-5303,,false,
217,01-1262,,false,
218,01-1263,,false,
219,01-1597,,false,
220,01-1678,,false,
221,01-1711,,false,
222,01-1773,,false,
223,M01240379,,false,
224,M01240487,,false,
225,10924,,false,
226,11004,,false,
227,11510,,false,
228,11708,,false,
229,12024,,false,
230,18012,,false,
231,18502,,false,
232,19902S2,,false,
233,256nl,,false,
234,3048/99,,false,
235,302nl,,false,
236,ROU,,false,
237,H44/76,3,false,
238,153,25,false,
239,154,25,false,
240,MC58,3,false,
241,3007/99,,false,
242,3176/99,,false,
243,M01240607,,false,
244,M01240861,,false,
245,M01240889,,false,
246,M01240932,,false,
247,01-2729,,false,
248,01-2731,,false,
249,01-2732,,false,
250,01-2757,,false,
251,01-2767,,false,
252,3030/99,,false,
254,0004/91,,false,
255,0042/98,,false,
256,0095/98,,false,
257,L90 659,,false,
258,M99 241399,,false,
259,M00 242515,,false,
260,M00 240369,,false,
261,M96254585,,false,
262,M96254684,,false,
263,M98252365,,false,
264,M98252261,,false,
265,M96256062,,false,
266,M96256086,,false,
267,M96256116,,false,
268,GR-1/00,,false,
269,GR-11/00,,false,
270,GR-15/00,,false,
271,GR-20/00,,false,
272,003/86,,false,
273,GR-22/00,,false,
274,80194,,false,
275,79097,,false,
276,GR-26/00,,false,
277,GR-28/00,,false,
278,GR-29/00,,false,
279,GR-30/00,,false,
280,79223,,false,
281,GR-31/00,,false,
282,79179,,false,
283,GR-32/00,,false,
284,GR-33/00,,false,
285,GR-34/00,,false,
286,GR-36/00,,false,
287,GR-37/00,,false,
288,79157,,false,
289,GR-38/00,,false,
290,GR-39/00,,false,
291,GR-40/00,,false,
292,GR-42/00,,false,
293,GR-44/99,,false,
294,GR-51/99,,false,
295,79103,,false,
296,GR-53/99,,false,
297,GR-62/99,,false,
298,GR-63/99,,false,
299,80049,25,false,
300,80006,,false,
301,87053,,false,
302,79140,,false,
303,GR-81/99,,false,
304,GR-84/99,,false,
305,GR-87/99,,false,
306,GR-96/99,,false,
307,M01240415,,false,
308,0098/96,,false,
309,Mrs 2001047,,false,
310,Mrs 2001006,,false,
311,M00242976,,false,
312,M96254792,,false,
313,M99241483,,false,
314,D1,1,false,
315,M00240557,,false,
316,D8,25,false,
317,M96256077,,false,
318,M96256124,,false,
319,M97250053,,false,
320,M97250059,,false,
321,M97251486,,false,
322,M96255929,,false,
323,M97250114,,false,
324,3109/99,,false,
325,0451/96,61,false,
326,0203/97,,false,
327,M00240335,,false,
328,M00240393,,false,
329,M00240196,,false,
330,M00240519,,false,
331,M00240216,,false,
332,M01241373,,false,
333,M01241383,,false,
334,M01241426,,false,
335,M01241504,,false,
336,M01241682,,false,
337,M01241713,,false,
338,M2370,,false,
339,M6266,,false,
340,196/87,3,false,
341,M7085,,false,
342,M7161,,false,
343,500,1,false,
345,M7164,,false,
346,M7291,,false,
347,Z10339,,false,
348,Z10338,,false,
349,38VI,35,false,
350,0477/95,,false,
351,155/98,,false,
352,2032,,false,
353,16294,,false,
354,16471,,false,
355,16350,,false,
356,16467,,false,
357,16060,,false,
358,16003,,false,
359,2106,,false,
360,16516,,false,
361,16520,,false,
362,16282,,false,
363,16487,,false,
364,16936,,false,
365,16895,,false,
366,9141,,false,
367,16989,,false,
368,16254,,false,
369,M597,1,false,
370,16919,,false,
371,16929,,false,
372,2115,,false,
373,16739,,false,
374,2022,,false,
375,2057,,false,
376,16293,,false,
377,16920,,false,
378,16975,,false,
379,16126,,false,
380,16409,,false,
381,16169,,false,
382,16997,,false,
383,2025,,false,
384,904903,,false,
385,16284,,false,
386,16831,,false,
387,2059001,25,false,
388,16266,,false,
389,17080,,false,
390,2043,,false,
391,90/18311,36,false,
392,16966,,false,
393,16697,,false,
394,16889,,false,
395,16619,,false,
396,16177,,false,
397,N1/00,,false,
398,BZ 10,37,false,
399,N3/00,,false,
400,BZ 83,3,false,
402,N9/00,,false,
403,BZ 147,12,false,
404,N11/00,,false,
405,N12/00,,false,
406,N18/00,,false,
407,BZ 163,14,false,
408,BZ 169,3,false,
409,BZ 198,38,false,
410,BZ 232,39,false,
411,DK 24,40,false,
412,DK 353,39,false,
414,EG 327,42,false,
415,EG 329,3,false,
416,EG 011,39,false,
417,NG 3/88,43,false,
418,NG 4/88,44,false,
419,NG 6/88,13,false,
420,NG F26,13,false,
421,NG H15,45,false,
423,NG H38,39,false,
424,NG E31,47,false,
425,NG G40,45,false,
427,NG E30,49,false,
428,NG H36,49,false,
429,N19/00,,false,
430,NG 080,3,false,
431,NG144/82,3,false,
432,N22/00,,false,
433,N26/00,,false,
434,NG PB24,3,false,
435,N27/00,,false,
437,N42/00,,false,
438,N45/00,,false,
439,N50/00,,false,
440,N59/00,,false,
441,8680,3,false,
442,297-0,50,false,
443,3906,56,false,
445,528,41,false,
446,1000,58,false,
447,36/1756,,false,
448,25/1622,,false,
449,N63/00,,false,
450,N72/00,,false,
451,14/1455,25,false,
452,82/803,,false,
453,N22/98,,false,
454,16208,,false,
455,N1/99,,false,
456,N5/99,,false,
457,221,,false,
458,228,,false,
459,235,,false,
460,N9/99,,false,
461,N12/99,,false,
462,N13/99,,false,
463,N14/99,,false,
464,N15/99,,false,
465,N19/99,,false,
466,371,28,false,
467,690,25,false,
468,BRAZ10,59,false,
469,N22/99,,false,
470,N23/99,,false,
471,N30/99,,false,
472,N31/99,,false,
473,N32/99,,false,
474,N33/99,,false,
475,N35/99,,false,
476,N38/99,,false,
477,N39/99,,false,
478,N41/99,,false,
479,N42/99,,false,
480,N47/99,,false,
481,N59/99,,false,
482,N60/99,,false,
483,N62/99,,false,
484,N63/99,,false,
485,N69/99,,false,
486,N70/99,,false,
487,N4/01,,false,
488,106,28,false,
489,N5/01,,false,
490,N7/01,,false,
491,N11/01,,false,
492,79128,60,false,
493,322/85,61,false,
494,79126,60,false,
495,N27/01,,false,
496,0178/97,,false,
497,0302/97,,false,
498,0136/98,,false,
499,MDL01A0601,,false,
500,MDL01A2447,,false,
501,9813,,false,
502,9976,,false,
503,10251,,false,
504,10317,,false,
505,11261,,false,
506,11327,,false,
507,MA-5756,1,false,
508,11446,,false,
509,11689,,false,
510,11694,,false,
511,12110,,false,
512,12193,,false,
513,12344,,false,
514,12366,,false,
515,12531,,false,
516,12642,,false,
517,12770,,false,
518,12644,,false,
519,12647,,false,
520,12792,,false,
521,13367,,false,
522,13602,,false,
523,13689,,false,
524,13818,,false,
525,13872,,false,
526,13903,,false,
527,14078,,false,
528,Z5460,,false,
529,14159,,false,
530,14160,,false,
531,14261,,false,
532,14273,,false,
533,14368,,false,
534,14457,,false,
535,14459,,false,
536,14482,,false,
537,14483,,false,
538,14484,,false,
539,8478,,false,
540,8476,,false,
541,9069,,false,
542,9087,,false,
543,9678,,false,
544,9688,,false,
545,10207,,false,
546,10886,,false,
547,10912,,false,
548,10194,,false,
549,11344,,false,
550,11040,,false,
551,11546,,false,
552,11061,,false,
553,10988,,false,
554,11093,,false,
555,11093,,false,
556,12519,,false,
557,10286,,false,
558,10343,,false,
559,10403,,false,
560,10107,,false,
561,11861,,false,
562,10073,,false,
563,10362,,false,
564,10974,,false,
565,10978,,false,
566,10395,,false,
567,11301,,false,
568,11297,,false,
569,10072,,false,
570,11872,,false,
571,11884,,false,
572,1101,,false,
573,o1108,,false,
574,2162,,false,
575,3188,,false,
576,S12/01,,false,
577,S40/01,,false,
578,5072/99,,false,
579,1ST 97,,false,
580,5103,,false,
581,M00242718,,false,
582,M00242843,,false,
583,M00242929,,false,
584,M00242992,,false,
585,M00243026,,false,
586,M00243027,,false,
587,M00243223,,false,
588,M00243226,,false,
589,M01240027,,false,
590,M01240096,,false,
591,M01240201,,false,
592,M01240589,,false,
593,M01240619,,false,
594,M01240620,,false,
595,M01240766,,false,
596,M01240864,,false,
597,92001,29,false,
598,MI98/172,,false,
599,N40/01,,false,
600,N43/01,,false,
601,N54/01,,false,
602,N59/01,,false,
603,0054/96,,false,
604,M01241876,,false,
605,M01241919,,false,
606,M01241948,,false,
607,M01241958,,false,
608,00 003,,false,
609,00 004,,false,
610,00 005,,false,
611,00 006,,false,
612,00 036,,false,
613,Z2491,25,false,
614,00 038,,false,
615,00 040,,false,
616,00 065,,false,
617,00 066,,false,
618,00 068,,false,
619,00 094,,false,
620,00 106,,false,
621,00 123,,false,
622,01 011,,false,
623,01 067,,false,
624,01 099,,false,
625,01 279,,false,
626,01 280,,false,
627,01 281,,false,
628,01 283,,false,
629,01 284,,false,
630,01 285,,false,
631,94 024,,false,
632,96 212,,false,
633,99 170,,false,
634,99 171,,false,
635,99 172,,false,
636,99 174,,false,
637,99 175,,false,
638,G2136,37,false,
640,SB25,14,false,
641,94/155,62,false,
642,312 901,14,false,
643,AK22,14,false,
644,L93/4286,1,false,
645,204/92,3,false,
646,400,45,false,
647,AK50,45,false,
648,M-101/93,45,false,
649,50/94,45,false,
650,M40/94,45,false,
651,931905,63,false,
652,N45/96,45,false,
653,91/40,45,false,
655,E32,64,false,
656,E26,65,false,
657,860060,66,false,
659,A22,68,false,
660,71/94,7,false,
661,860800,8,false,
662,2837,1,false,
665,2845,13,false,
666,2843,1,false,
667,2842,79,false,
668,M97 252937,,false,
669,2846,1,false,
670,2840,1,false,
671,2844,1,false,
672,2847,1,false,
673,2848,,false,
674,2124,,false,
675,2122,,false,
676,2130,,false,
677,2118,,false,
678,2120,,false,
679,2121,,false,
680,2123,,false,
681,2127,,false,
682,2131,,false,
683,88/048,,false,
684,0259/93,2,false,
685,96E,,false,
686,494,,false,
687,332/85,,false,
688,005/86,,false,
689,80048,,false,
690,80055,,false,
691,CN3328,,false,
692,79202,,false,
693,890592,,false,
694,911652,,false,
695,920521,,false,
696,931192,,false,
697,901016,,false,
698,FAM18,1,false,
699,D10,,false,
700,31019101/3,,false,
701,200291001/6,,false,
702,170291001/23,,false,
703,0703911/23,,false,
704,1604912/4/,,false,
705,412,,false,
706,338,,false,
707,577,,false,
708,410/94,,false,
709,652/95,,false,
710,1092,,false,
711,49/1-99982,,false,
712,155/84,,false,
713,276/84,,false,
714,340/84,,false,
715,46/85,,false,
716,495/96,,false,
717,1038/96,,false,
718,164/85,,false,
719,231/86,,false,
720,134/87,,false,
721,278/87,,false,
722,233/88,,false,
723,277/88,,false,
724,324/88,,false,
725,385/88,,false,
726,585/88,,false,
727,409/95,,false,
728,521/96,,false,
729,925/96,,false,
730,965/96,,false,
731,14/94,,false,
732,302/83,,false,
733,558/83,,false,
734,47/84,,false,
735,248/84,,false,
736,445/84,,false,
737,465/84,,false,
738,544/97,,false,
739,159/85,,false,
740,162/85,,false,
741,209/85,,false,
742,754/95,,false,
743,F126,,false,
744,ME21,,false,
745,ME24,,false,
746,ME28,,false,
747,12399,,false,
748,12400,,false,
749,12402,,false,
750,C882,,false,
751,C872,,false,
752,C867,,false,
753,C852,,false,
754,C786,,false,
755,C4,,false,
756,C372,,false,
757,C361,,false,
758,C1423,,false,
759,C1420,,false,
760,C1417,,false,
761,C1413,,false,
762,C1411,,false,
763,C1409,,false,
764,C1407,,false,
765,C1405,,false,
766,C1401,,false,
767,99 176,,false,
768,C126,,false,
769,C11,,false,
770,99 177,,false,
771,99 178,,false,
772,99 179,,false,
773,99 180,,false,
774,99 182,,false,
775,99 184,,false,
776,99 185,,false,
777,99 186,,false,
778,99 187,,false,
779,99 188,,false,
780,99 189,,false,
781,99 190,,false,
782,99 191,,false,
783,99 193,,false,
784,99 194,,false,
785,99 195,,false,
786,99 196,,false,
787,99-078,,false,
788,99-079,,false,
789,99-080,,false,
790,99-110,,false,
791,99-131,,false,
792,99-132,,false,
793,99-135,,false,
794,99-136,,false,
795,99-140,,false,
796,99-142,,false,
797,99-143,,false,
798,99-144,,false,
799,99-145,,false,
800,99-148,,false,
801,99-149,,false,
802,99-150,,false,
803,99-152,,false,
804,99-153,,false,
805,99-154,,false,
806,99-156,,false,
807,99-161,,false,
808,99-162,,false,
809,99-163,,false,
810,99-164,,false,
811,99-165,,false,
812,99-166,,false,
813,99-167,,false,
814,99-168,,false,
815,99-169,,false,
816,01-4931,,false,
817,M00243132,,false,
818,M01240774,,false,
819,M1154,,false,
820,M2568,,false,
821,M3291,,false,
822,M3729,,false,
823,M4028,,false,
824,M4041,,false,
825,M4797,,false,
826,M5391,,false,
827,M6095,,false,
828,M7284,,false,
829,M7289,,false,
830,M7290,,false,
831,M7293,,false,
832,M7294,,false,
833,M7296,,false,
834,M7297,,false,
835,13203,,false,
836,13354,,false,
837,14301,,false,
838,M01242229,,false,
839,M01242281,,false,
840,M01242297,,false,
841,M01242442,,false,
842,M3369,,false,
843,04102-C,,false,
844,04103-C,,false,
845,GN,,false,
846,F980,,false,
847,C1701,,false,
848,5873/72,,false,
849,3017/71,,false,
850,2,,false,
851,26,,false,
852,120,,false,
853,147,,false,
854,208,,false,
855,211,,false,
856,250,,false,
857,271,,false,
858,130,,false,
859,ST99247810,,false,
860,N62/01,,false,
861,N65/01,,false,
862,MDO1344,,false,
863,MDO1342,,false,
864,MDO1240,,false,
865,MDO1188,,false,
866,MDO1227,,false,
867,MDO1056,,false,
868,MDO1066,,false,
869,07602F,,false,
870,M01242527,,false,
871,M01242554,,false,
872,OX9930042,2037,false,
873,OX9930046,87,false,
874,OX9930056,24,false,
875,OX9930064,,false,
876,OX9930086,49,false,
877,OX9930092,148,false,
878,OX9930097,332,false,
879,OX9930124,2038,false,
880,OX9930126,68,false,
881,OX9930132,87,false,
882,OX9930136,93,false,
883,OX9930142,68,false,
884,OX9930150,345,false,
885,OX9930151,45,false,
886,OX9930203,87,false,
887,OX9930357,45,false,
888,OX9930372,67,false,
889,OX9930386,68,false,
890,OX9930407,86,false,
891,OX9930467,97,false,
892,OX9930476,104,false,
893,OX9930621,57,false,
894,OX9930673,,false,
895,OX9930679,106,false,
896,OX9930685,24,false,
897,OX9930699,62,false,
898,OX9930715,45,false,
899,OX9930754,141,false,
900,OX9930767,104,false,
901,OX9930804,404,false,
902,OX9930817,68,false,
903,OX9930872,68,false,
904,OX9930890,,false,
905,OX9930902,24,false,
906,OX9930917,211,false,
907,OX9930955,2039,false,
908,OX9931045,400,false,
909,OX9931067,68,false,
910,OX9931161,2040,false,
911,OX9931234,97,false,
912,OX9931284,2310,false,
913,OX9931428,93,false,
914,OX9931503,39,false,
915,OX9931754,68,false,
916,OX9931909,68,false,
917,OX9932097,137,false,
918,OX9932099,49,false,
919,OX9932203,49,false,
920,OX9932231,1389,false,
921,OX9932276,340,false,
922,OX9932287,1059,false,
923,OX9932310,65,false,
924,OX9932406,2041,false,
925,ST99246004,,false,
926,ST99246005,,false,
927,ST99246009,,false,
928,ST99246083,,false,
929,ST99246084,,false,
930,0013/93,687,false,
931,0014/93,688,false,
932,0015/93,687,false,
933,0016/93,689,false,
934,0017/93,611,false,
935,0018/93,690,false,
936,0019/93,690,false,
937,0020/93,,false,
938,0021/93,,false,
939,0022/93,,false,
940,0023/93,2,false,
941,0024/93,,false,
942,0025/93,2,false,
943,0029/93,691,false,
944,0030/93,474,false,
945,0031/93,28,false,
946,0033/93,2,false,
947,0034/93,198,false,
948,0035/93,2,false,
949,0036/93,2,false,
950,0037/93,2,false,
951,0038/93,220,false,
952,0039/93,2,false,
953,0040/93,220,false,
954,0042/93,2,false,
955,0043/93,2,false,
956,0044/93,692,false,
957,0045/93,2,false,
958,0046/93,2,false,
959,0047/93,,false,
960,0048/93,67,false,
961,0054/93,474,false,
962,0055/93,120,false,
963,0056/93,120,false,
964,0057/93,693,false,
965,0058/93,24,false,
966,0059/93,474,false,
967,0060/93,57,false,
968,0061/93,694,false,
969,0062/93,3,false,
970,0063/93,691,false,
971,0065/93,474,false,
972,0066/93,24,false,
973,0067/93,119,false,
974,0068/93,474,false,
975,0069/93,49,false,
976,0070/93,39,false,
977,0071/93,49,false,
978,0073/93,2,false,
979,0074/93,2,false,
980,0077/93,220,false,
981,0078/93,687,false,
982,0079/93,,false,
983,0081/93,690,false,
984,0083/93,24,false,
985,0084/93,67,false,
986,0085/93,474,false,
987,0086/93,474,false,
988,0087/93,690,false,
989,0088/93,67,false,
990,0089/93,,false,
991,0091/93,118,false,
992,0093/93,2,false,
993,0095/93,2,false,
994,0096/93,2,false,
995,08-1726,,false,
996,86/71/0,,false,
997,8-03,,false,
998,25-03,,false,
999,2093,,false,
1000,2827,,false,
1001,4035,,false,
1002,MDU 9615945,,false,
1003,98/58,,false,
1004,98/53,,false,
1005,AE157/98,,false,
1006,AE163/98,,false,
1007,AE3277/97,,false,
1008,AE3585/97,,false,
1009,AE3586/97,,false,
1010,AE3627/97,,false,
1011,AE3628/97,,false,
1012,AE3629/97,,false,
1013,AE3647/97,,false,
1014,AE069/98,,false,
1015,MDU 9720319,,false,
1016,MDU 9802543,,false,
1017,BM33a,57,false,
1018,BM33e,57,false,
1019,BM35,9,false,
1020,BM55,461,false,
1022,MK85/94,,false,
1023,172,,false,
1024,3795,,false,
1025,3258,,false,
1026,254232,,false,
1027,820143,,false,
1028,860673,,false,
1029,902531,,false,
1030,637,,false,
1031,3245,,false,
1032,3811,,false,
1033,G68,,false,
1034,3851,,false,
1035,G61,,false,
1036,G115,,false,
1037,G42,,false,
1038,8013,26,false,
1039,G13,,false,
1040,770076,,false,
1041,M3772,,false,
1042,D5,,false,
1043,3187,,false,
1044,3529,,false,
1045,3544,,false,
1046,3718,,false,
1047,3917,,false,
1048,1970,,false,
1049,1972,,false,
1050,3231,,false,
1051,3962,,false,
1052,3715,,false,
1053,252937,,false,
1054,3048,,false,
1055,3047,,false,
1056,3849,,false,
1057,BM95,462,false,
1058,BM95a,462,false,
1059,BM95b,462,false,
1060,D87,,false,
1061,D91,,false,
1062,D93,,false,
1063,3704,,false,
1064,M2526,,false,
1065,810145,,false,
1066,G108,,false,
1067,M4222,,false,
1068,G99,,false,
1069,G65,,false,
1070,G40,,false,
1071,M3388,,false,
1072,M970,,false,
1073,M960,,false,
1074,2040,,false,
1075,MK87/94,,false,
1076,171,,false,
1077,251635,,false,
1078,252316,,false,
1079,3651,,false,
1080,830248,,false,
1081,253145,,false,
1082,251634,,false,
1083,3798,,false,
1084,770276,,false,
1085,3799,,false,
1086,3192,,false,
1087,250690,,false,
1088,3637,,false,
1089,3496,,false,
1090,3708,,false,
1091,3461,,false,
1092,3162,,false,
1093,325,,false,
1094,M4370,,false,
1095,2895,,false,
1096,860814,,false,
1097,3532,,false,
1098,801264,,false,
1099,BM68b,463,false,
1100,W138b,459,false,
1101,5873,,false,
1102,6053,,false,
1103,6133,,false,
1104,6241,,false,
1105,6323,,false,
1106,5911,,false,
1107,6661,,false,
1108,1491,,false,
1109,3113,,false,
1110,6291,,false,
1111,6871,,false,
1112,B98-252550,,false,
1113,B98-253348,,false,
1114,B98-253349,,false,
1115,1003,,false,
1116,1007,,false,
1117,1017,,false,
1118,1019,,false,
1119,1023,,false,
1120,1037,,false,
1121,1039,,false,
1122,1041,,false,
1123,1043,,false,
1124,M17/96,,false,
1125,M19/96,,false,
1126,M21/96,,false,
1127,M23/96,,false,
1128,M25/96,,false,
1129,774,,false,
1130,909,,false,
1131,939,,false,
1132,940,,false,
1133,947,,false,
1134,959,,false,
1135,971,,false,
1136,989,,false,
1137,998,,false,
1138,1008,,false,
1139,1016,,false,
1140,1026,,false,
1141,1028,,false,
1142,1048,,false,
1143,1112,,false,
1144,2182,,false,
1145,2201,,false,
1146,2042,,false,
1147,2261,,false,
1148,2303,,false,
1149,362,,false,
1150,5601,,false,
1151,6203,,false,
1152,6151,,false,
1153,1322,,false,
1154,2441,,false,
1155,2773,,false,
1156,3103,,false,
1157,5641,,false,
1158,6572,,false,
1159,6582,,false,
1160,6621,,false,
1161,6781,,false,
1162,6792,,false,
1163,6802,,false,
1164,6811,,false,
1165,5311,,false,
1166,6931,,false,
1167,1962,,false,
1168,BM33,3,false,
1169,BM45,1,false,
1170,BM45a,1,false,
1177,BM80,14,false,
1178,W72,1,false,
1179,W72a,1,false,
1180,W72b,1,false,
1181,W138,1,false,
1182,W138a,67,false,
1183,M96-255595,,false,
1184,M97 250630,,false,
1185,M97-250631,,false,
1186,M97-250672,,false,
1187,B97-250758,,false,
1188,B97-251184,,false,
1189,B98-251641,,false,
1190,B99-240049,,false,
1191,BM33b,57,false,
1192,BM33c,57,false,
1193,BM33d,57,false,
1194,BM34,464,false,
1195,BM49a,57,false,
1196,BM49b,57,false,
1197,BM34a,68,false,
1198,BM68,9,false,
1199,BM80a,9,false,
1200,W-134,9,false,
1201,W-134a,9,false,
1202,W-134b,9,false,
1203,BM55a,461,false,
1207,M99 240593,326,false,
1208,M99 240760,,false,
1209,M96 253415,,false,
1210,M96 253416,,false,
1211,0097/93,39,false,
1212,0099/93,,false,
1213,028sp,,false,
1214,022a,,false,
1215,011a,,false,
1216,006a,,false,
1217,012a,,false,
1218,012sp,,false,
1219,029sp,,false,
1220,001sp,,false,
1221,017a,,false,
1222,002sp,,false,
1223,011sp,,false,
1224,015i,,false,
1225,009sp,,false,
1226,001a,,false,
1227,004a,,false,
1228,014a,,false,
1229,010sp,,false,
1230,0091/08,,false,
1231,0103/08,,false,
1232,2003-243,,false,
1233,2001-452,,false,
1234,2004-233,,false,
1235,GR-AK-1197_07,,false,
1236,GR-W-1649_07,,false,
1237,GR-W-1678_07,,false,
1238,DE7767,,false,
1239,DE8044,,false,
1240,DE8217,,false,
1241,DE8833,,false,
1242,DE9290,,false,
1243,DE9547,,false,
1244,DE9563,,false,
1245,0355/95,,false,
1246,DE9666,,false,
1247,DE9755,,false,
1248,0061/96,,false,
1249,DE9797,,false,
1250,DE9861,,false,
1251,DE10067,,false,
1252,DE10674,,false,
1254,2086Y,,false,
1255,17756,,false,
1256,17810,,false,
1257,17924,,false,
1258,18027,,false,
1259,0268/97,,false,
1260,Mrs 98101,,false,
1261,Mrs 98103,,false,
1262,Mrs 98010,,false,
1263,Mrs 98099,,false,
1264,Mrs 98009,,false,
1265,Mrs 98064,,false,
1266,MDU9726019,,false,
1267,Mrs 72001,,false,
1268,MDU9731720,,false,
1269,MDU9703378,,false,
1270,MDU9800092,,false,
1271,MDU9533515,,false,
1272,MDU9603497,,false,
1273,MDU9533092,,false,
1274,MDU9714848,,false,
1275,MDU9902265,,false,
1276,MDU9815375,,false,
1277,MDU9802369,,false,
1278,MDU9734638,,false,
1279,MDU9729675,,false,
1280,F71,,false,
1281,F55,,false,
1282,F200,,false,
1283,F360,,false,
1284,F681,,false,
1285,F34,,false,
1286,F614,,false,
1287,F493,,false,
1288,F691,,false,
1289,F463,,false,
1290,5652,,false,
1291,5197,,false,
1292,5549,,false,
1293,5497,,false,
1294,5789,,false,
1295,5539,,false,
1296,6257,,false,
1297,5168,,false,
1298,5146,,false,
1299,M95/312394,,false,
1300,M96/251099,,false,
1301,M96/252913,,false,
1302,M96/253155,,false,
1303,M96/313166,,false,
1304,M96/251278,,false,
1305,M96/250103,,false,
1306,F1162,,false,
1307,F1011,,false,
1308,F345,,false,
1309,F862,,false,
1310,Mrs 96037,,false,
1311,1363/71,,false,
1312,4575/72,,false,
1313,2728/71,,false,
1314,1425/71,,false,
1315,6243/72,,false,
1316,4319/72,,false,
1317,3937/72,,false,
1318,4139/72,,false,
1319,4152/72,,false,
1320,4290/72,,false,
1321,4832/72,,false,
1322,3310/71,,false,
1323,1482/71,,false,
1324,4688/72,,false,
1325,4069/72,,false,
1326,3304/71,,false,
1327,4092/72,,false,
1328,4035/72,,false,
1329,1018/71,,false,
1330,5604/72,,false,
1331,2213/71,,false,
1332,4186/72,,false,
1333,1376/71,,false,
1334,3945/72,,false,
1335,3948/72,,false,
1336,4519/72,,false,
1337,5697/72,,false,
1338,5594/72,,false,
1339,1858/71,,false,
1340,2621/71,,false,
1341,3597/71,,false,
1342,4510/72,,false,
1343,4770/72,,false,
1344,5174/72,,false,
1345,5655/72,,false,
1346,6172/72,,false,
1347,4160/72,,false,
1348,4515/72,,false,
1349,3951/72,,false,
1350,4161/72,,false,
1351,4311/72,,false,
1352,4462/72,,false,
1353,2877,,false,
1354,2905,,false,
1355,F473,,false,
1356,F873,,false,
1357,2906,,false,
1358,F121,,false,
1359,F761,,false,
1360,F109,,false,
1361,6083,,false,
1362,5921,,false,
1363,5809,,false,
1364,5875,,false,
1365,F66,,false,
1366,F88,,false,
1367,F129,,false,
1368,F803,,false,
1369,NCTC,,false,
1370,CubanC (C11),,false,
1371,8469/73,,false,
1372,9448/73,,false,
1373,9447/73,,false,
1374,7694/73,,false,
1375,8072/73,,false,
1376,9251/73,,false,
1377,7769/73,,false,
1378,8012/73,,false,
1379,8044/73,,false,
1380,8089/73,,false,
1381,8502/73,,false,
1382,6737/72,,false,
1383,6631/72,,false,
1384,7316/72,,false,
1385,9451/73,,false,
1386,8413/73,,false,
1387,4205/72,,false,
1388,1008/71,,false,
1389,1421/71,,false,
1390,2591/71,,false,
1391,5828/72,,false,
1392,2685/71,,false,
1393,1362/71,,false,
1394,2721/71,,false,
1395,2749/71,,false,
1396,3006/71,,false,
1397,4192/72,,false,
1398,6535/72,,false,
1399,1467/71,,false,
1400,2317/71,,false,
1401,2961/71,,false,
1402,4451/72,,false,
1403,5227/72,,false,
1404,5633/72,,false,
1405,6604/72,,false,
1406,9297/73,,false,
1407,4389/72,,false,
1408,2242/71,,false,
1409,6630/72,,false,
1410,1715/71,,false,
1411,6196/72,,false,
1412,2370/71,,false,
1413,4103/72,,false,
1414,4441/72,,false,
1415,4888/72,,false,
1416,6454/72,,false,
1417,8598/73,,false,
1418,NM83,,false,
1419,4412/72,,false,
1420,7787/73,,false,
1421,3946/72,,false,
1422,7851/73,,false,
1423,5140/72,,false,
1424,5823/72,,false,
1425,4099/72,,false,
1426,5485/72,,false,
1427,8248/73,,false,
1428,MDU9918054,,false,
1429,MDU9913179,,false,
1430,MDU9918798,,false,
1431,2925,,false,
1432,2933,,false,
1433,2909,,false,
1434,2915,,false,
1435,2932,,false,
1436,2899,,false,
1437,2901,,false,
1438,F889,,false,
1439,F728,,false,
1440,F374,,false,
1441,F90,,false,
1442,F285,,false,
1443,F1174,,false,
1444,0536/75,,false,
1445,9695/74,,false,
1446,0422/75,,false,
1447,0507/75,,false,
1448,0139/75,,false,
1449,10447/74,,false,
1450,10060/74,,false,
1451,10242/74,,false,
1452,10476/74,,false,
1453,0149/75,,false,
1454,9876/74,,false,
1455,11340/74,,false,
1456,9688/74,,false,
1457,9885/74,,false,
1458,0195/75,,false,
1459,0241/75,,false,
1460,0431/75,,false,
1461,10260/74,,false,
1462,0412/75,,false,
1463,10473/74,,false,
1464,9814/74,,false,
1465,0035/75,,false,
1466,0499/75,,false,
1467,10034/74,,false,
1468,0205/75,,false,
1469,10485/74,,false,
1470,0532/75,,false,
1471,9612/73,,false,
1472,0328/75,,false,
1473,0441/75,,false,
1474,11514/74,,false,
1475,10495/74,,false,
1476,10277/74,,false,
1477,10429/74,,false,
1478,9458/73,,false,
1479,9865/74,,false,
1480,11461/74,,false,
1481,RioDNA218,,false,
1482,RioDNA219,,false,
1483,RioDNA223,,false,
1484,F151,,false,
1485,F213,,false,
1486,F777,,false,
1487,09-3209,,false,
1488,2002-250,,false,
1489,2003-153,,false,
1490,BF714,,false,
1491,BF412,,false,
1492,N28/09,,false,
1493,NZNMI08/052,,false,
1494,F206,,false,
1495,ST99246100,,false,
1496,F189,,false,
1497,F39,,false,
1498,F1142,,false,
1499,F418,,false,
1500,F844,,false,
1501,F952,,false,
1502,F157,,false,
1503,F60,,false,
1504,F829,,false,
1505,BF223,,false,
1506,M08 240193,,false,
1507,2008-264,,false,
1508,760184,,false,
1509,830437,,false,
1510,2080523,,false,
1511,2080542,,false,
1512,2080544,,false,
1513,2080555,,false,
1514,2080614,,false,
1515,2080724,,false,
1516,2080739,,false,
1517,M95/312472,,false,
1518,2081127,,false,
1519,2081187,,false,
1520,2081228,,false,
1521,2081288,,false,
1522,2081654,,false,
1523,2081668,,false,
1524,2082362,,false,
1525,4538/72,,false,
1526,4982/72,,false,
1527,5994/72,,false,
1528,6132/72,,false,
1529,8311/73,,false,
1530,9217/73,,false,
1531,9218/73,,false,
1532,10046/74,,false,
1533,10095/74,,false,
1534,10379/74,,false,
1535,10381/74,,false,
1536,10430/74,,false,
1537,10482/74,,false,
1538,10580/74,,false,
1539,12086/74,,false,
1540,12093/74,,false,
1541,0330/75,,false,
1542,9483/73,,false,
1543,10605/74,,false,
1544,9676/74,,false,
1545,9480/73,,false,
1546,11078/74,,false,
1547,9701/74,,false,
1548,9341/73,,false,
1549,9222/73,,false,
1550,12437/74,,false,
1551,0026/88,445,false,
1552,0184/97,,false,
1553,8715/73,,false,
1554,0405/75,,false,
1555,9560/73,,false,
1556,0003/75,,false,
1557,0575/75,,false,
1558,0411/75,,false,
1559,9357/73,,false,
1560,0535/75,,false,
1561,0025/75,,false,
1562,12481/74,,false,
1563,12587/74,,false,
1564,9744/74,,false,
1565,0437/75,,false,
1566,8204/73,,false,
1567,12626/74,,false,
1568,8576/73,,false,
1569,0070/86,,false,
1570,0101/93,2,false,
1571,0102/93,2,false,
1572,0103/93,2,false,
1573,0104/93,2,false,
1574,0105/93,43,false,
1575,0106/93,120,false,
1576,0107/93,687,false,
1577,0108/93,120,false,
1578,0109/93,2,false,
1579,0110/93,474,false,
1580,0111/93,611,false,
1581,0112/93,611,false,
1582,0113/93,2,false,
1583,0115/93,2,false,
1584,0116/93,,false,
1585,0117/93,49,false,
1586,0118/93,695,false,
1587,0119/93,2,false,
1588,0120/93,49,false,
1589,0198/93,474,false,
1590,0199/93,428,false,
1591,0200/93,428,false,
1592,0201/93,67,false,
1593,0202/93,428,false,
1594,0203/93,687,false,
1595,0204/93,274,false,
1596,0205/93,696,false,
1597,0206/93,24,false,
1598,0208/93,39,false,
1599,0209/93,697,false,
1600,0210/93,691,false,
1601,0211/93,698,false,
1602,0212/93,42,false,
1603,0213/93,49,false,
1604,0214/93,49,false,
1605,0215/93,119,false,
1606,0216/93,49,false,
1607,0217/93,49,false,
1608,0218/93,699,false,
1609,0219/93,687,false,
1610,0220/93,699,false,
1611,0221/93,39,false,
1612,0222/93,39,false,
1613,0223/93,687,false,
1614,0224/93,700,false,
1615,0225/93,119,false,
1616,0226/93,119,false,
1617,0227/93,119,false,
1618,0228/93,119,false,
1619,0229/93,429,false,
1620,0230/93,39,false,
1621,0231/93,43,false,
1622,0232/93,429,false,
1623,0233/93,701,false,
1624,0234/93,39,false,
1625,0236/93,702,false,
1626,0237/93,28,false,
1627,0238/93,696,false,
1628,0239/93,42,false,
1629,0240/93,687,false,
1630,0241/93,703,false,
1631,0242/93,428,false,
1632,0243/93,39,false,
1633,0244/93,49,false,
1634,0245/93,690,false,
1635,0246/93,704,false,
1636,0248/93,430,false,
1637,0250/93,690,false,
1638,0251/93,705,false,
1639,0252/93,24,false,
1640,0253/93,122,false,
1641,0254/93,273,false,
1642,0255/93,122,false,
1643,0256/93,611,false,
1644,0257/93,706,false,
1645,0258/93,123,false,
1646,0265/93,696,false,
1647,0267/93,220,false,
1648,0268/93,707,false,
1649,0269/93,24,false,
1650,0270/93,2,false,
1651,0271/93,431,false,
1652,0272/93,2,false,
1653,0276/93,474,false,
1654,0277/93,24,false,
1655,0279/93,39,false,
1656,0280/93,49,false,
1657,0286/93,,false,
1658,0295/93,474,false,
1659,0297/93,43,false,
1660,2996,,false,
1661,2998,,false,
1662,2931,,false,
1663,2953,,false,
1664,MDU9906199,,false,
1665,MDU9913686,,false,
1666,1361/71,,false,
1667,8334/73,,false,
1668,12598/74,,false,
1669,8246/73,,false,
1670,9583/73,,false,
1671,7671/73,,false,
1672,8728/73,,false,
1673,8851/73,,false,
1674,9435/73,,false,
1675,12701/74,,false,
1676,11472/74,,false,
1677,12590/74,,false,
1678,9863/74,,false,
1679,816230,,false,
1680,0021/87,15,false,
1681,0020/90,,false,
1682,0024/88,,false,
1683,93-385,,false,
1684,93-408,,false,
1685,93-458,,false,
1686,94-148,,false,
1687,94-287,,false,
1688,95-010,,false,
1689,95-028,,false,
1690,95-075,,false,
1691,95-080,,false,
1692,95-327,,false,
1693,94-024,,false,
1694,96-215,,false,
1695,96-181,,false,
1696,95-340,,false,
1697,95-245,,false,
1698,94-143,,false,
1699,94-080,,false,
1700,93-439,,false,
1701,92-569,,false,
1702,92-528,,false,
1703,96-212,,false,
1704,96-182,,false,
1705,95-325,,false,
1706,95-238,,false,
1707,94-132,,false,
1708,94-075,,false,
1709,93-239,,false,
1710,93-170,,false,
1711,92-483,,false,
1712,92-048,,false,
1713,99-104,,false,
1714,99-105,,false,
1715,99-106,,false,
1716,99-107,,false,
1717,99-108,,false,
1718,99-109,,false,
1719,99-111,,false,
1720,99-112,,false,
1721,99-113,,false,
1722,99-114,,false,
1723,99-115,,false,
1724,99-116,,false,
1725,99-117,,false,
1726,99-118,,false,
1727,99-119,,false,
1728,99-120,,false,
1729,99-121,,false,
1730,99-122,,false,
1731,99-123,,false,
1732,99-124,,false,
1733,99-125,,false,
1734,99-126,,false,
1735,99-127,,false,
1736,99-128,,false,
1737,99-129,,false,
1738,99-133,,false,
1739,99-134,,false,
1740,99-137,,false,
1741,99-138,,false,
1742,99-139,,false,
1743,99-141,,false,
1744,99-146,,false,
1745,99-147,,false,
1746,99-151,,false,
1747,99-155,,false,
1748,99-157,,false,
1749,99-158,,false,
1750,99-159,,false,
1751,99-160,,false,
1752,M1530,,false,
1753,M1531,,false,
1754,M1532,,false,
1755,M1533,,false,
1756,M1534,,false,
1757,M1535,,false,
1758,M1536,,false,
1759,M1537,,false,
1760,M1538,,false,
1761,M1539,,false,
1762,M1540,,false,
1763,M1541,,false,
1764,Mrs95042,,false,
1765,Mrs97060,,false,
1766,Mrs99066,,false,
1767,Mrs92060,,false,
1768,039-12,,false,
1769,066-12,,false,
1770,028-12,1004,false,
1773,042-12,,false,
1774,2708,,false,
1775,047-24,,false,
1776,094-24,,false,
1777,049-12,134,false,
1778,1520,,false,
1779,058-24,,false,
1780,016-24,225,false,
1781,004-24,,false,
1782,057-24,,false,
1783,088-24,,false,
1784,908,,false,
1785,077-12,,false,
1786,085-24,,false,
1788,001-24,,false,
1789,090-24,,false,
1791,060-12,,false,
1792,002-24,,false,
1793,005-24,,false,
1794,017-24,,false,
1795,032-12,,false,
1796,037-12,,false,
1797,058-12,,false,
1798,010-24,,false,
1799,003-12,,false,
1800,4116,,false,
1801,05802S1,,false,
1802,07102S2,,false,
1803,045-24,,false,
1804,011-14,,false,
1805,019-14,,false,
1806,025-12,,false,
1807,051-12,,false,
1808,097-10,,false,
1809,224,228,false,
1810,051-24,,false,
1811,092-24,,false,
1812,055-24,,false,
1813,4408,,false,
1814,4416,,false,
1815,044-12,,false,
1816,012-24,,false,
1817,052-12,,false,
1818,081-24,,false,
1819,081-12,,false,
1820,032-24,,false,
1821,014-14,,false,
1822,069-12,,false,
1823,099-24,,false,
1824,066-08,,false,
1825,020-12,,false,
1826,027-12,,false,
1827,005-12,169,false,
1828,310,,false,
1829,620,,false,
1830,1802,,false,
1831,066-04,,false,
1832,M0026,,false,
1833,M0027,,false,
1834,M0028,,false,
1835,M0029,,false,
1836,M0030,,false,
1837,M0031,,false,
1838,M0032,,false,
1839,M0033,,false,
1840,M0034,,false,
1841,M0128,,false,
1842,M0131,,false,
1843,M0140,,false,
1844,M0141,,false,
1845,M0143,,false,
1846,M0144,,false,
1847,M0145,,false,
1848,M0146,,false,
1849,M0147,,false,
1850,M0148,,false,
1851,M0149,,false,
1852,M0151,,false,
1853,M0152,,false,
1854,M0153,,false,
1855,Mrs99105,,false,
1856,Mrs99106,,false,
1857,9337/73,,false,
1858,9904/74,,false,
1859,0576/75,,false,
1860,1291/75,,false,
1861,0354/95,,false,
1862,96-1327,,false,
1863,99-2528,,false,
1864,00-1957,,false,
1865,00-1958,,false,
1866,96-1328,,false,
1867,99-4325,,false,
1868,Mrs92053,,false,
1869,Mrs96064,,false,
1870,Mrs98083,,false,
1871,00-4097,,false,
1872,0261/96,,false,
1873,0092/98,,false,
1874,X9,,false,
1875,N.44/89,,false,
1876,N.603/95,,false,
1877,12361/74,,false,
1878,0087/75,,false,
1879,0352/76,,false,
1880,0069/82,,false,
1881,0269/76,,false,
1882,0164/79,,false,
1883,0001/93,431,false,
1884,0184/93,431,false,
1885,0298/93,428,false,
1886,0330/80,,false,
1887,0299/93,120,false,
1888,2178/75,,false,
1889,0011/92,,false,
1890,0568/82,,false,
1891,0432/80,,false,
1892,1402/79,,false,
1893,0003/93,432,false,
1894,0198/80,,false,
1895,0302/80,,false,
1896,2288/75,,false,
1897,0251/78,,false,
1898,1072/79,,false,
1899,0246/76,,false,
1900,0768/78,,false,
1901,0777/78,,false,
1902,1076/79,,false,
1903,0596/82,,false,
1904,0207/76,,false,
1905,0300/93,120,false,
1906,0775/78,,false,
1907,0584/78,,false,
1908,1849/75,,false,
1909,1859/75,,false,
1910,1904/75,,false,
1911,0065/82,,false,
1912,2187/75,,false,
1913,0483/93,12,false,
1914,0310/80,,false,
1915,0313/80,,false,
1916,0313/76,,false,
1917,0266/80,,false,
1918,2088/75,,false,
1919,0517/93,431,false,
1920,0257/76,,false,
1921,0268/76,,false,
1922,0326/76,,false,
1923,2280/75,,false,
1924,0301/93,708,false,
1925,2136/75,,false,
1926,2224/75,,false,
1927,2248/75,,false,
1928,0544/80,,false,
1929,2216/75,,false,
1930,0758/78,,false,
1931,0303/80,,false,
1932,0071/82,,false,
1933,0007/93,709,false,
1934,0398/78,,false,
1935,0350/93,220,false,
1936,0302/93,710,false,
1937,0333/76,,false,
1938,0180/80,,false,
1939,2285/75,,false,
1940,2276/75,,false,
1941,0304/93,43,false,
1942,0305/78,,false,
1943,W17,,false,
1944,NCTC 8249,,false,
1945,9879/74,,false,
1946,NCTC 12083,,false,
1947,0050/93,93,false,
1948,0305/93,28,false,
1949,0306/93,68,false,
1950,0063/82,,false,
1951,0606/80,,false,
1952,0049/93,711,false,
1953,0508/82,,false,
1954,1186/79,,false,
1955,0011/93,49,false,
1956,0211/78,,false,
1957,0497/93,28,false,
1958,0307/93,49,false,
1959,0070/76,,false,
1960,0195/80,,false,
1961,0203/80,,false,
1962,1065/79,,false,
1963,0435/80,,false,
1964,LNP16537,,false,
1965,M99-240899,,false,
1966,12432,,false,
1967,43,,false,
1968,44,,false,
1969,45,,false,
1970,46,,false,
1971,47,,false,
1972,48,,false,
1973,49,,false,
1974,50,,false,
1975,123,,false,
1976,127,,false,
1977,51,,false,
1978,52,,false,
1979,53,,false,
1980,54,,false,
1981,55,,false,
1982,56,,false,
1983,57,,false,
1984,58,,false,
1985,59,,false,
1986,60,,false,
1987,61,,false,
1988,62,,false,
1989,63,,false,
1990,64,,false,
1991,121,,false,
1992,65,,false,
1993,66,,false,
1994,67,,false,
1995,68,,false,
1996,69,,false,
1997,71,,false,
1998,72,,false,
1999,73,,false,
2000,74,,false,
2001,75,,false,
2002,76,,false,
2003,77,,false,
2004,78,,false,
2005,79,,false,
2006,80,,false,
2007,81,,false,
2008,82,,false,
2009,83,,false,
2010,84,,false,
2011,85,,false,
2012,86,,false,
2013,87,,false,
2014,88,,false,
2015,89,,false,
2016,90,,false,
2017,91,,false,
2018,92,,false,
2019,93,,false,
2020,94,,false,
2021,95,,false,
2022,96,,false,
2023,97,,false,
2024,98,,false,
2025,99,,false,
2026,100,,false,
2027,101,,false,
2028,102,,false,
2029,103,,false,
2030,104,,false,
2031,105,,false,
2032,106,,false,
2033,107,,false,
2034,108,,false,
2035,109,,false,
2036,110,,false,
2037,111,,false,
2038,112,,false,
2039,113,,false,
2040,115,,false,
2041,116,,false,
2042,117,,false,
2043,118,,false,
2044,119,,false,
2045,120,,false,
2046,121,,false,
2047,122,,false,
2048,123,,false,
2049,124,,false,
2050,125,,false,
2051,126,,false,
2052,127,,false,
2053,128,,false,
2054,129,,false,
2055,130,,false,
2056,131,,false,
2057,132,,false,
2058,133,,false,
2059,134,,false,
2060,135,,false,
2061,136,,false,
2062,137,,false,
2063,138,,false,
2064,139,,false,
2065,140,,false,
2066,141,,false,
2067,142,,false,
2068,143,,false,
2069,144,,false,
2070,145,,false,
2071,146,,false,
2072,147,,false,
2073,148,,false,
2074,149,,false,
2075,150,,false,
2076,152,,false,
2077,153,104,false,
2078,154,,false,
2079,155,,false,
2080,156,,false,
2081,157,,false,
2082,158,,false,
2083,94,,false,
2084,159,,false,
2085,160,,false,
2086,161,,false,
2087,162,,false,
2088,164,,false,
2089,165,,false,
2090,166,,false,
2091,167,,false,
2092,168,,false,
2093,169,,false,
2094,170,,false,
2095,171,,false,
2096,172,,false,
2097,173,,false,
2098,174,,false,
2099,175,,false,
2100,176,,false,
2101,177,,false,
2102,178,,false,
2103,179,,false,
2104,180,,false,
2105,181,,false,
2106,182,,false,
2107,183,,false,
2108,184,,false,
2109,185,,false,
2110,186,,false,
2111,187,,false,
2112,188,,false,
2113,189,,false,
2114,190,,false,
2115,191,,false,
2116,192,,false,
2117,193,,false,
2118,194,,false,
2119,195,,false,
2120,196,,false,
2121,197,,false,
2122,198,,false,
2123,199,,false,
2124,200,,false,
2125,201,,false,
2126,202,,false,
2127,203,,false,
2128,204,,false,
2129,205,,false,
2130,206,,false,
2131,207,,false,
2132,209,,false,
2133,210,,false,
2134,211,,false,
2135,212,,false,
2136,213,,false,
2137,214,,false,
2138,215,,false,
2139,216,,false,
2140,217,,false,
2141,218,,false,
2142,219,,false,
2143,124,,false,
2144,220,,false,
2145,221,,false,
2146,222,,false,
2147,223,,false,
2148,224,,false,
2149,225,,false,
2150,226,,false,
2151,227,,false,
2152,228,,false,
2153,229,,false,
2154,230,,false,
2155,231,,false,
2156,232,,false,
2157,125,,false,
2158,233,,false,
2159,234,,false,
2160,235,,false,
2161,236,,false,
2162,237,,false,
2163,238,,false,
2164,239,,false,
2165,240,,false,
2166,241,,false,
2167,242,,false,
2168,243,,false,
2169,244,,false,
2170,245,,false,
2171,246,,false,
2172,247,,false,
2173,248,,false,
2174,249,,false,
2175,250,,false,
2176,251,,false,
2177,252,,false,
2178,253,,false,
2179,254,,false,
2180,255,,false,
2181,256,,false,
2182,257,,false,
2183,258,,false,
2184,259,,false,
2185,260,,false,
2186,261,,false,
2187,262,,false,
2188,263,,false,
2189,264,,false,
2190,265,,false,
2191,266,,false,
2192,267,,false,
2193,268,,false,
2194,269,,false,
2195,0021/75,,false,
2196,8520/73,,false,
2197,8468/73,,false,
2198,12348/74,,false,
2199,12482/74,,false,
2200,1427/75,,false,
2201,0436/75,,false,
2202,9515/73,,false,
2203,0324/75,,false,
2204,9857/74,,false,
2205,0948/78,,false,
2206,0539/93,711,false,
2207,0308/93,435,false,
2208,0231/76,,false,
2209,0320/80,,false,
2210,0846/78,,false,
2211,0778/78,,false,
2212,0502/93,712,false,
2213,0124/82,,false,
2214,0192/93,47,false,
2215,0255/78,,false,
2216,0190/93,93,false,
2217,0123/78,,false,
2218,0309/93,696,false,
2219,0553/93,68,false,
2220,0312/93,68,false,
2221,1063/79,,false,
2222,0314/93,713,false,
2223,1064/79,,false,
2224,1870/75,,false,
2225,0549/83,,false,
2226,0773/78,,false,
2227,0026/92,,false,
2228,0051/80,,false,
2229,1441/79,,false,
2230,0529/79,,false,
2231,0173/79,,false,
2232,1408/79,,false,
2233,0531/93,3,false,
2234,1074/79,,false,
2235,1058/79,,false,
2236,0835/78,,false,
2237,0005/93,433,false,
2238,0318/80,,false,
2239,2005/75,,false,
2240,0154/80,,false,
2241,0334/80,,false,
2242,0037/92,,false,
2243,98/1101/134,,false,
2244,97/1101/270,,false,
2245,98/1101/059,,false,
2246,96/1101/202,,false,
2247,97/1101/004,,false,
2248,96/1101/191,,false,
2249,97/1101/306,,false,
2250,98/1101/206,,false,
2251,97/1101/016,,false,
2252,96/1101/033,,false,
2253,98/1101/118,,false,
2254,9544/73,,false,
2255,9512/73,,false,
2256,9491/73,,false,
2257,9505/73,,false,
2258,2392/71,,false,
2259,0805/78,,false,
2260,0949/78,,false,
2261,1961/75,,false,
2262,1763/75,,false,
2263,0800/78,,false,
2264,2073/75,,false,
2265,0946/78,,false,
2266,1770/75,,false,
2267,250600,,false,
2268,250610,,false,
2269,251841,,false,
2270,252196,,false,
2271,252711,,false,
2272,253389,,false,
2273,253547,,false,
2274,253562,,false,
2275,BL2,,false,
2276,BL847,,false,
2277,BF13,,false,
2278,BF18,,false,
2279,BF21,,false,
2280,BF52,,false,
2281,M7089,1,false,
2282,M7104,,false,
2283,M7105,,false,
2284,M7106,,false,
2285,M7107,,false,
2286,M7123,,false,
2287,M7134,,false,
2288,M7149,,false,
2289,M7151,,false,
2290,M7124,1,false,
2291,M7131,,false,
2292,M7150,,false,
2293,M7153,,false,
2294,M7156,,false,
2295,M7184,,false,
2296,M7187,,false,
2297,M7212,,false,
2298,M7213,,false,
2299,M7257,,false,
2300,M7322,,false,
2301,M7159,,false,
2302,M7160,,false,
2303,M7163,,false,
2304,M7166,,false,
2305,M7167,,false,
2306,M7285,,false,
2307,M7288,,false,
2308,M4039,,false,
2309,M4607,,false,
2310,M4895,,false,
2311,M7162,,false,
2312,M7165,,false,
2313,M7168,,false,
2314,M4352,,false,
2315,M1416,,false,
2316,M7086,,false,
2317,M7084,,false,
2318,M6477,,false,
2319,M6049,,false,
2320,M4531,,false,
2321,M6137,,false,
2322,M7092,,false,
2323,M7100,,false,
2324,M7259,,false,
2325,M7260,,false,
2326,M7286,,false,
2327,M7295,,false,
2328,253686,,false,
2329,9590/73,,false,
2330,1444/75,,false,
2331,6346/72,,false,
2332,8992/73,,false,
2333,0068/76,,false,
2334,0167/76,,false,
2335,0340/76,,false,
2336,0385/76,,false,
2337,0810/76,,false,
2338,0754/78,,false,
2339,0172/79,,false,
2340,0176/79,,false,
2341,0562/79,,false,
2342,1075/79,,false,
2343,1442/79,,false,
2344,0059/82,,false,
2345,0066/82,,false,
2346,0541/82,,false,
2347,0315/93,714,false,
2348,0316/93,715,false,
2349,0554/93,220,false,
2350,M98250415,,false,
2351,M98250539,,false,
2352,M98253739,,false,
2353,M98253686,,false,
2354,M00242778,,false,
2355,M98253167,,false,
2356,M00242792,,false,
2357,M00242825,,false,
2358,M00240921,,false,
2359,M00241081,,false,
2360,M00241161,,false,
2361,M00241321,,false,
2362,2876,,false,
2363,F17,,false,
2364,M98253057,,false,
2365,9930547,,false,
2366,9930828,,false,
2367,9930857,,false,
2368,9930863,,false,
2369,9931040,,false,
2370,9930387,,false,
2371,9930530,,false,
2372,9930617,,false,
2373,9931256,,false,
2374,9930005,,false,
2375,9930811,,false,
2376,9930885,,false,
2377,9930898,,false,
2378,9930966,,false,
2379,9931145,,false,
2380,9931201,,false,
2381,9931309,,false,
2382,9930260,,false,
2383,9930515,,false,
2384,9930434,,false,
2385,9931039,,false,
2386,9930826,,false,
2387,9930963,,false,
2388,9931152,,false,
2389,9931165,,false,
2390,9930304,,false,
2391,9930033,,false,
2392,9930314,,false,
2393,9930228,,false,
2394,9930239,,false,
2395,9930245,,false,
2396,9930253,,false,
2397,9930292,,false,
2398,9930298,,false,
2399,9930311,,false,
2400,9930459,,false,
2401,9930791,,false,
2402,9930825,,false,
2403,9930918,,false,
2404,9930920,,false,
2405,9931191,,false,
2406,9931195,,false,
2407,9930103,,false,
2408,9931197,,false,
2409,9930251,,false,
2410,9930289,,false,
2411,9930822,,false,
2412,9930579,,false,
2413,9930864,,false,
2414,9930951,,false,
2415,9931315,,false,
2416,9930296,,false,
2417,9930310,,false,
2418,9930612,,false,
2419,9931154,,false,
2420,9930517,,false,
2421,9931013,,false,
2422,9931353,,false,
2423,9930943,,false,
2424,9931051,,false,
2425,9930853,,false,
2426,9931157,,false,
2427,9931203,,false,
2428,9931198,,false,
2429,9931240,,false,
2430,9930952,,false,
2431,9930303,,false,
2432,9930533,,false,
2433,9930390,,false,
2434,9931111,,false,
2435,9931122,,false,
2436,9931141,,false,
2437,9930928,,false,
2438,9930650,,false,
2439,9931260,,false,
2440,9931279,,false,
2441,9931295,,false,
2442,9931249,,false,
2443,9931268,,false,
2444,9931283,,false,
2445,9930445,,false,
2446,9930727,,false,
2447,9930812,,false,
2448,9931024,,false,
2449,9931100,,false,
2450,9931285,,false,
2451,9930240,,false,
2452,9930611,,false,
2453,9930485,,false,
2454,9930581,,false,
2455,9930971,,false,
2456,9931185,,false,
2457,9930996,,false,
2458,9930499,,false,
2459,9931218,,false,
2460,9931278,,false,
2461,9931349,,false,
2462,9930565,,false,
2463,9931276,,false,
2464,9930564,,false,
2465,9931193,,false,
2466,9930818,,false,
2467,9930970,,false,
2468,9930716,,false,
2469,9931352,,false,
2470,9930886,,false,
2471,9930715,,false,
2472,9930654,,false,
2473,9930813,,false,
2474,9931052,,false,
2475,9930443,,false,
2476,9930539,,false,
2477,M978,,false,
2478,9931245,,false,
2479,9930101,,false,
2480,9930178,,false,
2481,9930030,,false,
2482,9930107,,false,
2483,9930110,,false,
2484,9930118,,false,
2485,9930019,,false,
2486,9930170,,false,
2487,9930342,,false,
2488,9930200,,false,
2489,9930338,,false,
2490,9930125,,false,
2491,9930104,,false,
2492,9930023,,false,
2493,9930198,,false,
2494,9930036,,false,
2495,9930114,,false,
2496,9930244,,false,
2497,9930179,,false,
2498,9930148,,false,
2499,9930234,,false,
2500,9930346,,false,
2501,9930317,,false,
2502,9930161,,false,
2503,9930326,,false,
2504,179,,false,
2505,267,,false,
2506,151,,false,
2507,47,,false,
2508,74,,false,
2509,270,,false,
2510,183,,false,
2511,117,,false,
2512,156,,false,
2513,108,,false,
2514,31,,false,
2515,92,,false,
2516,131,,false,
2517,6,,false,
2518,234,,false,
2519,154,,false,
2520,168,,false,
2521,39,,false,
2522,16,,false,
2523,20,,false,
2524,127,,false,
2525,133,,false,
2526,109,,false,
2527,10,,false,
2528,265,,false,
2529,207,,false,
2530,155,,false,
2531,113,,false,
2532,57,,false,
2533,178,,false,
2534,42,,false,
2535,177,,false,
2536,13,,false,
2537,163,,false,
2538,22,,false,
2539,101,,false,
2540,107,,false,
2541,4095/72,,false,
2542,12507/74,,false,
2543,4608/72,,false,
2544,4743/72,,false,
2545,4096/72,,false,
2546,7239/72,,false,
2547,4378/72,,false,
2548,4081/72,,false,
2549,4084/72,,false,
2550,9641/74,,false,
2551,3007/71,,false,
2552,3681/71,,false,
2553,3679/71,,false,
2554,5888/72,,false,
2555,9393/73,,false,
2556,2914/71,,false,
2557,5854/72,,false,
2558,8048/73,,false,
2559,8074/73,,false,
2560,6222/72,,false,
2561,3457/71,,false,
2562,3459/71,,false,
2563,3654/71,,false,
2564,3008/71,,false,
2565,7901/73,,false,
2566,7199/72,,false,
2567,4007/72,,false,
2568,3647/71,,false,
2569,3646/71,,false,
2570,5869/72,,false,
2571,5872/72,,false,
2572,4091/72,,false,
2573,4090/72,,false,
2574,3638/71,,false,
2575,0445/96,,false,
2576,0361/93,,false,
2577,7998/73,,false,
2578,4591/72,,false,
2579,0082/96,,false,
2580,0084/96,,false,
2581,6399/72,,false,
2582,4431/72,,false,
2583,4088/72,,false,
2584,0083/96,,false,
2585,0258/96,,false,
2587,F1167,,false,
2588,M2178,,false,
2589,M2465,,false,
2590,GC23,,false,
2591,GC4,,false,
2592,M2336,,false,
2593,F1722,,false,
2594,GC1,,false,
2595,GC21,,false,
2596,GC40,,false,
2597,F982,,false,
2598,M1959,,false,
2599,M2183,,false,
2600,M1651,,false,
2601,M1635,,false,
2602,M1743,,false,
2603,F971055,,false,
2604,F1677,,false,
2605,GC14,,false,
2606,GC15,,false,
2607,GC29,,false,
2608,GC31,,false,
2609,C774,,false,
2610,D779,,false,
2611,ST99246121,,false,
2612,ST99246126,,false,
2613,ST99246140,,false,
2614,ST99246154,,false,
2615,ST99246158,,false,
2616,ST99246162,,false,
2617,ST99246165,,false,
2618,ST99246169,,false,
2619,ST99246176,,false,
2620,ST99246180,,false,
2621,ST99246182,,false,
2622,ST99246190,,false,
2623,ST99246197,,false,
2624,ST99246215,,false,
2625,ST99246221,,false,
2626,ST99246229,,false,
2627,ST99246230,,false,
2628,ST99246247,,false,
2629,ST99246249,,false,
2630,ST99246252,,false,
2631,ST99246258,,false,
2632,ST99246278,,false,
2633,ST99246286,,false,
2634,ST99246292,,false,
2635,ST99246294,,false,
2636,ST99246295,,false,
2637,ST99246306,,false,
2638,ST99246308,,false,
2639,ST99246317,,false,
2640,ST99246344,,false,
2641,ST99246368,,false,
2642,ST99246370,,false,
2643,ST99246373,,false,
2644,ST99246409,,false,
2645,ST99246432,,false,
2646,ST99246458,,false,
2647,ST99246461,,false,
2648,ST99246463,,false,
2649,ST99246492,,false,
2650,ST99246505,,false,
2651,ST99246528,,false,
2652,ST99246548,,false,
2653,ST99246559,,false,
2654,ST99246596,,false,
2655,ST99246600,,false,
2656,ST99246636,,false,
2657,ST99246649,,false,
2658,ST99246653,,false,
2659,ST99246655,,false,
2660,ST99246658,,false,
2661,ST99246661,,false,
2662,ST99246671,,false,
2663,ST99246695,,false,
2664,ST99246696,,false,
2665,ST99246704,,false,
2666,ST99246708,,false,
2667,ST99246709,,false,
2668,ST99246712,,false,
2669,ST99246715,,false,
2670,ST99246718,,false,
2671,ST99246729,,false,
2672,ST99246738,,false,
2673,ST99246739,,false,
2674,ST99246740,,false,
2675,ST99246749,,false,
2676,ST99246756,,false,
2677,ST99246758,,false,
2678,ST99246776,,false,
2679,ST99246780,,false,
2680,ST99246790,,false,
2681,ST99246791,,false,
2682,ST99246792,,false,
2683,ST99246796,,false,
2684,ST99246805,,false,
2685,ST99246919,,false,
2686,ST99246923,,false,
2687,ST99246941,,false,
2688,ST99246989,,false,
2689,ST99247017,,false,
2690,ST99247059,,false,
2691,ST99247075,,false,
2692,ST99247092,,false,
2693,ST99247096,,false,
2694,ST99247100,,false,
2695,ST99247195,,false,
2696,ST99247236,,false,
2697,ST99247240,,false,
2698,ST99247296,,false,
2699,ST99247297,,false,
2700,ST99247362,,false,
2701,ST99247385,,false,
2702,ST99248743,,false,
2703,ST99248758,,false,
2704,ST99248834,,false,
2705,ST99248881,,false,
2706,ST99248890,,false,
2707,ST99248914,,false,
2708,10980,,false,
2709,11728,,false,
2710,11821,,false,
2711,10608,,false,
2712,12223,,false,
2713,12525,,false,
2714,12752,,false,
2715,12795,,false,
2716,13176,,false,
2717,13199,,false,
2718,13346,,false,
2719,13347,,false,
2720,13414,,false,
2721,14211,,false,
2722,10817,,false,
2723,M02240027,,false,
2724,M02240038,,false,
2725,M02240062,,false,
2726,M02240126,,false,
2727,M02240276,,false,
2728,ST99246012,,false,
2729,ST99246031,,false,
2730,ST99246044,,false,
2731,ST99246155,,false,
2732,ST99246349,,false,
2733,ST99246456,,false,
2734,ST99246462,,false,
2735,ST99246514,,false,
2736,ST99246553,,false,
2737,ST99246576,,false,
2738,ST99246627,,false,
2739,ST99246781,,false,
2740,ST99246802,,false,
2741,ST99246817,,false,
2742,ST99246821,,false,
2743,ST99246836,,false,
2744,ST99246983,,false,
2745,ST99247638,,false,
2746,ST99247643,,false,
2747,ST99247721,,false,
2748,ST99248873,,false,
2749,ST99248889,,false,
2750,ST99247833,,false,
2751,ST99247892,,false,
2752,ST99247897,,false,
2753,ST99247936,,false,
2754,ST99247973,,false,
2755,ST99248002,,false,
2756,ST99248009,,false,
2757,ST99248018,,false,
2758,ST99248033,,false,
2759,ST99246858,,false,
2760,ST99248055,,false,
2761,ST99248142,,false,
2762,ST99248144,,false,
2763,ST99248160,,false,
2764,ST99248182,,false,
2765,ST99245286,,false,
2766,ST99248136,,false,
2767,ST99248224,,false,
2768,ST99248377,,false,
2769,ST99248449,,false,
2770,ST99248468,,false,
2771,0138/98,,false,
2772,0145/98,,false,
2773,0184/99,,false,
2774,0194/99,,false,
2775,0328/97,,false,
2776,0140/98,,false,
2777,0187/99,,false,
2778,0008/02,,false,
2779,0303/97,,false,
2780,ST99247631,,false,
2781,ST99247668,,false,
2782,ST99247692,,false,
2783,ST99247816,,false,
2784,ST99248395,,false,
2785,ST99248503,,false,
2786,ST99248536,,false,
2787,ST99248557,,false,
2788,ST99248614,,false,
2789,ST99248619,,false,
2790,ST99248653,,false,
2791,ST99248712,,false,
2792,ST99248735,,false,
2793,ST99248799,,false,
2794,M02240377,,false,
2795,M02240439,,false,
2796,M02240488,,false,
2797,M02240490,,false,
2798,M02240495,,false,
2799,M20240507,,false,
2800,ST99247984,,false,
2801,ST99248122,,false,
2802,1067,,false,
2803,1062,,false,
2804,ST99247275,,false,
2805,ST99247927,,false,
2806,ST99248411,,false,
2807,ST99248459,,false,
2808,ST99248492,,false,
2809,M02240604,,false,
2810,M02240629,,false,
2811,M02240633,,false,
2812,ST99248960,,false,
2813,OX0050004,49;2941,false,
2814,OX0050032,,false,
2815,OX0050210,,false,
2816,OX0050218,,false,
2817,OX0050224,,false,
2818,OX0050408,49,false,
2819,OX0050459,54,false,
2820,OX0050479,,false,
2821,OX0050515,,false,
2822,OX0050668,,false,
2823,07.1.03,,false,
2824,N 5/02,,false,
2825,N 6/02,,false,
2826,0026/96,,false,
2827,0180/96,,false,
2828,0251/96,,false,
2829,0424/96,,false,
2830,158163,,false,
2831,108249818,,false,
2832,1028,,false,
2833,529119,,false,
2834,5907,,false,
2835,420084,,false,
2836,L704J,,false,
2837,L836D,,false,
2838,24020424,,false,
2839,H7004N,,false,
2840,H3727H,,false,
2841,H9720H,,false,
2842,L212F,,false,
2843,2090574,,false,
2844,DRID440723,,false,
2845,25563,,false,
2846,27833,,false,
2847,26399,,false,
2848,27806,,false,
2849,25527,,false,
2850,26775,,false,
2851,29214,,false,
2852,25448,,false,
2853,28386,,false,
2854,25534,,false,
2855,FA1090,19,false,
2856,F62,,false,
2857,27361,,false,
2858,22159,,false,
2859,27886,,false,
2860,23372,,false,
2861,27921,,false,
2862,26034,,false,
2863,ATCC 29256,,false,
2864,M01.241141,,false,
2865,M01.241142,,false,
2866,M01.241143,,false,
2867,M01.241144,,false,
2868,M01.241147,,false,
2869,M01.241150,,false,
2870,M01.241152,,false,
2871,M01.241153,,false,
2873,F82/2262,,false,
2874,F82/2269,,false,
2875,AX/1484,,false,
2876,BG/2067,,false,
2877,F82/1075,,false,
2878,F82/1739,,false,
2879,F86/1736,,false,
2880,F86/1674,,false,
2881,F81/1546,,false,
2882,F86/1366,,false,
2883,BD/375,,false,
2884,AX/1528,,false,
2885,F87/833,,false,
2886,BE/445,,false,
2887,AX/1729,,false,
2888,F81/1501,,false,
2889,F88/1569,,false,
2890,F81/1500,,false,
2891,M00.284379,,false,
2892,M00.284527,,false,
2893,M00.283653,,false,
2894,M00.284384,,false,
2895,M00.285037,,false,
2896,M00.285297,,false,
2897,M00.285485,,false,
2898,M00.285950,,false,
2899,M00.286266,,false,
2900,M00.284993,,false,
2901,M00.286127,,false,
2902,14823,,false,
2903,14919,,false,
2904,14910,,false,
2905,OX0050211,,false,
2906,OX0050257,,false,
2907,OX0050264,,false,
2908,OX0050353,,false,
2909,OX0050395,,false,
2910,OX0050562,,false,
2911,OX0050618,,false,
2912,OX0050622,,false,
2913,OX0050673,65,false,
2914,OX0051332,45,false,
2915,OX0051384,,false,
2916,M02.0240760,,false,
2917,M02.0240774,,false,
2918,AX/1855,,false,
2919,AX/591,,false,
2920,F87/1720,,false,
2921,BE/2106,,false,
2922,N14/02,,false,
2923,BUFA25/02,,false,
2924,MK61/96,,false,
2925,MK69/96,,false,
2926,MK70/96,,false,
2927,MK74/96,,false,
2928,MK77/96,,false,
2929,MK78/96,,false,
2930,MK91/96,,false,
2931,MK95/96,,false,
2932,MK101/96,,false,
2933,MK104/96,,false,
2934,MK125/96,,false,
2935,MK154/96,,false,
2936,MK81/96,,false,
2937,MK170/96,,false,
2938,M02240950,,false,
2939,M02241100,,false,
2940,M02241337,,false,
2941,M01242081,,false,
2942,M01242135,,false,
2943,M01242230,,false,
2944,M01242507,,false,
2945,M01242532,,false,
2946,M01242533,,false,
2947,M01242620,,false,
2948,M01242671,,false,
2949,M01242798,,false,
2950,M02240039,,false,
2951,M02240053,,false,
2952,M02240211,,false,
2953,M02240270,,false,
2954,M02240515,,false,
2955,M02240634,,false,
2956,M02240650,,false,
2957,100/01,,false,
2958,22/01,,false,
2959,25/01,,false,
2960,112/01,,false,
2961,OX0052495,,false,
2962,OX0052508,,false,
2963,ST00246100,,false,
2964,ST00246131,,false,
2965,ST00246178,,false,
2966,ST00247055,,false,
2967,ST00247099,,false,
2968,ST00247157,,false,
2969,ST00247200,,false,
2970,ST00247202,,false,
2971,ST00247781,,false,
2972,ST00247885,,false,
2973,ST00248820,,false,
2974,0176/01,,false,
2975,0231/01,,false,
2976,BuFa 2/06,,false,
2977,N13/02,,false,
2978,N15/02,,false,
2979,N16/02,,false,
2980,0083/94,,false,
2981,0092/94,,false,
2982,0260/94,,false,
2983,0309/94,,false,
2984,0533/94,,false,
2985,0003/96,,false,
2986,0096/96,,false,
2987,0230/96,,false,
2988,0292/96,,false,
2989,06104 BC,,false,
2990,06105 BC,,false,
2991,06106 BC,,false,
2992,06108 BC,,false,
2993,01-1183,,false,
2994,NIID254,,false,
2995,NIID183,,false,
2996,NIID165,,false,
2997,NIID176,,false,
2998,NIID190,,false,
2999,NIID192,,false,
3000,NIID214,,false,
3001,NIID219,,false,
3002,NIID241,,false,
3003,NIID248,,false,
3004,NIID132,,false,
3005,NIID350,,false,
3006,NIID246,,false,
3007,NIID387,,false,
3008,NIID147,,false,
3009,NIID237,,false,
3010,NIID239,,false,
3011,68843,,false,
3012,67388,,false,
3013,66275,,false,
3014,67533,,false,
3015,68343,,false,
3016,68279,,false,
3017,68456,,false,
3018,68744,,false,
3019,NIID278,,false,
3020,68710,,false,
3021,NIID402,,false,
3022,NIID392,,false,
3023,NIID256,,false,
3024,NIID260,,false,
3025,ST99248948,,false,
3026,ST99248794,,false,
3027,BA9952214,,false,
3028,ST99247129,,false,
3029,ST99247036,,false,
3030,ST99246895,,false,
3031,ST99246690,,false,
3032,ST99246693,,false,
3033,ST99246807,,false,
3034,ST99246613,,false,
3035,ST99246153,,false,
3036,ST99246248,,false,
3037,ST99246401,,false,
3038,ST99246163,,false,
3039,BA9952251,,false,
3040,BA9952268,,false,
3041,BA9952135,,false,
3042,BA9952158,,false,
3043,ST00247287,,false,
3044,ST00248724,,false,
3045,ST00248690,,false,
3046,ST00246420,,false,
3047,ST00246381,,false,
3048,ST00246327,,false,
3049,ST00249748,,false,
3050,ST00249844,,false,
3051,ST00249846,,false,
3052,ST00249921,,false,
3053,ST00249950,,false,
3054,ST00249960,,false,
3055,ST00249760,,false,
3056,ST00249841,,false,
3057,ST00249917,,false,
3058,ST00249948,,false,
3059,ST00246277,,false,
3060,ST00247923,,false,
3061,ST00247936,,false,
3062,ST00248306,,false,
3063,ST00246260,,false,
3064,ST00248151,,false,
3065,ST00246231,,false,
3066,ST00246308,,false,
3067,ST00246317,,false,
3068,ST00247921,,false,
3069,ST00248157,,false,
3070,ST00248193,,false,
3071,ST00248194,,false,
3072,ST00248201,,false,
3073,ST00248202,,false,
3074,ST00246104,,false,
3075,ST00246127,,false,
3076,ST00249608,,false,
3077,ST00247782,,false,
3078,ST00249724,,false,
3079,ST00247817,,false,
3080,ST00249589,,false,
3081,ST00249660,,false,
3082,ST00249444,,false,
3083,ST00247704,,false,
3084,ST00249404,,false,
3085,ST00249283,,false,
3086,ST00248888,,false,
3087,ST00247573,,false,
3088,ST00249227,,false,
3089,ST00249233,,false,
3090,ST00247372,,false,
3091,ST00247389,,false,
3092,ST00247219,,false,
3093,ST00247239,,false,
3094,ST00247369,,false,
3095,ST00247218,,false,
3096,ST00247226,,false,
3097,ST00247263,,false,
3098,ST00247862,,false,
3099,OX0052752,,false,
3100,OX0052147,,false,
3101,OX0051091,93,false,
3102,OX0051134,,false,
3103,OX0051143,65,false,
3104,OX0051407,,false,
3105,OX0051027,,false,
3106,OX0050971,86,false,
3107,OX0051318,,false,
3108,OX0050590,,false,
3109,NIID283,,false,
3110,NIID236,,false,
3111,NIID141,,false,
3112,14178,,false,
3113,NIID299,,false,
3114,NIID304,,false,
3115,NIID305,,false,
3116,NIID306,,false,
3117,NIID308,,false,
3118,123,,false,
3119,NIID361,,false,
3120,NIID377,,false,
3121,922227965,,false,
3122,916249016,,false,
3123,914249011,,false,
3124,914249007,,false,
3125,812226856,,false,
3126,506249716,,false,
3127,241678,,false,
3128,6340,,false,
3129,405249646,,false,
3130,h-9433,,false,
3131,3028992,,false,
3132,307249600,,false,
3133,h-5273,,false,
3134,h-3573,,false,
3135,l-2591,,false,
3136,h-1028,,false,
3137,l-810377,,false,
3138,l-503771,,false,
3139,26419,,false,
3140,308250,,false,
3141,309223,,false,
3142,410249006,,false,
3143,212664,,false,
3144,52095,,false,
3145,817229652,,false,
3146,f162,,false,
3147,d111,,false,
3148,b63,,false,
3149,02-4441,,false,
3150,0106+21146,,false,
3151,NIID351,,false,
3152,NIID285,,false,
3153,02-1774,,false,
3154,02-1816,,false,
3155,02-1843,,false,
3156,02-2484,,false,
3157,02-3100,,false,
3158,02-3350,,false,
3159,02-3361,,false,
3160,02-3338,,false,
3161,02-3458,,false,
3162,02-3057,,false,
3163,02-3098,,false,
3164,NIID294,,false,
3165,NIID145,,false,
3166,NIID313,,false,
3167,NIID142,,false,
3168,02-4613,,false,
3169,02-4629,,false,
3170,NIID318,,false,
3171,NIID321,,false,
3172,NIID322,,false,
3173,NIID333,,false,
3174,DRID440701,,false,
3175,DRID440715,,false,
3176,DRID440704,,false,
3177,DRID440724,,false,
3178,DRID330710,,false,
3179,M98/252453 ,,false,
3180,L2415,,false,
3181,0033/01,444,false,
3182,OX0051146,,false,
3183,OX0051158,,false,
3184,OX0051297,,false,
3185,OX0051093,,false,
3186,OX0052334,,false,
3187,OX0052321,,false,
3188,OX0052400,,false,
3189,OX0052787,,false,
3190,OX0052986,,false,
3191,OX0051422,,false,
3192,OX0052412,,false,
3193,OX0051350,45,false,
3194,OX0052482,,false,
3195,OX0052803,,false,
3196,OX0052808,,false,
3197,OX0052846,,false,
3198,OX0052895,,false,
3199,OX0053017,,false,
3200,OX0050752,,false,
3201,OX0051042,,false,
3202,OX0050336,,false,
3203,OX0051032,,false,
3204,OX0051307,,false,
3205,OX0051083,,false,
3206,OX0051041,,false,
3207,02-1259,,false,
3208,02-4858,,false,
3209,02-4890,,false,
3210,N35/02,,false,
3211,BU3/02,,false,
3212,GR 52/99,,false,
3213,GR 16/00,,false,
3214,GR 3/01,,false,
3215,GR 25/01,,false,
3216,GR 28/01,,false,
3217,GR1-13,,false,
3218,GRI-35,,false,
3219,GRI-37,,false,
3220,GRI-59,,false,
3221,GRS-97,,false,
3222,GRS-100,,false,
3223,GRS-102,,false,
3224,GRS-111,,false,
3225,GRS-112,,false,
3226,GRS-115,,false,
3227,GRS-125,,false,
3228,GRS-128,,false,
3229,GRS-135,,false,
3230,GRS-141,,false,
3231,GRS-144,,false,
3232,GRS-189,,false,
3233,GRS-192,,false,
3234,GRE-240,,false,
3235,GRE-247,,false,
3236,GRF-266,,false,
3237,GRF-281,,false,
3238,GRF-288,,false,
3239,GRF-328,,false,
3240,GRF-334,,false,
3241,N36/02,,false,
3242,EO13-15,,false,
3243,02-5011,,false,
3244,02-5028,,false,
3245,GRI-16,,false,
3246,GRI-7,,false,
3247,12747,,false,
3248,13769,,false,
3249,14379,,false,
3250,14469,,false,
3251,12380,,false,
3252,4870,,false,
3253,7302,,false,
3254,14454,,false,
3255,14066,,false,
3256,14509,,false,
3257,00-240018,,false,
3258,00-243304,,false,
3259,01-241255,,false,
3260,01-242150,,false,
3261,97-250818,,false,
3262,98-250957,,false,
3263,99-241977,,false,
3264,DK76/01,,false,
3265,DK91/01,,false,
3266,M10,,false,
3267,NIID406,,false,
3268,B 8419,,false,
3269,130788,,false,
3270,130812,,false,
3271,130965,,false,
3272,131027,,false,
3273,131075,,false,
3274,131216,,false,
3275,131217,,false,
3276,131846,,false,
3277,150067-9,,false,
3278,131218,,false,
3279,02-5293,,false,
3280,02-5334,,false,
3281,4094/09,,false,
3282,03-1101,,false,
3283,99-242672,,false,
3284,01-241910,,false,
3285,Nm12,,false,
3286,Nm135,,false,
3287,Nm138,,false,
3288,Nm150,,false,
3289,Nm3,,false,
3290,Nm99,,false,
3291,B 8397,,false,
3292,Nm364,,false,
3293,SM266,,false,
3294,SM309,,false,
3295,73-15364,,false,
3296,99-2369,,false,
3297,99-2488,,false,
3298,99-3120,,false,
3299,99-3232,,false,
3300,99-3471,,false,
3301,00-1234,,false,
3302,00-1439,,false,
3303,00-1491,,false,
3304,00-1584,,false,
3305,00-2120,,false,
3306,00-2220,,false,
3307,00-2415,,false,
3308,00-2540,,false,
3309,00-4627,,false,
3310,01-1784,,false,
3311,01-2210,,false,
3312,01-2361,,false,
3313,01-2362,,false,
3314,01-2647,,false,
3315,01-2687,,false,
3316,01-4330,,false,
3317,01-4559,,false,
3318,01-4816,,false,
3319,01-4857,,false,
3320,01-4959,,false,
3321,01-5561,,false,
3322,02-1345,,false,
3323,02-1405,,false,
3324,02-4049,,false,
3325,NIID157,,false,
3326,25454,,false,
3327,01-1638,,false,
3328,01-1430,,false,
3329,01-1045,,false,
3330,NIID152,,false,
3331,LNP19322,,false,
3332,NIID158,,false,
3333,0091/01,443,false,
3334,0096/01,,false,
3335,NIID174,,false,
3336,NIID139,,false,
3337,NIID233,,false,
3338,14375,,false,
3339,14502,,false,
3340,11905,,false,
3341,11024,,false,
3342,03-1429,,false,
3343,03-1318,,false,
3344,NIID216,,false,
3345,NIID269,,false,
3346,NIID234,,false,
3347,NIID196,,false,
3348,10495,,false,
3349,92/1,,false,
3350,Aug-93,,false,
3351,93/74,,false,
3352,95/24,,false,
3353,95/65,,false,
3354,92/265,,false,
3355,NZ96/59,,false,
3356,96/211,,false,
3357,97/39,,false,
3358,97/43,,false,
3359,97/106,,false,
3360,97/177,,false,
3361,97/187,,false,
3362,97/356,,false,
3363,99/38,,false,
3364,99/109,,false,
3365,99/144,,false,
3366,NIID272,,false,
3367,13954,,false,
3368,14338,,false,
3369,14612,,false,
3370,13222,,false,
3371,N43/02,,false,
3372,03-1784,,false,
3373,BA9952304,,false,
3374,BA9952393,,false,
3375,BA9952455,,false,
3376,BA9952469,,false,
3377,BA9952495,,false,
3378,BA9952537,,false,
3379,BA9952552,,false,
3380,BA9952559,,false,
3381,BA9952687,,false,
3382,BA9952694,,false,
3383,BA9952699,,false,
3384,BA9952789,,false,
3385,BA9952791,,false,
3386,BA9952926,,false,
3387,OX9930084,68,false,
3388,OX9930102,88,false,
3389,OX9930167,133,false,
3390,OX9930377,24,false,
3391,OX9930427,15,false,
3392,OX9930468,2042,false,
3393,OX9930516,345,false,
3394,OX9930573,2043,false,
3395,OX9930681,78,false,
3396,OX9930719,93,false,
3397,OX9930766,340,false,
3398,OX9930776,1623,false,
3399,OX9930923,68,false,
3400,OX9930931,65,false,
3401,OX9931026,2044,false,
3402,OX9931333,3,false,
3403,OX9931568,332,false,
3404,OX9931589,66,false,
3405,OX9931593,24,false,
3406,OX9931596,49,false,
3407,OX9931612,57,false,
3408,OX9931621,2045,false,
3410,OX9931638,68,false,
3411,OX9931673,49,false,
3412,OX9931676,49,false,
3413,OX9931682,89,false,
3414,OX9931731,24,false,
3415,OX9931776,87,false,
3416,OX9931913,5044,false,
3417,OX9931937,49,false,
3418,OX9931958,50,false,
3419,OX9931971,24,false,
3420,OX9931975,9,false,
3421,OX9932075,348,false,
3422,OX9932142,49,false,
3423,OX9932210,,false,
3424,OX9932344,,false,
3425,OX9932353,,false,
3426,OX9932380,230,false,
3427,OX9932400,57,false,
3428,ST99246048,,false,
3429,ST99246118,,false,
3430,ST99246147,,false,
3431,ST99246204,,false,
3432,ST99246210,,false,
3433,ST99246289,,false,
3434,ST99246550,,false,
3435,ST99246630,,false,
3436,ST99246668,,false,
3437,ST99246697,,false,
3438,ST99246719,,false,
3439,ST99246751,,false,
3440,ST99246906,,false,
3441,ST99246970,,false,
3442,ST99247012,,false,
3443,ST99247461,,false,
3444,ST99247529,,false,
3445,ST99248020,,false,
3446,ST99248076,,false,
3447,ST99248104,,false,
3448,ST99248219,,false,
3449,ST99248250,,false,
3450,ST99248378,,false,
3451,ST99248513,,false,
3452,ST99248640,,false,
3453,ST99248718,,false,
3454,ST99248987,,false,
3455,BA0062458,,false,
3456,OX0050884,,false,
3457,OX0052075,,false,
3458,ST00246036,,false,
3459,ST00246208,,false,
3460,ST00246238,,false,
3461,ST00246257,,false,
3462,ST00246286,,false,
3463,ST00247276,,false,
3464,ST00247577,,false,
3465,ST00248318,,false,
3466,ST00248782,,false,
3467,ST00248808,,false,
3468,ST00248858,,false,
3469,ST00248906,,false,
3470,ST00248929,,false,
3471,ST00249266,,false,
3472,ST00249380,,false,
3473,ST00249626,,false,
3474,ST00249651,,false,
3475,ST00249653,,false,
3476,ST00249804,,false,
3477,ST00249922,,false,
3478,OX01060090,,false,
3479,OX01060163,49,false,
3480,OX01060318,,false,
3481,OX01060433,,false,
3482,OX01060562,,false,
3483,OX01060821,,false,
3484,OX01060947,,false,
3486,OX01061768,,false,
3487,OX01061951,,false,
3488,OX01061993,,false,
3489,OX01062119,,false,
3490,OX01062124,45,false,
3491,OX01062264,,false,
3492,ST01245377,,false,
3493,ST01246659,,false,
3494,ST01247752,,false,
3495,ST01247754,,false,
3496,ST01248517,,false,
3497,ST01254103,,false,
3498,24/19/0/01,,false,
3499,3/2/2/01,,false,
3500,4/3/0/01,,false,
3501,75/61/0/01,,false,
3502,Nm216,,false,
3503,Nm243,,false,
3504,Nm303,,false,
3505,B 8435,,false,
3506,B 8446,,false,
3507,B 8525,,false,
3508,B 8533,,false,
3509,B 8568,,false,
3510,B 8724,,false,
3511,B 8740,,false,
3512,131041,,false,
3513,131544,,false,
3514,73/02 KL,,false,
3515,LNP19811,,false,
3516,LNP19008,,false,
3517,LNP19439,,false,
3518,Ni92,,false,
3519,L683,,false,
3520,L698,,false,
3521,M07 240862,,false,
3522,M07 240983,,false,
3523,M07 241133,,false,
3524,M08 240145,,false,
3525,M08 0240197,,false,
3526,M08 0240249,,false,
3527,0152/09,,false,
3528,0157/09,,false,
3529,M07 240861,,false,
3530,136/110/0/01,,false,
3531,144/117/0/01,,false,
3532,99/80/0/01,,false,
3533,C 8614,,false,
3534,Y 8618,,false,
3535,96-255727,,false,
3536,82-07551,,false,
3537,82-10284,,false,
3538,82-13230,,false,
3539,82-16849,,false,
3540,82-17327,,false,
3541,82-18426,,false,
3542,82-19373,,false,
3543,82-25590,,false,
3544,82-27124,,false,
3545,82-28280,,false,
3546,82-34082,,false,
3547,82-36331,,false,
3548,82-38490,,false,
3549,82-40350,,false,
3550,82-41157,,false,
3551,82-41943,,false,
3552,83-05502,,false,
3553,83-05678,,false,
3554,83-06348,,false,
3555,83-09736,,false,
3556,83-13546,,false,
3557,83-13656,,false,
3558,83-18638,,false,
3559,83-23297,,false,
3560,83-28828,,false,
3561,83-30781,,false,
3562,83-19446,,false,
3563,83-11316,,false,
3564,82-17225,,false,
3565,ATCC 25996,188,false,
3566,83-41162,,false,
3567,83-33427,,false,
3568,84-25239,,false,
3569,83-24902,,false,
3570,84-27001,,false,
3571,84-11918,,false,
3572,83-29426,,false,
3573,83-36356,,false,
3574,84-34260,,false,
3575,84-29402,,false,
3576,83-40256,,false,
3577,83-30988,,false,
3578,83-29208,,false,
3579,83-14138,,false,
3580,84-22861,,false,
3581,83-18702,,false,
3582,83-13311,,false,
3583,83-37126,,false,
3584,25471,,false,
3585,85-18166,,false,
3586,85-18853,,false,
3587,86-54767,,false,
3588,LNP 19135,,false,
3589,1168,,false,
3590,1171,,false,
3591,1187,,false,
3592,B 7555,,false,
3593,B 7882,,false,
3594,B 7894,,false,
3595,B 7910,,false,
3596,B 7964,,false,
3597,B 7968,,false,
3598,B 8011,,false,
3599,03-2134,,false,
3600,BA9952335,,false,
3601,BA9952339,,false,
3602,BA9952358,,false,
3603,BA9952424,,false,
3604,BA9952491,,false,
3605,BA9952512,,false,
3606,BA9952692,,false,
3607,BA9952568,,false,
3608,BA9952730,,false,
3609,BA9952875,,false,
3610,GL9960043,,false,
3611,BA9952895,,false,
3612,BA9952909,,false,
3613,BA9952611,,false,
3614,BA9952569,,false,
3615,BA9952592,,false,
3616,GL9960033,,false,
3617,BA9952869,,false,
3618,BA9952689,,false,
3619,BA9952861,,false,
3620,BA9952649,,false,
3621,BA9952765,,false,
3622,GL9961080,288,false,
3623,BA9952969,,false,
3624,BA9952615,,false,
3625,BA9952551,,false,
3626,BA9952584,,false,
3627,BA9952663,,false,
3628,BA9952858,,false,
3629,BA9952836,,false,
3630,BA9952718,,false,
3631,BA9952783,,false,
3632,BA9952848,,false,
3633,BA9952648,,false,
3634,BA9952807,,false,
3635,BA9952931,,false,
3636,BA9952736,,false,
3637,BA9952585,,false,
3638,BA9952588,,false,
3639,BA9952596,,false,
3640,BA9952960,,false,
3641,BA9952917,,false,
3642,GL9960027,49,false,
3643,BA9952591,,false,
3644,BA9952600,,false,
3645,GL9960532,,false,
3646,BA9952527,,false,
3647,BA9952572,,false,
3648,BA9952605,,false,
3649,BA9952626,,false,
3650,BA9952796,,false,
3651,BA9952779,,false,
3652,BA9952781,,false,
3653,BA9952924,,false,
3654,BA9952516,,false,
3655,BA9952652,,false,
3656,BA0102018,,false,
3658,BA0102133,,false,
3659,ST01247456,,false,
3660,OX01061655,,false,
3661,OX01061392,68,false,
3662,OX01061360,,false,
3663,OX01061586,,false,
3664,OX01061649,45,false,
3665,BA0102015,,false,
3666,BA0102080,,false,
3667,BA0102101,,false,
3668,ST01247647,,false,
3669,ST01248548,,false,
3670,ST01247643,,false,
3671,ST01248542,,false,
3672,ST01247666,,false,
3673,ST01247669,,false,
3674,ST01248407,,false,
3675,ST01248468,,false,
3676,ST01248556,,false,
3677,ST01248625,,false,
3678,ST01254002,,false,
3679,ST01246807,,false,
3680,ST01246809,,false,
3681,ST01248668,,false,
3682,ST01247679,,false,
3683,ST01248403,,false,
3684,ST01254117,,false,
3685,ST01254045,,false,
3686,ST01254151,,false,
3687,ST01254135,,false,
3688,ST01254128,,false,
3689,ST01254140,,false,
3690,BA0061507,,false,
3691,BA0061662,,false,
3692,GL0002816,,false,
3693,GL0002639,,false,
3694,BA0061576,,false,
3695,GL0002719,,false,
3696,BA0061822,,false,
3697,BA0061836,,false,
3698,BA0061506,,false,
3699,BA0061659,,false,
3700,BA0061913,,false,
3701,BA0061567,,false,
3702,BA0062213,,false,
3703,BA0061663,,false,
3704,BA0061650,,false,
3705,91/49,,false,
3706,98/51,,false,
3707,98/66,,false,
3708,98/75,,false,
3709,98/203,,false,
3710,98/304,,false,
3711,99/254,,false,
3712,02/154,,false,
3713,02/163,,false,
3714,NM360,,false,
3715,B 7635,,false,
3716,B 7815,,false,
3717,B 7823,,false,
3718,131/107/0/01,,false,
3719,Nm132,,false,
3720,Nm141,,false,
3721,B 7721,,false,
3722,18/12/10/01,,false,
3723,Nm120,,false,
3724,Nm183,,false,
3725,Nm375,,false,
3726,Nm45,,false,
3727,Nm81,,false,
3728,B 8661,,false,
3729,131245,,false,
3730,131415,,false,
3731,131845,,false,
3732,97-253576,,false,
3733,BF940,,false,
3734,M18730,,false,
3735,2010002,,false,
3736,2010016,,false,
3737,2010059,,false,
3738,2010115,,false,
3739,2010147,,false,
3740,2010237,,false,
3741,2010915,,false,
3742,2011472,,false,
3743,2011528,,false,
3744,2011576,,false,
3745,2011615,,false,
3746,2012402,,false,
3747,2012567,,false,
3748,2012640,,false,
3749,2012673,,false,
3750,B 7792,,false,
3751,B 7878,,false,
3752,B 7889,,false,
3753,B 8521,,false,
3754,C 7773,,false,
3755,C 7924,,false,
3756,C 8643,,false,
3757,98-250801,,false,
3758,Mrs2002001,,false,
3759,Mrs2002002,,false,
3760,Mrs2002004,,false,
3761,Mrs2002005,,false,
3762,Mrs2002006,,false,
3763,Mrs2002007,,false,
3764,Mrs2002008,,false,
3765,Mrs2002011,,false,
3766,Mrs2002012,,false,
3767,Mrs2002013,,false,
3768,Mrs2002014,,false,
3769,Mrs2002015,,false,
3770,Mrs2002016,,false,
3771,Mrs2002017,,false,
3772,Mrs2002018,,false,
3773,Mrs2002019,,false,
3774,Mrs2002020,,false,
3775,Mrs2002021,,false,
3776,Mrs2002022,,false,
3777,Mrs2002023,,false,
3778,Mrs2002024,,false,
3779,Mrs2002025,,false,
3780,Mrs2002026,,false,
3781,Mrs2002027,,false,
3782,Mrs2002028,,false,
3783,Mrs2002029,,false,
3784,Mrs2002030,,false,
3785,Mrs2002031,,false,
3786,Mrs2002032,,false,
3787,Mrs2002033,,false,
3788,Mrs2002034,,false,
3789,Mrs2002035,,false,
3790,Mrs2002036,,false,
3791,Mrs2002037,,false,
3792,Mrs2002038,,false,
3793,Mrs2002039,,false,
3794,Mrs2002040,,false,
3795,Mrs2002047,,false,
3796,Mrs2002052,,false,
3797,Mrs2002056,,false,
3798,Mrs2002057,,false,
3799,Mrs2002058,,false,
3800,Mrs2002059,,false,
3801,Mrs2002070,,false,
3802,Mrs2002071,,false,
3803,Mrs2002075,,false,
3804,Mrs2002078,,false,
3805,Mrs2002080,,false,
3806,Mrs2002081,,false,
3807,Mrs2002082,,false,
3808,Mrs2002083,,false,
3809,Mrs2002084,,false,
3810,Mrs2002085,,false,
3811,Mrs2002086,,false,
3812,Mrs2002088,,false,
3813,Mrs2002089,,false,
3814,Mrs2002090,,false,
3815,Mrs2002091,,false,
3816,Mrs2002092,,false,
3817,Mrs2002093,,false,
3818,Mrs2002094,,false,
3819,Mrs2002095,,false,
3820,Mrs2002096,,false,
3821,Mrs2002097,,false,
3822,Mrs2002098,,false,
3823,Mrs2002099,,false,
3824,Mrs2002100,,false,
3825,Mrs2002101,,false,
3826,Mrs2002102,,false,
3827,Mrs2002103,,false,
3828,Mrs2002104,,false,
3829,Mrs2002105,,false,
3830,Mrs2002106,,false,
3831,Mrs2002107,,false,
3832,Mrs2002108,,false,
3833,Mrs2002109,,false,
3834,Mrs1996063,,false,
3835,Mrs1998062,,false,
3836,Mrs1996067,,false,
3837,Mrs1998106,,false,
3838,Mrs1999008,,false,
3839,Mrs1999015,,false,
3840,Mrs2000025,,false,
3841,Mrs2001003,,false,
3842,Mrs2001009,,false,
3843,Mrs2001010,,false,
3844,03-2579,,false,
3845,70-311,,false,
3846,70-405,,false,
3847,70-299,,false,
3848,70-369,,false,
3849,70-270,,false,
3850,70-289,,false,
3851,70-305,,false,
3852,70-323,,false,
3853,70-407,,false,
3854,70-384,,false,
3855,B 7558,,false,
3856,B 7971,,false,
3857,B 8028,,false,
3858,B 8057,,false,
3859,B 8059,,false,
3860,B 8208,,false,
3861,B 8221,,false,
3862,B 8265,,false,
3863,B 8305,,false,
3864,B 8360,,false,
3865,B 8519,,false,
3866,B 8659,,false,
3867,B 8775,,false,
3868,B 8790,,false,
3869,C 8161,,false,
3870,C 8677,,false,
3871,W135 8785,,false,
3872,Y 7801,,false,
3873,Y 7858,,false,
3874,52/01,,false,
3875,SM525,,false,
3876,98-252119,,false,
3877,98-252192,,false,
3878,98-253139,,false,
3879,98-253566,,false,
3880,99-240111,,false,
3881,B 8334,,false,
3882,B 7569,,false,
3883,B 8453,,false,
3884,B 8671,,false,
3885,C 8391,,false,
3886,131/01,,false,
3887,99-1277,,false,
3888,99-1397,,false,
3889,99-2402,,false,
3890,99-3172,,false,
3891,99-3181,,false,
3892,99-3481,,false,
3893,00-1093,,false,
3894,00-1416,,false,
3895,00-1532,,false,
3897,00-3979,,false,
3898,00-4110,,false,
3899,00-4417,,false,
3900,00-4661,,false,
3901,02-2220,,false,
3902,02-3155,,false,
3903,02-3740,,false,
3904,02-5095,,false,
3905,B 7833,,false,
3906,B 8145,,false,
3907,B 8298,,false,
3908,B 8329,,false,
3909,4491/09,,false,
3910,LNP 18378,,false,
3911,LNP 18459,,false,
3912,LNP 18515,,false,
3913,LNP 18797,,false,
3914,1147,,false,
3915,97-251489,,false,
3916,98-251100,,false,
3917,99-240599,,false,
3918,98-2311,,false,
3919,98-3226,,false,
3920,98-3236,,false,
3921,98-3759,,false,
3922,98-3805,,false,
3923,98-5054,,false,
3924,98-5315,,false,
3925,98-5367,,false,
3926,98-6989,,false,
3927,B 8548,,false,
3928,14518,,false,
3929,14757,,false,
3930,14764,,false,
3931,14779,,false,
3932,14782,,false,
3933,14787,,false,
3934,14897,,false,
3935,14925,,false,
3936,Nm354,,false,
3937,B 8041,,false,
3938,B 8149,,false,
3939,B 8318,,false,
3940,B 8469,,false,
3941,C 8099,,false,
3942,SM248,,false,
3943,SM349,,false,
3944,SM380,,false,
3945,97-251977,,false,
3946,99-240154,,false,
3947,99-240400,,false,
3948,130983,,false,
3949,B 8229,,false,
3950,B 8602,,false,
3951,B 8627,,false,
3952,B 8681,,false,
3953,B 8694,,false,
3954,C 8473,,false,
3955,C 8686,,false,
3956,1156,,false,
3957,Nm374,,false,
3958,Nm539,,false,
3959,98-253379,,false,
3960,"M97, 251830",,false,
3961,"M98, 250670",,false,
3962,"M98, 250622",,false,
3963,"M97, 252976",,false,
3964,"M97, 252988",,false,
3965,"M97, 252153",,false,
3966,"MO2, 241834",,false,
3967,L90-1583,,false,
3968,L90-508,,false,
3969,58/00,,false,
3970,88/00,,false,
3971,91/00,,false,
3972,99-240928,,false,
3973,112/00,,false,
3974,98-250397,,false,
3975,00-3284,,false,
3976,00-3325,,false,
3977,01-4370,,false,
3978,M70-401,,false,
3979,M70-276,,false,
3980,M70-315,,false,
3981,"M03, 240910",,false,
3982,"M03, 240911",,false,
3983,"M03, 240912",,false,
3984,"M03, 240913",,false,
3985,"M03, 240914",,false,
3986,"M03, 240915",,false,
3987,"M03, 240916",,false,
3988,"M03, 240917",,false,
3989,"M03, 240918",,false,
3990,"M03, 240919",,false,
3991,"M03, 240927",,false,
3992,"M03, 240933",,false,
3993,01-590-034,,false,
3994,01-590-097,,false,
3995,01-590-100,,false,
3996,01-590-127,,false,
3997,01-590-149,,false,
3998,01-590-160,,false,
3999,01-590-262,,false,
4000,01-590-301,,false,
4001,01-590-325,,false,
4002,02-590-002,,false,
4003,02-590-020,,false,
4004,02-590-032,,false,
4005,02-590-046,,false,
4006,02-590-050,,false,
4007,02-590-173,,false,
4008,02-590-252,,false,
4009,LNP18362,,false,
4010,LNP20553,,false,
4011,LNP20618,,false,
4012,L363,,false,
4013,NCTC 10026,,false,
4014,01-590-133,,false,
4015,1998-01-01,,false,
4016,156-1-1,,false,
4017,Mrs2003013,,false,
4018,Mrs2003017,,false,
4019,Mrs2003020,,false,
4020,Mrs2003037,,false,
4021,Mrs2003051,,false,
4022,Mrs2003021,,false,
4023,Mrs2003024,,false,
4024,Mrs2003027,,false,
4025,Mrs2003043,,false,
4026,Mrs2003044,,false,
4027,Mrs2003050,,false,
4028,Mrs2003052,,false,
4029,N8/03,,false,
4030,N10/03,,false,
4031,N11/03,,false,
4032,N19/03,,false,
4033,GR3/A/5,,false,
4034,GR10/May/5,,false,
4035,GR/46/M/2,,false,
4036,GR/50/A/2,,false,
4037,GR 7/May/1,,false,
4038,GR 57/M/3,,false,
4039,837-1,,false,
4040,845-1,,false,
4041,857-1,,false,
4042,875-1,,false,
4043,878-1,,false,
4044,882-1,,false,
4045,887-1,,false,
4046,922-1,,false,
4047,930-1,,false,
4048,1139-1,,false,
4049,1144-1,,false,
4050,1167-1,,false,
4051,1175-1,,false,
4052,9/99,,false,
4053,863-1,,false,
4054,890-1,,false,
4055,914-1,,false,
4056,1140-1,,false,
4057,119/80/0/02,,false,
4058,15/12/0/02,,false,
4059,19/16/0/00,,false,
4060,2/2/0/02,,false,
4061,23/20/0/00,,false,
4062,43/32/14/02,,false,
4063,42/31/0/02,,false,
4064,26/23/0/00,,false,
4065,57/44/0/00,,false,
4066,44/35/0/00,,false,
4067,58/45/0/00,,false,
4068,84/59/0/02,,false,
4069,96/70/0/00,,false,
4070,140/01,,false,
4071,374/01,,false,
4072,191/111/0/02,,false,
4073,218/126/108/02,,false,
4074,233/137/0/02,,false,
4075,239/142/115/02,,false,
4076,8979,,false,
4077,9095,,false,
4078,14/02,,false,
4079,1/02,,false,
4080,24/02,,false,
4081,26/02,,false,
4082,27/02,,false,
4083,31/02,,false,
4084,32/02,,false,
4085,42/02,,false,
4086,43/02,,false,
4087,51/02,,false,
4088,56/02,,false,
4089,59/02,,false,
4090,8599,,false,
4091,8747,,false,
4092,8666,,false,
4093,8882,,false,
4094,85/02,,false,
4095,MD01016,,false,
4096,MD01019,,false,
4097,MD01037,,false,
4098,MD01053,,false,
4099,MD01074,,false,
4100,MD01087,,false,
4101,MD01091,,false,
4102,MD01117,,false,
4103,MD01118,,false,
4104,MD01125,,false,
4105,MD01138,,false,
4106,MD01151,,false,
4107,MD01158,,false,
4108,MD01174,,false,
4109,MD01186,,false,
4110,MD01212,,false,
4111,MD01216,,false,
4112,MD01217,,false,
4113,MD01220,,false,
4114,MD01234,,false,
4115,MD01244,,false,
4116,MD01261,,false,
4117,MD01281,,false,
4118,MD01314,,false,
4119,MD01317,,false,
4120,MD01327,,false,
4121,MD01351,,false,
4122,MD01352,,false,
4123,MD01356,,false,
4124,MD01364,,false,
4125,MD01365,,false,
4126,MD01380,,false,
4127,MD01384,,false,
4128,MD01390,,false,
4129,MD01404,,false,
4130,MD01405,,false,
4131,MD01408,,false,
4132,MD01419,,false,
4133,MD01426,,false,
4134,167-1-1,,false,
4135,178-1-2,,false,
4136,01-590-067,,false,
4137,6484/09,,false,
4138,927-1,,false,
4139,8957,,false,
4140,03-3983,,false,
4141,0008/00,,false,
4142,0102/02,,false,
4143,0034/00,,false,
4145,0148/00,687,false,
4146,238800,,false,
4147,247451,,false,
4148,310712,,false,
4149,311011,,false,
4150,325811,,false,
4151,334684,,false,
4152,Finland,,false,
4153,336618,,false,
4154,338766,,false,
4155,348007,,false,
4156,354791,,false,
4157,357333,,false,
4158,359517,,false,
4159,361027,,false,
4160,03-4868,,false,
4161,03-4901,,false,
4162,03-4914,,false,
4163,21468,,false,
4164,443,,false,
4165,E10,,false,
4166,03-4941,,false,
4167,NIID422,,false,
4168,25845,,false,
4169,Nm357,,false,
4170,Nm25,,false,
4171,Nm257,,false,
4172,190/110/0/02,,false,
4173,208/118/104/02,,false,
4174,0041/00,,false,
4175,0072/00,,false,
4176,9021,,false,
4177,9113,,false,
4178,242125,,false,
4179,245580,,false,
4180,255801,,false,
4181,03-5124,,false,
4182,OX9931817,9,false,
4183,ST01247319,,false,
4184,OX9931982,9,false,
4185,NO0010034,,false,
4186,ST00247450,,false,
4187,OX9931687,9,false,
4188,ST01245445,,false,
4189,GL0104003,,false,
4190,OX01062354,,false,
4191,BA0102372,,false,
4192,OX9931489,62,false,
4193,OX9931563,49,false,
4194,NO0011463,,false,
4195,ST00249861,,false,
4196,NO01020839,,false,
4197,OX01061190,,false,
4198,GL0101621,,false,
4199,GL0103293,,false,
4200,OX9931019,45,false,
4201,OX9931436,115,false,
4202,GL0101709,,false,
4204,OX01060886,49,false,
4205,ST01245605,,false,
4206,ST01246534,,false,
4207,GL0102521,,false,
4208,NO01020578,,false,
4209,NO01020537,,false,
4210,GL0103883,,false,
4211,ST01248232,,false,
4212,GL0103197,,false,
4213,OX01061289,,false,
4214,OX9931620,68,false,
4215,ST00247700,,false,
4216,NO0011455,,false,
4217,OX9931674,97,false,
4218,OX9930181,57,false,
4219,OX9930691,5155,false,
4220,NO9900537,,false,
4221,BA0061652,,false,
4222,OX01062416,,false,
4223,GL0103021,,false,
4224,OX9931600,2046,false,
4225,NO0011473,,false,
4226,OX9931567,132,false,
4227,NO01021728,,false,
4228,OX9931983,57,false,
4229,OX9930513,57,false,
4230,OX9930704,2047,false,
4231,OX01061987,57,false,
4232,NO0011668,,false,
4233,OX9931565,57,false,
4234,OX9931419,,false,
4235,NO0010622,,false,
4236,ST01245759,,false,
4237,OX01060025,,false,
4238,NO01022300,,false,
4239,ST01245259,,false,
4240,ST01246361,,false,
4241,NO01021860,,false,
4242,NO01020453,,false,
4243,PL9910682,,false,
4244,OX01060798,,false,
4245,NO01020831,,false,
4246,NO01022066,,false,
4247,NO9902554,,false,
4248,BA0062252,,false,
4249,ST01245431,,false,
4250,NO01020901,,false,
4251,GL0101288,,false,
4252,NO01020303,,false,
4253,GL0101064,,false,
4254,NO01021179,,false,
4255,ST01246447,,false,
4256,GL0101301,,false,
4257,OX9930938,326,false,
4258,BA0062439,,false,
4259,OX0050901,102,false,
4260,NO0011507,,false,
4261,BA0062421,,false,
4262,NO9901182,,false,
4263,NO0010319,,false,
4264,NO9900602,,false,
4265,OX01062281,,false,
4266,ST01246087,,false,
4267,OX9931781,2037,false,
4268,OX9931017,87,false,
4269,NO0011431,,false,
4270,OX01062344,,false,
4271,ST01247101,,false,
4272,ST01247305,,false,
4273,BA0102337,,false,
4274,BA0102392,,false,
4275,NO01022316,,false,
4276,ST01246401,,false,
4277,GL0101082,,false,
4278,NO01020475,,false,
4279,ST01247409,,false,
4280,ST99246018,,false,
4281,NO0010124,,false,
4282,PL9910775,,false,
4283,OX01060083,,false,
4284,OX01061971,,false,
4285,OX01062150,,false,
4286,ST01245048,,false,
4287,PL9910158,,false,
4288,ST01245291,,false,
4289,NO9900643,,false,
4290,BA9952583,,false,
4291,OX9930723,68,false,
4292,NO9901153,,false,
4293,NO0011993,,false,
4294,NO01021699,,false,
4295,NO9900060,,false,
4296,NO9900156,,false,
4297,ST01245483,,false,
4298,OX01062270,,false,
4299,GL0102004,,false,
4300,NO0010050,,false,
4301,OX9930771,50,false,
4302,OX9931415,97,false,
4303,ST01247195,,false,
4304,OX01062218,,false,
4305,GL0104314,,false,
4306,OX01062127,,false,
4307,OX01061869,,false,
4308,ST99247145,,false,
4309,NO01020431,,false,
4310,NO01021065,,false,
4311,OX9931646,2048,false,
4312,OX9931575,141,false,
4313,OX9931626,68,false,
4314,OX9930141,49,false,
4315,OX9932077,49,false,
4316,NO9900206,,false,
4317,NO0011042,,false,
4318,NO01021887,,false,
4319,NO01021330,,false,
4320,OX01062062,,false,
4321,OX9932320,49,false,
4322,GL0103083,,false,
4323,NO9900668,,false,
4324,OX9931681,68,false,
4325,OX9931431,141,false,
4326,OX01060905,,false,
4327,GL0102612,,false,
4328,GL0101715,,false,
4329,GL0103026,,false,
4330,OX9931582,2049,false,
4331,OX9930874,24,false,
4332,GL0104069,,false,
4333,OX9931648,332,false,
4334,ST01245990,,false,
4335,OX9932374,532,false,
4336,NO9902423,,false,
4337,OX9931675,2050,false,
4338,BA9952669,,false,
4339,NO9900239,,false,
4340,OX9931636,141,false,
4341,NO9900756,,false,
4342,BA0062400,,false,
4343,NO0011374,,false,
4344,BA0062229,,false,
4345,NO0010174,,false,
4346,ST01245097,,false,
4347,OX01062272,,false,
4348,NO01021062,,false,
4349,NO01021023,,false,
4350,GL0102309,,false,
4351,BA0062245,,false,
4352,NO01021695,,false,
4353,OX9930668,97,false,
4354,NO01022166,,false,
4355,GL0103377,,false,
4356,GL0103745,,false,
4357,OX01061077,,false,
4358,ST01248050,,false,
4359,NO0010163,,false,
4360,NO01020199,,false,
4361,NO01022148,,false,
4362,OX9931770,1580,false,
4363,OX01061342,,false,
4364,NO01021749,,false,
4365,NO9900481,,false,
4366,OX01061363,,false,
4367,OX9932317,2051,false,
4368,NO9900208,,false,
4369,OX9932346,24,false,
4370,NO9900027,,false,
4371,NO0010961,,false,
4372,NO0010311,,false,
4373,GL0101366,,false,
4374,GL0103161,,false,
4375,OX9930930,345,false,
4376,NO0011648,,false,
4377,OX9931625,68,false,
4378,OX9931732,,false,
4379,OX9931685,24,false,
4380,ST01247122,,false,
4381,OX9930552,1389,false,
4382,OX9930854,104,false,
4383,NO9900484,,false,
4384,BA0062475,,false,
4385,OX01060737,,false,
4386,ST01245562,,false,
4387,NO9900227,,false,
4388,OX01060841,,false,
4389,BA0062285,,false,
4390,OX9931541,137,false,
4391,OX01062330,,false,
4392,NO9901352,,false,
4393,NO9900619,,false,
4394,NO0011228,,false,
4395,OX01061972,55,false,
4396,NO01020787,,false,
4397,GL0101069,,false,
4398,OX01061086,45,false,
4399,OX9930446,,false,
4400,GL0102693,,false,
4401,GL0103610,,false,
4402,OX9932247,2052,false,
4403,NO9902503,,false,
4404,GL0103249,,false,
4405,NO9900350,,false,
4406,OX01062376,,false,
4407,NO01022235,,false,
4408,OX01060916,,false,
4409,PL9910223,,false,
4410,OX9931639,468,false,
4411,OX9931924,,false,
4412,ST99247186,,false,
4413,OX01060141,,false,
4414,ST99248527,,false,
4415,BA9952893,,false,
4416,OX01061662,,false,
4417,ST99248368,,false,
4418,OX9931609,,false,
4419,OX9931668,108,false,
4420,ST99248587,,false,
4421,GL0101323,,false,
4422,NO01020222,,false,
4423,OX9931535,349,false,
4424,BA9952603,,false,
4425,OX01060458,,false,
4426,OX01062116,,false,
4427,GL0101964,,false,
4428,BA0102282,,false,
4429,NO0010208,,false,
4430,NO01022265,,false,
4431,NO01022244,,false,
4432,NO01022193,,false,
4433,PL9910746,,false,
4434,73-9500,,false,
4435,82-29723,,false,
4436,83-16222,,false,
4437,85-01552,,false,
4438,85-11940,,false,
4439,85-24966,,false,
4440,85-41432,,false,
4441,85-42309,,false,
4442,86-12238,,false,
4443,86-35925,,false,
4444,86-45022,,false,
4445,86-50397,,false,
4446,86-5040,,false,
4447,86-53098,,false,
4448,87-25495,,false,
4449,88-15258,,false,
4450,88-15428,,false,
4451,N 21 /03,,false,
4452,N 25/03,,false,
4453,N 29/03,,false,
4454,N 31/03,,false,
4455,N 32/03,,false,
4456,GR 44/02,,false,
4457,GR 57/02,,false,
4458,GR 59/02,,false,
4459,GR 60/02,,false,
4460,GR 67/02,,false,
4461,GR 70/02,,false,
4462,GR 75/02,,false,
4463,Nm2,,false,
4464,Nm3,,false,
4465,Nm16,,false,
4466,Nm28,,false,
4467,Nm39,,false,
4468,21435,,false,
4469,30607,,false,
4470,GR 69/02,,false,
4471,GR 73/02,,false,
4472,GR 83/02,,false,
4473,Nm77,,false,
4474,Nm320,,false,
4475,Nm81,,false,
4476,Nm377,,false,
4477,N 36/03,,false,
4478,GR 82/02,,false,
4479,Nm1,,false,
4480,Nm3,,false,
4481,Nm4,,false,
4482,Nm5,,false,
4483,Nm7,,false,
4484,Nm8,,false,
4485,Nm9,,false,
4486,Nm13,,false,
4487,Nm14,,false,
4488,Nm16,,false,
4489,Nm19,,false,
4490,Nm20,,false,
4491,Nm21,,false,
4492,21519,,false,
4493,Nm24,,false,
4494,Nm25,,false,
4495,Nm26,,false,
4496,Nm29,,false,
4497,Nm33,,false,
4498,Nm37,,false,
4499,Nm39,,false,
4500,Nm41,,false,
4501,Nm47,,false,
4502,Nm48,,false,
4503,Nm50,,false,
4504,Nm51,,false,
4505,Nm52,,false,
4506,Nm53,,false,
4507,Nm54,,false,
4508,Nm55,,false,
4509,Nm58,,false,
4510,Nm59,,false,
4511,Nm61,,false,
4512,Nm63,,false,
4513,Nm64,,false,
4514,Nm65,,false,
4515,Nm67,,false,
4516,Nm68,,false,
4517,Nm70,,false,
4518,Nm71,,false,
4519,Nm72,,false,
4520,Nm73,,false,
4521,Nm74,,false,
4522,Nm75,,false,
4523,Nm76,,false,
4524,Nm77,,false,
4525,Nm78,,false,
4526,Nm79,,false,
4527,Nm83,,false,
4528,Nm85,,false,
4529,Nm87,,false,
4530,Nm88,,false,
4531,Nm90,,false,
4532,Nm92,,false,
4533,Nm94,,false,
4534,Nm95,,false,
4535,Nm96,,false,
4536,Nm98,,false,
4537,Nm99,,false,
4538,Nm100,,false,
4539,Nm101,,false,
4540,Nm105,,false,
4541,Nm110,,false,
4542,Nm112,,false,
4543,Nm113,,false,
4544,Nm114,,false,
4545,Nm115,,false,
4546,Nm119,,false,
4547,Nm120,,false,
4548,Nm122,,false,
4549,Nm123,,false,
4550,Nm124,,false,
4551,Nm125,,false,
4552,Nm127,,false,
4553,Nm128,,false,
4554,Nm131,,false,
4555,Nm132,,false,
4556,Nm133,,false,
4557,Nm134,,false,
4558,Nm137,,false,
4559,Nm138,,false,
4560,Nm143,,false,
4561,Nm145,,false,
4562,Nm149,,false,
4563,Nm150,,false,
4564,Nm154,,false,
4565,Nm157,,false,
4566,Nm158,,false,
4567,Nm159,,false,
4568,Nm161,,false,
4569,Nm166,,false,
4570,Nm167,,false,
4571,Nm168,,false,
4572,Nm213,,false,
4573,Nm215,,false,
4574,Nm217,,false,
4575,Nm218,,false,
4576,Nm219,,false,
4577,Nm222,,false,
4578,Nm225,,false,
4579,Nm228,,false,
4580,Nm234,,false,
4581,Nm235,,false,
4582,Nm236,,false,
4583,Nm237,,false,
4584,Nm238,,false,
4585,Nm239,,false,
4586,Nm240,,false,
4587,Nm241,,false,
4588,Nm242,,false,
4589,Nm245,,false,
4590,Nm248,,false,
4591,Nm249,,false,
4592,Nm250,,false,
4593,Nm251,,false,
4594,Nm252,,false,
4595,Nm256,,false,
4596,Nm258,,false,
4597,Nm259,,false,
4598,Nm260,,false,
4599,Nm261,,false,
4600,Nm262,,false,
4601,Nm264,,false,
4602,Nm265,,false,
4603,Nm267,,false,
4604,Nm268,,false,
4605,Nm269,,false,
4606,Nm272,,false,
4607,Nm273,,false,
4608,03-5315,,false,
4609,04-1050,,false,
4610,608,,false,
4611,175/01,,false,
4612,148/00,,false,
4613,154/00,,false,
4614,213/00,,false,
4615,289/00,,false,
4616,242/00,,false,
4617,300/00,,false,
4618,368/00,,false,
4619,374/00,,false,
4620,392/00,,false,
4621,417/01,,false,
4622,459/00,,false,
4623,64/00,,false,
4624,77/00,,false,
4625,03-4313,,false,
4626,04-1140,,false,
4627,04-1143,,false,
4628,M143/00,,false,
4629,M150/00,,false,
4630,M151/00,,false,
4631,M168/00,,false,
4632,M186/01,,false,
4633,M193/01,,false,
4634,M212/01,,false,
4635,M215/01,,false,
4636,M216/97,,false,
4637,M233/01,,false,
4638,M305/97,,false,
4639,M32/02,,false,
4640,M412/03,,false,
4641,M447/03,,false,
4642,M461/98,,false,
4643,M468/02,,false,
4644,M486/98,,false,
4645,M490/02,,false,
4646,M495/98,,false,
4647,M517/03,,false,
4648,M585/99,,false,
4649,M586/98,,false,
4650,M678/03,,false,
4651,M810/97,,false,
4652,M91/00,,false,
4653,M871/03,,false,
4654,M1204/03,,false,
4655,M1264/03,,false,
4656,M121/00,,false,
4657,M175/00,,false,
4658,M194/01,,false,
4659,M271/01,,false,
4660,M292/02,,false,
4661,M304/02,,false,
4662,M444/98,,false,
4663,M555/99,,false,
4664,M592/97,,false,
4665,M605/99,,false,
4666,M668/97,,false,
4667,M481/98,,false,
4668,M330/95,,false,
4669,M336/95,,false,
4670,M1081/96,,false,
4671,M13/96,,false,
4672,M102/00,,false,
4673,M105/00,,false,
4674,M171/00,,false,
4675,M195/01,,false,
4676,M2/99,,false,
4677,M201/97,,false,
4678,M214/01,,false,
4679,M29/99,,false,
4680,M31/00,,false,
4681,M409/97,,false,
4682,M458/98,,false,
4683,M537/98,,false,
4684,M637/98,,false,
4685,M8/99,,false,
4686,M21/99,,false,
4687,M88/00,,false,
4688,N 40/03,,false,
4689,N 42/03,,false,
4690,114/02,,false,
4691,121/02,,false,
4692,133/02,,false,
4693,137/02,,false,
4694,160/02,,false,
4695,165/02,,false,
4696,170/02,,false,
4697,177/02,,false,
4698,182/02,,false,
4699,193/02,,false,
4700,198/02,,false,
4701,207/02,,false,
4702,216/02,,false,
4703,226/02,,false,
4704,231/02,,false,
4705,236/02,,false,
4706,24/02,,false,
4707,241/02,,false,
4708,246/02,,false,
4709,250/02,,false,
4710,28/02,,false,
4711,39/02,,false,
4712,412/02,,false,
4713,471/02,,false,
4714,48/02,,false,
4715,484/00,,false,
4716,493/02,,false,
4717,521/00,,false,
4718,526/00,,false,
4719,224015,,false,
4720,94/02,,false,
4721,529/00,,false,
4722,534/00,,false,
4723,730/00,,false,
4724,54/02,,false,
4725,548/00,,false,
4726,566/00,,false,
4727,569/00,,false,
4728,575/02,,false,
4729,577/00,,false,
4730,58/02,,false,
4731,595/00,,false,
4732,608/00,,false,
4733,621/00,,false,
4734,Mrs2010023,,false,
4735,64/02,,false,
4736,684/00,,false,
4737,688/00,,false,
4738,69/02,,false,
4739,697/00,,false,
4740,715/00,,false,
4741,73/02,,false,
4742,739/00,,false,
4743,744/00,,false,
4744,751/00,,false,
4745,Spain,,false,
4746,79/02,,false,
4747,02-Aug,,false,
4748,825/00,,false,
4749,831/00,,false,
4750,838/02,,false,
4751,844/00,,false,
4752,856/00,,false,
4753,869/00,,false,
4754,872/00,,false,
4755,876/00,,false,
4756,Nm29,,false,
4757,Nm31,,false,
4758,Nm90,,false,
4759,22346,,false,
4760,185,,false,
4761,597,,false,
4762,Nm406,,false,
4763,03-4323,,false,
4764,Nm11,,false,
4765,Nm13,,false,
4766,Nm272,,false,
4767,15252,,false,
4768,25660,,false,
4769,611,,false,
4770,Nm4,,false,
4771,Nm255,,false,
4772,21700,,false,
4773,22208,,false,
4774,30397,,false,
4775,BF10,,false,
4776,L467,,false,
4777,N150,,false,
4778,Ni114,,false,
4779,L876,,false,
4780,LNP13548,,false,
4781,LNP13820,,false,
4782,LNP14522,,false,
4783,LNP14795,,false,
4784,LNP14839,,false,
4785,LNP15255,,false,
4786,LNP15709,,false,
4787,N30/09,,false,
4788,LNP16554,,false,
4789,LNP16645,,false,
4790,LNP16646,,false,
4791,LNP16705,,false,
4792,LNP16860,,false,
4793,LNP16926,,false,
4794,LNP16957,,false,
4795,LNP16962,,false,
4796,LNP16970,,false,
4797,LNP17035,,false,
4798,LNP17036,,false,
4799,LNP17061,,false,
4800,LNP17067,,false,
4801,LNP17094,,false,
4802,LNP17206,,false,
4803,LNP17262,,false,
4804,LNP17288,,false,
4805,LNP17379,,false,
4806,LNP17391,,false,
4807,LNP17420,,false,
4808,LNP17473,,false,
4809,LNP17498,,false,
4810,LNP17503,,false,
4811,LNP17505,,false,
4812,LNP17509,,false,
4813,LNP17530,,false,
4814,LNP17538,,false,
4815,LNP17839,,false,
4816,LNP17925,,false,
4817,LNP18081,,false,
4818,LNP18318,,false,
4819,LNP18387,,false,
4820,LNP18421,,false,
4821,LNP18516,,false,
4822,LNP19481,,false,
4823,LNP19521,,false,
4824,LNP19641,,false,
4825,LNP19738,,false,
4826,LNP19742,,false,
4827,LNP19743,,false,
4828,LNP19774,,false,
4829,LNP19839,,false,
4830,LNP19907,,false,
4831,LNP19979,,false,
4832,LNP19998,,false,
4833,LNP20061,,false,
4834,LNP20098,,false,
4835,LNP20212,,false,
4836,LNP20299,,false,
4837,LNP20340,,false,
4838,LNP20342,,false,
4839,LNP20355,,false,
4840,LNP20399,,false,
4841,LNP20404,,false,
4842,LNP20426,,false,
4843,LNP20443,,false,
4844,LNP20458,,false,
4845,LNP20488,,false,
4846,LNP20504,,false,
4847,LNP20537,,false,
4848,LNP20681,,false,
4849,LNP20762,,false,
4850,LNP20770,,false,
4851,LNP20775,,false,
4852,LNP20779,,false,
4853,LNP20789,,false,
4854,LNP20790,,false,
4855,LNP20912,,false,
4856,LNP20927,,false,
4857,LNP20937,,false,
4858,LNP20947,,false,
4859,LNP20967,,false,
4860,LNP20971,,false,
4861,LNP20979,,false,
4862,LNP20980,,false,
4863,LNP20981,,false,
4864,LNP20982,,false,
4865,LNP20991,,false,
4866,LNP20995,,false,
4867,LNP21002,,false,
4868,LNP21003,,false,
4869,LNP21010,,false,
4870,LNP21012,,false,
4871,LNP21017,,false,
4872,LNP21018,,false,
4873,LNP21019,,false,
4874,LNP21020,,false,
4875,LNP21021,,false,
4876,LNP21022,,false,
4877,LNP21023,,false,
4878,LNP21030,,false,
4879,LNP21032,,false,
4880,LNP21038,,false,
4881,LNP21039,,false,
4882,LNP21040,,false,
4883,LNP21044,,false,
4884,LNP21045,,false,
4885,LNP21046,,false,
4886,LNP21048,,false,
4887,LNP21049,,false,
4888,LNP21050,,false,
4889,LNP21064,,false,
4890,LNP21067,,false,
4891,LNP21068,,false,
4892,LNP21072,,false,
4893,LNP21074,,false,
4894,LNP21077,,false,
4895,LNP21080,,false,
4896,LNP21090,,false,
4897,M99.240010,,false,
4898,M99.240020,,false,
4899,M99.240039,,false,
4900,M99.240043,,false,
4901,M99.240056,,false,
4902,M99.240057,,false,
4903,M99.240058,,false,
4904,M99.240061,,false,
4905,M99.240081,,false,
4906,03-4376,,false,
4907,North4,,false,
4908,Nm10,,false,
4909,Nm20,,false,
4910,Nm32,,false,
4911,149,,false,
4912,418,,false,
4913,472,,false,
4914,549,,false,
4915,Nm295,,false,
4916,Nm301,,false,
4917,Nm420,,false,
4918,Hua443,,false,
4919,S02-061,,false,
4920,21261,,false,
4921,21992,,false,
4922,30088,,false,
4923,03-4347,,false,
4924,0101/00,,false,
4925,0105/00,,false,
4927,0003/00,,false,
4928,8846,,false,
4929,8958,,false,
4930,9141,,false,
4931,34/02,,false,
4932,1001/02,,false,
4933,155/02,,false,
4934,379/01,,false,
4935,89/02,,false,
4936,223842,,false,
4937,233761,,false,
4938,2020151,,false,
4939,2020292,,false,
4940,2020352,,false,
4941,2020709,,false,
4942,MDU03-09509,,false,
4943,N 4/03,,false,
4944,03-4386,,false,
4945,Y92-1009,,false,
4946,Mrs2003057,,false,
4947,Mrs2003059,,false,
4948,Mrs2003068,,false,
4949,Mrs2003070,,false,
4950,Mrs2003073,,false,
4951,Nm8,,false,
4952,22342,,false,
4953,North9,,false,
4954,North11,,false,
4955,North12,,false,
4956,Nm15,,false,
4957,171,,false,
4958,431,,false,
4959,star267,,false,
4960,Nm18,,false,
4961,Nm38,,false,
4962,Nm71,,false,
4963,Nm84,,false,
4964,Nm159,,false,
4965,04-1518,,false,
4966,03-4336,,false,
4967,03-4416,,false,
4968,Nm390,,false,
4969,Nm412,,false,
4970,28326,,false,
4971,22330,,false,
4972,North1,,false,
4973,NIID427,,false,
4974,NIID428,,false,
4975,Mrs98077,,false,
4976,Mrs2001002,,false,
4977,Mrs96031,,false,
4978,Mrs96035,,false,
4979,Mrs2000080,,false,
4980,Mrs2000079,,false,
4981,Mrs98080,,false,
4982,Mrs98081,,false,
4983,Mrs98084,,false,
4984,Mrs98086,,false,
4985,Mrs98088,,false,
4986,Mrs98089,,false,
4987,Mrs98090,,false,
4988,Mrs98091,,false,
4989,Mrs98092,,false,
4990,Mrs98093,,false,
4991,Mrs2001213,,false,
4992,Mrs2001214,,false,
4993,Mrs2001215,,false,
4994,Mrs95043,,false,
4995,Mrs96067,,false,
4996,Mrs96068,,false,
4997,Mrs94002,,false,
4998,Mrs2000175,,false,
4999,Mrs2000176,,false,
5000,Mrs2001205,,false,
5001,Mrs2000149,,false,
5002,Mrs93016,,false,
5003,Mrs93017,,false,
5004,Mrs93018,,false,
5005,Mrs94025,,false,
5006,Mrs94026,,false,
5007,Mrs95041,,false,
5008,Mrs95044,,false,
5009,Mrs96036,,false,
5010,Mrs96038,,false,
5011,Mrs96066,,false,
5012,Mrs97061,,false,
5013,Mrs97062,,false,
5014,Mrs98117,,false,
5015,Mrs99052,,false,
5016,Mrs99053,,false,
5017,Mrs2000030,,false,
5018,Mrs2000031,,false,
5019,Mrs2000032,,false,
5020,Mrs2000146,,false,
5021,Mrs2000147,,false,
5022,Mrs2000148,,false,
5023,Mrs2000150,,false,
5024,Mrs2000151,,false,
5025,Mrs2000174,,false,
5026,Mrs2000177,,false,
5027,Mrs2001062,,false,
5028,Mrs2001063,,false,
5029,Mrs2001065,,false,
5030,Mrs98013,,false,
5031,Mrs98014,,false,
5032,Mrs2000051,,false,
5033,Mrs97048,,false,
5034,Mrs2000054,,false,
5035,Mrs2000082,,false,
5036,Mrs2000096,,false,
5037,Mrs2000097,,false,
5038,Mrs2000098,,false,
5039,Mrs2000153,,false,
5040,Mrs98063,,false,
5041,Mrs2000057,,false,
5042,Mrs2000026,,false,
5043,Mrs2001052,,false,
5044,Mrs2000049,,false,
5045,Mrs2001011,,false,
5046,Mrs2001016,,false,
5047,Mrs98094,,false,
5048,Mrs98097,,false,
5049,Mrs98098,,false,
5050,Mrs2000052,,false,
5051,Mrs2001019,,false,
5052,Mrs2001020,,false,
5053,Mrs2001021,,false,
5054,Mrs99017,,false,
5055,Mrs2001012,,false,
5056,Mrs99104,,false,
5057,Mrs2000034,,false,
5058,Mrs2000035,,false,
5059,Mrs2000039,,false,
5060,Mrs2000041,,false,
5061,Mrs2000042,,false,
5062,Mrs2000043,,false,
5063,Mrs2000044,,false,
5064,Mrs2000045,,false,
5065,Mrs2000047,,false,
5066,Mrs2000050,,false,
5067,Mrs2001013,,false,
5068,Mrs2001014,,false,
5069,Mrs2001015,,false,
5070,Mrs2001018,,false,
5071,Mrs99072,,false,
5072,Mrs2001051,,false,
5073,Mrs98012,,false,
5074,Mrs98068,,false,
5075,Mrs2000037,,false,
5076,Mrs2000038,,false,
5077,Mrs2000048,,false,
5078,Mrs2000053,,false,
5079,Mrs2001017,,false,
5080,Mrs2001049,,false,
5081,Mrs2001059,,false,
5082,Mrs2001060,,false,
5083,Mrs99068,,false,
5084,Mrs99069,,false,
5085,Mrs99026,,false,
5086,Mrs99103,,false,
5087,Mrs99107,,false,
5088,Mrs2000027,,false,
5089,Mrs2000028,,false,
5090,Mrs2001050,,false,
5091,Mrs2000040,,false,
5092,Mrs2000046,,false,
5093,Mrs93019,,false,
5094,Mrs93020,,false,
5095,Mrs93021,,false,
5096,Mrs99028,,false,
5097,Mrs99030,,false,
5098,Mrs2000152,,false,
5099,Mrs2001072,,false,
5100,Mrs2001073,,false,
5101,Mrs98078,,false,
5102,Mrs97018,,false,
5103,Mrs97020,,false,
5104,Mrs2001045,,false,
5105,Mrs2001046,,false,
5106,Mrs2001033,,false,
5107,Mrs2001037,,false,
5108,Mrs2001038,,false,
5109,Mrs2001039,,false,
5110,Mrs2001041,,false,
5111,Mrs2001044,,false,
5112,Mrs2001130,,false,
5113,Mrs2001144,,false,
5114,Mrs2001163,,false,
5115,Mrs2001032,,false,
5116,Mrs2001034,,false,
5117,Mrs2001035,,false,
5118,Mrs2001036,,false,
5119,Mrs2001031,,false,
5120,Mrs97013,,false,
5121,Mrs97014,,false,
5122,Mrs98001,,false,
5123,Mrs98002,,false,
5124,Mrs98055,,false,
5125,Mrs98057,,false,
5126,Mrs98061,,false,
5127,Mrs98073,,false,
5128,Mrs98074,,false,
5129,Mrs98075,,false,
5130,Mrs98076,,false,
5131,Mrs98112,,false,
5132,Mrs98113,,false,
5133,Mrs99002,,false,
5134,Mrs99007,,false,
5135,Mrs2000012,,false,
5136,Mrs98114,,false,
5137,Mrs2000005,,false,
5138,Mrs2000006,,false,
5139,Mrs99004,,false,
5140,Mrs98109,,false,
5141,Mrs2000001,,false,
5142,03-4424,,false,
5143,03-4434,,false,
5144,N46/03,,false,
5145,04-1637,,false,
5146,8912,,false,
5147,733/00,,false,
5148,841/00,,false,
5149,2020786,,false,
5150,2020965,,false,
5151,2021070,,false,
5152,2021161,,false,
5153,2021199,,false,
5154,2021303,,false,
5155,2021512,,false,
5156,2021581,,false,
5157,2000/174,,false,
5158,2000/180,,false,
5159,2000/195,,false,
5160,2000/201,,false,
5161,2000/204,,false,
5162,2000/216,,false,
5163,2000/249,,false,
5164,2000/261,,false,
5165,Dec-02,,false,
5166,2002/150,,false,
5167,2002/156,,false,
5168,2002/165,,false,
5169,BE2002/18,,false,
5170,2002/69,,false,
5171,0085/00,1,false,
5172,8814,,false,
5173,71/02,,false,
5174,349/01,,false,
5175,506/02,,false,
5176,982/02,,false,
5177,348429,,false,
5178,2020193,,false,
5179,2010061,,false,
5180,2010216,,false,
5181,2010903,,false,
5182,2010904,,false,
5183,2010999,,false,
5184,2011023,,false,
5185,2011148,,false,
5186,2011233,,false,
5187,2011246,,false,
5188,2011833,,false,
5189,2011851,,false,
5190,2012303,,false,
5191,2nd94,,false,
5192,LNP 462,,false,
5194,87043,,false,
5195,89356,,false,
5196,P1-A,,false,
5197,ATCC 9913,181,false,
5198,9297,,false,
5199,LNP 407,,false,
5200,0523/93,,false,
5201,NP3,,false,
5202,9992,,false,
5203,NP0,,false,
5204,ATCC 19243,,false,
5205,0054/92,,false,
5206,NP4,,false,
5207,0533/93,,false,
5209,P8-A,,false,
5211,LNP 414,,false,
5212,30008,,false,
5213,14221,,false,
5214,LNP 415,,false,
5215,Nmu0,,false,
5216,P7-A,,false,
5217,Oregon 004,,false,
5218,Oregon 006,,false,
5219,Oregon 017,,false,
5220,Oregon 019,,false,
5221,Oregon 023,,false,
5222,Oregon 028,,false,
5223,Oregon 039,,false,
5224,Oregon 041,,false,
5225,Oregon 042,,false,
5226,Oregon 058,,false,
5227,Oregon 062,,false,
5228,Oregon 063,,false,
5229,Oregon 084,,false,
5230,6995,,false,
5231,7039,,false,
5232,69/02,,false,
5233,02-Aug,,false,
5234,187/02,,false,
5235,266/02,,false,
5236,293/00,,false,
5237,33/02,,false,
5238,416/02,,false,
5239,44/02,,false,
5240,536/02,,false,
5241,989/02,,false,
5242,2020096,,false,
5243,2020276,,false,
5244,2020474,,false,
5245,2021291,,false,
5246,GL9960369,,false,
5247,PL01031490,,false,
5248,PL01032558,,false,
5249,PL01030807,,false,
5250,PL01032694,,false,
5251,PL01030026,,false,
5252,PL01030147,,false,
5253,PL01031073,,false,
5254,PL0022900,,false,
5255,PL0020257,,false,
5256,PL01030662,,false,
5257,CA0061059,,false,
5258,GL0102866,,false,
5259,GL9964401,,false,
5260,GL0102787,,false,
5261,PL9911074,,false,
5262,PL0022273,,false,
5263,PL0020235,,false,
5264,PL01031619,,false,
5265,PL01032408,,false,
5266,PL0020538,,false,
5267,PL01032178,,false,
5268,PL0022358,,false,
5269,PL0020540,,false,
5270,PL0020915,,false,
5271,PL01031692,,false,
5272,PL01033186,,false,
5273,PL01031624,,false,
5274,PL01031171,,false,
5275,PL01033344,,false,
5276,PL0020590,,false,
5277,GL9960040,87,false,
5278,PL01031705,,false,
5279,GL9964580,,false,
5280,PL0021947,,false,
5281,PL01031237,,false,
5282,PL01032059,,false,
5283,PL01030930,,false,
5284,CA0063167,,false,
5285,PL01033249,,false,
5286,PL01031140,,false,
5287,PL01032122,,false,
5288,PL01032996,,false,
5289,PL01031497,,false,
5290,PL01030228,,false,
5291,CA0060260,,false,
5292,CA0063109,,false,
5293,PL01030085,,false,
5294,PL01031651,,false,
5295,CA0061401,,false,
5296,PL01031418,,false,
5297,CA0061193,,false,
5298,CA0060397,,false,
5299,PL01031847,,false,
5300,PL0020499,,false,
5301,GL9961058,,false,
5302,CA0060865,,false,
5303,PL01031607,,false,
5304,GL9961073,,false,
5305,PL0020479,,false,
5306,PL0022258,,false,
5307,CA0060745,,false,
5308,PL0020885,,false,
5309,GL9960524,,false,
5310,GL9960146,,false,
5311,GL9960088,,false,
5312,PL01033338,,false,
5313,PL01032879,,false,
5314,BA9952930,,false,
5315,PL01032740,,false,
5316,PL01030673,,false,
5317,PL01031518,,false,
5318,Mrs1964148,,false,
5319,Mrs1964377,,false,
5320,Mrs1972831,,false,
5321,Mrs1976633,,false,
5322,Mrs1976649,,false,
5323,Mrs1976657,,false,
5324,Mrs1976670,,false,
5325,Mrs1976689,,false,
5326,Mrs1976699,,false,
5327,Mrs1976706,,false,
5328,Mrs1976740,,false,
5329,Mrs1976819,,false,
5330,Mrs1977478,,false,
5331,Mrs1980716,,false,
5332,Mrs1964196,,false,
5333,Mrs1970781,,false,
5334,Mrs1970782,,false,
5335,Mrs1970783,,false,
5336,Mrs1970793,,false,
5337,Mrs1970794,,false,
5338,Mrs1976358,,false,
5339,Mrs1988092,,false,
5340,PL01033445,,false,
5341,6764,,false,
5342,2002/234,,false,
5343,2002/261,,false,
5344,0022/01,,false,
5345,0024/01,444,false,
5346,0068/01,,false,
5347,0075/01,,false,
5348,2002/246,,false,
5349,CA9950176,,false,
5350,CA9950217,,false,
5351,99-130,,false,
5352,99-098,,false,
5353,00-216,,false,
5354,ATCC 19696,168,false,
5355, LNP 3834,,false,
5356, NP2,,false,
5357,NIID435,,false,
5358,03-4462,,false,
5359,ES599/00,,false,
5360,DE9127,,false,
5361,BE2000/45,,false,
5362,ES81/02,,false,
5363,DE7126,,false,
5364,ES748/00,,false,
5365,ES974/02,,false,
5366,FI354810,,false,
5367,ES720/00,,false,
5368,NL2022154,,false,
5369,BE2000/165,,false,
5370,CA0101364,,false,
5371,CA0101353,,false,
5372,CA0101367,,false,
5373,CA0101436,,false,
5374,Mrs95010,,false,
5375,Mrs95040,,false,
5376,Mrs95045,,false,
5377,Mrs96023,,false,
5378,Mrs96024,,false,
5379,Mrs96025,,false,
5380,Mrs97008,,false,
5381,Mrs97009,,false,
5382,Mrs97010,,false,
5383,Mrs97011,,false,
5384,Mrs97012,,false,
5385,Mrs97059,,false,
5386,Mrs98003,,false,
5387,Mrs98120,,false,
5388,Mrs99003,,false,
5389,Mrs99005,,false,
5390,Mrs2000061,,false,
5391,Mrs2000062,,false,
5392,Mrs2000070,,false,
5393,Mrs2000072,,false,
5394,Mrs2000075,,false,
5395,Mrs2000076,,false,
5396,Mrs2000077,,false,
5397,Mrs2000078,,false,
5398,Mrs2001210,,false,
5399,Mrs99045,,false,
5400,Mrs99046,,false,
5401,Mrs99047,,false,
5402,Mrs99048,,false,
5403,Mrs99049,,false,
5404,Mrs99050,,false,
5405,Mrs99051,,false,
5406,Mrs2000059,,false,
5407,Mrs2000060,,false,
5408,Mrs2000063,,false,
5409,Mrs2000064,,false,
5410,Mrs2000065,,false,
5411,Mrs2000066,,false,
5412,Mrs2000067,,false,
5413,Mrs2000068,,false,
5414,Mrs2000069,,false,
5415,Mrs2000071,,false,
5416,Mrs2000073,,false,
5417,Mrs2000074,,false,
5418,Mrs2000083,,false,
5419,Mrs2000084,,false,
5420,Mrs2000085,,false,
5421,Mrs2000086,,false,
5422,Mrs2000087,,false,
5423,Mrs2000088,,false,
5424,Mrs2000089,,false,
5425,Mrs2000090,,false,
5426,Mrs2000091,,false,
5427,Mrs2000092,,false,
5428,Mrs2000093,,false,
5429,Mrs2000094,,false,
5430,Mrs2000095,,false,
5431,Mrs2000120,,false,
5432,Mrs2000123,,false,
5433,Mrs2001211,,false,
5434,Mrs96070,,false,
5435,Mrs96071,,false,
5436,Mrs96072,,false,
5437,Mrs97069,,false,
5438,Mrs97071,,false,
5439,Mrs97070,,false,
5440,Mrs98124,,false,
5441,Mrs2001216,,false,
5442,Mrs2001217,,false,
5443,Mrs92034,,false,
5444,Mrs92018,,false,
5445,Mrs92027,,false,
5446,Mrs92031,,false,
5447,Mrs2000058,,false,
5448,Mrs2000081,,false,
5449,Mrs2001069,,false,
5450,Mrs98029,,false,
5451,Mrs98040,,false,
5452,Mrs98046,,false,
5453,Mrs99031,,false,
5454,Mrs99032,,false,
5455,Mrs99039,,false,
5456,Mrs99065,,false,
5457,Mrs99067,,false,
5458,Mrs99041,,false,
5459,M18640,49,false,
5460,Mrs2000099,,false,
5461,Mrs2000179,,false,
5462,Mrs2001048,,false,
5463,Mrs2001061,,false,
5464,Mrs88101,,false,
5465,Mrs88102,,false,
5466,Mrs88103,,false,
5467,Mrs99034,,false,
5468,Mrs99035,,false,
5469,Mrs99036,,false,
5470,Mrs99037,,false,
5471,Mrs99038,,false,
5472,Mrs99058,,false,
5473,Mrs99059,,false,
5474,Mrs99060,,false,
5475,Mrs99061,,false,
5476,Mrs99062,,false,
5477,Mrs99064,,false,
5478,Mrs89032,,false,
5479,Mrs89031,,false,
5480,Mrs89036,,false,
5481,Mrs89039,,false,
5482,Mrs96057,,false,
5483,Mrs2001068,,false,
5484,Mrs88035,,false,
5485,Mrs88042,,false,
5486,Mrs88050,,false,
5487,Mrs94027,,false,
5488,Mrs96027,,false,
5489,Mrs97021,,false,
5490,Mrs98015,,false,
5491,Mrs98028,,false,
5492,Mrs99040,,false,
5493,Mrs99057,,false,
5494,Mrs2000055,,false,
5495,Mrs2001053,,false,
5496,Mrs2001054,,false,
5497,Mrs2001055,,false,
5498,Mrs2001056,,false,
5499,Mrs2001057,,false,
5500,Mrs2001058,,false,
5501,2020637,,false,
5502,2020500,,false,
5503,6813,,false,
5504,7060,,false,
5505,7103,,false,
5506,6769,,false,
5507,2020982,,false,
5508,2002/228,,false,
5509,6943,,false,
5510,354028,,false,
5511,CA9951480,,false,
5512,CA9951353,,false,
5513,CA9951669,,false,
5514,CA9951661,,false,
5515,CA9951717,,false,
5516,CA0100180,,false,
5517,CA9951482,,false,
5518,CA0100188,,false,
5519,Mrs2004031,,false,
5520,15/01,,false,
5521,18/01,,false,
5522,LNP21313,,false,
5523,LNP21333,,false,
5524,LNP21335,,false,
5525,LNP21341,,false,
5526,LNP21357,,false,
5527,LNP21392,,false,
5528,LNP21402,45,false,
5529,LNP21442,,false,
5530,LNP21449,,false,
5531,LNP21454,,false,
5532,LNP21472,,false,
5533,03-4509,,false,
5534,03-4585,,false,
5535,03-4591,,false,
5536,03-4604,,false,
5537,CA0100653,,false,
5538,CA0101135,,false,
5539,CA0101144,,false,
5540, 2nd 233 ,,false,
5541, 2nd 1,,false,
5542, 2nd 292 ,,false,
5543,1st 48,,false,
5544,ATCC 23970,5,false,
5545, 2nd 290 ,,false,
5546,2713,,false,
5547, M982,,false,
5548,7351,,false,
5549,7328,,false,
5550,7481,,false,
5551,7324,,false,
5552,CA0100456,,false,
5553,CA0100568,,false,
5554,CA0100624,,false,
5555,03-590-156,,false,
5556,03-590-236,,false,
5557,03-590-319,,false,
5558,03-590-325,,false,
5559,PL0021830,,false,
5560,CA0060023,,false,
5561,ST01245122,,false,
5562,NO9900534,,false,
5563,PL01031819,,false,
5564,OX9930081,104,false,
5565,CA9951607,,false,
5566,ST01246516,,false,
5567,PL0022108,,false,
5568,OX01061112,,false,
5569,NO9901525,,false,
5570,CA0100502,,false,
5571,7064,,false,
5572,100/00,,false,
5573,2000/111,,false,
5574,7346,,false,
5575,01-Sep,,false,
5576,2002/123,,false,
5577,160/01,,false,
5578,2002/198,,false,
5579,7276,,false,
5580,A1723,,false,
5581,2000/69,,false,
5582,7405,,false,
5583,PL9910703,,false,
5584,PL01033187,,false,
5585,BA9952628,,false,
5586,PL0021822,,false,
5587,OX9931515,332,false,
5588,BA0062220,,false,
5589,ST01254021,,false,
5590,ST01247735,,false,
5591,ST01247279,,false,
5592,PL01030315,,false,
5593,BA0061868,,false,
5594,NO9900516,,false,
5595,NO01021923,,false,
5596,BA0102428,,false,
5597,BA0062006,,false,
5598,ST01247374,,false,
5599,ST01247273,,false,
5600,ST01247233,,false,
5601,ST01246335,,false,
5602,NO0011562,,false,
5603,ST01247226,,false,
5604,BA9952524,,false,
5605,NO0011631,,false,
5606,ST01247231,,false,
5607,ST01246535,,false,
5608,CA0101229,,false,
5609,PL01033194,,false,
5610,BA0102045,,false,
5611,PL9910237,,false,
5612,ST01247274,,false,
5613,ST01247227,,false,
5614,BA9952766,,false,
5615,ST01247248,,false,
5616,PT465,,false,
5617,CA0101561,,false,
5618,3104KL,,false,
5619,PL01030136,,false,
5620,PL01030043,,false,
5621,CA0101149,,false,
5622,ST01247035,,false,
5623,CA9950017,,false,
5624,ST01248491,,false,
5625,PL01031836,,false,
5626,OX0052977,,false,
5627,ST01248603,,false,
5628,ST01246374,,false,
5629,BA0062514,,false,
5630,CA9950378,,false,
5631,PL01032706,,false,
5632,BA0062079,,false,
5633,CA0060249,,false,
5634,CA0063110,,false,
5635,NO9900591,,false,
5636,PL0022132,,false,
5637,OX0052421,,false,
5638,BA9952967,,false,
5639,ST01245651,,false,
5640,CA0063139,,false,
5641,PL9911053,,false,
5642,PL0020548,,false,
5643,CA9950664,,false,
5644,N 2/06,,false,
5645,0146/01,,false,
5647,NO9900400,,false,
5648,NO0011395,,false,
5649,ST01247239,,false,
5650,CA0060607,,false,
5651,ST01247223,,false,
5652,ST01245824,,false,
5653,CA0060304,,false,
5654,03-590-040,,false,
5655,03-590-045,,false,
5656,03-590-155,,false,
5657,03-590-270,,false,
5658,7384,,false,
5659,28/02,,false,
5660,447/00,,false,
5661,01-Jun,,false,
5662,39/00,,false,
5664,7461,,false,
5665,7260,,false,
5666,2002/216,,false,
5667,7393,,false,
5668,PL9911062,,false,
5669,NO9901095,,false,
5670,CA0101619,,false,
5671,CA9950100,,false,
5672,CA9951575,,false,
5673,CA0060379,,false,
5674,NO9900378,,false,
5675,OX9930862,,false,
5676,NO0012025,,false,
5677,P1496,,false,
5678,P2000,,false,
5679,P2137,,false,
5680,P2138,,false,
5681,P2139,,false,
5682,TUM12080,,false,
5683,P2142,,false,
5684,P2143,,false,
5685,P2145,,false,
5686,P2148,,false,
5687,P2150,,false,
5688,P2152,,false,
5689,P2181,,false,
5690,M24747,,false,
5691,P2195,,false,
5692,P2198,,false,
5693,P2199,,false,
5694,P2200,,false,
5695,P2201,,false,
5696,P2202,,false,
5697,P2223,,false,
5698,P2293,,false,
5699,P2294,,false,
5700,P2308,,false,
5701,P2352,,false,
5702,P2353,,false,
5703,P2354,,false,
5704,P2355,,false,
5705,P2356,,false,
5706,P2360,,false,
5707,P2362,,false,
5708,P2363,,false,
5709,P2364,,false,
5710,P2488,,false,
5711,P2498,,false,
5712,P2506,,false,
5713,P2507,,false,
5714,P2508,,false,
5715,P2512,,false,
5716,P2518,,false,
5717,P2600,,false,
5718,P2601,,false,
5719,P2602,,false,
5720,P2604,,false,
5721,P2605,,false,
5722,P2606,,false,
5723,P2607,,false,
5724,P2608,,false,
5725,P2609,,false,
5726,P2611,,false,
5727,P2612,,false,
5728,P2613,,false,
5729,P2614,,false,
5730,P2616,,false,
5731,P2617,,false,
5732,P2622,,false,
5733,P2623,,false,
5734,P2624,,false,
5735,P2625,,false,
5736,P2626,,false,
5737,P2634,,false,
5738,P2635,,false,
5739,P2636,,false,
5740,P2638,,false,
5741,P2645,,false,
5742,P2646,,false,
5743,P2647,,false,
5744,P2648,,false,
5745,P2650,,false,
5746,P2651,,false,
5747,P2652,,false,
5748,P2653,,false,
5749,P2654,,false,
5750,P2655,,false,
5751,P2676,,false,
5752,P2681,,false,
5753,P2683,,false,
5754,P2684,,false,
5755,P2685,,false,
5756,P2686,,false,
5757,P2687,,false,
5758,P2688,,false,
5759,P2689,,false,
5760,P2690,,false,
5761,P415,,false,
5762,02N010,,false,
5763,02N012,,false,
5764,02N076,,false,
5765,02N077,,false,
5766,2002-151,,false,
5767,2002-171,,false,
5768,2002-183,,false,
5769,2002-277,,false,
5770,2000-029,,false,
5771,2000-156,,false,
5772,2000-223,,false,
5773,2003-005,,false,
5774,NO0012387,,false,
5775,CA0061042,,false,
5776,CA0060281,,false,
5777,PL0020944,,false,
5778,PL0021274,,false,
5779,NO0010446,,false,
5780,NO0012475,,false,
5781,NO0010430,,false,
5782,PL0022014,,false,
5783,BA0102853,,false,
5784,CA9951737,,false,
5785,ST99246770,,false,
5786,BA0102513,,false,
5787,CA9951134,,false,
5788,NO0012242,,false,
5789,BA0102671,,false,
5790,NO9900932,,false,
5791,NO01022522,,false,
5792,ST01248464,,false,
5793,CA0060462,,false,
5794,PL0020908,,false,
5795,PL0020434,,false,
5796,NO0012428,,false,
5797,CA0101238,,false,
5798,ST01247366,,false,
5799,PL0020801,,false,
5800,NO0012292,,false,
5801,NO01020809,,false,
5802,NO0011215,,false,
5803,NO0012375,,false,
5804,NO9901426,,false,
5805,BA0102399,,false,
5806,ST01247264,,false,
5807,ST01247396,,false,
5808,NO01020696,,false,
5809,PL0021252,,false,
5810,PL01031023,,false,
5811,NO01020678,,false,
5812,CA0060576,,false,
5813,NO01022570,,false,
5814,NO9900778,,false,
5815,ST01246485,,false,
5816,NO0012452,,false,
5817,PL01032414,,false,
5818,NO0011688,,false,
5819,NO9900892,,false,
5820,PL01030292,,false,
5821,NO0010553,,false,
5822,PL9910288,,false,
5823,NO0010683,,false,
5824,CA9951058,,false,
5825,NO01021505,,false,
5826,PL9910439,,false,
5827,ST01247276,,false,
5828,BA0102505,,false,
5829,NO0010730,,false,
5830,NML 2002-214,,false,
5831,NML 2000-248,,false,
5832,PL0021218,,false,
5833,ST01245947,,false,
5834,PL01032979,,false,
5835,ST01246464,,false,
5836,CA9950692,,false,
5837,ST00247627,,false,
5838,CA9950625,,false,
5839,ST00247524,,false,
5840,IE07/01,,false,
5841,2000/252,,false,
5842,2022568,,false,
5843,2002/129,,false,
5844,22/01,,false,
5845,79-1,,false,
5846,1194-1,,false,
5847,362-1,,false,
5848,PL01030519,,false,
5849,ST01247586,,false,
5850,ST01246103,,false,
5851,BA0102287,,false,
5852,ST01245940,,false,
5853,NO0010090,,false,
5854,ST01245185,,false,
5855,ST00248061,,false,
5856,CA9950206,,false,
5857,ST01245292,,false,
5858,NO0011628,,false,
5859,NO01020124,,false,
5860,NO9900250,,false,
5861,ST01245768,,false,
5862,ST01245953,,false,
5863,PL0022457,,false,
5864,ST01245074,,false,
5865,CA9950022,,false,
5866,ST01246712,,false,
5867,OX9931851,,false,
5868,04-2371,,false,
5869,ST01245275,,false,
5870,NO0012032,,false,
5871,NO01020883,,false,
5872,M99.240028,,false,
5873,M99.240036,,false,
5874,M99.240160,,false,
5875,M99.240175,,false,
5876,M99.240212,,false,
5877,M99.240228,,false,
5878,M99.240229,,false,
5879,M99.240336,,false,
5880,M99.240355,,false,
5881,M99.240372,,false,
5882,M99.240393,,false,
5883,M99.240531,,false,
5884,M99.240545,,false,
5885,M99.240615,,false,
5886,M99.240632,,false,
5887,M99.240671,,false,
5888,M99.240705,,false,
5889,M99.240728,,false,
5890,M99.240879,,false,
5891,M99.240930,,false,
5892,M99.241026,,false,
5893,M99.241159,,false,
5894,M99.241166,,false,
5895,M99.241173,,false,
5896,M99.241186,,false,
5897,M99.241207,,false,
5898,M99.241210,,false,
5899,M99.241212,,false,
5900,M99.241213,,false,
5901,M99.241256,,false,
5902,M99.241269,,false,
5903,M99.241299,,false,
5904,M99.241315,,false,
5905,M99.241418,,false,
5906,M99.241437,,false,
5907,CA9951305,,false,
5908,GL0102697,,false,
5909,GL0102799,,false,
5910,GL9962065,,false,
5911,GL0102595,,false,
5912,GL0101590,,false,
5913,GL0102547,,false,
5914,GL9962112,,false,
5915,GL0102522,,false,
5916,GL9961738,,false,
5917,2001982,,false,
5918,2001450,,false,
5919,2002044,,false,
5920,2001887,,false,
5921,CA0061378,,false,
5922,OX01062033,,false,
5923,GL9960897,,false,
5924,NO9901208,,false,
5925,CA0060870,,false,
5926,GL9960243,,false,
5927,ST00246163,,false,
5928,NO0012234,,false,
5929,BA0102040,,false,
5930,GL9961379,45,false,
5931,NO01021504,,false,
5932,ST00249280,,false,
5933,GL9961940,,false,
5934,GL9960828,,false,
5935,GL9961252,4367,false,
5936,M99.242031,,false,
5937,M99.242043,,false,
5938,M99.242077,,false,
5939,M99.242079,,false,
5940,M99.242135,,false,
5941,M99.242136,,false,
5942,M99.242145,,false,
5943,M99.242177,,false,
5944,M99.242210,,false,
5945,M99.242223,,false,
5946,M99.242247,,false,
5947,M99.242317,,false,
5948,M99.242517,,false,
5949,M99.242663,,false,
5950,M99.242675,,false,
5951,M99.242858,,false,
5952,M99.242861,,false,
5953,M99.243060,,false,
5954,M99.243359,,false,
5955,M99.243365,,false,
5956,ST01245778,,false,
5957,PL01030366,,false,
5958,NO9901411,,false,
5959,ST01245115,,false,
5960,NO0011645,,false,
5961,NO0010747,,false,
5962,NO0011229,,false,
5963,BA0102310,,false,
5964,NML 1999-154,,false,
5965,NML 2001-031,,false,
5966,NML 2002-253,,false,
5967,M99.240364,,false,
5968,M99.240380,,false,
5969,M99.240430,,false,
5970,M99.240959,,false,
5971,M98.253274,,false,
5972,M98.253405,,false,
5973,M98.253574,,false,
5974,ST01247639,,false,
5975,NO01020271,,false,
5976,NO0010435,,false,
5977,LNP18024 ,,false,
5978,LNP17444 ,,false,
5979,LNP17328 ,,false,
5980,M98.253693,,false,
5981,M98.253728,,false,
5982,LNP17728 ,,false,
5983,NML 2000-139,,false,
5984,PL01033080,,false,
5985,ST01248617,,false,
5986,NO0012241,,false,
5987,BA0062017,,false,
5988,OX9932037,24,false,
5989,NO01022422,,false,
5990,CA0100432,,false,
5991,CA0100089,,false,
5992,NO0010471,,false,
5993,PL0021272,,false,
5994,ST01245898,,false,
5995,PL9910966,,false,
5996,PL0020368,,false,
5997,NO0011211,,false,
5998,ST01246228,,false,
5999,NO9901242,,false,
6000,NO9900635,,false,
6001,NO0011627,,false,
6002,NO0010632,,false,
6003,BA0102658,,false,
6004,OX9930720,2052,false,
6005,ST00247592,,false,
6006,NO01022495,,false,
6007,02N061,,false,
6008,Mrs2004106,,false,
6009,Mrs2004001,,false,
6010,CA0060059,,false,
6011,NO0011839,,false,
6012,NO9901496,,false,
6013,CA0061058,,false,
6014,NO0011976,,false,
6015,CA0061273,,false,
6016,PL0022002,,false,
6017,PL01032784,,false,
6018,CA0060483,,false,
6019,NO0010855,,false,
6020,NO0012434,,false,
6021,NO9901512,,false,
6022,CA0060164,,false,
6023,CA0061287,,false,
6024,NO0010214,,false,
6025,CA9950805,,false,
6026,CA0060800,,false,
6027,ST01246070,,false,
6028,ST00249415,,false,
6029,BA0102037,,false,
6030,NO0011646,,false,
6031,04-2596,,false,
6032,NO01021307,,false,
6033,CA0060440,,false,
6034,1181-1,,false,
6035,1201-1,,false,
6036,1231-1,,false,
6037,1268-1,,false,
6038,709-1,,false,
6039,224-1,,false,
6040,107-1,,false,
6041,774-1,,false,
6042,PL01033441,,false,
6043,ST00249095,,false,
6044,ST99248964,,false,
6045,BA9952343,,false,
6046,ST00249468,,false,
6047,ST00248579,,false,
6048,CA0100114,,false,
6049,02-2024,,false,
6050,ST01247167,,false,
6051,NO0011377,,false,
6052,ST00246454,,false,
6053,NO0010926,,false,
6054,CA9950678,,false,
6055,NO0011793,,false,
6056,CA0100954,,false,
6057,ST01246617,,false,
6058,ST01246268,,false,
6059,ST99246737,,false,
6060,ST01247121,,false,
6061,NO01020096,,false,
6062,PL01030816,,false,
6063,ST01246288,,false,
6064,NO0011723,,false,
6065,NO9902532,,false,
6066,PL01032127,,false,
6067,NO9901500,,false,
6068,NO0011233,,false,
6069,NO9900315,,false,
6070,GL0000887,,false,
6071,CA0100461,,false,
6072,BA0102412,,false,
6073,CA0100023,,false,
6074,GL0001524,,false,
6075,GL0000848,,false,
6076,NO9900183,,false,
6077,CA0100145,,false,
6078,ST01248337,,false,
6079,GL0002729,,false,
6080,GL0002744,,false,
6081,GL0001594,,false,
6082,GL0002371,,false,
6083,GL0002318,,false,
6084,GL0001676,,false,
6085,6378210,,false,
6086,3093722,,false,
6087,6225820,,false,
6088,3026157,,false,
6089,3342884,,false,
6090,8168620,,false,
6091,8968455,,false,
6092,RSA-342,,false,
6093,RSA-2270,,false,
6094,RSA-2457,,false,
6095,RSA-5580,,false,
6096,RSA-6603,,false,
6097,RSA-4520,,false,
6098,RSA-7471,,false,
6099,GL0000244,,false,
6100,GL0001306,,false,
6101,GL0001900,,false,
6102,GL0001923,,false,
6103,GL0002006,,false,
6104,GL0003091,,false,
6105,GL0000569,,false,
6106,GL0001291,,false,
6107,02-590-122,,false,
6108,2000511,,false,
6109,2000003,,false,
6110,2000589,,false,
6111,2001098,,false,
6112,2000947,,false,
6113,GL0000334,,false,
6114,05-3061,,false,
6115,GL0002191,,false,
6116,GL0104040,,false,
6117,GL0000410,,false,
6118,GL0104241,,false,
6119,GL0103854,,false,
6120,GL0103255,,false,
6121,GL0104101,,false,
6122,GL0001299,,false,
6123,GL0103474,,false,
6124,GL0001100,,false,
6125,GL0002220,141,false,
6126,GL0101714,,false,
6127,SLP 4/04,,false,
6128,02N182,,false,
6129,02N184,,false,
6130,02N186,,false,
6131,02N207,,false,
6132,02N211,,false,
6133,02N233,,false,
6134,2012432,,false,
6135,2011898,,false,
6136,2011728,,false,
6137,2011943,,false,
6138,2011839,,false,
6139,2011887,,false,
6140,2012551,,false,
6141,2011964,,false,
6142,2012234,,false,
6143,ST99248294,,false,
6144,ST01245268,,false,
6145,BA0061696,,false,
6146,ST01247235,,false,
6147,BA9952295,,false,
6148,ST00248031,,false,
6149,OX0050987,,false,
6150,CA0100156,,false,
6151,ST01247306,,false,
6152,ST00248477,,false,
6153,CA0063008,,false,
6154,NO9900299,,false,
6155,ST01247275,,false,
6156,ST01247125,,false,
6157,BA9952831,,false,
6158,GL0002813,,false,
6159,NO0011516,,false,
6160,1M,,false,
6161,2M,,false,
6162,3M,,false,
6163,6M,,false,
6164,7M,,false,
6165,8M,,false,
6166,9M,,false,
6167,11M,,false,
6168,12M,,false,
6169,13M,,false,
6170,15M,,false,
6171,16M,,false,
6172,17M,,false,
6173,18M,,false,
6174,19M,,false,
6175,20M,,false,
6176,21M,,false,
6177,23M,,false,
6178,24M,,false,
6179,25M,,false,
6180,26M,,false,
6181,27M,,false,
6182,28M,,false,
6183,30M,,false,
6184,31M,,false,
6185,32M,,false,
6186,33M,,false,
6187,34M,,false,
6188,35M,,false,
6189,36M,,false,
6190,37M,,false,
6191,38M,,false,
6192,41M,,false,
6193,43M,,false,
6194,44M,,false,
6195,45M,,false,
6196,46M,,false,
6197,47M,,false,
6198,48M,,false,
6199,49M,,false,
6200,50M,,false,
6201,51M,,false,
6202,52M,,false,
6203,53M,,false,
6204,54M,,false,
6205,56M,,false,
6206,57M,,false,
6207,Unknown,,false,
6208,M98.253300,,false,
6209,M98.253531,,false,
6210,1318,,false,
6211,M98.253589,,false,
6212,M99.240609,,false,
6213,M99.240901,,false,
6214,M99.240917,,false,
6215,M99.240924,,false,
6216,M99.241262,,false,
6217,M99.241309,,false,
6218,RSA-1164,,false,
6219,RSA-1581,,false,
6220,RSA-3850,,false,
6221,RSA-4302,,false,
6222,RSA-7584,,false,
6223,RSA-7848,,false,
6224,RSA-5442,,false,
6225,LNP18250 ,,false,
6226,LNP18012 ,,false,
6227,LNP17423 ,,false,
6228,LNP17784 ,,false,
6229,Mrs2004144,,false,
6230,Mrs2004164,,false,
6231,Mrs2004214,,false,
6232,2011433,,false,
6233,2011258,,false,
6234,2010200,,false,
6235,PL0022673,,false,
6236,CA0063271,,false,
6237,ST01247284,,false,
6238,NO0011093,,false,
6239,GL0000357,,false,
6240,GL0000304,5146,false,
6241,OX9931384,,false,
6242,GL0001789,,false,
6243,GL0000326,,false,
6244,NO0010391,,false,
6245,GL0000297,,false,
6246,GL0001402,,false,
6247,CA0060216,,false,
6248,GL0000519,,false,
6249,CA9951307,,false,
6250,CA9951351,,false,
6251,GL0000686,,false,
6252,ST01247312,,false,
6253,GL0000454,,false,
6254,NO0010858,,false,
6255,04-3351,,false,
6256,2010913,,false,
6257,2010262,,false,
6258,2010348,,false,
6259,ST99248646,,false,
6260,CA0060677,,false,
6261,CA0060595,,false,
6262,GL9961172,49,false,
6263,PL0022413,,false,
6264,CA0060520,,false,
6265,GL9960298,,false,
6266,GL9962175,,false,
6267,CA0061343,,false,
6268,CA0061247,,false,
6269,GL9961621,,false,
6270,CA0060652,,false,
6271,GL9964286,,false,
6272,GL9960316,,false,
6273,GL9960777,,false,
6274,PL0020173,,false,
6275,ST00248608,,false,
6276,PL0020462,,false,
6277,CA0061057,,false,
6278,OX01060569,,false,
6279,ST99248439,,false,
6280,Mrs2004241,,false,
6281,2001030,,false,
6282,2001173,,false,
6283,2001359,,false,
6284,2000633,,false,
6285,2011415,,false,
6286,GL0101823,,false,
6287,GL0000838,,false,
6288,GL0101500,,false,
6289,GL0102088,,false,
6290,GL0002282,,false,
6291,M98.253700,,false,
6292,M99.241732,,false,
6293,M99.241759,,false,
6294,M99.241853,,false,
6295,02N078,,false,
6296,05-1151,,false,
6297,ATCC-35562,,false,
6298,M99.240419,,false,
6299,M99.241501,,false,
6300,M99.241526,,false,
6301,M99.241529,,false,
6302,M99.241680,,false,
6303,M99.242094,,false,
6304,M99.242351,,false,
6305,M99.243232,,false,
6306,1204,,false,
6307,1314,,false,
6308,2012492,,false,
6309,1362,,false,
6310,1386,,false,
6311,1381,,false,
6312,1117,,false,
6313,1084,,false,
6314,1242,,false,
6315,1065,,false,
6316,1046,,false,
6317,2000787,,false,
6318,GL9961434,,false,
6319,GL0001692,,false,
6320,GL0000545,,false,
6321,ST99248381,,false,
6322,GL0002151,,false,
6323,NO01020327,,false,
6324,BA0062379,,false,
6325,GL9960632,,false,
6326,GL0001651,,false,
6327,GL0000055,49,false,
6328,GL0002007,,false,
6329,GL0103844,,false,
6330,GL0001012,,false,
6331,ST99246568,,false,
6332,GL0001508,49,false,
6333,ST99248313,,false,
6334,GL0101720,,false,
6335,ST99248781,,false,
6336,GL0000018,120,false,
6337,GL0103382,,false,
6338,GL0103480,,false,
6339,GL0001115,,false,
6340,GL0001942,,false,
6341,M99.242155,,false,
6342,LNP19268,,false,
6343,LNP18911,,false,
6344,LNP18689,,false,
6345,LNP18582,,false,
6346,LNP19257,,false,
6347,LNP18602,,false,
6348,LNP18330,,false,
6349,LNP19072,,false,
6350,LNP18314,,false,
6351,LNP18341,,false,
6352,LNP18361,,false,
6353,LNP18315,,false,
6354,LNP18834,,false,
6355,LNP18473,,false,
6356,LNP18608,,false,
6357,LNP18629,,false,
6358,LNP19021,,false,
6359,LNP18599,,false,
6360,LNP19297,,false,
6361,LNP19171,,false,
6362,LNP18364,,false,
6363,LNP19600,,false,
6364,LNP19560,,false,
6365,LNP20085,,false,
6366,LNP19485,,false,
6367,LNP20130,,false,
6368,LNP20280,,false,
6369,LNP20135,,false,
6370,LNP20235,,false,
6371,LNP19700,,false,
6372,LNP20046,,false,
6373,LNP19960,,false,
6374,LNP19425,,false,
6375,LNP20030,,false,
6376,LNP19330,,false,
6377,M98.253340,,false,
6378,M99.242615,,false,
6379,M99.243355,,false,
6380,M99.243363,,false,
6381,GL9961938,,false,
6382,GL0102788,,false,
6383,GL0000465,,false,
6384,GL0000820,,false,
6385,GL0000377,,false,
6386,GL0104118,,false,
6387,GL9961114,,false,
6388,GL9961068,,false,
6389,GL0000859,,false,
6390,GL0101604,,false,
6391,GL0000806,,false,
6392,GL9962222,,false,
6393,GL0002301,,false,
6394,GL0001845,,false,
6395,GL9960693,,false,
6396,GL0103334,,false,
6397,OX01061778,,false,
6398,GL9961211,,false,
6399,CA0060549,,false,
6400,GL0102127,,false,
6401,GL9961710,87,false,
6402,GL0103006,,false,
6403,GL0000346,,false,
6404,GL9961809,87,false,
6405,GL9962427,,false,
6406,N 8/04,,false,
6407,N 19/04,,false,
6408,N 20/04,,false,
6409,N 24/04,,false,
6410,N 26/04,,false,
6411,VH,,false,
6412,1378,,false,
6413,1223,,false,
6414,2000409,,false,
6415,OX9931485,,false,
6416,GL9961190,87,false,
6417,GL0102859,,false,
6418,GL0000739,,false,
6419,GL0001574,,false,
6420,GL0000730,,false,
6421,GL0003097,,false,
6422,241735,,false,
6423,NO9900675,,false,
6424,78-35307,,false,
6425,78-21307,,false,
6426,78-01995,,false,
6427,89-21127,,false,
6428,05-1524,,false,
6429,Mrs2004002,,false,
6430,Mrs2004005,,false,
6431,Mrs2004007,,false,
6432,Mrs2004014,,false,
6433,Mrs2004016,,false,
6434,Mrs2004019,,false,
6435,Mrs2004020,,false,
6436,Mrs2004021,,false,
6437,Mrs2004024,,false,
6438,Mrs2004026,,false,
6439,Mrs2004037,,false,
6440,Mrs2004038,,false,
6441,Mrs2004039,,false,
6442,2000020,,false,
6443,89-19842,,false,
6444,86-08203,,false,
6445,89-10184,,false,
6446,89-06712,,false,
6447,89-47030,,false,
6448,87-24889,,false,
6449,89-46035,,false,
6450,86-27408,,false,
6451,87-46269,,false,
6452,86-02485,,false,
6453,84-29710,,false,
6454,81-17915,,false,
6455,89-24486,,false,
6456,86-31541,,false,
6457,89-19759,,false,
6458,89-23106,,false,
6459,89-00496,,false,
6460,80-37625,,false,
6461,80-37624,,false,
6462,80-37581,,false,
6463,89-26952,,false,
6464,89-26228,,false,
6465,89-49314,,false,
6466,87-08109,,false,
6467,86-21271,,false,
6468,87-46859,,false,
6469,86-08440,,false,
6470,81-36695,,false,
6471,81-09561,,false,
6472,81-15981,,false,
6473,85-08661,,false,
6474,89-49303,,false,
6475,87-08738,,false,
6476,87-00723,,false,
6477,86-12005,,false,
6478,86-15714,,false,
6479,85-15348,,false,
6480,86-10319,,false,
6481,89-25224,,false,
6482,88-13242,,false,
6483,87-14737,,false,
6484,89-05475,,false,
6485,86-02486,,false,
6486,09-3167,,false,
6487,82-44033,,false,
6488,89-32703,,false,
6489,89-34171,,false,
6490,84-15072,,false,
6491,88-39849,,false,
6492,81-15902,,false,
6493,86-02399,,false,
6494,84-02514,,false,
6495,81-15901,,false,
6496,84-15067,,false,
6497,89-47871,,false,
6498,88-19358,,false,
6499,GR274/M/1,,false,
6500,74-04753,,false,
6501,75-08653,,false,
6502,75-12038,,false,
6503,79-01942,,false,
6504,79-32313,,false,
6505,79-35181,,false,
6506,79-36821,,false,
6507,79-36900,,false,
6508,90-00065,,false,
6509,90-00439,,false,
6510,90-00868,,false,
6511,90-01671,,false,
6512,90-01826,,false,
6513,90-02352,,false,
6514,90-05751,,false,
6515,90-13053,,false,
6516,90-13475,,false,
6517,90-22814,,false,
6518,90-29387,,false,
6519,90-29388,,false,
6520,90-42408,,false,
6521,90-52973,,false,
6522,91-04159,,false,
6523,91-14980,,false,
6524,91-19202,,false,
6525,91-20618,,false,
6526,91-21614,,false,
6527,91-22524,,false,
6528,91-22570,,false,
6529,91-23062,,false,
6530,91-24385,,false,
6531,91-24629,,false,
6532,91-24957,,false,
6533,92-00379,,false,
6534,92-05716,,false,
6535,92-08341,,false,
6536,92-10050,,false,
6537,92-10251,,false,
6538,92-11129,,false,
6539,92-13950,,false,
6540,92-16586,,false,
6541,93-02476,,false,
6542,93-03013,,false,
6543,93-03503,,false,
6544,93-05742,,false,
6545,93-07357,,false,
6546,95-00611,,false,
6547,95-02945,,false,
6548,95-55000,,false,
6549,96-0888,,false,
6550,96-1624,,false,
6551,96-2040,,false,
6552,96-2568,,false,
6553,96-6268,,false,
6554,97-0128,,false,
6555,98-3543,,false,
6556,RSA-800,,false,
6557,58M,,false,
6558,01-I0492,,false,
6559,01-I0629,,false,
6560,01-I0916,,false,
6561,01-I1088,,false,
6562,ST01248519,,false,
6563,NO9902438,,false,
6564,NO9900711,,false,
6565,NO9901016,,false,
6566,C04-267,,false,
6567,C04-1089,,false,
6568,05-1764,,false,
6569,ST01248266,,false,
6570,ST00246374,,false,
6571,LNP20625,,false,
6572,LNP20626,,false,
6573,LNP20627,,false,
6574,LNP20628,,false,
6575,LNP20842,,false,
6576,LNP18359,,false,
6577,LNP18399,,false,
6578,LNP18416,,false,
6579,LNP18518,,false,
6580,LNP18566,,false,
6581,LNP18574,,false,
6582,LNP18623,,false,
6583,LNP18639,,false,
6584,LNP18648,,false,
6585,LNP18694,,false,
6586,LNP18701,,false,
6587,LNP18749,,false,
6588,LNP18833,,false,
6589,LNP18842,,false,
6590,LNP18843,,false,
6591,LNP19002,,false,
6592,LNP19005,,false,
6593,LNP19053,,false,
6594,LNP19065,,false,
6595,LNP19069,,false,
6596,LNP19075,,false,
6597,LNP19090,,false,
6598,LNP19101,,false,
6599,LNP19220,,false,
6600,LNP19266,,false,
6601,LNP19337,,false,
6602,LNP19377,,false,
6603,LNP19389,,false,
6604,LNP19463,,false,
6605,LNP19465,,false,
6606,LNP19495,,false,
6607,LNP19505,,false,
6608,LNP19512,,false,
6609,LNP19535,,false,
6610,LNP19568,,false,
6611,LNP19627,,false,
6612,LNP19668,,false,
6613,LNP19729,,false,
6614,LNP19758,,false,
6615,LNP19780,,false,
6616,LNP19937,,false,
6617,LNP20110,,false,
6618,LNP20152,,false,
6619,LNP20273,,false,
6620,LNP20313,,false,
6621,LNP21589,,false,
6622,LNP19030,,false,
6623,LNP19590,,false,
6624,LNP21332,,false,
6625,LNP21339,,false,
6626,LNP21388,,false,
6627,LNP21509,,false,
6628,LNP21593,,false,
6629,LNP21594,,false,
6630,LNP21617,,false,
6631,LNP21703,,false,
6632,LNP21726,,false,
6633,LNP21730,,false,
6634,LNP21745,,false,
6635,LNP21747,,false,
6636,LNP21766,,false,
6637,LNP21780,,false,
6638,LNP21791,,false,
6639,LNP21813,,false,
6640,LNP21886,,false,
6641,LNP22059,,false,
6642,20004,,false,
6643,20023,,false,
6644,20051,,false,
6645,20056,,false,
6646,20060,,false,
6647,20063,,false,
6648,20067,,false,
6649,20068,,false,
6650,20073,,false,
6651,20113,,false,
6652,20118,,false,
6653,20123,,false,
6654,20153,,false,
6655,20216,,false,
6656,20255,,false,
6657,20270,,false,
6658,20296,,false,
6659,20317,,false,
6660,20318,,false,
6661,20324,,false,
6662,20373,,false,
6663,20473,,false,
6664,20546,,false,
6665,2000/108,,false,
6666,2000671,,false,
6667,2001431,,false,
6668,2002138,,false,
6669,2022136,,false,
6670,2010874,,false,
6671,1240,,false,
6672,20556,,false,
6673,20125,,false,
6674,20078,,false,
6675,0304/77,,false,
6676,0349/81,,false,
6677,0879/85,,false,
6678,0051/86,,false,
6679,0080/86,,false,
6680,0078/87,,false,
6681,0088/87,,false,
6682,0019/90,,false,
6683,0032/90,,false,
6684,0021/91,,false,
6685,0054/91,,false,
6686,0055/91,,false,
6687,0065/91,,false,
6688,0014/92,,false,
6689,0015/92,,false,
6690,0143/94,,false,
6691,0186/94,,false,
6692,0320/95,,false,
6693,0247/96,,false,
6694,0320/96,,false,
6695,0323/96,,false,
6696,0484/96,,false,
6697,0055/97,,false,
6698,0214/97,,false,
6699,0082/98,,false,
6700,0180/99,,false,
6701,0209/99,,false,
6702,0239/99,,false,
6703,0295/99,,false,
6704,0069/00,,false,
6705,0027/01,,false,
6707,0018/03,,false,
6708,0024/04,,false,
6711,0082/04,,false,
6712,0119/04,,false,
6713,0124/04,,false,
6714,0163/04,428,false,
6716,0294/04,,false,
6718,0297/04,3,false,
6719,0019/05,,false,
6720,0030/05,,false,
6721,0032/05,,false,
6722,M10055,,false,
6723,M2725,,false,
6725,Mrs 2005076,,false,
6726,ST99246223,,false,
6727,21 RA VO,,false,
6728,134 PA VO,,false,
6729,10055,,false,
6730,0295/96,,false,
6731,206,,false,
6732,37,,false,
6733,108,,false,
6734,A1725,,false,
6735,528,,false,
6736,A1898,,false,
6737,548,,false,
6738,638,,false,
6739,770,,false,
6740,881,,false,
6741,1124,,false,
6742,1263,,false,
6743,1345,,false,
6744,1407,,false,
6745,1467,,false,
6746,5M,,false,
6747,40M,,false,
6748,80-30875,,false,
6749,82-13114,,false,
6750,87-12333,,false,
6751,87-36812,,false,
6752,89-18338,,false,
6753,89-31535,,false,
6754,AH0502,,false,
6755,AH0505,,false,
6756,29026-49,,false,
6757,AH0414,,false,
6758,1841,,false,
6759,1918,,false,
6760,1933,,false,
6761,1982,,false,
6762,2232,,false,
6763,05-2033,,false,
6764,56,,false,
6765,57,,false,
6766,87,,false,
6767,89,,false,
6768,90,,false,
6769,65,,false,
6770,80,,false,
6771,C04-975,,false,
6772,N93-03001,,false,
6773,18972,,false,
6774,19172,,false,
6775,21675,,false,
6776,22034,,false,
6777,25135,,false,
6778,Nm30,,false,
6779,Nm37,,false,
6780,Nm40,,false,
6781,Nm82,,false,
6782,Nm4967,,false,
6783,MS4527,,false,
6784,Nm12,,false,
6785,Nm14,,false,
6786,Nm19,,false,
6787,Nm21,,false,
6788,Nm22,,false,
6789,Nm24,,false,
6790,Nm60,,false,
6791,Nm62,,false,
6792,Nm64,,false,
6793,Nm66,,false,
6794,Nm68,,false,
6795,Nm76,,false,
6796,Nm79,,false,
6797,Nm80,,false,
6798,Nm100,,false,
6799,Nm102,,false,
6800,Nm153,,false,
6801,Nm156,,false,
6802,25238,,false,
6803,Nm5,,false,
6804,Nm6,,false,
6805,Nm7,,false,
6806,Nm9,,false,
6807,15656,,false,
6808,21125,,false,
6809,24481,,false,
6810,25614,,false,
6811,26447,,false,
6812,2002-059,,false,
6813,2002-060,,false,
6814,2002-075,,false,
6815,Nm152,,false,
6816,Nm163,,false,
6817,Nm181,,false,
6818,Nm256,,false,
6819,Nm267,,false,
6820,Nm321,,false,
6821,Nm378,,false,
6822,Nm383,,false,
6823,Nm397,,false,
6824,16,,false,
6825,25569,,false,
6826,28225,,false,
6827,Nm293,,false,
6828,Nm88,,false,
6829,05/44,,false,
6830,1278,,false,
6831,1399,,false,
6832,GL0002483,,false,
6833,GL0002536,,false,
6834,2010731,,false,
6835,61,,false,
6836,63,,false,
6837,64,,false,
6838,65,,false,
6839,66,,false,
6840,67,,false,
6841,68,,false,
6842,70,,false,
6843,79,,false,
6844,86,,false,
6845,95,,false,
6846,100,,false,
6847,103,,false,
6848,105,,false,
6849,111,,false,
6850,1698,,false,
6851,1737,,false,
6852,1744,,false,
6853,1755,,false,
6854,1777,,false,
6855,1818,,false,
6856,64-02028,,false,
6857,64-09855,,false,
6858,64-36054,,false,
6859,68-04062,,false,
6860,73-06020,,false,
6861,73-06905,,false,
6862,74-26066,,false,
6863,74-27356,,false,
6864,77-08975,,false,
6865,80-00995,,false,
6866,82-05718,,false,
6867,82-06215,,false,
6868,82-17224,,false,
6869,82-28160,,false,
6870,82-32454,,false,
6871,82-32d,,false,
6872,82-36167,,false,
6873,83-19722,,false,
6874,84-38624,,false,
6875,85-4508,,false,
6876,86-22983,,false,
6877,86-22984,,false,
6878,86-53722,,false,
6879,88-32681,,false,
6880,88-34709,,false,
6881,93-07659,,false,
6882,95-00989,,false,
6883,97-4027,,false,
6884,589 JN V1,,false,
6885,N 7/05,,false,
6886,LNP22525,,false,
6887,LNP22550,,false,
6888,65,,false,
6889,80,,false,
6890,100,,false,
6891,China4,,false,
6892,China23,,false,
6893,Mrs 2005083,,false,
6894,2001113,,false,
6895,M09.01,,false,
6896,46/00,,false,
6897,233600,,false,
6898,7421,,false,
6899,2000472,,false,
6900,GL0001682,,false,
6901,NO9901021,,false,
6902,NO9900824,,false,
6903,05-2243,,false,
6904,M1166,,false,
6905,05-1915,,false,
6906,2030078,,false,
6907,2030985,,false,
6908,2031792,,false,
6909,2031855,,false,
6910,2032046,,false,
6911,2032103,,false,
6912,2032208,,false,
6913,2032364,,false,
6914,2040955,,false,
6915,2041010,,false,
6916,2041111,,false,
6917,2041163,,false,
6918,2041183,,false,
6919,2041200,,false,
6920,2041268,,false,
6921,2041286,,false,
6922,2041294,,false,
6923,2041355,,false,
6924,2041396,,false,
6925,2041465,,false,
6926,2050157,,false,
6927,2050202,,false,
6928,2050228,,false,
6929,2050241,,false,
6930,2050262,,false,
6931,2050457,,false,
6932,2050746,,false,
6933,1844,,false,
6934,1850,,false,
6935,1864,,false,
6936,1884,,false,
6937,1894,,false,
6938,800235,,false,
6939,800785,,false,
6940,800930,,false,
6941,800974,,false,
6942,801023,,false,
6943,900337,,false,
6944,900481,,false,
6945,A2332,,false,
6946,900913,,false,
6947,901015,,false,
6948,455/02,,false,
6949,105/01,,false,
6950,114/78/0/02,,false,
6951,2011143,,false,
6952,7476,,false,
6953,682-WM-VO,,false,
6954,683-EK-VO,,false,
6955,LNP22171,,false,
6956,LNP22184,,false,
6957,LNP22261,,false,
6958,LNP22415,,false,
6959,LNP22501,,false,
6960,LNP22510,,false,
6961,LNP22631,,false,
6962,3196/2003,,false,
6963,344/2002,,false,
6964,2822/2003,,false,
6965,ST99248519,,false,
6966,10110,,false,
6967,10120,,false,
6968,M99.240230,,false,
6969,M99.240565,,false,
6970,M99.242445,,false,
6971,M99.242543,,false,
6972,M98.253630,,false,
6973,128,,false,
6974,L-MG703,,false,
6975,78005,,false,
6976,78009,,false,
6977,05-2547,,false,
6978,05-2619,,false,
6979,96-90-186,,false,
6980,00-590-008,,false,
6981,95-90-086,,false,
6982,N11/05,,false,
6983,N17/05,,false,
6984,A025,,false,
6985,05-2633,,false,
6986,0131/95,2,false,
6987,0319/95,,false,
6988,0087/96,,false,
6989,0114/96,,false,
6990,0469/96,,false,
6991,0057/01,,false,
6992,0088/02,,false,
6993,0002/03,,false,
6994,0148/03,,false,
6995,0062/05,,false,
6996,0117/05,,false,
6997,0139/05,,false,
6998,18/90,,false,
6999,1249,,false,
7000,3Mo,,false,
7001,B 3075,,false,
7002,B 3514,,false,
7003,B 3757,,false,
7004,B 3866,,false,
7005,B 4103,,false,
7006,B 4270,,false,
7007,B 4310,,false,
7008,B 4725,,false,
7009,B 4905,,false,
7010,B 4978,,false,
7011,B 5025,,false,
7012,39/96,,false,
7013,72/96,,false,
7014,630/94,,false,
7015,633/94,,false,
7016,648/94,,false,
7017,26/95,,false,
7018,62/96,,false,
7019,M6179,,false,
7020,M7109,,false,
7021,M7332,,false,
7022,M7851,,false,
7023,M9977,,false,
7024,0049/90,,false,
7025,0422/95,,false,
7026,0194/96,,false,
7027,0039/04,,false,
7028,20815,,false,
7029,21364,,false,
7030,20849,,false,
7031,20741,,false,
7032,21046,,false,
7033,21009,,false,
7034,21762,,false,
7035,20971,,false,
7036,21379,,false,
7037,21489,,false,
7038,21575,,false,
7039,21589,,false,
7040,21597,,false,
7041,21650,,false,
7042,21792,,false,
7043,20516,,false,
7044,21099,,false,
7045,20980,,false,
7046,20962,,false,
7047,20942,,false,
7048,20936,,false,
7049,20857,,false,
7050,20819,,false,
7051,20673,,false,
7052,21198,,false,
7053,21130,,false,
7054,21042,,false,
7055,21109,,false,
7056,21075,,false,
7057,20292,,false,
7058,20574,,false,
7059,20013,,false,
7060,20018,,false,
7061,20155,,false,
7062,20152,,false,
7063,20024,,false,
7064,20358,,false,
7065,20257,,false,
7066,20198,,false,
7067,21932,,false,
7068,22050,,false,
7069,21980,,false,
7070,22028,,false,
7071,22087,,false,
7072,21354,,false,
7073,20151,,false,
7074,22045,,false,
7075,A125,,false,
7076,A129,,false,
7077,NMC58,,false,
7078,China37,,false,
7079,China242005,,false,
7080,China27,,false,
7081,22622,,false,
7082,05-2787,,false,
7083,05-2788,,false,
7084,PT304,,false,
7085,PT323,,false,
7086,PT346,,false,
7087,PT377,,false,
7088,PT492,,false,
7089,PT522,,false,
7090,GR-BM731,,false,
7091,GR-BM737,,false,
7092,05-2838,,false,
7093,95-90-035,,false,
7094,LNP22704,,false,
7095,LNP22809,,false,
7096,M3-65/04,,false,
7097,M3-82/04,,false,
7098,M3-123/04,,false,
7099,M3-133/04,,false,
7100,M3-194/05,,false,
7101,M13568,45,false,
7102,M11564,45,false,
7103,M11833,4511,false,
7104,M10383,4444,false,
7105,M11114,4493,false,
7106,M12410,39,false,
7107,M13261,,false,
7108,M12923,,false,
7109,M12962,,false,
7110,M12559,50,false,
7111,M11837,,false,
7112,M11705,4513,false,
7113,M11204,4512,false,
7114,M12019,,false,
7115,M12566,49,false,
7116,M13398,3,false,
7117,42#-China,,false,
7118,44#-China,,false,
7119,304/05,,false,
7120,305/05,,false,
7121,9077,,false,
7122,02-590-016,,false,
7123,04-590-004,,false,
7124,05-3097,,false,
7125,03-4443,,false,
7126,05-2988,,false,
7127,N.753/00,,false,
7128,N.1243/95,,false,
7129,N.831/93,,false,
7130,6605KL,,false,
7131,13605KL,,false,
7132,0165/05,,false,
7133,0171/05,,false,
7134,0298/05,,false,
7135,0301/05,,false,
7136,0284/05,,false,
7137,0318/05,,false,
7138,0001/04,,false,
7140,0133/04,,false,
7141,0045/00,,false,
7142,0142/00,,false,
7143,0063/05,,false,
7144,0283/05,,false,
7145,22584,,false,
7146,27728,,false,
7147,28252,,false,
7148,27706,,false,
7149,28480,,false,
7150,28516,,false,
7151,26593,,false,
7152,29528,,false,
7153,28837,,false,
7154,28897,,false,
7155,28622,,false,
7156,28839,,false,
7157,28962,,false,
7158,28539,,false,
7160,25562,,false,
7161,28197,,false,
7162,26241,,false,
7163,NM00441,,false,
7164,NM00445,,false,
7165,NM00450,,false,
7166,NM00446,,false,
7167,NM00447,,false,
7168,NM00470,,false,
7169,NM00714,,false,
7170,NM00715,,false,
7171,NM00717,,false,
7172,NM00720,,false,
7173,NM00723,,false,
7174,NM00435,,false,
7175,NM00449,,false,
7176,05-3345,,false,
7177,05-3403,,false,
7178,2691900,,false,
7179,3331400,,false,
7180,3131499,,false,
7181,2850600,,false,
7182,2650400,,false,
7183,2391900,,false,
7184,3121299,,false,
7185,2460900,,false,
7186,4031399,,false,
7187,3081499,,false,
7188,3371300,,false,
7189,2051399,,false,
7190,3060699,,false,
7191,4191399,,false,
7192,2471700,,false,
7193,3092700,,false,
7194,2330900,,false,
7195,3161100,,false,
7196,2700900,,false,
7197,3111400,,false,
7198,3401099,,false,
7199,3501199,,false,
7200,3920699,,false,
7201,2922700,,false,
7202,4081199,,false,
7203,3671399,,false,
7204,2191100,,false,
7205,3382199,,false,
7206,3492200,,false,
7207,3262800,,false,
7208,2570300,,false,
7209,4141199,,false,
7210,2731100,,false,
7211,O232500,,false,
7212,1841100,,false,
7213,2081300,,false,
7214,2481000,,false,
7215,2410700,,false,
7216,2341500,,false,
7217,1991500,,false,
7218,2051500,,false,
7219,2241800,,false,
7220,2140900,,false,
7221,2371200,,false,
7222,2251800,,false,
7223,2041500,,false,
7224,2271300,,false,
7225,1860900,,false,
7226,2401700,,false,
7227,2520700,,false,
7228,2111100,,false,
7229,2451500,,false,
7230,1921700,,false,
7231,2010900,,false,
7232,2300900,,false,
7233,2221700,,false,
7234,2130600,,false,
7235,2360800,,false,
7236,2161800,,false,
7237,2091200,,false,
7238,2071500,,false,
7239,2181100,,false,
7240,2100500,,false,
7241,2491900,,false,
7242,1981100,,false,
7243,2501700,,false,
7244,2291100,,false,
7245,2310900,,false,
7246,4172599,,false,
7247,2382200,,false,
7248,2511900,,false,
7249,1901500,,false,
7250,1931900,,false,
7251,1911200,,false,
7252,2261200,,false,
7253,2621400,,false,
7254,2541600,,false,
7255,Mrs 2005397,,false,
7256,NZ95/195,,false,
7257,M00.242966,,false,
7258,M00.243038,,false,
7259,M00.243083,,false,
7260,M00.243199,,false,
7261,M01.240063,,false,
7262,Mrs 2005138,,false,
7263,Mrs 2005141,,false,
7264,21928,,false,
7265,NIID458,,false,
7266,12042,,false,
7267,12011,,false,
7268,MD01043,,false,
7269,12019,,false,
7270,98-45,,false,
7271,62-45,,false,
7272,06-1144,,false,
7273,2410,,false,
7274,2462,,false,
7275,2745,,false,
7276,2902,,false,
7277,3043,,false,
7278,3820,,false,
7279,3889,,false,
7280,3952,,false,
7281,4299,,false,
7282,4323,,false,
7283,4537,,false,
7284,5043,,false,
7285,5394,,false,
7286,6037,,false,
7287,7014,,false,
7288,7588,,false,
7289,8183,,false,
7290,8307,,false,
7291,8552,,false,
7292,8732,,false,
7293,63,,false,
7294,418,,false,
7295,479,,false,
7296,704,,false,
7297,890,,false,
7298,1142,,false,
7299,2746,,false,
7300,3378,,false,
7301,3419,,false,
7302,1733,,false,
7303,1771,,false,
7304,2191,,false,
7305,2975,,false,
7306,254,,false,
7307,710,,false,
7308,907,,false,
7309,1375,,false,
7310,1428,,false,
7311,1583,,false,
7312,1573,,false,
7313,2617,,false,
7314,462,,false,
7315,1115,,false,
7316,1478,,false,
7317,1650,,false,
7318,2118,,false,
7319,2198,,false,
7320,2202,,false,
7321,2211,,false,
7322,2608,,false,
7323,2875,,false,
7324,2897,,false,
7325,2898,,false,
7326,2943,,false,
7327,3009,,false,
7328,3064,,false,
7329,3190,,false,
7330,3531,,false,
7331,3694,,false,
7332,3782,,false,
7333,3969,,false,
7334,4045,,false,
7335,B 4260,,false,
7336,0196/96,,false,
7337,0316/97,,false,
7338,0097/02,,false,
7339,0049/05,,false,
7340,0082/05,,false,
7341,0163/05,,false,
7342,10M,,false,
7343,A120,,false,
7344,A121,,false,
7345,A129,,false,
7346,A138,,false,
7347,A163,,false,
7348,A167,,false,
7349,A168,,false,
7350,A179,,false,
7351,A188,,false,
7352,A191,,false,
7353,A219,,false,
7354,A223,,false,
7355,A224,,false,
7356,A248,,false,
7357,A255,,false,
7358,A259,,false,
7359,A261,,false,
7360,A284,,false,
7361,A289,,false,
7362,A358,,false,
7363,A360,,false,
7364,457,,false,
7365,2000294,,false,
7366,2001395,,false,
7367,2001904,,false,
7368,2011662,,false,
7369,2040084,,false,
7370,2040141,,false,
7371,2040167,,false,
7372,2040211,,false,
7373,2040333,,false,
7374,2040568,,false,
7375,2040919,,false,
7376,2050912,,false,
7377,2050936,,false,
7378,2051002,,false,
7379,2051117,,false,
7380,2051231,,false,
7381,2051280,,false,
7382,2051291,,false,
7383,2051436,,false,
7384,2051493,,false,
7385,2051589,,false,
7386,LNP23015,,false,
7387,M00.243063,,false,
7388,M01.240073,,false,
7389,M01.240299,,false,
7390,M01.240381,,false,
7391,M01.240395,,false,
7392,M01.240473,,false,
7393,M01.240709,,false,
7394,M01.240809,,false,
7395,M01.240858,,false,
7396,M01.240894,,false,
7397,M01.240903,,false,
7398,M01.240937,,false,
7399,A266,,false,
7400,DE8715,,false,
7401,06-1239,,false,
7402,05-3261,,false,
7403,234,,false,
7404,3130,,false,
7405,3737,,false,
7406,2219,,false,
7407,3228,,false,
7408,1707,,false,
7409,2936,,false,
7410,198,,false,
7411,1373,,false,
7412,1646,,false,
7413,2491,,false,
7414,182,,false,
7415,1295/03,,false,
7416,9256/99,,false,
7417,1942/97,,false,
7418,2112/2001,,false,
7419,1170/02,,false,
7420,199/03,,false,
7421,3189/2004,,false,
7422,3700/2004,,false,
7423,M01.240209,,false,
7424,M01.240220,,false,
7425,M01.240361,,false,
7426,M01.240382,,false,
7427,M01.240396,,false,
7428,M01.240440,,false,
7429,M01.240467,,false,
7430,M01.240470,,false,
7431,M01.240515,,false,
7432,M01.240555,,false,
7433,M01.240608,,false,
7434,M01.240633,,false,
7435,M01.240725,,false,
7436,M01.240856,,false,
7437,M01.240923,,false,
7438,M01.240929,,false,
7439,N29/05,,false,
7440,N33/05,,false,
7441,3532/2004,,false,
7442,204/1997,,false,
7443,2149/1997,,false,
7444,7982/1999,,false,
7445,1/2000,,false,
7446,624/2000,,false,
7447,829/2001,,false,
7448,1/2003,,false,
7449,1700/2003,,false,
7450,458/2004,,false,
7451,1475/2004,,false,
7452,1484/2004,,false,
7453,3017/2004,,false,
7454,3618/2004,,false,
7455,4103/2004,,false,
7456,7753/1999,,false,
7457,1406/2001,,false,
7459,0017/06,,false,
7460,M00.242970,,false,
7461,M00.242987,,false,
7462,M00.243021,,false,
7463,M00.243054,,false,
7464,M00.243115,,false,
7465,M00.243126,,false,
7466,M00.243160,,false,
7467,M01.240046,,false,
7468,M01.240160,,false,
7469,M01.240167,,false,
7470,M01.240283,,false,
7471,M01.240456,,false,
7472,M01.240606,,false,
7473,M01.240635,,false,
7474,M01.240909,,false,
7475,2727/00,,false,
7476,06-1376,,false,
7477,6.142,,false,
7478,NmP2,,false,
7479,NmP17,,false,
7480,NmP60,,false,
7481,30-34,,false,
7482,36/1997,,false,
7483,859/2001,,false,
7484,362/2003,,false,
7485,M00.243227,,false,
7486,M01.240956,,false,
7487,M01.240966,,false,
7488,M01.240976,,false,
7489,M01.240994,,false,
7490,M01.241020,,false,
7491,M01.241048,,false,
7492,M01.241058,,false,
7493,M01.241103,,false,
7494,M01.241112,,false,
7495,M01.241125,,false,
7496,M01.241126,,false,
7497,M01.241221,,false,
7498,M01.241226,,false,
7499,M01.241240,,false,
7500,M01.241247,,false,
7501,M01.241327,,false,
7502,M01.241330,,false,
7503,M01.241335,,false,
7504,M01.241357,,false,
7505,M01.241373,,false,
7506,M01.241423,,false,
7507,M01.241486,,false,
7508,M01.241498,,false,
7509,M01.241540,,false,
7510,M01.241639,,false,
7511,M01.241656,,false,
7512,M01.241690,,false,
7513,M01.241702,,false,
7514,M01.241708,,false,
7515,M01.241762,,false,
7516,M01.241776,,false,
7517,Ug10/06,,false,
7518,DE10526,,false,
7519,2010277,,false,
7520,2011957,,false,
7521,2012326,,false,
7522,2021381,,false,
7523,2030238,,false,
7524,2032299,,false,
7525,2041350,,false,
7526,2041608,,false,
7527,2051391,,false,
7528,2051534,,false,
7529,2051610,,false,
7530,2000547,,false,
7531,12,,false,
7532,100,,false,
7533,47,,false,
7534,35,,false,
7535,40,,false,
7536,71,,false,
7537,82,,false,
7538,52,,false,
7539,36,,false,
7540,50,,false,
7541,53,,false,
7542,14,,false,
7543,41,,false,
7544,24,,false,
7545,97,,false,
7546,107,,false,
7547,26,,false,
7548,29,,false,
7549,80,,false,
7550,106,,false,
7551,2051626,,false,
7552,7154486,,false,
7553,2000862,,false,
7554,6.1561,,false,
7555,2011595,,false,
7556,2020547,,false,
7557,2020622,,false,
7558,2060172,,false,
7559,2060186,,false,
7560,2060297,,false,
7561,981826,,false,
7562,982200,,false,
7563,982340,,false,
7564,990104,,false,
7565,990134,,false,
7566,990334,,false,
7567,990797,,false,
7568,991093,,false,
7569,991397,,false,
7570,992073,,false,
7571,2000136,,false,
7572,2000869,,false,
7573,MN12082,,false,
7574,100601,,false,
7575,A200,,false,
7576,A294,,false,
7577,A305,,false,
7578,A463,,false,
7579,MD 01099,,false,
7580,MD 01251,,false,
7581,MD 01403,,false,
7582,MD 01440,,false,
7583,MD 01472,,false,
7584,GR-W1106,,false,
7585,GR-W1110,,false,
7586,GR-W1118,,false,
7587,MD01076,,false,
7588,360624,,false,
7589,510601,,false,
7590,530603,,false,
7591,530609,,false,
7592,175/05,,false,
7593,386/02,,false,
7594,187/02,,false,
7595,705/02,,false,
7596,12016,,false,
7597,12026,,false,
7598,12042,,false,
7599,HF87,,false,
7600,HF38,,false,
7601,HF143,,false,
7602,M01.240256,,false,
7603,M01.240880,,false,
7604,M01.241008,,false,
7605,M01.241009,,false,
7606,M01.241391,,false,
7607,M01.241610,,false,
7608,M01.241821,,false,
7609,M01.241889,,false,
7610,M01.241911,,false,
7611,M01.241935,,false,
7612,M01.241959,,false,
7613,M01.242073,,false,
7614,M01.242153,,false,
7615,M01.242158,,false,
7616,M01.242274,,false,
7617,M01.242314,,false,
7618,M98.253466,,false,
7619,M98.253572,,false,
7620,M98.253586,,false,
7621,M98.253662,,false,
7622,M98.253692,,false,
7623,M98.253704,,false,
7624,M99.240068,,false,
7625,M99.240368,,false,
7626,M99.240409,,false,
7627,M99.240662,,false,
7628,M99.240667,,false,
7629,M99.240871,,false,
7630,M99.241442,,false,
7631,M99.241564,,false,
7632,M99.241676,,false,
7633,M99.241684,,false,
7634,M99.241749,,false,
7635,M99.241756,,false,
7636,M99.241824,,false,
7637,M99.241835,,false,
7638,M99.241960,,false,
7639,M99.241963,,false,
7640,M99.241976,,false,
7641,M99.242001,,false,
7642,M99.242015,,false,
7643,M99.242067,,false,
7644,M99.242090,,false,
7645,M99.242173,,false,
7646,M99.242224,,false,
7647,M99.242272,,false,
7648,M99.242390,,false,
7649,M99.242418,,false,
7650,M99.242466,,false,
7651,M99.242487,,false,
7652,M99.242654,,false,
7653,M99.243265,,false,
7654,M99.243287,,false,
7655,M99.243340,,false,
7656,360601,,false,
7657,530608,,false,
7658,530603,,false,
7659,06-2144,,false,
7660,HF149,,false,
7661,MM1911,,false,
7662,28,,false,
7663,2060075,,false,
7664,2060568,,false,
7665,2060603,,false,
7666,2060639,,false,
7667,91,,false,
7668,06-2279,,false,
7669,NML 2001-325,,false,
7670,NML 2002-266,,false,
7671,NML 2004-158,,false,
7672,360602,,false,
7673,530606,,false,
7674,86056,,false,
7675,M05.240110,,false,
7676,M05.240017,,false,
7677,M05.240149,,false,
7678,M05.240060,,false,
7679,M05.240063,,false,
7680,M05.240084,,false,
7681,M05.240164,,false,
7682,M05.240129,,false,
7683,M05.240137,,false,
7684,420601,,false,
7685,530605,,false,
7686,210655,,false,
7687,M05.240038,,false,
7688,M05.240167,,false,
7689,03S-0161,,false,
7690,03S-0669,,false,
7691,03S-0691,,false,
7692,04S-0013,,false,
7693,04S-0017,,false,
7694,NML 2003-087,,false,
7695,0033/06,,false,
7696,0063/06,,false,
7697,0078/06,,false,
7698,0080/06,,false,
7699,0086/06,,false,
7700,0101/06,,false,
7701,GR-AK984,,false,
7702,NIID468,,false,
7703,O-2,,false,
7704,O-5,,false,
7705,O-6,,false,
7706,O-8,,false,
7707,O-12,,false,
7708,O-15,,false,
7709,O-16,,false,
7710,O-19,,false,
7711,O-22,,false,
7712,O-23,,false,
7713,O-24,,false,
7714,O-27,,false,
7715,O-28,,false,
7716,O-37,,false,
7717,O-38,,false,
7718,O-41,,false,
7719,O-42,,false,
7720,O-43,,false,
7721,O-44,,false,
7722,O-45,,false,
7723,O-46,,false,
7724,O-47,,false,
7725,O-51,,false,
7726,O-53,,false,
7727,O-54,,false,
7728,O-60,,false,
7729,B001,,false,
7730,B002,,false,
7731,B009,,false,
7732,B013,,false,
7733,B015,,false,
7734,B020,,false,
7735,B027,,false,
7736,B032,,false,
7737,B037,,false,
7738,B039,,false,
7739,B040,,false,
7740,B042,,false,
7741,B043,,false,
7742,B044,,false,
7743,B048,,false,
7744,B051,,false,
7745,B052,,false,
7746,B053,,false,
7747,B054,,false,
7748,B055,,false,
7749,B057,,false,
7750,B061,,false,
7751,B063,,false,
7752,B064,,false,
7753,B068,,false,
7754,B072,,false,
7755,B074,,false,
7756,B081,,false,
7757,B084,,false,
7758,B085,,false,
7759,B086,,false,
7760,B090,,false,
7761,B091,,false,
7762,B092,,false,
7763,B093,,false,
7764,B098,,false,
7765,B105,,false,
7766,B109,,false,
7767,B110,,false,
7768,B111,,false,
7769,B113,,false,
7770,B114,,false,
7771,B115,,false,
7772,B121,,false,
7773,B134,,false,
7774,B138,,false,
7775,B139,,false,
7776,B143,,false,
7777,B145,,false,
7778,B153,,false,
7779,B154,,false,
7780,B156,,false,
7781,B159,,false,
7782,B161,,false,
7783,O-17,,false,
7784,O-36,,false,
7785,B008,,false,
7786,B023,,false,
7787,B025,,false,
7788,B060,,false,
7789,B070,,false,
7790,B071,,false,
7791,B083,,false,
7792,B095,,false,
7793,B104,,false,
7794,B116,,false,
7795,B125,,false,
7796,B140,,false,
7797,B141,,false,
7798,B150,,false,
7799,B151,,false,
7800,B164,,false,
7801,630602,,false,
7802,0101/03,,false,
7804,0016/06,,false,
7805,0111/06,,false,
7806,0116/06,,false,
7807,0121/06,,false,
7808,0122/06,,false,
7809,FA3000,,false,
7810,60,,false,
7811,76,,false,
7812,101,,false,
7813,2020381,,false,
7814,2020689,,false,
7815,2031838,,false,
7816,2040719,,false,
7817,2051175,,false,
7818,2060755,,false,
7819,2060785,,false,
7820,2060807,,false,
7821,RS301/04,,false,
7822,RS449/04,,false,
7823,RS472/04,,false,
7824,RS119/04,,false,
7825,RS156/04,,false,
7826,RS309/04,,false,
7827,RS153/04,,false,
7828,RS092/03,,false,
7829,RS482/03,,false,
7830,RS004/04,,false,
7831,RS125/04,,false,
7832,NZA1-445-1,,false,
7833,HF82,,false,
7834,NZNMI92/61,,false,
7835,NZA1-465-1,,false,
7836,NIID470,,false,
7837,01-34,,false,
7838,23-10,,false,
7839,38-56,,false,
7840,52-34,,false,
7841,71-34,,false,
7842,84-45,,false,
7843,102-45,,false,
7844,125-45,,false,
7845,151-45,,false,
7846,170-45,,false,
7847,200-23,,false,
7848,RS008/00,,false,
7849,RS012/00,,false,
7850,RS074/00,,false,
7851,RS154/00,,false,
7852,RS222/00,,false,
7853,RS278/00,,false,
7854,RS282/00,,false,
7855,RS338/00,,false,
7856,RS158/00,,false,
7857,RS152/00,,false,
7858,RS034/00,,false,
7859,RS082/00,,false,
7860,RS327/00,,false,
7861,RS066/00,,false,
7862,NML 2002-008,,false,
7863,NML 2002-182,,false,
7864,NML 2003-056,,false,
7865,NML 2003-169,,false,
7866,RS145/00,,false,
7867,PT401,,false,
7868,PT444,,false,
7869,DE10648,,false,
7870,DE10724,,false,
7871,DE9791,,false,
7872,530601,,false,
7873,NM01591,,false,
7874,NM01595,,false,
7875,NM01599,,false,
7876,NM01605,,false,
7877,NM01608,,false,
7878,NM01622,,false,
7879,NM01623,,false,
7880,NM01625,,false,
7881,NM01634,,false,
7882,210622,,false,
7883,350602,,false,
7884,Mg77/06,,false,
7885,10378,,false,
7886,0229/01,,false,
7887,0103/03,,false,
7888,0122/03,,false,
7889,0134/03,,false,
7890,0033/04,,false,
7891,0179/04,2,false,
7892,0263/04,2,false,
7893,0041/05,,false,
7894,0132/06,,false,
7895,0178/04,,false,
7896,NM 00147,,false,
7897,NM 01042,,false,
7898,NM 01052,,false,
7899,NZAK04011,,false,
7900,NZAK04026,,false,
7901,NZAK04036,,false,
7902,NZAK04044,,false,
7903,NZAK04048,,false,
7904,NZAK04055,,false,
7905,NZAK04069,,false,
7906,NZAK04076,,false,
7907,NZAK04077,,false,
7908,NZAK04079,,false,
7909,NZAK04085,,false,
7910,NZAK04102,,false,
7911,NZAK04103,,false,
7912,00-010640,,false,
7913,99-000270,,false,
7914,00-002588,,false,
7915,00-002591,,false,
7916,00-003377,,false,
7917,00-004554,,false,
7918,06-007704,,false,
7919,05-028679,,false,
7920,05-014533,,false,
7921,02-011920,,false,
7922,04-048362,,false,
7923,N 5/06,,false,
7924,N 6/06,,false,
7925,13067,,false,
7926,14959,,false,
7927,16170,,false,
7928,17346,,false,
7929,Mrs 2006005,,false,
7930,Mrs 2006056,,false,
7931,Mrs 2006072,,false,
7932,Mrs 2006087,,false,
7933,NM28411,,false,
7934,N9211001-L,,false,
7935,NM450,,false,
7936,NM458,,false,
7937,S04.0360,,false,
7938,C05.0676,,false,
7939,N9403007-L,,false,
7940,N9403011-C,,false,
7941,N9408007-L,,false,
7942,4-1,,false,
7943,2-5,,false,
7944,DE9991,,false,
7945,B73,,false,
7946,2,,false,
7947,DE10383,,false,
7948,M68/04,,false,
7949,M84/04,,false,
7950,M102/04,,false,
7951,M106/04,,false,
7952,M126/04,,false,
7953,M227/05,,false,
7954,M229/05,,false,
7955,M230/05,,false,
7956,M256/05,,false,
7957,M263/05,,false,
7958,M293/06,,false,
7959,M296/06,,false,
7960,M300/06,,false,
7961,LNP22778,,false,
7962,LNP22781,,false,
7963,LNP22795,,false,
7964,09-Jul,,false,
7965,1-39,,false,
7966,Y48,,false,
7967,3-192,,false,
7968,4-2,,false,
7969,B60,,false,
7970,3329/1998,,false,
7971,660/2005,,false,
7972,1918/2005,,false,
7973,3509/1998,,false,
7974,06-3447,,false,
7975,430/2005,,false,
7976,N 20/06,,false,
7977,LNP23642,,false,
7978,LNP23645,,false,
7979,LNP233661,,false,
7980,2-44,,false,
7981,3-8,,false,
7982,3-156,,false,
7983,A43,,false,
7984,5-34,,false,
7985,3-20,,false,
7986,Y59,,false,
7987,3-193,,false,
7988,1-27,,false,
7989,3-146,,false,
7990,2-99,,false,
7991,1-82,,false,
7992,870446,,false,
7993,M74/04,,false,
7994,M83/04,,false,
7995,M320/06,,false,
7996,M333/06,,false,
7997,M301/06,,false,
7998,M303/06,,false,
7999,M304/06,,false,
8000,M309/02,,false,
8001,M310/02,,false,
8002,M311/03,,false,
8003,M312/02,,false,
8004,M316/03,,false,
8005,M317/06,,false,
8006,M319/02,,false,
8007,NM01568,,false,
8008,LNP22920,,false,
8009,NM01637,,false,
8010,NM01643,,false,
8011,NM01659,,false,
8012,NM01671,,false,
8013,NM01680,,false,
8014,NM01692,,false,
8015,NM01809,,false,
8016,NM01826,,false,
8017,NM01816,,false,
8018,NM01714,,false,
8019,NM01843,,false,
8020,NM01845,,false,
8021,NM01846,,false,
8022,NM01858,,false,
8023,NM01871,,false,
8024,NM01873,,false,
8025,DE10660,,false,
8026,DE10847,,false,
8027,DE10732,,false,
8028,17864,,false,
8029,5-50,,false,
8030,3-32,,false,
8031,1-62,,false,
8032,Y33,,false,
8033,5.24017,,false,
8034,5.240171,,false,
8035,5.240757,,false,
8036,5.240764,,false,
8037,5.240865,,false,
8038,07-1076,,false,
8039,AQ1,,false,
8040,HF1,,false,
8041,740/05,,false,
8042,2279/05,,false,
8043,3616/05,,false,
8044,07-1260,,false,
8045,N 22/06,,false,
8046,89/21127,,false,
8047,3680/05,,false,
8048,18025,,false,
8049,Nm118,,false,
8050,Nm119,,false,
8051,Nm120,,false,
8052,Nm121,,false,
8053,Nm122,,false,
8054,Nm123,,false,
8055,Nm124,,false,
8056,M15131,62,false,
8057,M6941,,false,
8058,M7042,,false,
8059,M7099,,false,
8060,M7191,,false,
8061,M7435,,false,
8062,M7490,,false,
8063,M7508,,false,
8064,M7639,,false,
8065,M7655,,false,
8066,M7968,,false,
8067,M8117,,false,
8068,M8436,,false,
8069,M8487,,false,
8070,M8859,,false,
8071,M8983,,false,
8072,M8984,,false,
8073,M9044,,false,
8074,M9399,,false,
8075,M9660,,false,
8076,M9912,,false,
8077,M9914,,false,
8078,M9960,,false,
8079,M10186,,false,
8080,M11004,49,false,
8081,M12426,49,false,
8082,M14113,9,false,
8083,Nm260,,false,
8084,Nm261,,false,
8085,Nm262,,false,
8086,Nm263,,false,
8087,Nm264,,false,
8088,Nm265,,false,
8089,Nm266,,false,
8090,LNP23764,,false,
8091,0142/06,,false,
8092,0168/06,,false,
8093,79-017,,false,
8094,89-554,,false,
8095,04-076,,false,
8096,DE10920,,false,
8097,LNP23846,,false,
8098,48-45,,false,
8099,1-45,,false,
8100,23-45,,false,
8101,44-06,,false,
8102,103-06,,false,
8103,12-45,,false,
8104,61-45,,false,
8105,LNP23902,,false,
8106,LNP23905,,false,
8107,NM01895,,false,
8108,NM01901,,false,
8109,NM01913,,false,
8110,NM01919,,false,
8111,NM01929,,false,
8112,NM01944,,false,
8113,NM01945,,false,
8114,NM01973,,false,
8115,0115/95,,false,
8116,0303/95,,false,
8117,0363/95,,false,
8118,0391/95,,false,
8119,0192/96,,false,
8120,0239/96,,false,
8121,0293/96,,false,
8122,0071/97,,false,
8123,0072/97,,false,
8124,0025/99,,false,
8125,0296/99,,false,
8126,0121/03,,false,
8127,0167/03,460,false,
8128,145/06,,false,
8129,0014/07,,false,
8130,0021/07,,false,
8131,0035/07,,false,
8132,0049/07,445,false,
8133,0051/07,,false,
8134,0068/07,,false,
8135,0079/07,,false,
8136,0082/07,,false,
8137,0083/07,,false,
8138,0319/93,715,false,
8139,0320/93,49,false,
8140,0321/93,688,false,
8141,0322/93,716,false,
8142,0323/93,717,false,
8143,0324/93,39,false,
8144,0325/93,49,false,
8145,0326/93,690,false,
8146,0327/93,573,false,
8147,0328/93,702,false,
8148,0334/93,718,false,
8149,0335/93,42,false,
8150,0336/93,43,false,
8151,0337/93,42,false,
8152,0338/93,717,false,
8153,0339/93,39,false,
8154,0340/93,,false,
8155,0341/93,691,false,
8156,0342/93,49,false,
8157,0381/93,719,false,
8158,0382/93,39,false,
8159,0383/93,2,false,
8161,0396/93,,false,
8162,0401/93,687,false,
8163,0403/93,42,false,
8164,0404/93,49,false,
8165,0405/93,720,false,
8166,0406/93,687,false,
8167,0407/93,39,false,
8168,0409/93,124,false,
8169,0410/93,24,false,
8170,0411/93,474,false,
8171,0412/93,49,false,
8172,0413/93,687,false,
8173,0414/93,49,false,
8174,0418/93,39,false,
8175,0419/93,,false,
8176,0421/93,49,false,
8177,0422/93,24,false,
8178,0423/93,12,false,
8179,0424/93,474,false,
8180,0425/93,42,false,
8181,0426/93,24,false,
8182,0427/93,220,false,
8183,07-1812,,false,
8184,Nm-X,,false,
8185,96-0130,,false,
8186,96-1897,,false,
8187,97-1165,,false,
8188,97-2886,,false,
8189,97-5093,,false,
8190,99-3792,,false,
8191,00-1298,,false,
8192,01-1831,,false,
8193,02-4585,,false,
8194,2011438,,false,
8195,2011885,,false,
8196,2061014,,false,
8197,2061227,,false,
8198,2061294,,false,
8199,2061316,,false,
8200,2061389,,false,
8201,DE10950,,false,
8202,6.240138,,false,
8203,2020617,,false,
8204,M7326,,false,
8205,M7356,,false,
8206,M7779,,false,
8207,M8367,,false,
8208,M8451,,false,
8209,M9154,,false,
8210,M10856,3,false,
8211,M06.240006,,false,
8212,M06.240023,,false,
8213,M06.240061,,false,
8214,M06.240080,,false,
8215,M06.240134,,false,
8216,M06.240154,,false,
8217,N54/00,,false,
8218,M06.240001,,false,
8219,M06.240005,,false,
8220,M06.240022,,false,
8221,M06.240034,,false,
8222,M06.240038,,false,
8223,M06.240044,,false,
8224,M06.240064,,false,
8225,M06.240078,,false,
8226,M06.240081,,false,
8227,M06.240095,,false,
8228,M06.240104,,false,
8229,M06.240166,,false,
8230,LNP23971,,false,
8231,LNP23938,,false,
8232,A146,,false,
8233,M05.240781,,false,
8234,M05.240864,,false,
8235,M06.240096,,false,
8236,H86/38,,false,
8237,22/95,,false,
8238,29/95,,false,
8239,31/95,,false,
8240,N59/95,,false,
8241,N61/95,,false,
8242,N73/95,,false,
8243,MA an shan,,false,
8244,1517,,false,
8245,2006-167,,false,
8246,NIID475,,false,
8247,NIID476,,false,
8248,LNP23001,,false,
8249,155,,false,
8250,124,,false,
8251,149,,false,
8252,152,,false,
8253,156,,false,
8254,157,,false,
8255,159,,false,
8256,163,,false,
8257,174,,false,
8258,175,,false,
8259,180,,false,
8260,184,,false,
8261,200,,false,
8262,216,,false,
8263,232,,false,
8264,234,,false,
8265,241,,false,
8266,256,,false,
8267,267,,false,
8268,298,,false,
8269,322,,false,
8270,324,,false,
8271,346,,false,
8272,366,,false,
8273,375,,false,
8274,07-2088,,false,
8275,DE11049,,false,
8276,96-4428,,false,
8277,97-6440,,false,
8278,97-6978,,false,
8279,00-2156,,false,
8280,20030378,,false,
8281,N78/95,,false,
8282,H86/27,,false,
8283,20006.1,,false,
8284,NML 2004-127,,false,
8285,NML 2005-184,,false,
8286,NML 2004-039,,false,
8287,NML 2004-057,,false,
8288,NML 2004-069,,false,
8289,NML 2004-172,,false,
8290,0112/07,,false,
8291,116/07,,false,
8292,0117/07,,false,
8293,LNP24016,,false,
8294,LNP24007,,false,
8295,2061681,,false,
8296,CZ,,false,
8297,HF,,false,
8298,30/95,,false,
8299,N46/95,,false,
8300,N43/95,,false,
8301,N45/95,,false,
8302,N49/95,,false,
8303,NZNMI04/199,,false,
8304,NZNMI05/090,,false,
8305,NZNMI06/038,,false,
8306,NZNMI06/111,,false,
8307,NZNMI06/119,,false,
8308,NZNMI06/121,,false,
8309,NM02466,,false,
8310,NM02442,,false,
8311,NM02016,,false,
8312,NM01682,,false,
8313,NM01674,,false,
8314,NM01486,,false,
8315,NM02343,,false,
8316,NM02393,,false,
8317,NM02419,,false,
8318,DE11050,,false,
8319,60-45,,false,
8320,135-45,,false,
8321,176-45,,false,
8322,69-06,,false,
8323,33-45,,false,
8324,160-45,,false,
8325,65-23,,false,
8326,111-34,,false,
8327,07-2426,,false,
8328,HF2,,false,
8329,1056/07*,,false,
8330,0201/94,,false,
8331,0498/95,,false,
8332,41/97,,false,
8333,0212/97,,false,
8334,0169/06,,false,
8335,0004/07,,false,
8336,0019/07,,false,
8337,0084/07,,false,
8338,0093/07,,false,
8339,0103/07,,false,
8340,0024/07,,false,
8341,0224/97,,false,
8342,BF725,,false,
8343,BF791,,false,
8344,84-34259,,false,
8345,Mrs2003001,,false,
8346,Mrs2003003,,false,
8347,Mrs2003004,,false,
8348,Mrs2003008,,false,
8349,Mrs2003010,,false,
8350,Mrs2003012,,false,
8351,Mrs2003014,,false,
8352,Mrs2003015,,false,
8353,Mrs2003016,,false,
8354,Mrs2003019,,false,
8355,Mrs2003022,,false,
8356,Mrs2003023,,false,
8357,Mrs2003025,,false,
8358,Mrs2003026,,false,
8359,Mrs2003028,,false,
8360,Mrs2003029,,false,
8361,Mrs2003030,,false,
8362,Mrs2003031,,false,
8363,Mrs2003032,,false,
8364,Mrs2003033,,false,
8365,Mrs2003034,,false,
8366,Mrs2003035,,false,
8367,Mrs2003036,,false,
8368,Mrs2003038,,false,
8369,Mrs2003039,,false,
8370,Mrs2003040,,false,
8371,Mrs2003041,,false,
8372,Mrs2003042,,false,
8373,Mrs2003045,,false,
8374,Mrs2003046,,false,
8375,Mrs2003047,,false,
8376,Mrs2003048,,false,
8377,Mrs2003049,,false,
8378,Mrs2003053,,false,
8379,Mrs2003054,,false,
8380,Mrs2003055,,false,
8381,Mrs2003056,,false,
8382,Mrs2003058,,false,
8383,Mrs2003061,,false,
8384,Mrs2003074,,false,
8385,Mrs2003077,,false,
8386,Mrs2003078,,false,
8387,Mrs2003088,,false,
8388,Mrs2003096,,false,
8389,Mrs2003097,,false,
8390,Mrs2003098,,false,
8391,Mrs2003099,,false,
8392,Mrs2004006,,false,
8393,Mrs2004010,,false,
8394,Mrs2004023,,false,
8395,Mrs2004025,,false,
8396,Mrs2004029,,false,
8397,Mrs2004030,,false,
8398,Mrs2004032,,false,
8399,Mrs2004033,,false,
8400,Mrs2004034,,false,
8401,Mrs2004035,,false,
8402,Mrs2004036,,false,
8403,Mrs2004042,,false,
8404,Mrs2004061,,false,
8405,Mrs2004065,,false,
8406,Mrs2004068,,false,
8407,Mrs2004079,,false,
8408,Mrs2004080,,false,
8409,Mrs2004081,,false,
8410,Mrs2004082,,false,
8411,Mrs2004084,,false,
8412,Mrs2004085,,false,
8413,Mrs2004086,,false,
8414,Mrs2004087,,false,
8415,Mrs2004088,,false,
8416,Mrs2004089,,false,
8417,Mrs2004090,,false,
8418,Mrs2004091,,false,
8419,Mrs2004092,,false,
8420,Mrs2004093,,false,
8421,Mrs2004094,,false,
8422,Mrs2004095,,false,
8423,Mrs2004096,,false,
8424,Mrs2004117,,false,
8425,Mrs2004120,,false,
8426,Mrs2004121,,false,
8427,Mrs2004123,,false,
8428,Mrs2004129,,false,
8429,Mrs2004130,,false,
8430,Mrs2004131,,false,
8431,Mrs2004135,,false,
8432,Mrs2004136,,false,
8433,Mrs2004137,,false,
8434,Mrs2004139,,false,
8435,Mrs2004142,,false,
8436,Mrs2004143,,false,
8437,Mrs2004149,,false,
8438,Mrs2004151,,false,
8439,Mrs2004153,,false,
8440,Mrs2004154,,false,
8441,Mrs2004155,,false,
8442,Mrs2004158,,false,
8443,Mrs2004159,,false,
8444,Mrs2004162,,false,
8445,Mrs2004165,,false,
8446,Mrs2004166,,false,
8447,Mrs2004169,,false,
8448,Mrs2004178,,false,
8449,Mrs2004185,,false,
8450,Mrs2004192,,false,
8451,Mrs2004193,,false,
8452,Mrs2004194,,false,
8453,Mrs2004195,,false,
8454,Mrs2004196,,false,
8455,Mrs2004198,,false,
8456,Mrs2004199,,false,
8457,Mrs2004204,,false,
8458,Mrs2004207,,false,
8459,Mrs2004216,,false,
8460,Mrs2004217,,false,
8461,Mrs2004218,,false,
8462,Mrs2004221,,false,
8463,Mrs2004223,,false,
8464,Mrs2004224,,false,
8465,Mrs2004226,,false,
8466,Mrs2004237,,false,
8467,Mrs2004238,,false,
8468,Mrs2004245,,false,
8469,Mrs2004262,,false,
8470,Mrs2004263,,false,
8471,Mrs2004264,,false,
8472,Mrs2004265,,false,
8473,Mrs2004267,,false,
8474,Mrs2004268,,false,
8475,Mrs2004269,,false,
8476,Mrs2004271,,false,
8477,Mrs2004272,,false,
8478,Mrs2004273,,false,
8479,Mrs2004274,,false,
8480,Mrs2004275,,false,
8481,Mrs2004276,,false,
8482,Mrs2004277,,false,
8483,Mrs2004278,,false,
8484,Mrs2004279,,false,
8485,Mrs2004280,,false,
8486,Mrs2004283,,false,
8487,Mrs2004285,,false,
8488,Mrs2004286,,false,
8489,Mrs2004288,,false,
8490,Mrs2004289,,false,
8491,Mrs2004291,,false,
8492,Mrs2004292,,false,
8493,Mrs2004294,,false,
8494,Mrs2004296,,false,
8495,Mrs2004297,,false,
8496,Mrs2004298,,false,
8497,Mrs2004299,,false,
8498,Mrs2005001,,false,
8499,Mrs2005009,,false,
8500,Mrs2005011,,false,
8501,Mrs2005022,,false,
8502,Mrs2005034,,false,
8503,Mrs2005039,,false,
8504,Mrs2005040,,false,
8505,Mrs2005043,,false,
8506,Mrs2005045,,false,
8507,Mrs2005046,,false,
8508,Mrs2005047,,false,
8509,Mrs2005050,,false,
8510,Mrs2005051,,false,
8511,Mrs2005079,,false,
8512,Mrs2005086,,false,
8513,Mrs2005088,,false,
8514,Mrs2005089,,false,
8515,Mrs2005091,,false,
8516,Mrs2005093,,false,
8517,Mrs2005098,,false,
8518,Mrs2005102,,false,
8519,Mrs2005104,,false,
8520,Mrs2005105,,false,
8521,Mrs2005107,,false,
8522,Mrs2005108,,false,
8523,Mrs2005119,,false,
8524,Mrs2005125,,false,
8525,Mrs2005127,,false,
8526,Mrs2005130,,false,
8527,Mrs2005132,,false,
8528,Mrs2005135,,false,
8529,Mrs2005136,,false,
8530,Mrs2005140,,false,
8531,Mrs2005142,,false,
8532,Mrs2005143,,false,
8533,Mrs2005144,,false,
8534,Mrs2005146,,false,
8535,Mrs2005162,,false,
8536,Mrs2005163,,false,
8537,Mrs2005164,,false,
8538,Mrs2005165,,false,
8539,Mrs2005166,,false,
8540,Mrs2005167,,false,
8541,Mrs2005168,,false,
8542,Mrs2005169,,false,
8543,Mrs2005170,,false,
8544,Mrs2005171,,false,
8545,Mrs2005172,,false,
8546,Mrs2005173,,false,
8547,Mrs2005369,,false,
8548,Mrs2005399,,false,
8549,Mrs2005400,,false,
8550,Mrs2006001,,false,
8551,Mrs2006002,,false,
8552,Mrs2006057,,false,
8553,Mrs2006059,,false,
8554,Mrs2006061,,false,
8555,Mrs2006062,,false,
8556,Mrs2006063,,false,
8557,Mrs2006065,,false,
8558,Mrs2006066,,false,
8559,Mrs2006067,,false,
8560,Mrs2006068,,false,
8561,Mrs2006069,,false,
8562,Mrs2006070,,false,
8563,Mrs2006071,,false,
8564,Mrs2006073,,false,
8565,Mrs2006074,,false,
8566,Mrs2006076,,false,
8567,Mrs2006077,,false,
8568,Mrs2006078,,false,
8569,Mrs2006079,,false,
8570,Mrs2006080,,false,
8571,Mrs2006081,,false,
8572,Mrs2006082,,false,
8573,Mrs2006083,,false,
8574,Mrs2006084,,false,
8575,Mrs2006085,,false,
8576,Mrs2006086,,false,
8577,Mrs2006088,,false,
8578,Mrs2006089,,false,
8579,Mrs2006090,,false,
8580,Mrs2006091,,false,
8581,Mrs2006092,,false,
8582,Mrs2006093,,false,
8583,Mrs2006094,,false,
8584,Mrs2006095,,false,
8585,Mrs2006096,,false,
8586,Mrs2006097,,false,
8587,Mrs2006099,,false,
8588,Mrs2006101,,false,
8589,Mrs2006102,,false,
8590,Mrs2006105,,false,
8591,Mrs2006106,,false,
8592,Mrs2006107,,false,
8593,Mrs2006108,,false,
8594,Mrs2006109,,false,
8595,Mrs2006110,,false,
8596,Mrs2006111,,false,
8597,Mrs2006112,,false,
8598,Mrs2006113,,false,
8599,Mrs2006114,,false,
8600,Mrs2006115,,false,
8601,Mrs2006117,,false,
8602,Mrs2006118,,false,
8603,Mrs2006119,,false,
8604,Mrs2006120,,false,
8605,Mrs2006121,,false,
8606,Mrs2006122,,false,
8607,Mrs2006123,,false,
8608,Mrs2006124,,false,
8609,Mrs2006125,,false,
8610,Mrs2006126,,false,
8611,Mrs2006127,,false,
8612,Mrs2006128,,false,
8613,Mrs2006129,,false,
8614,Mrs2006130,,false,
8615,Mrs2006131,,false,
8616,Mrs2006132,,false,
8617,Mrs2006133,,false,
8618,Mrs2006134,,false,
8619,Mrs2006135,,false,
8620,Mrs2006136,,false,
8621,Mrs2006137,,false,
8622,Mrs2006138,,false,
8623,Mrs2006139,,false,
8624,Mrs2006140,,false,
8625,Mrs2006141,,false,
8626,Mrs2006142,,false,
8627,Mrs2006143,,false,
8628,Mrs2006144,,false,
8629,Mrs2006145,,false,
8630,Mrs2006146,,false,
8631,Mrs2006147,,false,
8632,Mrs2006148,,false,
8633,Mrs2006149,,false,
8634,Mrs2006150,,false,
8635,Mrs2006151,,false,
8636,Mrs2006153,,false,
8637,Mrs2006154,,false,
8638,Mrs2006155,,false,
8639,Mrs2006156,,false,
8640,Mrs2006157,,false,
8641,Mrs2006158,,false,
8642,Mrs2006159,,false,
8643,Mrs2006160,,false,
8644,Mrs2006162,,false,
8645,Mrs2006164,,false,
8646,Mrs2006165,,false,
8647,Mrs2006167,,false,
8648,Mrs2006168,,false,
8649,Mrs2006169,,false,
8650,Mrs2006170,,false,
8651,Mrs2006171,,false,
8652,Mrs2006172,,false,
8653,Mrs2006173,,false,
8654,Mrs2006174,,false,
8655,Mrs2006175,,false,
8656,Mrs2006176,,false,
8657,Mrs2006177,,false,
8658,Mrs2006178,,false,
8659,Mrs2006179,,false,
8660,Mrs2006181,,false,
8661,Mrs2006184,,false,
8662,Mrs2006185,,false,
8663,Mrs2006187,,false,
8664,Mrs2006188,,false,
8665,Mrs2006189,,false,
8666,Mrs2006190,,false,
8667,Mrs2006191,,false,
8668,Mrs2006192,,false,
8669,Mrs2006193,,false,
8670,Mrs2006194,,false,
8671,Mrs2006195,,false,
8672,Mrs2006197,,false,
8673,Mrs2006200,,false,
8674,0479/95,,false,
8675,0283/96,61,false,
8676,0136/97,,false,
8677,0146/99,61,false,
8678,0107/07,,false,
8679,2292,,false,
8680,672,,false,
8681,0289/96,,false,
8682,0030/01,2,false,
8683,0168/03,,false,
8684,0100/07,,false,
8685,0108/07,,false,
8686,2004-033,,false,
8687,2004-187,,false,
8688,2002-123,,false,
8689,2005-131,,false,
8690,2005-224,,false,
8691,2005-239,,false,
8692,2007-062,,false,
8693,2007-090,,false,
8694,DE10965,,false,
8695,DE11106,,false,
8696,DE11124,,false,
8697,DE11117,,false,
8698,NZNMI06/070,,false,
8699,2002-093,,false,
8700,2003-212,,false,
8701,2002-122,,false,
8702,NZNMI04/134,,false,
8703,NZNMI05/061,,false,
8704,2003-223,,false,
8705,M08 240184,,false,
8706,M08 240195,,false,
8707,M08 240198,,false,
8708,LNP24140,,false,
8709,NZARMY-1-296-1,,false,
8710,NZARMY-1-309-1,,false,
8711,NZARMY-1-422-1,,false,
8712,M15417,,false,
8713,M15420,65,false,
8714,M15421,65,false,
8715,M15439,,false,
8716,M15445,2006,false,
8717,M15446,,false,
8718,M15447,9,false,
8719,M15450,9,false,
8720,M15455,,false,
8721,M15457,93,false,
8722,M15459,345,false,
8723,M15462,2009,false,
8724,M15463,,false,
8725,M15464,57,false,
8726,M15471,902,false,
8727,M15748,,false,
8728,M15761,,false,
8729,M15763,,false,
8730,M15782,,false,
8731,M15828,,false,
8732,NM01075,,false,
8733,NM01090,,false,
8734,NM01175,,false,
8735,NM01997,,false,
8736,NM02233,,false,
8737,NM02332,,false,
8738,NM02460,,false,
8739,GR-AK-1164_07,,false,
8740,GR-BM-825_06,,false,
8741,GR-W1354_06,,false,
8742,GR-W1482_06,,false,
8743,GR-W1370_06,,false,
8744,0516/95,,false,
8745,M4407,,false,
8746,M4458,,false,
8747,24370,,false,
8748,07-2652,,false,
8749,07-2664,,false,
8750,0255/01,,false,
8751,624,,false,
8752,1524,,false,
8753,2710,,false,
8754,2712,,false,
8755,2716,,false,
8756,2720,,false,
8757,2724,,false,
8758,8212,,false,
8759,8220,,false,
8760,8224,,false,
8761,002-12,,false,
8762,002-14,,false,
8763,090-10,,false,
8764,090-12,,false,
8765,1804,,false,
8766,1806,,false,
8767,1808,,false,
8768,1810,,false,
8769,1816,,false,
8770,14804,,false,
8771,14806,,false,
8772,14808,,false,
8773,14810,,false,
8774,14820,,false,
8775,14824,,false,
8776,20608,,false,
8777,20610,,false,
8778,004-12,82,false,
8779,004-14,,false,
8780,058-05,,false,
8781,058-06,,false,
8782,058-08,,false,
8783,058-10,,false,
8784,077-10,,false,
8785,7410,,false,
8786,7412,,false,
8787,7416,,false,
8788,7420,,false,
8789,7424,,false,
8790,012-12,229,false,
8791,012-14,,false,
8792,021-03,,false,
8793,021-04,,false,
8794,021-05,,false,
8795,021-06,,false,
8796,021-08,,false,
8797,021-10,,false,
8798,021-12,,false,
8799,044-03,,false,
8800,044-04,,false,
8801,044-05,,false,
8802,044-06,,false,
8803,044-08,,false,
8804,044-10,,false,
8805,094-10L,,false,
8806,094-12,,false,
8807,099-10,,false,
8808,099-12,,false,
8809,4410,,false,
8810,4412,,false,
8811,4420,,false,
8812,4424,,false,
8813,21710,,false,
8814,21712,,false,
8815,21716,,false,
8816,21720,,false,
8817,21724,,false,
8818,014-12,,false,
8819,019-08,,false,
8820,019-10,,false,
8821,019-12,,false,
8822,025-05,,false,
8823,025-06,,false,
8824,025-08,,false,
8825,042-10,,false,
8826,045-06,,false,
8827,045-08,,false,
8828,045-10,,false,
8829,045-12,,false,
8830,055-12,,false,
8831,092-10,,false,
8832,092-12,,false,
8833,097-08,,false,
8834,2510,,false,
8835,2512,,false,
8836,4124,,false,
8837,017-02,81,false,
8838,017-03,,false,
8839,017-04,,false,
8840,017-06,,false,
8841,017-10,,false,
8842,017-12,,false,
8843,017-14,,false,
8844,032-03,,false,
8845,032-04,,false,
8846,032-05,,false,
8847,032-06,,false,
8848,032-08,,false,
8849,032-10,,false,
8850,037-10,,false,
8851,020-06,6,false,
8852,020-08,,false,
8853,020-10,,false,
8854,027-08,,false,
8855,027-24,,false,
8856,066-05,,false,
8857,066-06,,false,
8858,N.787/97,,false,
8859,080-12,,false,
8860,080-24,,false,
8861,910,,false,
8862,912,,false,
8863,916,,false,
8864,920,,false,
8865,924,,false,
8866,5804,,false,
8867,5806,,false,
8868,5808,,false,
8869,5810,,false,
8870,5812,,false,
8871,5816,,false,
8872,5820,,false,
8873,5824,,false,
8874,6502,,false,
8875,6504,,false,
8876,6506,,false,
8877,6508,,false,
8878,6510,,false,
8879,6512,,false,
8880,6516,,false,
8881,6520,,false,
8882,6524,,false,
8883,11308,,false,
8884,11310,,false,
8885,11312,,false,
8886,11316,,false,
8887,11320,,false,
8888,11324,,false,
8889,057-08,,false,
8890,057-10,,false,
8891,057-12,,false,
8892,085-12,,false,
8893,088-05,,false,
8894,088-06,,false,
8895,088-10,,false,
8896,088-12,,false,
8897,081-05,,false,
8898,081-06,,false,
8899,081-08,,false,
8900,081-10,,false,
8901,312,,false,
8902,316,,false,
8903,320,,false,
8904,324,,false,
8905,11710,,false,
8906,11712,,false,
8907,11716,,false,
8908,11724,,false,
8909,18520,,false,
8910,18524,,false,
8911,005-05,,false,
8912,005-06,,false,
8913,005-10,,false,
8914,18016,,false,
8915,18020,,false,
8916,18024,,false,
8917,039-03,230,false,
8918,039-04,,false,
8919,039-05,,false,
8920,039-06,,false,
8921,039-08,,false,
8922,039-10,,false,
8923,066-10,,false,
8924,4224,,false,
8925,9624,,false,
8926,027-08N,,false,
8927,039-03N,,false,
8928,045-10N,,false,
8929,056-24,,false,
8930,06502S1,,false,
8931,068-12,,false,
8932,07202F,,false,
8933,073-12,,false,
8934,07402M,,false,
8935,07402S3,,false,
8936,08502M,,false,
8937,08802S1,,false,
8938,089-24,,false,
8939,094-10S,,false,
8940,09602ANNA,,false,
8941,10102M,,false,
8942,11302S2,,false,
8943,11302S3,,false,
8944,11502S2,,false,
8945,11502S4,,false,
8946,14902M,,false,
8947,15802S1,,false,
8948,18002M,,false,
8949,5302M,,false,
8950,F2221,,false,
8951,M2020,,false,
8952,M2549,,false,
8953,F2570,,false,
8954,M1986,,false,
8955,M2002,,false,
8956,M940063,,false,
8957,F2224,,false,
8958,M1658,,false,
8959,GC12,,false,
8960,GC27,,false,
8961,M2553,,false,
8962,F82/10,,false,
8963,F82/253,,false,
8964,M973122,,false,
8965,M2466,,false,
8966,M2236,,false,
8967,GC30,,false,
8968,GC26,,false,
8969,F981,,false,
8970,BE/3292,,false,
8971,M91/987,,false,
8972,AZ/240,,false,
8973,BC/2096,,false,
8974,F87/1856,,false,
8975,F82/1518,,false,
8976,F82/1710,,false,
8977,F82/1771,,false,
8978,F82/21771,,false,
8979,BG/1348,,false,
8980,BG/1921N,,false,
8981,BG/1921P,,false,
8982,BG/2246,,false,
8983,F89/2787,,false,
8984,BD/1365A,,false,
8985,F86/1430,,false,
8986,F86/1703,,false,
8987,BD/3091,,false,
8988,AY/1179,,false,
8989,BE/740,,false,
8990,F87/956,,false,
8991,BE/1229,,false,
8992,BE/1263,,false,
8993,BE/674,,false,
8994,F87/1449,,false,
8995,AX/1879,,false,
8996,F81/2139,,false,
8997,F87/1261,,false,
8998,AX/1894,,false,
8999,AY/1683,,false,
9000,F81/1911,,false,
9001,F81/2217,,false,
9002,F82/1333,,false,
9003,BF/1074,,false,
9004,FA1012,,false,
9005,FA1031,,false,
9006,FA1033,,false,
9007,FA1047,,false,
9008,FA1080,,false,
9009,FA1085,,false,
9010,FA1092,,false,
9011,FA1095,,false,
9012,FA3002,,false,
9013,FA7035,,false,
9014,FA1089,,false,
9015,00-002314,,false,
9016,01-001980,,false,
9017,02-001468,,false,
9018,05-176,,false,
9019,06-072,,false,
9020,06-078,,false,
9021,B05BR000322,,false,
9022,18415,,false,
9023,M16268,,false,
9024,01-001233,,false,
9025,02-001465,,false,
9026,99-008953,,false,
9027,M08 0240202,,false,
9028,07-2724,,false,
9029,C12605,,false,
9030,219,,false,
9031,C9689,,false,
9032,179,,false,
9033,663,,false,
9034,116,,false,
9035,A37662,,false,
9036,502,,false,
9037,502B,,false,
9038,188,,false,
9040,47,,false,
9041,312,,false,
9042,53,,false,
9044,43,,false,
9046,125,,false,
9047,20,,false,
9048,152,,false,
9050,341,,false,
9051,742,,false,
9052,830,,false,
9053,516,,false,
9056,568,,false,
9057,167,,false,
9058,445,,false,
9059,822,,false,
9060,160,,false,
9061,570,,false,
9062,330,,false,
9063,15,,false,
9064,304,,false,
9065,426A,,false,
9066,134,,false,
9067,372,,false,
9068,159,,false,
9069,120,,false,
9070,58,,false,
9071,229,,false,
9072,149,,false,
9073,363,,false,
9074,392,,false,
9077,480,,false,
9078,521,,false,
9079,544,,false,
9080,679,,false,
9081,56,,false,
9082,385,,false,
9083,417,,false,
9084,78,,false,
9085,486,,false,
9086,143A,,false,
9087,112C,,false,
9088,511,,false,
9089,94,,false,
9090,342A,,false,
9091,626,,false,
9092,342B,,false,
9093,849,,false,
9094,831,,false,
9095,275,,false,
9096,855,,false,
9097,506M,,false,
9098,247,,false,
9099,305,,false,
9100,117,,false,
9101,780,,false,
9102,255,,false,
9103,362,,false,
9104,137,,false,
9106,360A,,false,
9107,360,,false,
9108,519,,false,
9109,308,,false,
9110,165,,false,
9111,427,,false,
9112,434,,false,
9113,40,,false,
9114,69,,false,
9115,851,,false,
9116,181,,false,
9126,240A,,false,
9132,178,,false,
9141,C12814,,false,
9142,646,,false,
9146,2070040,,false,
9147,2070150,,false,
9148,2070215,,false,
9149,2070308,,false,
9150,2070325,,false,
9151,2070371,,false,
9152,2070472,,false,
9153,2070505,,false,
9154,2070567,,false,
9155,2070780,,false,
9156,2070819,,false,
9157,2070862,,false,
9158,2070901,,false,
9159,2070928,,false,
9160,2070964,,false,
9161,2071001,,false,
9162,N.321/01,,false,
9163,N.621/99,,false,
9164,N.662/99,,false,
9165,N.1061/97,,false,
9166,N.1020/91,,false,
9167,N.379/92,,false,
9168,N.399/92,,false,
9169,N.963/92,,false,
9170,N.568/94,,false,
9171,N.1001/94,,false,
9172,N.12/91,,false,
9173,DE11140,,false,
9174,07-2760,,false,
9175,NM02029,,false,
9176,NM02328,,false,
9177,NM02083,,false,
9178,NM02185,,false,
9179,NM02092,,false,
9180,NM02085,,false,
9181,NM02501,,false,
9182,NM02525,,false,
9183,NM02561,,false,
9184,NM02563,,false,
9185,271,,false,
9186,N.350/90,,false,
9187,N.660/94,,false,
9188,N.943/90,,false,
9189,N.818/01,,false,
9190,N.1301/90,,false,
9191,N1/01,,false,
9193,M00242260,,false,
9194,LNP24182,,false,
9195,LNP24199,,false,
9196,4846K,,false,
9197,957Q,,false,
9198,1476J,,false,
9199,653M00,,false,
9200,1515V00,,false,
9201,571T00,,false,
9202,4057D,,false,
9203,1339P00,,false,
9204,1155Z,,false,
9205,2237V,,false,
9206,985R,,false,
9207,1588F,,false,
9208,641K00,,false,
9209,581F00,,false,
9210,1503V,,false,
9211,585J00,,false,
9212,683P,,false,
9213,B 4497,,false,
9214,0006/93,41,false,
9215,0177/93,721,false,
9216,0015/95,,false,
9217,0307/95,,false,
9218,0478/95,,false,
9219,0002/97,,false,
9221,0123/03,,false,
9222,0003/07,,false,
9223,N.428/04,,false,
9224,M2299,,false,
9225,B3937,,false,
9226,N.119/94,,false,
9227,M352/06,,false,
9228,M353/06,,false,
9229,M362/07,,false,
9230,M365/07,,false,
9231,M372/07,,false,
9232,M375/07,,false,
9233,M395/07,,false,
9234,M396/07,,false,
9235,M08 240203,,false,
9236,Egy-00-002590,,false,
9237,Egy-00-003845,,false,
9238,Egy-02-001265,,false,
9239,Egy-02-003400,,false,
9240,Egy-02-006054,,false,
9241,RS227/04,,false,
9242,RS049/04,,false,
9243,RS126/04,,false,
9244,RS341/04,,false,
9245,RS522/04,,false,
9246,RS268/03,,false,
9247,RS269/03,,false,
9248,M08 0240250,,false,
9249,M08 0240473,,false,
9250,23431,,false,
9251,N3/07,,false,
9252,N11/07,,false,
9253,N12/07,,false,
9254,146_83,,false,
9255,185_83,,false,
9256,349_83,,false,
9257,221_85,,false,
9258,264_85,,false,
9259,316_86,,false,
9260,219_87,,false,
9261,220_87,,false,
9262,276_87,,false,
9263,17_88,,false,
9264,134_88,,false,
9265,199_88,,false,
9266,327_90,,false,
9267,328_90,,false,
9268,4_92,,false,
9269,5_92,,false,
9270,14_92,,false,
9271,162ca_99,,false,
9272,70_88,,false,
9273,492_90,,false,
9274,33_91,,false,
9275,41_91,,false,
9276,46_91,,false,
9277,97_91,,false,
9278,204_91,,false,
9279,62p2_98,,false,
9280,129ca_99,,false,
9281,RS595/04,,false,
9282,RS189/03,,false,
9283,RS072/04,,false,
9284,RS1007/03,,false,
9285,RS1083/04,,false,
9286,13082,,false,
9287,0152/07,,false,
9288,0877/85,,false,
9289,0889/85,,false,
9290,0943/85,,false,
9291,0020/95,,false,
9292,0267/95,,false,
9293,0420/95,,false,
9294,M287/06,,false,
9295,M294/06,,false,
9296,M389/07,,false,
9297,M392/07,,false,
9298,M402/07,,false,
9299,M437/07,,false,
9300,UB313/73,,false,
9301,UB314/73,,false,
9302,00-4902,,false,
9303,01-5246,,false,
9304,C91,,false,
9305,E133,,false,
9306,M433,,false,
9307,Y884,,false,
9308,Z925,,false,
9309,AB1026,,false,
9310,AE1150,,false,
9311,AF1170,,false,
9312,AF1177,,false,
9313,AF1174,,false,
9314,AF1196,,false,
9315,AG1228,,false,
9316,AH1243,,false,
9317,AH1250,,false,
9318,AH1251,,false,
9319,AH1267,,false,
9320,AH1276,,false,
9321,AH1274,,false,
9322,AI1295,,false,
9323,AI1289,,false,
9324,AI1294,,false,
9325,AI1305,,false,
9326,AI1306,,false,
9327,AI1316,,false,
9328,AI1319,,false,
9329,AJ1324,,false,
9330,ALL1442,,false,
9331,ALL1446,,false,
9332,ALL1450,,false,
9333,AJ1327,,false,
9334,AJ1357,,false,
9335,AK1380,,false,
9336,AK1393,,false,
9337,AL1413,,false,
9338,AL1412,,false,
9339,AM1480,,false,
9340,AM1488,,false,
9341,AM1489,,false,
9342,133_83,,false,
9343,528_86,,false,
9344,87ca_99,,false,
9345,107ca_99,,false,
9346,DE11138,,false,
9347,DE11142,,false,
9348,DE11164,,false,
9349,DE11181,,false,
9350,07-3178,,false,
9351,07-3204,,false,
9352,A1,,false,
9353,A3,,false,
9354,A18,,false,
9355,B50,,false,
9356,B51,,false,
9357,B52,,false,
9358,C74,,false,
9359,C75,,false,
9360,C84,,false,
9361,C94,,false,
9362,D97,,false,
9363,D98,,false,
9364,D104,,false,
9365,D114,,false,
9366,E137,,false,
9367,E136,,false,
9368,E144,,false,
9369,E157,,false,
9370,F184,,false,
9371,F186,,false,
9372,G199,,false,
9373,H228,,false,
9374,H235,,false,
9375,H239,,false,
9376,H240,,false,
9377,H246,,false,
9378,I282,,false,
9379,J296,,false,
9380,J310,,false,
9381,K329,,false,
9382,K346,,false,
9383,K347,,false,
9384,L354,,false,
9385,L381,,false,
9386,LL390,,false,
9387,LL394,,false,
9388,LL410,,false,
9389,LL411,,false,
9390,M438,,false,
9391,493,,false,
9392,499,,false,
9393,P559,,false,
9394,P562,,false,
9395,T688,,false,
9396,T714,,false,
9397,T719,,false,
9398,V782,,false,
9399,W806,,false,
9400,W839,,false,
9401,Y920,,false,
9402,Z934,,false,
9403,AB1009,,false,
9404,AC1065,,false,
9405,AD1091,,false,
9406,AD1096,,false,
9407,AD1102,,false,
9408,AE1127,,false,
9409,AE1123,,false,
9410,AE1132,,false,
9411,AE1137,,false,
9412,AE1135,,false,
9413,AE1138,,false,
9414,AE1136,,false,
9415,AE1152,,false,
9416,AE1151,,false,
9417,AE1153,,false,
9418,AE1156,,false,
9419,AE1155,,false,
9420,AE1160,,false,
9421,AF1161,,false,
9422,AF1169,,false,
9423,AF1172,,false,
9424,AF1175,,false,
9425,AF1179,,false,
9426,AF1183,,false,
9427,AF1184,,false,
9428,AF1189,,false,
9429,AF1197,,false,
9430,AF1198,,false,
9431,AF1200,,false,
9432,AG1202,,false,
9433,AG1203,,false,
9434,AG1209,,false,
9435,AG1208,,false,
9436,AG1210,,false,
9437,AG1211,,false,
9438,AG1219,,false,
9439,AG1220,,false,
9440,AG1225,,false,
9441,AG1226,,false,
9442,AG1227,,false,
9443,AG1229,,false,
9444,AG1232,,false,
9445,AG1233,,false,
9446,AG1236,,false,
9447,AG1235,,false,
9448,AG1239,,false,
9449,AH1241,,false,
9450,AH1245,,false,
9451,AH1252,,false,
9452,AI1299,,false,
9453,AH1255,,false,
9454,AH1254,,false,
9455,AH1261,,false,
9456,AH1262,,false,
9457,AH1264,,false,
9458,AH1265,,false,
9459,AH1266,,false,
9460,AI1300,,false,
9461,AH1268,,false,
9462,AH1270,,false,
9463,AH1271,,false,
9464,AI1296,,false,
9465,AH1279,,false,
9466,AH1275,,false,
9467,AH1277,,false,
9468,AI1282,,false,
9469,AI1286,,false,
9470,AI1287,,false,
9471,AI1288,,false,
9472,AI1298,,false,
9473,AI1293,,false,
9474,AI1312,,false,
9475,AI1311,,false,
9476,AI1313,,false,
9477,AI1314,,false,
9478,AI1318,,false,
9479,AJ1322,,false,
9480,AJ1323,,false,
9481,AJ1325,,false,
9482,AJ1332,,false,
9483,ALL1451,,false,
9484,ALL1452,,false,
9485,ALL1456,,false,
9486,ALL1453,,false,
9487,ALL1458,,false,
9488,ALL1447,,false,
9489,M08 240366,,false,
9490,ALL1441,,false,
9491,ALL1443,,false,
9492,ALL1444,,false,
9493,ALL1445,,false,
9494,ALL1454,,false,
9495,ALL1457,,false,
9496,AJ1331,,false,
9497,AJ1329,,false,
9498,AJ1333,,false,
9499,AJ1335,,false,
9500,AJ1336,,false,
9501,AJ1340,,false,
9502,AJ1341,,false,
9503,AJ1345,,false,
9504,AJ1346,,false,
9505,AJ1353,,false,
9506,AJ1354,,false,
9507,AJ1356,,false,
9508,AK1369,,false,
9509,AK1370,,false,
9510,AK1373,,false,
9511,AK1375,,false,
9512,AK1377,,false,
9513,AK1378,,false,
9514,AK1381,,false,
9515,ALL1470,,false,
9516,ALL1471,,false,
9517,ALL1459,,false,
9518,ALL1467,,false,
9519,ALL1468,,false,
9520,ALL1462,,false,
9521,ALL1461,,false,
9522,ALL1463,,false,
9523,ALL1460,,false,
9524,ALL1473,,false,
9525,ALL1472,,false,
9526,ALL1469,,false,
9527,ALL1474,,false,
9528,AK1386,,false,
9529,AK1387,,false,
9530,AK1390,,false,
9531,AK1395,,false,
9532,AK1394,,false,
9533,AK1399,,false,
9534,AK1400,,false,
9535,AL1402,,false,
9536,AL1401,,false,
9537,AL1406,,false,
9538,AL1414,,false,
9539,AL1418,,false,
9540,AL1428,,false,
9541,AL1429,,false,
9542,AL1432,,false,
9543,AL1433,,false,
9544,AL1435,,false,
9545,AM1481,,false,
9546,AM1483,,false,
9547,AM1484,,false,
9548,AM1486,,false,
9549,AM1487,,false,
9550,AM1490,,false,
9551,AM1495,,false,
9552,AM1497,,false,
9553,AM1498,,false,
9554,AM1499,,false,
9555,AM1500,,false,
9556,AM1509,,false,
9557,AM1510,,false,
9558,AM1516,,false,
9559,AM1517,,false,
9560,AN1519,,false,
9561,AN1521,,false,
9562,LNP22434,,false,
9563,LNP22465,,false,
9564,LNP23303,,false,
9565,LNP22748,,false,
9566,LNP23115,,false,
9567,LNP23238,,false,
9568,LNP23455,,false,
9569,LNP23717,,false,
9570,2462,,false,
9571,2471,,false,
9572,2521,,false,
9573,14/95,,false,
9574,2489,,false,
9576,0167/07,,false,
9577,14791,,false,
9578,1055,,false,
9579,LNP24271,,false,
9580,2007-005,,false,
9581,2007-098,,false,
9582,2007-123,,false,
9583,2007-228,,false,
9584,2006-053,,false,
9585,2006-063,,false,
9586,2006-087,,false,
9587,2006-109,,false,
9588,2006-150,,false,
9589,2006-182,,false,
9590,2006-224,,false,
9591,2006-242,,false,
9592,N21/07,,false,
9593,NZARMY-1-175-1,,false,
9594,NZARMY-2-299-1,,false,
9595,NZARMY-2-055-1,,false,
9596,NZARMY-1-243-1,,false,
9597,NZARMY-1-131-1,,false,
9598,NZARMY-0-083-3,,false,
9599,NZARMY-1-215-1,,false,
9600,NZARMY-2-028-1,,false,
9601,NZARMY-1-367-1,,false,
9602,NZARMY-2-068-1,,false,
9603,NZARMY-1-202-1,,false,
9604,NZARMY-1-380-1,,false,
9605,NZARMY-1-305-1,,false,
9606,NZARMY-1-307-2,,false,
9607,NZARMY-2-350-1,,false,
9608,NZARMY-1-314-1,,false,
9609,NZARMY-2-062-4,,false,
9610,NZARMY-2-323-1,,false,
9611,2004-049,,false,
9612,2003-081,,false,
9613,2003-052,,false,
9614,2002-287,,false,
9615,2002-221,,false,
9616,2002-143,,false,
9617,2001-266,,false,
9618,2001-036,,false,
9619,2001-022,,false,
9620,2000-207,,false,
9621,NM01579,,false,
9622,C134,,false,
9623,NM02643,,false,
9624,713,,false,
9625,1999-101,,false,
9626,2000-231,,false,
9627,2000-249,,false,
9628,2001-438,,false,
9629,2003-060,,false,
9630,2003-159,,false,
9631,LNP24307,,false,
9632,LNP24352,,false,
9633,LNP24358,,false,
9634,Egy-00-000383,,false,
9635,Egy-02-001384,,false,
9636,Egy-03-002692,,false,
9637,Egy-99-001313,,false,
9638,Sudan-04-015943,,false,
9639,0041/84,,false,
9640,1055/97,,false,
9641,1980/02,,false,
9642,2177/03,,false,
9643,382,,false,
9644,422,,false,
9645,102,,false,
9646,42,,false,
9647,121,,false,
9648,816,,false,
9649,1188,,false,
9650,442,,false,
9651,977,,false,
9652,207,,false,
9653,479,,false,
9654,549,,false,
9655,632,,false,
9656,683,,false,
9657,830,,false,
9658,LNP19860,,false,
9659,LNP23230,,false,
9660,LNP23328,,false,
9661,LNP23415,,false,
9662,LNP23430,,false,
9663,Egy-00-002313,,false,
9664,0049/84,,false,
9665,0161/07,,false,
9666,0185/07,,false,
9667,0187/07,,false,
9668,2007-045,,false,
9669,2007-058,,false,
9670,2007-059,,false,
9671,2007-099,,false,
9672,2007-143,,false,
9673,2007-145,,false,
9674,2007-169,,false,
9675,2007-214,,false,
9676,2003-221,,false,
9677,2001-226,,false,
9678,2006-202,,false,
9679,2006-213,,false,
9680,NM02737,,false,
9681,07M/07,,false,
9682,10M/07,,false,
9683,M15424,,false,
9684,M15435,,false,
9685,M15448,,false,
9686,M15467,,false,
9687,M15827,,false,
9688,M16178,,false,
9689,M16220,,false,
9690,18438,,false,
9691,18559,,false,
9692,18674,,false,
9693,18703,,false,
9694,18858,,false,
9695,18949,,false,
9696,19009,,false,
9697,19106,,false,
9698,19363,,false,
9699,LNP22545,,false,
9700,LNP22730,,false,
9701,LNP22747,,false,
9702,LNP20616,,false,
9703,LNP20998,,false,
9704,LNP19575,,false,
9705,LNP19823,,false,
9706,LNP19843,,false,
9707,LNP20156,,false,
9708,LNP20316,,false,
9709,07-3213,,false,
9710,07-3467,,false,
9711,34M/07,,false,
9712,LNP21171,,false,
9713,LNP22103,,false,
9714,41M/07,,false,
9715,A2455,,false,
9716,M12/03,,false,
9717,0054/08,,false,
9718,0057/08,,false,
9719,LNP24368,,false,
9720,LNP24380,,false,
9721,LNP24421,,false,
9722,LNP24442,,false,
9723,M16786,,false,
9724,0022/08,,false,
9725,0070/08,,false,
9726,6993,,false,
9727,12780,,false,
9728,9076,,false,
9729,M24/06,,false,
9730,NM02606,,false,
9731,NM02671,,false,
9732,NM02685,,false,
9733,NM02715,,false,
9734,NM02740,,false,
9735,58M/07,,false,
9736,m07.240001,,false,
9737,M07.240048,,false,
9738,2364,,false,
9739,14122,,false,
9740,59M/07,,false,
9741,M07.240002,,false,
9742,M07.240007,,false,
9743,M07.240011,,false,
9744,M07.240014,,false,
9745,M07.240029,,false,
9746,M07.240039,,false,
9747,M07.240042,,false,
9748,M07.240080,,false,
9749,M07.240083,,false,
9750,08-1028,,false,
9751,270,,false,
9752,271,,false,
9753,272,,false,
9754,273,,false,
9755,274,,false,
9756,275,231,false,
9757,276,,false,
9758,277,,false,
9759,278,,false,
9760,279,,false,
9761,280,,false,
9762,281,,false,
9763,282,,false,
9764,283,,false,
9765,284,,false,
9766,285,,false,
9767,286,,false,
9768,287,,false,
9769,288,,false,
9770,289,,false,
9771,290,,false,
9772,291,,false,
9773,292,,false,
9774,293,,false,
9775,294,,false,
9776,295,,false,
9777,296,,false,
9778,297,,false,
9779,298,,false,
9780,299,,false,
9781,300,,false,
9782,301,,false,
9783,302,,false,
9784,303,,false,
9785,304,,false,
9786,305,,false,
9787,306,,false,
9788,307,,false,
9789,308,,false,
9790,309,,false,
9791,310,,false,
9792,311,,false,
9793,312,,false,
9794,313,,false,
9795,314,,false,
9796,315,,false,
9797,316,,false,
9798,317,,false,
9799,318,,false,
9800,319,,false,
9801,320,,false,
9802,322,,false,
9803,323,,false,
9804,324,,false,
9805,325,,false,
9806,326,,false,
9807,327,,false,
9808,328,,false,
9809,329,,false,
9810,330,,false,
9811,331,,false,
9812,332,,false,
9813,333,,false,
9814,334,,false,
9815,335,,false,
9816,336,,false,
9817,337,,false,
9818,338,,false,
9819,339,,false,
9820,340,,false,
9821,341,,false,
9822,342,,false,
9823,343,,false,
9824,344,,false,
9825,345,,false,
9826,346,,false,
9827,347,,false,
9828,348,,false,
9829,349,,false,
9830,350,,false,
9831,351,,false,
9832,352,,false,
9833,353,,false,
9834,354,,false,
9835,355,,false,
9836,356,,false,
9837,357,,false,
9838,358,,false,
9839,359,,false,
9840,360,,false,
9841,361,,false,
9842,362,,false,
9843,363,,false,
9844,364,,false,
9845,365,,false,
9846,366,,false,
9847,367,,false,
9848,368,,false,
9849,369,,false,
9850,370,,false,
9851,371,,false,
9852,373,,false,
9853,374,,false,
9854,375,,false,
9855,376,,false,
9856,377,,false,
9857,378,,false,
9858,379,,false,
9859,380,,false,
9860,381,,false,
9861,382,,false,
9862,383,,false,
9863,384,,false,
9864,385,,false,
9865,386,,false,
9866,387,,false,
9867,388,,false,
9868,389,,false,
9869,390,,false,
9870,391,,false,
9871,392,,false,
9872,393,,false,
9873,394,,false,
9874,395,,false,
9875,396,,false,
9876,397,,false,
9877,398,,false,
9878,399,,false,
9879,400,,false,
9880,401,,false,
9881,402,,false,
9882,403,,false,
9883,404,,false,
9884,405,,false,
9885,406,,false,
9886,407,,false,
9887,408,,false,
9888,409,,false,
9889,410,,false,
9890,411,,false,
9891,412,,false,
9892,413,,false,
9893,414,,false,
9894,415,,false,
9895,416,,false,
9896,418,,false,
9897,419,,false,
9898,420,,false,
9899,421,,false,
9900,422,,false,
9901,423,,false,
9902,424,,false,
9903,425,,false,
9904,426,,false,
9905,427,,false,
9906,428,,false,
9907,429,,false,
9908,430,,false,
9909,431,,false,
9910,432,,false,
9911,433,,false,
9912,434,,false,
9913,435,,false,
9914,436,,false,
9915,437,,false,
9916,438,,false,
9917,439,,false,
9918,440,,false,
9919,441,,false,
9920,442,,false,
9921,443,,false,
9922,444,,false,
9923,445,,false,
9924,446,,false,
9925,447,,false,
9926,449,,false,
9927,450,,false,
9928,451,,false,
9929,452,,false,
9930,453,,false,
9931,454,,false,
9932,455,,false,
9933,456,,false,
9934,457,,false,
9935,458,,false,
9936,459,,false,
9937,460,,false,
9938,461,,false,
9939,462,,false,
9940,463,,false,
9941,464,,false,
9942,465,,false,
9943,467,,false,
9944,468,,false,
9945,469,,false,
9946,470,,false,
9947,471,,false,
9948,472,,false,
9949,473,,false,
9950,474,,false,
9951,475,,false,
9952,476,,false,
9953,477,,false,
9954,478,,false,
9955,479,,false,
9956,480,,false,
9957,481,,false,
9958,482,,false,
9959,483,,false,
9960,484,,false,
9961,485,,false,
9962,486,,false,
9963,487,,false,
9964,488,,false,
9965,489,,false,
9966,490,,false,
9967,491,,false,
9968,492,,false,
9969,493,,false,
9970,495,,false,
9971,496,,false,
9972,497,,false,
9973,498,,false,
9974,499,,false,
9975,500,,false,
9976,501,,false,
9977,502,,false,
9978,503,,false,
9979,504,,false,
9980,505,,false,
9981,506,,false,
9982,507,,false,
9983,508,,false,
9984,509,,false,
9985,510,,false,
9986,511,,false,
9987,512,,false,
9988,513,,false,
9989,514,,false,
9990,515,,false,
9991,516,,false,
9992,517,,false,
9993,518,,false,
9994,519,,false,
9995,520,,false,
9996,522,,false,
9997,523,,false,
9998,524,,false,
9999,525,,false,
10000,526,,false,
10001,527,,false,
10002,528,,false,
10003,530,,false,
10004,531,,false,
10005,532,,false,
10006,533,,false,
10007,534,,false,
10008,535,,false,
10009,536,,false,
10010,537,,false,
10011,538,,false,
10012,539,,false,
10013,540,,false,
10014,541,,false,
10015,542,,false,
10016,543,,false,
10017,544,,false,
10018,545,,false,
10019,546,,false,
10020,547,,false,
10021,548,,false,
10022,549,,false,
10023,550,,false,
10024,551,,false,
10025,552,,false,
10026,553,,false,
10027,554,,false,
10028,555,,false,
10029,556,,false,
10030,557,,false,
10031,558,,false,
10032,559,,false,
10033,560,,false,
10034,561,,false,
10035,562,,false,
10036,563,,false,
10037,564,,false,
10038,565,,false,
10039,566,,false,
10040,567,,false,
10041,568,,false,
10042,569,,false,
10043,570,,false,
10044,571,,false,
10045,572,,false,
10046,573,,false,
10047,574,,false,
10048,575,,false,
10049,576,,false,
10050,577,,false,
10051,578,,false,
10052,579,,false,
10053,580,,false,
10054,581,,false,
10055,582,,false,
10056,583,,false,
10057,584,,false,
10058,585,,false,
10059,586,,false,
10060,587,,false,
10061,588,,false,
10062,589,,false,
10063,590,,false,
10064,591,,false,
10065,592,,false,
10066,593,,false,
10067,594,,false,
10068,595,,false,
10069,596,,false,
10070,597,,false,
10071,598,,false,
10072,599,,false,
10073,600,,false,
10074,601,,false,
10075,602,,false,
10076,603,,false,
10077,604,,false,
10078,605,,false,
10079,606,,false,
10080,607,,false,
10081,608,,false,
10082,609,,false,
10083,610,,false,
10084,611,,false,
10085,612,,false,
10086,613,,false,
10087,614,,false,
10088,615,,false,
10089,616,,false,
10090,617,,false,
10091,618,,false,
10092,619,,false,
10093,620,,false,
10094,621,,false,
10095,622,,false,
10096,623,,false,
10097,624,,false,
10098,625,,false,
10099,626,,false,
10100,627,,false,
10101,628,,false,
10102,629,,false,
10103,630,,false,
10104,631,,false,
10105,632,,false,
10106,633,,false,
10107,634,,false,
10108,635,,false,
10109,636,,false,
10110,637,,false,
10111,638,,false,
10112,639,,false,
10113,640,,false,
10114,641,,false,
10115,643,,false,
10116,644,,false,
10117,645,,false,
10118,646,,false,
10119,647,,false,
10120,648,,false,
10121,649,,false,
10122,650,,false,
10123,651,,false,
10124,652,,false,
10125,653,,false,
10126,654,,false,
10127,655,,false,
10128,656,,false,
10129,657,,false,
10130,658,,false,
10131,659,,false,
10132,660,,false,
10133,661,,false,
10134,662,,false,
10135,663,,false,
10136,664,,false,
10137,665,,false,
10138,666,,false,
10139,667,,false,
10140,668,,false,
10141,669,,false,
10142,670,,false,
10143,671,,false,
10144,672,,false,
10145,673,,false,
10146,674,,false,
10147,675,,false,
10148,676,,false,
10149,677,,false,
10150,678,,false,
10151,679,,false,
10152,680,,false,
10153,681,,false,
10154,682,,false,
10155,683,,false,
10156,684,,false,
10157,685,,false,
10158,686,,false,
10159,687,,false,
10160,688,,false,
10161,689,,false,
10162,690,,false,
10163,691,,false,
10164,692,,false,
10165,693,,false,
10166,694,,false,
10167,695,,false,
10168,696,,false,
10169,697,,false,
10170,698,,false,
10171,699,,false,
10172,700,,false,
10173,701,,false,
10174,702,,false,
10175,703,,false,
10176,alpha 704,,false,
10177,705,,false,
10178,706,,false,
10179,707,,false,
10180,708,,false,
10181,709,,false,
10182,710,,false,
10183,711,4652,false,
10184,712,,false,
10185,713,,false,
10186,714,,false,
10187,715,,false,
10188,716,,false,
10189,717,,false,
10190,718,,false,
10191,719,,false,
10192,720,,false,
10193,721,,false,
10194,722,,false,
10195,723,,false,
10196,724,,false,
10197,725,,false,
10198,726,,false,
10199,727,,false,
10200,728,,false,
10201,729,,false,
10202,730,,false,
10203,731,,false,
10204,732,,false,
10205,733,,false,
10206,734,,false,
10207,735,,false,
10208,736,,false,
10209,737,,false,
10210,738,,false,
10211,739,,false,
10212,740,,false,
10213,741,,false,
10214,742,,false,
10215,743,,false,
10216,744,,false,
10217,745,,false,
10218,746,,false,
10219,747,,false,
10220,748,,false,
10221,749,,false,
10222,750,,false,
10223,751,,false,
10224,752,,false,
10225,753,,false,
10226,754,,false,
10227,755,,false,
10228,756,,false,
10229,757,,false,
10230,758,,false,
10231,759,,false,
10232,760,,false,
10233,761,,false,
10234,762,,false,
10235,763,,false,
10236,764,,false,
10237,765,,false,
10238,766,,false,
10239,767,,false,
10240,768,,false,
10241,769,,false,
10242,770,,false,
10243,771,,false,
10244,772,,false,
10245,773,,false,
10246,774,,false,
10247,775,,false,
10248,776,,false,
10249,777,,false,
10250,778,,false,
10251,779,,false,
10252,780,,false,
10253,781,,false,
10254,782,,false,
10255,783,,false,
10256,784,,false,
10257,785,,false,
10258,786,,false,
10259,787,,false,
10260,788,,false,
10261,789,,false,
10262,790,,false,
10263,791,,false,
10264,792,,false,
10265,793,,false,
10266,794,,false,
10267,795,,false,
10268,796,,false,
10269,797,,false,
10270,798,,false,
10271,799,,false,
10272,800,,false,
10273,801,,false,
10274,802,,false,
10275,803,,false,
10276,804,,false,
10277,805,,false,
10278,806,,false,
10279,807,,false,
10280,808,,false,
10281,809,,false,
10282,810,,false,
10283,811,,false,
10284,812,,false,
10285,813,,false,
10286,814,,false,
10287,815,,false,
10288,816,,false,
10289,817,,false,
10290,818,,false,
10291,819,,false,
10292,820,,false,
10293,821,,false,
10294,822,,false,
10295,823,,false,
10296,824,,false,
10297,825,,false,
10298,826,,false,
10299,827,,false,
10300,828,,false,
10301,829,,false,
10302,830,,false,
10303,831,,false,
10304,832,,false,
10305,833,,false,
10306,834,,false,
10307,835,,false,
10308,836,,false,
10309,0046/96,,false,
10310,0047/96,,false,
10311,0049/96,,false,
10312,0050/96,,false,
10313,0051/96,,false,
10314,0052/96,,false,
10315,0053/96,,false,
10316,17783,,false,
10317,0055/96,,false,
10318,0056/96,,false,
10319,0057/96,,false,
10320,0059/96,,false,
10321,0060/96,,false,
10322,17662,,false,
10323,0062/96,,false,
10324,0063/96,,false,
10325,0064/96,,false,
10326,0065/96,,false,
10327,0066/96,,false,
10328,0067/96,,false,
10329,0068/96,,false,
10330,0069/96,,false,
10331,0070/96,,false,
10332,0071/96,,false,
10333,0072/96,,false,
10334,0073/96,,false,
10335,0074/96,,false,
10336,0075/96,,false,
10337,0076/96,,false,
10338,0077/96,,false,
10339,0078/96,,false,
10340,0079/96,,false,
10341,0080/96,,false,
10342,0013/94,,false,
10343,0014/94,,false,
10344,0015/94,,false,
10345,0016/94,,false,
10346,0017/94,,false,
10347,0018/94,,false,
10348,0019/94,,false,
10349,0020/94,,false,
10350,0021/94,,false,
10351,0022/94,,false,
10352,0023/94,,false,
10353,0024/94,,false,
10354,0025/94,,false,
10355,0026/94,,false,
10356,0027/94,,false,
10357,0028/94,,false,
10358,0029/94,,false,
10359,0030/94,,false,
10360,0031/94,,false,
10361,0032/94,,false,
10362,0033/94,,false,
10363,0034/94,,false,
10364,0035/94,,false,
10365,0036/94,,false,
10366,0037/94,,false,
10367,0038/94,,false,
10368,0039/94,,false,
10369,0040/94,,false,
10370,0041/94,,false,
10371,0050/94,,false,
10372,0051/94,,false,
10373,0052/94,,false,
10374,0053/94,,false,
10375,0054/94,,false,
10376,0056/94,,false,
10377,0059/94,,false,
10378,0060/94,,false,
10379,0061/94,,false,
10380,0062/94,,false,
10381,0063/94,,false,
10382,0064/94,,false,
10383,0065/94,,false,
10384,0066/94,,false,
10385,0067/94,,false,
10386,0068/94,,false,
10387,0069/94,,false,
10388,0085/94,,false,
10389,0086/94,,false,
10390,0087/94,,false,
10391,0212/94,,false,
10392,0213/94,,false,
10393,0215/94,,false,
10394,0216/94,,false,
10395,0217/94,,false,
10396,0219/94,,false,
10397,0220/94,,false,
10398,0221/94,,false,
10399,0222/94,,false,
10400,0223/94,,false,
10401,0224/94,,false,
10402,0225/94,,false,
10403,0226/94,,false,
10404,0227/94,,false,
10405,0228/94,,false,
10406,0229/94,,false,
10407,0230/94,,false,
10408,0231/94,,false,
10409,0233/94,,false,
10410,0234/94,,false,
10411,0235/94,,false,
10412,0236/94,,false,
10413,0238/94,,false,
10414,0239/94,,false,
10415,0240/94,,false,
10416,0241/94,,false,
10417,0415/94,,false,
10418,0422/94,,false,
10419,0437/94,,false,
10420,0450/94,,false,
10421,0001/94,,false,
10422,0077/94,,false,
10423,M08 240370,,false,
10424,2009-063,,false,
10425,0110/94,,false,
10426,0112/94,,false,
10427,0184/94,,false,
10429,0204/94,,false,
10430,0244/94,,false,
10431,0253/94,,false,
10432,15733,,false,
10433,0264/94,,false,
10434,0273/94,,false,
10435,0287/94,,false,
10436,0290/94,1,false,
10437,14149,,false,
10438,0316/94,,false,
10439,0337/94,,false,
10440,0343/94,,false,
10441,0349/94,,false,
10442,0358/94,,false,
10443,0380/94,,false,
10444,0384/94,,false,
10445,0388/94,,false,
10446,0503/94,,false,
10447,0515/94,,false,
10448,0518/94,,false,
10449,0530/94,,false,
10450,M09.44,,false,
10451,0536/94,,false,
10452,0546/94,,false,
10453,0550/94,,false,
10454,0559/94,,false,
10455,0002/95,,false,
10456,0130/09,,false,
10457,0010/96,,false,
10458,0013/96,,false,
10459,0016/96,,false,
10460,0020/96,,false,
10461,0131/09,,false,
10462,0030/96,,false,
10463,0042/96,,false,
10464,0089/96,,false,
10465,0133/09,,false,
10466,0119/96,,false,
10467,0155/96,,false,
10468,0162/96,,false,
10469,0171/96,,false,
10470,0177/96,,false,
10471,0135/09,,false,
10472,0190/96,,false,
10473,0202/96,,false,
10474,0212/96,,false,
10475,0218/96,,false,
10476,0222/96,,false,
10477,0226/96,,false,
10478,0136/09,,false,
10479,0233/96,2,false,
10480,0242/96,,false,
10481,0137/09,,false,
10482,0259/96,,false,
10483,0262/96,,false,
10484,0267/96,,false,
10485,0272/96,,false,
10486,0285/96,,false,
10487,0288/96,2,false,
10488,0138/09,,false,
10489,0299/96,,false,
10490,0307/96,,false,
10491,0316/96,,false,
10492,0336/96,,false,
10493,0352/96,,false,
10494,0141/09,,false,
10495,0436/96,,false,
10496,0450/96,,false,
10497,0458/96,,false,
10498,0462/96,,false,
10499,0467/96,2,false,
10500,0492/96,2,false,
10501,0495/96,,false,
10502,1569,,false,
10503,2080310,,false,
10504,2080419,,false,
10505,GR-3/00,,false,
10506,GR-5/00,,false,
10507,GR-6/00,,false,
10508,GR-17/00,,false,
10509,GR-24/00,,false,
10510,GR-43/00,,false,
10511,GR-54/99,,false,
10512,GR-66/99,,false,
10513,GR-72/99,,false,
10514,GR-73/99,,false,
10515,GR-79/99,,false,
10516,GR-80/99,,false,
10517,GR-52/99,,false,
10518,GR-2/00,,false,
10519,GR-10/00,,false,
10520,GR-19/00,,false,
10521,GR-27/00,,false,
10522,GR-41/00,,false,
10523,GR-47/99,,false,
10524,GR-48/99,,false,
10525,GR-49/99,,false,
10526,GR-57/99,,false,
10527,GR-58/99,,false,
10528,GR-65/99,,false,
10529,GR-71/99,,false,
10530,GR-76/99,,false,
10531,GR-77/99,,false,
10532,GR-82/99,,false,
10533,GR-88/99,,false,
10534,GR-91/99,,false,
10535,GR-92/99,,false,
10536,GR-94/99,,false,
10537,GR-95/99,,false,
10538,2080522,,false,
10539,2090895,,false,
10540,GR-21/00,,false,
10541,2082269,,false,
10542,GR-35/00,,false,
10543,GR-13/00,,false,
10544,GR-18/00,,false,
10545,GR-56/99,,false,
10546,1100,,false,
10547,BF749,,false,
10548,0142/09,,false,
10549,0143/09,,false,
10550,GR-8/00,,false,
10551,GR-23/00,,false,
10552,GR-50/99,,false,
10553,GR-69/99,,false,
10554,GR-74/99,,false,
10555,GR-75/99,,false,
10556,0146/09,,false,
10557,GR-45/99,,false,
10558,0148/09,,false,
10559,0149/09,,false,
10560,GR-4/00,,false,
10561,GR-7/00,,false,
10562,GR-9/00,,false,
10563,GR-60/99,,false,
10564,GR-67/99,,false,
10565,0154/09,,false,
10566,GR-78/99,,false,
10567,0155/09,,false,
10568,GR-14/00,,false,
10569,GR-59/99,,false,
10570,0156/09,,false,
10571,GR-70/99,,false,
10572,0158/09,,false,
10573,BF919,,false,
10574,GR-55/99,,false,
10575,NZNMI08/064,,false,
10576,GR-68/99,,false,
10577,NZNMI08/065,,false,
10578,GR-46/99,,false,
10579,M09.34,,false,
10580,DE11344,,false,
10581,GR-89/99,,false,
10582,DE11721,,false,
10583,GR-86/99,,false,
10584,DE11733,,false,
10585,GR-83/99,,false,
10586,GR-90/99,,false,
10587,GR-16/00,,false,
10588,DE11742,,false,
10589,GR-25/00,,false,
10590,DE11754,,false,
10591,DE11756,,false,
10592,DE11768,,false,
10593,GR-1,,false,
10594,GRI-2,,false,
10595,GRI-7,,false,
10596,GRI-10,,false,
10597,GRI-13,,false,
10598,GRI-16,,false,
10599,GRI-19,,false,
10600,GRI-22,,false,
10601,GRI-35,,false,
10602,GRI-37,,false,
10603,GRI-38,,false,
10604,GRI-40,,false,
10605,GRI-43,,false,
10606,GRI-47,,false,
10607,GRI-49,,false,
10608,GRI-52,,false,
10609,GRI-53,,false,
10610,GRI-59,,false,
10611,GRI-65,,false,
10612,GRI-76,,false,
10613,GRS-86,,false,
10614,GRS-88,,false,
10615,GRS-91,,false,
10616,GRS-94,,false,
10617,GRS-97,,false,
10618,GRS-100,,false,
10619,GRS-102,,false,
10620,GRS-105,,false,
10621,GRS-111,,false,
10622,GRS-112,,false,
10623,GRS-115,,false,
10624,GRS-119,,false,
10625,GRS-122,,false,
10626,GRS-125,,false,
10627,GRS-128,,false,
10628,GRS-131,,false,
10629,GRS-135,,false,
10630,GRS-138,,false,
10631,GRS-141,,false,
10632,GRS-144,,false,
10633,GRS-150,,false,
10634,GRS-152,,false,
10635,GRS-158,,false,
10636,GRS-162,,false,
10637,GRS-165,,false,
10638,GRS-167,,false,
10639,GRS-183,,false,
10640,GRS-186,,false,
10641,GRS-189,,false,
10642,GRS-192,,false,
10643,GRS-195,,false,
10644,GRE-198,,false,
10645,GRE-202,,false,
10646,GRE-203,,false,
10647,GRE-206,,false,
10648,GRE-212,,false,
10649,GRE-215,,false,
10650,GRE-221,,false,
10651,GRE-227,,false,
10652,GRE-230,,false,
10653,GRE-236,,false,
10654,GRE-240,,false,
10655,GRE-244,,false,
10656,GRE-246,,false,
10657,GRE-247,,false,
10658,GRE-253,,false,
10659,GRE-256,,false,
10660,GRF-259,,false,
10661,GRF-265,,false,
10662,GRF-266,,false,
10663,GRF-270,,false,
10664,GRF-277,,false,
10665,GRF-281,,false,
10666,GRF-285,,false,
10667,GRF-288,,false,
10668,GRF-291,,false,
10669,GRF-294,,false,
10670,GRF-303,,false,
10671,GRF-306,,false,
10672,GRF-309,,false,
10673,GRF-312,,false,
10674,GRF-315,,false,
10675,GRF-319,,false,
10676,GRF-322,,false,
10677,GRF-325,,false,
10678,GRF-328,,false,
10679,GRF-331,,false,
10680,GRF-334,,false,
10681,N 1/99,,false,
10682,N 2/99,,false,
10683,N 3/99,,false,
10684,N 4/99,,false,
10685,N 5/99,,false,
10686,N 6/99,,false,
10687,N 7/99,,false,
10688,N 8/99,,false,
10689,N 9/99,,false,
10690,N 10/99,,false,
10691,N 11/99,,false,
10692,N 12/99,,false,
10693,N 13/99,,false,
10694,N 14/99,,false,
10695,N 15/99,,false,
10696,N 16/99,,false,
10697,N 17/99,,false,
10698,N 18/99,,false,
10699,N 19/99,,false,
10700,N 20/99,,false,
10701,N 21/99,,false,
10702,N 22/99,,false,
10703,N 23/99,,false,
10704,N 24/99,,false,
10705,N 25/99,93,false,
10706,N 26/99,,false,
10707,N 27/99,,false,
10708,N 28/99,,false,
10709,N 29/99,,false,
10710,N 30/99,,false,
10711,N 31/99,,false,
10712,N 32/99,,false,
10713,N 33/99,,false,
10714,N 34/99,,false,
10715,N 35/99,,false,
10716,N 36/99,,false,
10717,N 37/99,,false,
10718,N 38/99,,false,
10719,N 39/99,,false,
10720,N 40/99,,false,
10721,N 41/99,,false,
10722,N 42/99,,false,
10723,N 43/99,,false,
10724,N 44/99,,false,
10725,N 45/99,,false,
10726,N 46/99,,false,
10727,N 47/99,,false,
10728,N 48/99,,false,
10729,N 49/99,,false,
10730,N 51/99,,false,
10731,N 52/99,,false,
10732,N 53/99,,false,
10733,N 54/99,,false,
10734,N 55/99,,false,
10735,N 56/99,45,false,
10736,N 57/99,,false,
10737,N 58/99,,false,
10738,N 59/99,,false,
10739,N 60/99,,false,
10740,N 61/99,,false,
10741,N 62/99,,false,
10742,N 63/99,,false,
10743,N 64/99,,false,
10744,N 65/99,,false,
10745,N 66/99,,false,
10746,N 67/99,,false,
10747,N 68/99,,false,
10748,N 69/99,,false,
10749,N 70/99,,false,
10750,2/00,,false,
10751,3/00,,false,
10752,4/00,,false,
10753,5/00,,false,
10754,6/00,,false,
10755,7/00,,false,
10756,8/00,45,false,
10757,9/00,,false,
10758,10/00,49,false,
10759,11/00,,false,
10760,12/00,,false,
10761,13/00,,false,
10762,14/00,,false,
10763,16/00,,false,
10764,15/00,,false,
10765,17/00,,false,
10766,18/00,,false,
10767,20/00,,false,
10768,19/00,,false,
10769,21/00,,false,
10770,22/00,,false,
10771,23/00,,false,
10772,24/00,,false,
10773,26/00,,false,
10774,25/00,,false,
10775,27/00,,false,
10776,28/00,,false,
10777,29/00,,false,
10778,30/00,,false,
10779,31/00,,false,
10780,32/00,,false,
10781,33/00,,false,
10782,34/00,,false,
10783,35/00,,false,
10784,36/00,,false,
10785,37/00,,false,
10786,38/00,,false,
10787,39/00,,false,
10788,40/00,,false,
10789,41/00,,false,
10790,42/00,,false,
10791,43/00,,false,
10792,44/00,,false,
10793,45/00,,false,
10794,46/00,,false,
10795,47/00,,false,
10796,48/00,,false,
10797,49/00,,false,
10798,50/00,,false,
10799,51/00,,false,
10800,52/00,,false,
10801,53/00,,false,
10802,54/00,,false,
10803,55/00,,false,
10804,56/00,,false,
10805,57/00,,false,
10806,58/00,,false,
10807,59/00,,false,
10808,60/00,,false,
10809,61/00,,false,
10810,62/00,,false,
10811,63/00,,false,
10812,64/00,139,false,
10813,65/00,,false,
10814,66/00,,false,
10815,67/00,,false,
10816,68/00,,false,
10817,69/00,,false,
10818,70/00,,false,
10819,71/00,,false,
10820,72/00,,false,
10821,73/00,,false,
10822,74/00,,false,
10823,Mk 59/96,,false,
10824,Mk 60/96,,false,
10825,Mk 61/96,,false,
10826,Mk 62/96,,false,
10827,Mk 63/96,,false,
10828,Mk 64/96,,false,
10829,Mk 65/96,,false,
10830,MK 66/96,49,false,
10831,Mk 67/96,,false,
10832,Mk 68/96,,false,
10833,Mk 69/96,,false,
10834,Mk 70/96,,false,
10835,Mk 71/96,,false,
10836,Mk 74/96,,false,
10837,MK 75/96,124,false,
10838,Mk 76/96,,false,
10839,Mk 77/96,,false,
10840,Mk 78/96,,false,
10841,Mk 80/96,,false,
10842,Mk 82/96,,false,
10843,Mk 83/96,,false,
10844,Mk 84/96,,false,
10845,Mk 85/96,,false,
10846,Mk 86/96,,false,
10847,MK 87/96,45,false,
10848,MK 89/96,45,false,
10849,Mk 90/96,,false,
10850,Mk 91/96,,false,
10851,Mk 92/96,,false,
10852,Mk 93/96,,false,
10853,Mk 94/96,,false,
10854,Mk 95/96,,false,
10855,Mk 96/96,,false,
10856,Mk 97/96,,false,
10857,Mk 98/96,,false,
10858,Mk 99/96,,false,
10859,Mk 100/96,,false,
10860,Mk 101/96,,false,
10861,Mk 102/96,,false,
10862,Mk 103/96,,false,
10863,Mk 104/96,,false,
10864,Mk 105/96,,false,
10865,Mk 119/96,,false,
10866,Mk 120/96,,false,
10867,Mk 122/96,,false,
10868,Mk 123/96,,false,
10869,Mk 124/96,,false,
10870,Mk 125/96,,false,
10871,Mk 121/96,,false,
10872,Mk 148/96,,false,
10873,Mk 149/96,,false,
10874,Mk 150/96,,false,
10875,Mk 151/96,,false,
10876,Mk 152/96,,false,
10877,Mk 153/96,,false,
10878,Mk 154/96,,false,
10879,Mk 88/96,,false,
10880,Mk 81/96,,false,
10881,Mk 155/96,,false,
10882,Mk 156/96,,false,
10883,Mk 170/96,,false,
10884,Mk 171/96,,false,
10885,2034,,false,
10886,16148,,false,
10887,DE11785,,false,
10888,16194,,false,
10889,130634,,false,
10890,150803,,false,
10891,100924,,false,
10892,M09.47,,false,
10893,16260,,false,
10894,77-25676,,false,
10895,16633,,false,
10896,78-07114,,false,
10897,78-17497,,false,
10898,16462,,false,
10899,16765,,false,
10900,16856,,false,
10901,16069,,false,
10902,79-18088,,false,
10903,80-12909,,false,
10904,9017,,false,
10905,81-44731,,false,
10906,85-17197,,false,
10907,85-17235,,false,
10908,85-17238,,false,
10909,16894,,false,
10910,16503,,false,
10911,85-18183,,false,
10912,85-18651,,false,
10913,16705,45,false,
10914,16044,45,false,
10915,16694,,false,
10916,16627,,false,
10917,16644,,false,
10918,NCTC10792,,false,
10919,16431,,false,
10920,M08 0240252,,false,
10921,M08 240265,,false,
10922,16195,,false,
10923,9542,,false,
10924,16372,,false,
10925,16489,,false,
10926,16527,,false,
10927,16846,,false,
10928,16969,,false,
10929,16990,,false,
10930,16818,,false,
10931,16171,,false,
10932,16328,124,false,
10933,00/202,,false,
10934,0038/92,,false,
10935,16143,,false,
10936,0059/75,,false,
10937,01/056,,false,
10938,16276,,false,
10939,16845,,false,
10940,0148/75,,false,
10941,16515,,false,
10942,01-590-158,,false,
10943,01-590-168,,false,
10944,01-590-304,,false,
10945,16737,,false,
10946,01-590-60,,false,
10947,02/234,,false,
10948,16127,,false,
10949,02-1368,,false,
10950,0242227,,false,
10951,16881,,false,
10952,02-590-183,,false,
10953,16747,,false,
10954,02-590-208,,false,
10955,2177,,false,
10956,16506,,false,
10957,16007,,false,
10958,02-590-25,,false,
10959,02-590-59,,false,
10960,0273,,false,
10961,0347/93,12,false,
10962,16668,,false,
10963,2056,,false,
10964,0351/76,,false,
10965,16221,,false,
10966,16264,,false,
10967,16941,,false,
10968,17025,,false,
10969,16381,,false,
10970,16438,,false,
10971,03-590-294,,false,
10972,04-12058,,false,
10973,04-590-045,,false,
10974,16216,,false,
10975,16672,,false,
10976,M07.240098,,false,
10977,0073/08,,false,
10978,2006-096,,false,
10979,2006-129,,false,
10980,2006-204,,false,
10981,2006-245,,false,
10982,2006-248,,false,
10983,2006-108,,false,
10984,2006-154,,false,
10985,2005-014a,,false,
10986,2005-063,,false,
10987,2005-104,,false,
10988,2008-012,,false,
10989,2005-037,,false,
10990,2005-059,,false,
10991,2005-114,,false,
10992,N480,,false,
10993,LNP18977,,false,
10994,LNP19040,,false,
10995,LNP19228,,false,
10996,LNP19421,,false,
10997,LNP19688,,false,
10998,LNP21192,,false,
10999,LNP21300,,false,
11000,LNP22353,,false,
11001,LNP22457,,false,
11002,LNP23158,,false,
11003,X877,,false,
11004,Y881,,false,
11005,Y900,,false,
11006,Y903,,false,
11007,Y908,,false,
11008,Y910,,false,
11009,Y916,,false,
11010,Z936,,false,
11011,Z959,,false,
11012,AB996,,false,
11013,AB1003,,false,
11014,AB1027,,false,
11015,AB1039,,false,
11016,AE1157,,false,
11017,ALL1449,,false,
11018,14311,,false,
11019,N525,,false,
11020,86-48232,,false,
11021,87-00572,,false,
11022,87-04022,,false,
11023,87-09167,,false,
11024,87-20908,,false,
11025,87-24116,,false,
11026,87-42250,,false,
11027,87-42744,,false,
11028,87-42745,,false,
11029,97-2169,,false,
11030,99-2710,,false,
11031,02-3969,,false,
11032,0086/08,,false,
11033,0087/08,,false,
11034,0095/08,,false,
11035,KNIH02-1,,false,
11036,162,,false,
11037,1337692,,false,
11038,1343091,,false,
11039,1297930,,false,
11040,17700,,false,
11041,17728,,false,
11042,18116,,false,
11043,17763,,false,
11044,LNP24539,,false,
11045,LNP24548,,false,
11046,LNP24557,,false,
11047,M17058,,false,
11048,M17061,,false,
11049,M17076,4738,false,
11050,M17077,,false,
11051,M17099,,false,
11052,2005-124,,false,
11053,2005-231,,false,
11054,2007-135,,false,
11055,2007-333,,false,
11056,F0001,,false,
11057,F0005,,false,
11058,F0012,,false,
11059,F0015,,false,
11060,F0017,,false,
11061,F0022,,false,
11062,F0034,,false,
11063,F0039,,false,
11064,F0045,,false,
11065,F0050,,false,
11066,F0055,,false,
11067,F0060,,false,
11068,F0066,,false,
11069,F0071,,false,
11070,F0076,,false,
11071,F0081,,false,
11072,F0088,,false,
11073,F0090,,false,
11074,F0097,,false,
11075,F0104,,false,
11076,F0109,,false,
11077,F0112,,false,
11078,F0121,,false,
11079,F0126,,false,
11080,F0129,,false,
11081,F0134,,false,
11082,F0140,,false,
11083,F0145,,false,
11084,F0146,,false,
11085,F0151,,false,
11086,F0157,,false,
11087,F0162,,false,
11088,F0171,,false,
11089,F0175,,false,
11090,F0189,,false,
11091,F0194,,false,
11092,F0200,,false,
11093,F0201,,false,
11094,F0206,,false,
11095,F0213,,false,
11096,F0214,,false,
11097,F0219,,false,
11098,F0224,,false,
11099,F0242,,false,
11100,F0285,,false,
11101,F0328,,false,
11102,F0345,,false,
11103,F0360,,false,
11104,F0374,,false,
11105,F0391,,false,
11106,F0406,,false,
11107,F0418,,false,
11108,F0431,,false,
11109,F0441,,false,
11110,F0453,,false,
11111,F0463,,false,
11112,F0473,,false,
11113,F0483,,false,
11114,F0493,,false,
11115,F0504,,false,
11116,F0514,,false,
11117,F0525,,false,
11118,F0535,,false,
11119,F0556,,false,
11120,F0574,,false,
11121,F0614,,false,
11122,F0624,,false,
11123,F0661,,false,
11124,F0671,,false,
11125,F0681,,false,
11126,F0691,,false,
11127,F0704,,false,
11128,F0714,,false,
11129,F0728,,false,
11130,F0746,,false,
11131,F0761,,false,
11132,F0777,,false,
11133,F0790,,false,
11134,F0803,,false,
11135,F0817,,false,
11136,F0829,,false,
11137,F0844,,false,
11138,F0862,,false,
11139,F0873,,false,
11140,F0889,,false,
11141,F0926,,false,
11142,F0938,,false,
11143,F0952,,false,
11144,F0963,,false,
11145,F0975,,false,
11146,F0992,,false,
11147,04-590-114,,false,
11148,F1059,,false,
11149,F1073,,false,
11150,F1097,,false,
11151,F1115,,false,
11152,0491,,false,
11153,05-1180,,false,
11154,05-2682,,false,
11155,F1187,,false,
11156,05-590-233,,false,
11157,M95/312438,,false,
11158,05-590-237,,false,
11159,M95/312506,,false,
11160,M95/312516,,false,
11161,M95/312540,,false,
11162,M95/312570,,false,
11163,M95/312598,,false,
11164,M95/312618,,false,
11165,M95/312665,,false,
11166,M95/312692,,false,
11167,M95/312729,,false,
11168,M95/312755,,false,
11169,M95/312790,,false,
11170,M95/312820,,false,
11171,M95/312855,,false,
11172,M95/312889,,false,
11173,M95/312921,,false,
11174,M95/312949,,false,
11175,M95/312970,,false,
11176,M95/313027,,false,
11177,M95/313108,,false,
11178,M96/250070,,false,
11179,M96/250103,,false,
11180,M96/250115,,false,
11181,M96/250167,,false,
11182,M96/250175,,false,
11183,M96/250185,,false,
11184,M96/250232,,false,
11185,M96/250258,,false,
11186,M96/250291,,false,
11187,M96/250326,,false,
11188,M96/250353,,false,
11189,M96/250395,,false,
11190,M96/250463,,false,
11191,M96/250477,,false,
11192,M96/250481,,false,
11193,M96/250523,,false,
11194,M96/250559,,false,
11195,M96/250592,,false,
11196,M96/250633,,false,
11197,M96/250787,,false,
11198,M96/250815,,false,
11199,M96/250842,,false,
11200,M96/250892,,false,
11201,M96/250932,,false,
11202,M96/250935,,false,
11203,M96/250940,,false,
11204,M96/251041,,false,
11205,M96/251099,,false,
11206,M96/251215,,false,
11207,M96/251249,,false,
11208,M96/251278,,false,
11209,M96/251326,,false,
11210,M96/251471,,false,
11211,M96/251472,,false,
11212,M96/251489,,false,
11213,M96/251659,,false,
11214,M96/251682,,false,
11215,M96/251709,,false,
11216,M96/251780,,false,
11217,M96/252005,,false,
11218,M96/252041,,false,
11219,M96/252099,,false,
11220,M96/252204,,false,
11221,M96/252257,,false,
11222,M96/252305,,false,
11223,M96/252318,,false,
11224,M96/252370,,false,
11225,M96/252393,,false,
11226,M96/252495,,false,
11227,M96/252517,,false,
11228,M96/252550,,false,
11229,M96/252591,,false,
11230,M96/252606,,false,
11231,M96/252660,,false,
11232,M96/252695,,false,
11233,M96/252752,,false,
11234,M96/252804,,false,
11235,M96/252854,,false,
11236,M96/252881,,false,
11237,M96/252913,,false,
11238,M96/252978,,false,
11239,M96/253058,,false,
11240,M96/253114,,false,
11241,M96/253155,,false,
11242,M96/253184,,false,
11243,M96/253222,,false,
11244,M96/253323,,false,
11245,M96/313136,,false,
11246,M96/313166,,false,
11247,M96/313191,,false,
11248,M96/313223,,false,
11249,M96/313259,,false,
11250,M96/313273,,false,
11251,M96/313399,,false,
11252,M96/313431,,false,
11253,M96/313478,,false,
11254,M96/313536,,false,
11255,M96/96033,,false,
11256,M98/252164,,false,
11257,M98/252165,,false,
11258,M98/252166,,false,
11259,M98/252167,,false,
11260,M98/252168,,false,
11261,M98/252169,,false,
11262,M98/252170,,false,
11263,M98/252171,,false,
11264,M98/252172,,false,
11265,M98/252173,,false,
11266,M98/252174,,false,
11267,M98/252176,,false,
11268,M98/252177,,false,
11269,M98/252178,,false,
11270,M98/252400,,false,
11271,M98/252401,,false,
11272,M98/252402,,false,
11273,M98/252403,,false,
11274,M98/252404,,false,
11275,M98/252405,,false,
11276,M98/252406,,false,
11277,M98/252407,,false,
11278,M98/252408,,false,
11279,M98/252409,,false,
11280,M98/252410,,false,
11281,M98/252411,,false,
11282,M98/252412,,false,
11283,M98/252413,,false,
11284,M98/252414,,false,
11285,M98/252415,,false,
11286,M98/252416,,false,
11287,M98/252417,,false,
11288,M98/252418,,false,
11289,M98/252419,,false,
11290,M98/252420,,false,
11291,M98/252421,,false,
11292,M98/252422,,false,
11293,M98/252423,,false,
11294,M98/252429,,false,
11295,M98/252430,,false,
11296,M98/252431,,false,
11297,M98/252433,,false,
11298,M98/252434,,false,
11299,M98/252435,,false,
11300,M98/252436,,false,
11301,M98/252437,,false,
11302,M98/252438,,false,
11303,M98/252439,,false,
11304,M98/252440,,false,
11305,M98/252441,,false,
11306,M98/252442,,false,
11307,M98/252443,,false,
11308,M98/252444,,false,
11309,M98/252445,,false,
11310,M98/252446,,false,
11311,M98/252447,,false,
11312,M98/252448,,false,
11313,M98/252449,,false,
11314,M98/252450,,false,
11315,M98/252451,,false,
11316,M98/252452,,false,
11317,M98/252453,,false,
11318,M98/252454,,false,
11319,M98/252455,,false,
11320,M98/252456,,false,
11321,M98/252457,,false,
11322,M98/252458,,false,
11323,M98/252459,,false,
11324,M98/252460,,false,
11325,M98/252461,,false,
11326,M98/252462,,false,
11327,M98/252463,,false,
11328,M98/252464,,false,
11329,M98/252465,,false,
11330,M98/252466,,false,
11331,M98/252467,,false,
11332,M98/252468,,false,
11333,M98/252489,,false,
11334,M98/252490,,false,
11335,M98/252491,,false,
11336,M98/252492,,false,
11337,M98/252493,,false,
11338,M98/252494,,false,
11339,M98/252495,,false,
11340,M98/252497,,false,
11341,M98/252498,,false,
11342,M98/252499,,false,
11343,M98/252500,,false,
11344,M98/252501,,false,
11345,M98/252502,,false,
11346,M98/252503,,false,
11347,M98/252504,,false,
11348,M98/252505,,false,
11349,M98/252506,,false,
11350,M98/252507,,false,
11351,M98/252508,,false,
11352,M98/252509,,false,
11353,M98/252510,,false,
11354,M98/252511,,false,
11355,M98/252512,,false,
11356,M98/252513,,false,
11357,M98/252514,,false,
11358,M98/252515,,false,
11359,M98/252516,,false,
11360,M98/252517,,false,
11361,M98/252518,,false,
11362,M98/252519,,false,
11363,M98/252520,,false,
11364,M98/252521,,false,
11365,M98/252522,,false,
11366,M98/252523,,false,
11367,M98/252524,,false,
11368,M98/252525,,false,
11369,M98/252526,,false,
11370,M98/252527,,false,
11371,M98/252528,,false,
11372,M98/252529,,false,
11373,M98/252530,,false,
11374,M98/252531,,false,
11375,M98/252532,,false,
11376,M98/252534,,false,
11377,M98/252535,,false,
11378,M98/252536,,false,
11379,36,,false,
11380,302,,false,
11381,430,,false,
11382,652,,false,
11383,786,,false,
11384,1027,,false,
11385,1310,,false,
11386,1557,,false,
11387,1767,,false,
11388,1841,,false,
11389,2379,45,false,
11390,2640,,false,
11391,2953,,false,
11392,3954,,false,
11393,4234,,false,
11394,25702,,false,
11395,4660,,false,
11396,5102,,false,
11397,17853,,false,
11398,18121,,false,
11399,2007-235,,false,
11400,2007-245,,false,
11401,0116/08,,false,
11402,88-06891,,false,
11403,97-00172,,false,
11404,08-2012,,false,
11405,LNP24584,,false,
11406,LNP24601,,false,
11407,LNP24630,,false,
11408,S1158,,false,
11409,L2005,,false,
11410,08-2033,,false,
11411,M17479,,false,
11412,NM02871,,false,
11413,NM02888,,false,
11414,NM02891,,false,
11415,NM02893,,false,
11416,0136/08,,false,
11417,M08/19,,false,
11418,0147/08,,false,
11419,0148/08,,false,
11420,LNP24684,,false,
11421,MZ174/08,,false,
11422,Ge018,,false,
11423,58/86,,false,
11424,219/86,,false,
11425,Brz 33,,false,
11426,72/87,,false,
11427,M06.240858,,false,
11428,M06.240863,,false,
11429,M06.240890,,false,
11430,M07 240624,,false,
11431,M07 240634,,false,
11432,M07 240639,,false,
11433,M07.240643,,false,
11434,M07 240645,,false,
11435,M07 240658,,false,
11436,M07 240680,,false,
11437,M08 240023,,false,
11438,M08 240028,,false,
11439,M08 240042,,false,
11440,M08 240062,,false,
11441,M08 240066,,false,
11442,M08.240075,,false,
11443,M08.240078,,false,
11444,M08 240086,,false,
11445,M08 240100,,false,
11446,M08.240108,,false,
11447,M08 240115,,false,
11448,NM02767,,false,
11449,NM02762,,false,
11450,NM02766,,false,
11451,S1226,,false,
11452,NM02937,,false,
11453,NM02933,,false,
11454,NM02812,,false,
11455,NM02905,,false,
11456,3503,,false,
11457,008a,,false,
11458,028a,,false,
11459,029a,,false,
11460,022i,,false,
11461,019sp,,false,
11462,001m,,false,
11463,007s,,false,
11464,134,,false,
11465,141,,false,
11466,144,,false,
11467,148,,false,
11468,162,,false,
11469,179,,false,
11470,181,,false,
11471,190,,false,
11472,191,,false,
11473,192,,false,
11474,193,,false,
11475,198,,false,
11476,215,,false,
11477,226,,false,
11478,247,,false,
11479,288,,false,
11480,295,,false,
11481,310,,false,
11482,314,,false,
11483,315,,false,
11484,319,,false,
11485,320,,false,
11486,358,,false,
11487,361,,false,
11488,365,,false,
11489,388,,false,
11490,392,,false,
11491,396,,false,
11492,408,,false,
11493,415,,false,
11494,416,,false,
11495,454,,false,
11496,463,,false,
11497,464,,false,
11498,480,,false,
11499,481,,false,
11500,485,,false,
11501,493,,false,
11502,494,,false,
11503,800001,,false,
11504,800007,,false,
11505,800175,,false,
11506,800233,,false,
11507,800254,,false,
11508,2070749,,false,
11509,2071058,,false,
11510,2071065,,false,
11511,2071138,,false,
11512,2071211,,false,
11513,2071213,,false,
11514,2071271,,false,
11515,2071309,,false,
11516,2071362,,false,
11517,2071730,,false,
11518,2071737,,false,
11519,2071863,,false,
11520,2071946,,false,
11521,2072006,,false,
11522,2080072,,false,
11523,2080150,,false,
11524,0341/97,,false,
11525,0252/99,,false,
11526,S3032,,false,
11527,08-2402,,false,
11528,M445car_A/07,,false,
11529,M448car_A/07,,false,
11530,M450car_A/07,,false,
11531,M451car_A/07,,false,
11532,M457car_A/07,,false,
11533,M458car_A/07,,false,
11534,M463car_A/07,,false,
11535,M446car_C/07,,false,
11536,M447car_C/07,,false,
11537,M453car_B/07,,false,
11538,M452car/07,,false,
11539,M460car/07,,false,
11540,M462car/07,,false,
11541,M16.16_A/08,,false,
11542,M16.19_A/08,,false,
11543,M13.24_A/08,,false,
11544,M13.44_A/08,,false,
11545,0165/08,,false,
11546,135,,false,
11547,222,,false,
11548,236,,false,
11549,238,,false,
11550,245,,false,
11551,301,,false,
11552,316,,false,
11553,332,,false,
11554,357,,false,
11555,369,,false,
11556,387,,false,
11557,402,,false,
11558,418,,false,
11559,428,,false,
11560,432,,false,
11561,460,,false,
11562,462,,false,
11563,466,,false,
11564,471,,false,
11565,476,,false,
11566,800019,,false,
11567,2080178,,false,
11568,0582/82,,false,
11569,79-07355,,false,
11570,79-14996,,false,
11571,86-54766,,false,
11572,87-09165,,false,
11573,87-17313,,false,
11574,87-25834,,false,
11575,87-34402,,false,
11576,05MAQ2/05NO37,,false,
11577,89-02264,,false,
11578,99-3442,,false,
11579,87-39552,,false,
11580,87-41002,,false,
11581,M22/07,,false,
11582,78-05565,,false,
11583,78-06438,,false,
11584,86-51219,,false,
11585,M672/08,,false,
11586,M727/08,,false,
11587,M728/08,,false,
11588,M729/08,,false,
11589,M715/08,,false,
11590,M722/08,,false,
11591,M745/08,,false,
11592,M750/08,,false,
11593,M755/08,,false,
11594,M759/08,,false,
11595,M760/08,,false,
11596,M802/08,,false,
11597,M113,,false,
11598,M258,,false,
11599,M10,,false,
11600,M68,,false,
11601,M445,,false,
11602,G290,,false,
11603,G409,,false,
11604,25693,,false,
11605,G491,,false,
11606,S182,,false,
11607,S292,,false,
11608,S320,,false,
11609,DRID130815,,false,
11610,DRID130803,,false,
11611,DRID130804,,false,
11612,DRID130805,,false,
11613,DRID130806,,false,
11614,24786,,false,
11615,DRID310812,,false,
11616,DRID310825,,false,
11617,DRID150712,,false,
11618,DRID520820,,false,
11619,DRID210711,,false,
11620,LNP24823,,false,
11621,GR-W2113_08,,false,
11622,NM02781,,false,
11623,NM02813,,false,
11624,NM02866,,false,
11625,NM02911,,false,
11626,NM02940,,false,
11627,NZNMI06/092,,false,
11628,NZNMI06/102,,false,
11629,DE8403,,false,
11630,DE8577,,false,
11631,DE8636,,false,
11632,DE8827,,false,
11633,DE9469,,false,
11634,DE9509,,false,
11635,DE9691,,false,
11636,DE9889,,false,
11637,DE10201,,false,
11638,DE10625,,false,
11639,DE10775,,false,
11640,DE10879,,false,
11641,NZNMI07/069,,false,
11642,LG1081,,false,
11643,S244,,false,
11644,S248,,false,
11645,L06,,false,
11646,G181,,false,
11647,LG0540,,false,
11648,S58,,false,
11649,S89,,false,
11650,LG1930,,false,
11651,LG0923,,false,
11652,S242,,false,
11653,LG0906,,false,
11654,LG0617,,false,
11655,LG1461,,false,
11656,99590166,,false,
11657,1590158,,false,
11658,2590062,,false,
11659,2590109,,false,
11660,3590109,,false,
11661,06.240845,,false,
11662,06-590-130,,false,
11663,I-234,,false,
11664,M478,,false,
11665,I-265,,false,
11666,N2/08,,false,
11667,N12/08,,false,
11668,N19/08,,false,
11669,S363,,false,
11670,U734,,false,
11671,W814,,false,
11672,X870,,false,
11673,X873,,false,
11674,N1/08,,false,
11675,N5/08,,false,
11676,I-315,,false,
11677,M611,,false,
11678,DRID210702,,false,
11679,Mrs2008048,,false,
11680,06-590-234,,false,
11681,L2131,,false,
11682,LNP24865,,false,
11683,15468,,false,
11684,LNP24868,,false,
11685,16565,,false,
11686,16693,,false,
11687,616,,false,
11688,2676,,false,
11689,3952,,false,
11690,4332,,false,
11691,4662,,false,
11692,17474,,false,
11693,14928,,false,
11694,15499,,false,
11695,15696,,false,
11696,16024,,false,
11697,16068,,false,
11698,16211,,false,
11699,16236,,false,
11700,16247,,false,
11701,16254,,false,
11702,16260,,false,
11703,16307,,false,
11704,16326,,false,
11705,16470,,false,
11706,16513,,false,
11707,16522,,false,
11708,16539,,false,
11709,16579,,false,
11710,16643,,false,
11711,16646,,false,
11712,16703,,false,
11713,16750,,false,
11714,16759,,false,
11715,16773,,false,
11716,16849,,false,
11717,16861,,false,
11718,16887,,false,
11719,16903,,false,
11720,16925,,false,
11721,17112,,false,
11722,17329,,false,
11723,17349,,false,
11724,17411,,false,
11725,17435,,false,
11726,17451,,false,
11727,17570,,false,
11728,17533,,false,
11729,17835,,false,
11730,16279,,false,
11731,16403,,false,
11732,17736,,false,
11733,16611,,false,
11734,16872,,false,
11735,16893,,false,
11736,17436,,false,
11737,17818,,false,
11738,2010179,,false,
11739,2010528,,false,
11740,2010687,,false,
11741,2010911,,false,
11742,2011247,,false,
11743,2011435,,false,
11744,2012040,,false,
11745,2012073,,false,
11746,2012291,,false,
11747,2020179,,false,
11748,2020638,,false,
11749,2021408,,false,
11750,2022023,,false,
11751,2022203,,false,
11752,2022219,,false,
11753,2022235,,false,
11754,2030046,,false,
11755,2031245,,false,
11756,2031391,,false,
11757,2031518,,false,
11758,2031814,,false,
11759,2032045,,false,
11760,2032363,,false,
11761,2032559,,false,
11762,2032585,,false,
11763,2040449,,false,
11764,2041201,,false,
11765,2041231,,false,
11766,2041489,,false,
11767,2050461,,false,
11768,2050769,,false,
11769,2050816,,false,
11770,2051105,,false,
11771,2051136,,false,
11772,2051192,,false,
11773,2051225,,false,
11774,2051294,,false,
11775,NZNMI98/151,,false,
11776,NZNMI99/089,,false,
11777,Nm311,,false,
11778,Nm313,,false,
11779,Nm314,,false,
11780,Nm315,,false,
11781,Nm316,,false,
11782,Nm327,,false,
11783,2020688,,false,
11784,2021266,,false,
11785,2021307,,false,
11786,2022076,,false,
11787,2022528,,false,
11788,2030400,,false,
11789,2030548,,false,
11790,2032207,,false,
11791,2041365,,false,
11792,N065,,false,
11793,38_92,,false,
11794,158t3_93,,false,
11795,66ca_99,,false,
11796,43_91,,false,
11797,2011387,,false,
11798,GR-AK-1075_06,,false,
11799,GR-AK-1121_06,,false,
11800,GR-W-1419_06,,false,
11801,GR-BM-848_06,,false,
11802,GR-BM-869_07,,false,
11803,850032,,false,
11804,850064,,false,
11805,850119,,false,
11806,850130,,false,
11807,850177,,false,
11808,850192,,false,
11809,850310,,false,
11810,850360,,false,
11811,850387,,false,
11812,850408,,false,
11813,850444,,false,
11814,Mrs2010025,,false,
11815,850511,,false,
11816,850662,,false,
11817,850663,,false,
11818,850673,,false,
11819,850750,,false,
11820,850773,,false,
11821,850845,,false,
11822,850875,,false,
11823,850877,,false,
11824,850994,,false,
11825,851014,,false,
11826,851054,,false,
11827,851095,,false,
11828,851181,,false,
11829,851336,,false,
11830,851359,,false,
11831,851398,,false,
11832,851503,,false,
11833,851505,,false,
11834,851524,,false,
11835,NZNMI07/034,,false,
11836,NZNMI07/066,,false,
11837,NZNMI07/071,,false,
11838,N020,,false,
11839,N029,,false,
11840,N011,,false,
11841,N013,,false,
11842,N021,,false,
11843,N023,,false,
11844,N046,,false,
11845,N048,,false,
11846,N056,,false,
11847,N112,,false,
11848,N121,,false,
11849,N142,,false,
11850,N169,,false,
11851,N176,,false,
11852,N177,,false,
11853,N018,,false,
11854,N057,,false,
11855,N097,,false,
11856,N124,,false,
11857,Mrs2007003,,false,
11858,Mrs2007004,,false,
11859,Mrs2007006,,false,
11860,Mrs2007007,,false,
11861,Mrs2007008,,false,
11862,Mrs2007016,,false,
11863,Mrs2007018,,false,
11864,Mrs2007023,,false,
11865,Mrs2007025,,false,
11866,Mrs2007028,,false,
11867,Mrs2007029,,false,
11868,Mrs2007031,,false,
11869,Mrs2007042,,false,
11870,Mrs2007044,,false,
11871,Mrs2007045,,false,
11872,Mrs2007046,,false,
11873,Mrs2007047,,false,
11874,Mrs2007048,,false,
11875,Mrs2007053,,false,
11876,Mrs2007054,,false,
11877,Mrs2007055,,false,
11878,Mrs2007056,,false,
11879,Mrs2007057,,false,
11880,Mrs2007058,,false,
11881,Mrs2007059,,false,
11882,Mrs2007061,,false,
11883,Mrs2007062,,false,
11884,Mrs2007063,,false,
11885,Mrs2007068,,false,
11886,Mrs2007073,,false,
11887,Mrs2007078,,false,
11888,Mrs2007083,,false,
11889,Mrs2007088,,false,
11890,Mrs2007093,,false,
11891,Mrs2007097,,false,
11892,Mrs2007104,,false,
11893,Mrs2007105,,false,
11894,Mrs2007107,,false,
11895,Mrs2007111,,false,
11896,Mrs2007112,,false,
11897,Mrs2007114,,false,
11898,Mrs2007115,,false,
11899,Mrs2007120,,false,
11900,Mrs2007122,,false,
11901,Mrs2007127,,false,
11902,Mrs2007128,,false,
11903,Mrs2007130,,false,
11904,Mrs2007132,,false,
11905,Mrs2007133,,false,
11906,Mrs2007137,,false,
11907,Mrs2007142,,false,
11908,Mrs2007144,,false,
11909,Mrs2007148,,false,
11910,Mrs2007151,,false,
11911,Mrs2007153,,false,
11912,Mrs2007155,,false,
11913,Mrs2007156,,false,
11914,Mrs2007157,,false,
11915,Mrs2007158,,false,
11916,Mrs2007159,,false,
11917,Mrs2007160,,false,
11918,Mrs2007166,,false,
11919,Mrs2007167,,false,
11920,Mrs2007169,,false,
11921,Mrs2007171,,false,
11922,Mrs2007173,,false,
11923,Mrs2007175,,false,
11924,Mrs2007177,,false,
11925,Mrs2007179,,false,
11926,Mrs2007181,,false,
11927,Mrs2007183,,false,
11928,Mrs2007185,,false,
11929,Mrs2007186,,false,
11930,Mrs2007188,,false,
11931,Mrs2007190,,false,
11932,Mrs2007192,,false,
11933,Mrs2007194,,false,
11934,Mrs2007196,,false,
11935,Mrs2007198,,false,
11936,Mrs2007200,,false,
11937,Mrs2007201,,false,
11938,Mrs2007204,,false,
11939,Mrs2007205,,false,
11940,Mrs2007209,,false,
11941,Mrs2007210,,false,
11942,Mrs2007213,,false,
11943,Mrs2007223,,false,
11944,Mrs2007224,,false,
11945,Mrs2007233,,false,
11946,Mrs2007244,,false,
11947,Mrs2007245,,false,
11948,Mrs2007248,,false,
11949,Mrs2007250,,false,
11950,Mrs2007252,,false,
11951,Mrs2007254,,false,
11952,Mrs2007256,,false,
11953,Mrs2007261,,false,
11954,Mrs2007267,,false,
11955,Mrs2007268,,false,
11956,Mrs2007272,,false,
11957,Mrs2007276,,false,
11958,Mrs2007287,,false,
11959,Mrs2007290,,false,
11960,Mrs2007292,,false,
11961,Mrs2007303,,false,
11962,Mrs2007306,,false,
11963,Mrs2007309,,false,
11964,Mrs2007312,,false,
11965,Mrs2007315,,false,
11966,Mrs2007318,,false,
11967,Mrs2007320,,false,
11968,Mrs2007323,,false,
11969,Mrs2007327,,false,
11970,Mrs2007330,,false,
11971,Mrs2007333,,false,
11972,Mrs2007334,,false,
11973,Mrs2007337,,false,
11974,Mrs2007340,,false,
11975,Mrs2007343,,false,
11976,Mrs2007344,,false,
11977,Mrs2007347,,false,
11978,Mrs2007350,,false,
11979,Mrs2007353,,false,
11980,Mrs2007356,,false,
11981,Mrs2007359,,false,
11982,Mrs2007362,,false,
11983,Mrs2007386,,false,
11984,Mrs2007390,,false,
11985,Mrs2007404,,false,
11986,Mrs2007443,,false,
11987,Mrs2007444,,false,
11988,Mrs2007445,,false,
11989,Mrs2007446,,false,
11990,Mrs2007447,,false,
11991,Mrs2007448,,false,
11992,Mrs2007449,,false,
11993,Mrs2007450,,false,
11994,Mrs2007451,,false,
11995,Mrs2007452,,false,
11996,Mrs2007453,,false,
11997,Mrs2007454,,false,
11998,Mrs2007455,,false,
11999,Mrs2007456,,false,
12000,Mrs2007457,,false,
12001,Mrs2007458,,false,
12002,Mrs2007459,,false,
12003,Mrs2007460,,false,
12004,Mrs2007461,,false,
12005,Mrs2007462,,false,
12006,Mrs2007463,,false,
12007,Mrs2007464,,false,
12008,Mrs2007465,,false,
12009,Mrs2007466,,false,
12010,Mrs2007467,,false,
12011,Mrs2007468,,false,
12012,Mrs2008001,,false,
12013,Mrs2008002,,false,
12014,Mrs2008003,,false,
12015,Mrs2008004,,false,
12016,Mrs2008005,,false,
12017,Mrs2008006,,false,
12018,Mrs2008007,,false,
12019,Mrs2008008,,false,
12020,Mrs2008009,,false,
12021,Mrs2008010,,false,
12022,Mrs2008011,,false,
12023,Mrs2008012,,false,
12024,Mrs2008027,,false,
12025,Mrs2008039,,false,
12026,Mrs2008040,,false,
12027,Mrs2008041,,false,
12028,Mrs2008042,,false,
12029,Mrs2008043,,false,
12030,Mrs2008044,,false,
12031,Mrs2008045,,false,
12032,Mrs2008046,,false,
12033,Mrs2008047,,false,
12034,0187/08,,false,
12035,N038,,false,
12036,M08.32,,false,
12037,LNP24859,,false,
12038,LNP24931,,false,
12039,M08.29,,false,
12040,DRID630802,,false,
12041,DRID330740,,false,
12042,DRID210701,,false,
12043,DRID630805,,false,
12044,DRID210714,,false,
12045,DRID640702,,false,
12046,0197/08,,false,
12047,Mrs2008179,,false,
12048,NZNMI08/010,,false,
12049,NZNMI08/013,,false,
12050,Mrs2008048,,false,
12051,Mrs2008049,,false,
12052,Mrs2008078,,false,
12053,Mrs2008093,,false,
12054,Mrs2008095,,false,
12055,Mrs2008096,,false,
12056,Mrs2008097,,false,
12057,Mrs2008103,,false,
12058,Mrs2008107,,false,
12059,Mrs2008109,,false,
12060,Mrs2008112,,false,
12061,Mrs2008119,,false,
12062,Mrs2008120,,false,
12063,Mrs2008121,,false,
12064,Mrs2008122,,false,
12065,Mrs2008123,,false,
12066,Mrs2008124,,false,
12067,Mrs2008125,,false,
12068,Mrs2008126,,false,
12069,Mrs2008127,,false,
12070,Mrs2008128,,false,
12071,Mrs2008129,,false,
12072,Mrs2008130,,false,
12073,Mrs2008131,,false,
12074,Mrs2008132,,false,
12075,Mrs2008133,,false,
12076,Mrs2008151,,false,
12077,Mrs2008161,,false,
12078,Mrs2008162,,false,
12079,Mrs2008163,,false,
12080,Mrs2008164,,false,
12081,Mrs2008165,,false,
12082,Mrs2008171,,false,
12083,Mrs2008172,,false,
12084,Mrs2008174,,false,
12085,Mrs2008175,,false,
12086,Mrs2008177,,false,
12087,Mrs2008178,,false,
12088,Mrs2008185,,false,
12089,Mrs2008186,,false,
12090,Mrs2008187,,false,
12091,Mrs2008188,,false,
12092,Mrs2008189,,false,
12093,Mrs2008190,,false,
12094,Mrs2008191,,false,
12095,Mrs2008192,,false,
12096,Mrs2008193,,false,
12097,Mrs2008194,,false,
12098,Mrs2008195,,false,
12099,Mrs2008196,,false,
12100,Mrs2008197,,false,
12101,Mrs2008199,,false,
12102,Mrs2008200,,false,
12103,Mrs2008201,,false,
12104,Mrs2008202,,false,
12105,Mrs2008203,,false,
12106,Mrs2008204,,false,
12107,Mrs2008205,,false,
12108,Mrs2008206,,false,
12109,Mrs2008207,,false,
12110,Mrs2008208,,false,
12111,Mrs2008209,,false,
12112,Mrs2008210,,false,
12113,Mrs2008211,,false,
12114,Mrs2008212,,false,
12115,Mrs2008213,,false,
12116,Mrs2008214,,false,
12117,Mrs2008215,,false,
12118,Mrs2008216,,false,
12119,Mrs2008217,,false,
12120,Mrs2008218,,false,
12121,Mrs2008219,,false,
12122,Mrs2008220,,false,
12123,Mrs2008223,,false,
12124,Mrs2008225,,false,
12125,Mrs2008226,,false,
12126,Mrs2008229,,false,
12127,Mrs2008230,,false,
12128,Mrs2008231,,false,
12129,Mrs2008232,,false,
12130,Mrs2008233,,false,
12131,Mrs2008234,,false,
12132,Mrs2008235,,false,
12133,Mrs2008237,,false,
12134,Mrs2008238,,false,
12135,Mrs2008239,,false,
12136,Mrs2008240,,false,
12137,Mrs2008244,,false,
12138,Mrs2008245,,false,
12139,Mrs2008246,,false,
12140,Mrs2008247,,false,
12141,Mrs2008248,,false,
12142,Mrs2008267,,false,
12143,Mrs2008268,,false,
12144,Mrs2008269,,false,
12145,Mrs2008270,,false,
12146,Mrs2008271,,false,
12147,Mrs2008272,,false,
12148,Mrs2008273,,false,
12149,Mrs2008274,,false,
12150,Mrs2008275,,false,
12151,Mrs2008276,,false,
12152,Mrs2008277,,false,
12153,Mrs2008281,,false,
12154,Mrs2008308,,false,
12155,Mrs2008309,,false,
12156,Mrs2008310,,false,
12157,Mrs2008311,,false,
12158,Mrs2008312,,false,
12159,Mrs2008313,,false,
12160,Mrs2008315,,false,
12161,Mrs2008316,,false,
12162,LNP24966,,false,
12163,21_83,,false,
12164,117_83,,false,
12165,122_83,,false,
12166,142_83,,false,
12167,143_83,,false,
12168,149_83,,false,
12169,207_83,,false,
12170,385_83,,false,
12171,407_83,,false,
12172,519_83,,false,
12173,19_85,,false,
12174,124_85,,false,
12175,144_85,,false,
12176,156_85,,false,
12177,172_85,,false,
12178,254_85,,false,
12179,362_85,,false,
12180,399_85,,false,
12181,419_85,,false,
12182,420_85,,false,
12183,10_86,,false,
12184,12_86,,false,
12185,14_86,,false,
12186,16_86,,false,
12187,36_86,,false,
12188,37_86,,false,
12189,58_86,,false,
12190,63_86,,false,
12191,64_86,,false,
12192,65_86,,false,
12193,132_86,,false,
12194,220_86,,false,
12195,226_86,,false,
12196,312_86,,false,
12197,313_86,,false,
12198,409_86,,false,
12199,411_86,,false,
12200,530_86,,false,
12201,811_86,,false,
12202,225_87,,false,
12203,257_87,,false,
12204,348_87,,false,
12205,393_87,,false,
12206,12_88,,false,
12207,62_88,,false,
12208,67_88,,false,
12209,132_88,,false,
12210,166_88,,false,
12211,167_88,,false,
12212,171_88,,false,
12213,225_88,,false,
12214,237_88,,false,
12215,267_88,,false,
12216,284_88,,false,
12217,14_89,,false,
12218,29_89,,false,
12219,34_89,,false,
12220,40_89,,false,
12221,41_89,,false,
12222,42_89,,false,
12223,46_89,,false,
12224,55_89,,false,
12225,72_89,,false,
12226,75_89,,false,
12227,93_89,,false,
12228,99_89,,false,
12229,108_89,,false,
12230,131_89,,false,
12231,133_89,,false,
12232,136_89,,false,
12233,284_89,,false,
12234,11_90,,false,
12235,14_90,,false,
12236,16_90,,false,
12237,17_90,,false,
12238,22_90,,false,
12239,66_90,,false,
12240,157_90,,false,
12241,164_90,,false,
12242,226_90,,false,
12243,229_90,,false,
12244,322_90,,false,
12245,77_91,,false,
12246,78_91,,false,
12247,191_91,,false,
12248,203_91,,false,
12249,215_91,,false,
12250,273_91,,false,
12251,348_91,,false,
12252,353_91,,false,
12253,354_91,,false,
12254,371_91,,false,
12255,375_91,,false,
12256,464_91,,false,
12257,473_91,,false,
12258,482_91,,false,
12259,1_92,,false,
12260,3_92,,false,
12261,6_92,,false,
12262,7_92,,false,
12263,8_92,,false,
12264,10_92,,false,
12265,11_92,,false,
12266,22_92,,false,
12267,23_92,,false,
12268,25_92,,false,
12269,26_92,,false,
12270,27_92,,false,
12271,28_92,,false,
12272,29_92,,false,
12273,37_92,,false,
12274,39_92,,false,
12275,40_92,,false,
12276,41_92,,false,
12277,42_92,,false,
12278,43_92,,false,
12279,44_92,,false,
12280,45_92,,false,
12281,80_92,,false,
12282,81_92,,false,
12283,82_92,,false,
12284,84_92,,false,
12285,1_98,,false,
12286,2_98,,false,
12287,3_98,,false,
12288,2_99,,false,
12289,3_99,,false,
12290,5_99,,false,
12291,6_99,,false,
12292,7_99,,false,
12293,8_99,,false,
12294,9_99,,false,
12295,10_99,,false,
12296,11_99,,false,
12297,12_99,,false,
12298,13_99,,false,
12299,1_03,,false,
12300,2_03,,false,
12301,3_03,,false,
12302,4_03,,false,
12303,1_05,,false,
12304,10_89,,false,
12305,28_89,,false,
12306,57_89,,false,
12307,68_89,,false,
12308,129_89,,false,
12309,165_89,,false,
12310,204_89,,false,
12311,230_89,,false,
12312,232_89,,false,
12313,233_89,,false,
12314,243_89,,false,
12315,261_89,,false,
12316,264_89,,false,
12317,282_89,,false,
12318,288_89,,false,
12319,421_89,,false,
12320,28_90,,false,
12321,81_90,,false,
12322,91_90,,false,
12323,95_90,,false,
12324,189_90,,false,
12325,190_90,,false,
12326,342_90,,false,
12327,366_90,,false,
12328,379_90,,false,
12329,399_90,,false,
12330,405_90,,false,
12331,429_90,,false,
12332,439_90,,false,
12333,445_90,,false,
12334,450_90,,false,
12335,464_90,,false,
12336,466_90,,false,
12337,482_90,,false,
12338,485_90,,false,
12339,486_90,,false,
12340,489_90,,false,
12341,494_90,,false,
12342,500_90,,false,
12343,501_90,,false,
12344,502_90,,false,
12345,512_90,,false,
12346,524_90,,false,
12347,525_90,,false,
12348,533_90,,false,
12349,538_90,,false,
12350,539_90,,false,
12351,544_90,,false,
12352,3_91,,false,
12353,9_91,,false,
12354,15_91,,false,
12355,21_91,,false,
12356,22_91,,false,
12357,24_91,,false,
12358,26_91,,false,
12359,27_91,,false,
12360,30_91,,false,
12361,32_91,,false,
12362,38_91,,false,
12363,44_91,,false,
12364,50_91,,false,
12365,52_91,,false,
12366,54_91,,false,
12367,56_91,,false,
12368,57_91,,false,
12369,58_91,,false,
12370,65_91,,false,
12371,66_91,,false,
12372,67_91,,false,
12373,72_91,,false,
12374,87_91,,false,
12375,90_91,,false,
12376,105_91,,false,
12377,196_91,,false,
12378,214_91,,false,
12379,2t1_92,,false,
12380,7t1_92,,false,
12381,13t1_92,,false,
12382,24t1_92,,false,
12383,32t1_92,,false,
12384,33t1_92,,false,
12385,46t1_92,,false,
12386,48t1_92,,false,
12387,54t1_92,,false,
12388,57t1_92,,false,
12389,59t1_92,,false,
12390,62t1_92,,false,
12391,68t1_92,,false,
12392,74t1_92,,false,
12393,75t1_92,,false,
12394,80t1_92,,false,
12395,97t1_92,,false,
12396,102t1_92,,false,
12397,126t1_92,,false,
12398,139t1_92,,false,
12399,150t1_92,,false,
12400,186t1_92,,false,
12401,190t1_92,,false,
12402,213t1_92,,false,
12403,216t1_92,,false,
12404,221t1_92,,false,
12405,30t2_93,,false,
12406,32t2_93,,false,
12407,35t2_93,,false,
12408,97t2_93,,false,
12409,132t2_93,,false,
12410,152t2_93,,false,
12411,161t2_93,,false,
12412,182t2_93,,false,
12413,203t2_93,,false,
12414,2t3_93,,false,
12415,30t3_93,,false,
12416,33t3_93,,false,
12417,41t3_93,,false,
12418,57t3_93,,false,
12419,67t3_93,,false,
12420,75t3_93,,false,
12421,86t3_93,,false,
12422,150t3_93,,false,
12423,221t3_93,,false,
12424,10p_98,,false,
12425,22p_98,,false,
12426,23p_98,,false,
12427,30p_98,,false,
12428,34p_98,,false,
12429,52p_98,,false,
12430,57p_98,,false,
12431,63p_98,,false,
12432,81p_98,,false,
12433,82p_98,,false,
12434,85p_98,,false,
12435,91p_98,,false,
12436,102p_98,,false,
12437,112p_98,,false,
12438,116p_98,,false,
12439,121p_98,,false,
12440,127p_98,,false,
12441,131p_98,,false,
12442,140p_98,,false,
12443,144p_98,,false,
12444,156p_98,,false,
12445,159p_98,,false,
12446,6p2_98,,false,
12447,10p2_98,,false,
12448,15p2_98,,false,
12449,19p2_98,,false,
12450,22p2_98,,false,
12451,23p2_98,,false,
12452,34p2_98,,false,
12453,52p2_98,,false,
12454,57p2_98,,false,
12455,63p2_98,,false,
12456,67p2_98,,false,
12457,81p2_98,,false,
12458,82p2_98,,false,
12459,102p2_98,,false,
12460,116p2_98,,false,
12461,121p2_98,,false,
12462,123p2_98,,false,
12463,144p2_98,,false,
12464,6p4_98,,false,
12465,48p4_98,,false,
12466,57p4_98,,false,
12467,82p4_98,,false,
12468,91p4_98,,false,
12469,96p4_98,,false,
12470,135p4_98,,false,
12471,142p4_98,,false,
12472,144p4_98,,false,
12473,23ca_99,,false,
12474,47ca_99,,false,
12475,61ca_99,,false,
12476,69ca_99,,false,
12477,81ca_99,,false,
12478,135ca_99,,false,
12479,159ca_99,,false,
12480,171ca_99,,false,
12481,176ca_99,,false,
12482,177ca_99,,false,
12483,178ca_99,,false,
12484,2_01,,false,
12485,11_01,,false,
12486,58_02,,false,
12487,110_02,,false,
12488,111_02,,false,
12489,125_02,,false,
12490,280_02,,false,
12491,293_02,,false,
12492,pm_02,,false,
12493,M08.38,,false,
12494,1_02,,false,
12495,1P_02,,false,
12496,245_91,,false,
12497,245P_91,,false,
12498,67_89,,false,
12499,67P_89,,false,
12500,69_89,,false,
12501,69P_89,,false,
12502,151_83,,false,
12503,21_90,,false,
12504,68_85,,false,
12505,1P_89,,false,
12506,14P_89,,false,
12507,307P_89,,false,
12508,172_90,,false,
12509,186P_90,,false,
12510,221P_90,,false,
12511,423P_90,,false,
12512,491P_90,,false,
12513,517P_90,,false,
12514,206P_91,,false,
12515,53t1_92,,false,
12516,83t1_92,,false,
12517,104t1_92,,false,
12518,182t1_92,,false,
12519,189t1_92,,false,
12520,2t2_93,,false,
12521,7t2_93,,false,
12522,38t2_93,,false,
12523,53t2_93,,false,
12524,62t2_93,,false,
12525,183t2_93,,false,
12526,7t3_93,,false,
12527,38t3_93,,false,
12528,189t3_93,,false,
12529,92p_98,,false,
12530,147p_98,,false,
12531,151p_98,,false,
12532,2p2_98,,false,
12533,5p2_98,,false,
12534,85p2_98,,false,
12535,92p2_98,,false,
12536,96p2_98,,false,
12537,99p2_98,,false,
12538,112p2_98,,false,
12539,127p2_98,,false,
12540,131p2_98,,false,
12541,36p4_98,,false,
12542,63p4_98,,false,
12543,67p4_98,,false,
12544,76p4_98,,false,
12545,112p4_98,,false,
12546,116p4_98,,false,
12547,147p4_98,,false,
12548,62ca_99,,false,
12549,1P_01,,false,
12550,6P_01,,false,
12551,NZNMI08/031,,false,
12552,2242,,false,
12553,709,,false,
12554,LNP25008,,false,
12555,L2158,,false,
12556,DE10922,,false,
12557,N.416-07,,false,
12558,M17143,,false,
12559,M17145,,false,
12560,M17235,45,false,
12561,M17964,,false,
12563,M18228,,false,
12564,M18205,9,false,
12565,Labno.00689,,false,
12566,Labno.01339,,false,
12567,Labno.03412,,false,
12568,Labno.04945,,false,
12569,Labno.03679,,false,
12570,0004/09,,false,
12571,545,,false,
12572,1603,,false,
12573,1026,,false,
12574,576,,false,
12575,597,,false,
12576,1255,,false,
12577,1515,,false,
12578,1358,,false,
12579,912,,false,
12580,537,,false,
12581,13072,,false,
12582,09-1066,,false,
12583,09-1330,,false,
12585,850023,,false,
12586,850090,,false,
12587,850188,,false,
12588,850194,,false,
12589,850241,,false,
12590,850333,,false,
12591,850346,,false,
12592,850611,,false,
12593,2011594,,false,
12594,2011635,,false,
12595,2011651,,false,
12596,2012212,,false,
12597,2020138,,false,
12598,2020347,,false,
12599,2020911,,false,
12600,2020967,,false,
12601,2021820,,false,
12602,2032243,,false,
12603,2032251,,false,
12604,2040865,,false,
12605,2041187,,false,
12606,2041582,,false,
12607,06-590-44,,false,
12608,17653,,false,
12609,10438,,false,
12610,2032307,,false,
12611,850335,,false,
12612,M08.240538,,false,
12613,M08.240556,,false,
12614,M08.240571,,false,
12615,M08.240598,,false,
12616,0158/08,,false,
12617,25903,,false,
12618,18414,,false,
12619,18423,,false,
12620,18432,,false,
12621,18490,,false,
12622,18508,,false,
12623,18593,,false,
12624,18672,,false,
12625,18172,,false,
12626,18219,,false,
12627,18262,,false,
12628,18289,,false,
12629,18316,,false,
12630,18322,,false,
12631,18367,,false,
12632,18384,,false,
12633,18397,,false,
12634,18482,,false,
12635,0673,,false,
12636,07-590-220,,false,
12637,07-590-254,,false,
12638,07-590-304,,false,
12639,S1309,,false,
12640,L2192,,false,
12641,M09.4,,false,
12642,18611,,false,
12643,18579,,false,
12644,Mk6/08,,false,
12645,N4/09,,false,
12646,Mk7/08,,false,
12647,N30/08,,false,
12648,M08.240565,,false,
12649,M08.240577,,false,
12650,M08.240558,,false,
12651,M08.240599,,false,
12652,75-03183,,false,
12653,76-00230,,false,
12654,79-14993,,false,
12655,85-09262,,false,
12656,87-14597,,false,
12657,87-39198,,false,
12658,87-41692,,false,
12659,87-48360,,false,
12660,89-09673,,false,
12661,M15948,,false,
12662,AH07-FD07,,false,
12663,AH07-001-06,,false,
12664,AH07-015-1,,false,
12665,AH07-012-2,,false,
12666,AH07-014-2,,false,
12667,AH08-09,,false,
12668,AH08-10,,false,
12669,AH08MJ00403,,false,
12670,AH07-FD14,,false,
12671,AH07-FD10,,false,
12672,053442,1,false,
12673,M04240512,,false,
12674,M18700,,false,
12675,M18701,,false,
12676,M18725,,false,
12677,M04240491,,false,
12678,M06241076,,false,
12679,AN1582,,false,
12680,AN1579,,false,
12681,AN1576,,false,
12682,AP1643,,false,
12683,AP1642,,false,
12684,1935,,false,
12685,1937,,false,
12686,1939,,false,
12687,1963,,false,
12688,1979,,false,
12689,1991,,false,
12690,1992,,false,
12691,1997,,false,
12692,2028,,false,
12693,2037,,false,
12694,496,,false,
12695,156946,,false,
12696,2060,,false,
12697,2758,,false,
12698,N.228,,false,
12699,2864,,false,
12700,N.233,,false,
12701,1673,,false,
12702,2882,,false,
12703,157856,,false,
12704,156294,,false,
12705,155778,,false,
12706,N.241,,false,
12707,153461,,false,
12708,07-590-350,,false,
12709,153560,,false,
12710,156295,,false,
12711,N.249,,false,
12712,N.97,,false,
12713,346,,false,
12714,1325,,false,
12715,2854,,false,
12716,2791,,false,
12717,157271,,false,
12718,155453,,false,
12719,1213,,false,
12720,156374,,false,
12721,967,,false,
12722,N.423,,false,
12723,N.427,,false,
12724,1382,,false,
12725,1217,,false,
12726,N.510,,false,
12727,N.553,,false,
12728,N.567,,false,
12729,N.57,,false,
12730,N.573,,false,
12731,N.590,,false,
12732,N.701,,false,
12733,N.768,,false,
12734,N.799,,false,
12735,N.105,,false,
12736,157051,,false,
12737,157054,,false,
12738,153922,,false,
12739,N.112,,false,
12740,N.644,,false,
12741,N.664,,false,
12742,N.222,,false,
12743,N.816,,false,
12744,2855,,false,
12745,N.424/06,,false,
12746,N.427/06,,false,
12747,N.621/06,,false,
12748,M-1.2,,false,
12749,NG0009,,false,
12750,NG0505,,false,
12751,NG0501,,false,
12752,NG9509,,false,
12753,NG0405,,false,
12754,NG0507,,false,
12755,NG0007,,false,
12756,NG9806,,false,
12757,NG0406,,false,
12758,NG9503,,false,
12759,NG9505,,false,
12760,NG9510,,false,
12761,NG9506,,false,
12762,NG9708,,false,
12763,NG9608,,false,
12764,NG9607,,false,
12765,NG0111,,false,
12766,MG9511,,false,
12767,BF63,,false,
12768,S421,,false,
12769,BF3,,false,
12770,BF12,,false,
12771,N.117,,false,
12772,1178,,false,
12773,M02240427,,false,
12774,M03241745,,false,
12775,0932,,false,
12776,25117,,false,
12777,25123,,false,
12778,25124,,false,
12779,25141,,false,
12780,25146,,false,
12781,25152,,false,
12782,0037/09,,false,
12783,0039/09,,false,
12785,epsilon-1,,false,
12786,6894,,false,
12787,09-1780,,false,
12788,S481,,false,
12789,BF46,,false,
12794,0005/08,,false,
12796,0007/08,,false,
12797,0008/08,,false,
12798,0009/08,,false,
12799,0010/08,,false,
12801,0014/08,,false,
12802,0015/08,,false,
12803,0016/08,,false,
12804,0017/08,,false,
12805,0018/08,,false,
12806,0021/08,,false,
12808,0025/08,,false,
12809,0045/08,,false,
12810,0046/08,,false,
12811,0048/08,,false,
12812,0051/08,,false,
12813,02-1362,,false,
12814,0055/08,,false,
12815,85-12490,,false,
12816,0059/08,,false,
12817,0062/08,,false,
12819,0066/08,,false,
12821,1925,,false,
12822,0071/08,,false,
12823,0072/08,,false,
12824,1922,,false,
12825,0074/08,,false,
12827,0076/08,,false,
12828,0083/08,,false,
12829,0085/08,,false,
12830,1887,,false,
12831,236/06,,false,
12832,0089/08,,false,
12833,0090/08,,false,
12834,071/08,,false,
12835,0092/08,,false,
12836,0093/08,,false,
12837,0094/08,,false,
12838,354/07,,false,
12839,0096/08,,false,
12840,0097/08,,false,
12841,0098/08,,false,
12842,0100/08,,false,
12844,352/07,,false,
12846,0106/08,,false,
12847,0107/08,,false,
12848,027/07,,false,
12849,0110/08,,false,
12850,0112/08,,false,
12851,0113/08,,false,
12853,294/06,,false,
12855,0118/08,,false,
12858,0122/08,,false,
12859,0123/08,,false,
12860,0124/08,,false,
12863,0127/08,,false,
12866,0132/08,,false,
12867,0133/08,,false,
12868,0134/08,,false,
12870,267/06,,false,
12871,0137/08,,false,
12872,0138/08,,false,
12876,0144/08,,false,
12877,0145/08,,false,
12878,0146/08,,false,
12879,250/06,,false,
12880,237/06,,false,
12881,0149/08,,false,
12882,0150/08,,false,
12883,0155/08,,false,
12884,0156/08,,false,
12885,0157/08,,false,
12886,09-1728,,false,
12887,0159/08,,false,
12888,0163/08,,false,
12889,169/06,,false,
12890,0166/08,,false,
12891,0167/08,,false,
12892,0168/08,,false,
12895,0175/08,,false,
12898,0182/08,,false,
12899,0183/08,,false,
12900,0185/08,,false,
12901,480/05,,false,
12902,0189/08,,false,
12903,0190/08,,false,
12904,0191/08,,false,
12905,0192/08,,false,
12906,0193/08,,false,
12907,0194/08,,false,
12908,0196/08,,false,
12909,323/05,,false,
12910,0198/08,,false,
12911,0199/08,,false,
12913,0203/08,,false,
12915,0206/08,,false,
12916,0207/08,,false,
12917,0208/08,,false,
12918,0209/08,,false,
12919,0211/08,,false,
12920,0212/08,,false,
12921,NZNMI08/035,,false,
12922,318/05,,false,
12923,294/05,,false,
12924,260/05,,false,
12925,69/05,,false,
12926,227/04,,false,
12927,029/04,,false,
12928,02-1273,,false,
12929,84-47938,,false,
12930,87-39376,,false,
12931,81-22342,,false,
12932,85-11260,,false,
12933,85-11758,,false,
12934,85-11759,,false,
12935,85-16999,,false,
12936,85-17004,,false,
12937,98-2514,,false,
12938,09-2067,,false,
12939,09-2082,,false,
12940,09-1602,,false,
12941,1770,,false,
12942,1893,,false,
12943,1928,,false,
12944,1930,,false,
12945,1965,,false,
12946,2193,,false,
12947,2207,,false,
12948,2211,,false,
12949,2230,,false,
12950,2262,,false,
12951,2289,,false,
12952,2310,,false,
12953,2319,,false,
12954,2352,,false,
12955,2413(cg),,false,
12956,2504,,false,
12957,2507,,false,
12958,2521,,false,
12959,2571,,false,
12960,2593,,false,
12961,2598,,false,
12962,2673,,false,
12963,2694,,false,
12964,2711,,false,
12965,2747,,false,
12966,2765,,false,
12967,2818,,false,
12968,2850,,false,
12969,2917,,false,
12970,3148,,false,
12971,3266,,false,
12972,3292,,false,
12973,3319,,false,
12974,3338,,false,
12975,3386,,false,
12976,3409,,false,
12977,3497,,false,
12978,3626,,false,
12979,3632,,false,
12980,M09.13,,false,
12982,25208,,false,
12983,25213,,false,
12984,25225,,false,
12985,25242,,false,
12986,25247,,false,
12987,25258,,false,
12988,25238,,false,
12989,28,,false,
12990,61,,false,
12991,N.897,,false,
12992,Mrs2008317,,false,
12993,Mrs2009038,,false,
12994,Mrs2009040,,false,
12995,Mrs2009043,,false,
12996,M09.18,,false,
12997,0090/09,,false,
12998,0099/09,,false,
12999,09-2228,,false,
13000,N.462,,false,
13001,2428,,false,
13002,1323,,false,
13003,1473,,false,
13004,1102,,false,
13005,1568,,false,
13006,153098,,false,
13007,157039,,false,
13008,1762,,false,
13009,2798,,false,
13010,1791,,false,
13011,2822,,false,
13012,2821,,false,
13013,155390,,false,
13014,155602,,false,
13015,156185,,false,
13016,1393,,false,
13017,157625,,false,
13018,155155,,false,
13019,155075,,false,
13020,155931,,false,
13021,155403,,false,
13022,881,,false,
13023,153719,,false,
13024,155376,,false,
13025,156241,,false,
13026,157781,,false,
13027,966,,false,
13028,1470,,false,
13029,1626,,false,
13030,157424,,false,
13031,969,,false,
13032,2727,,false,
13033,2732,,false,
13034,1321,,false,
13035,1384,,false,
13036,153838,,false,
13037,156394,,false,
13038,156510,,false,
13039,157525,,false,
13040,156413,,false,
13041,156966,,false,
13042,157515,,false,
13043,155339,,false,
13044,157839,,false,
13045,155698,,false,
13046,157689,,false,
13047,153850,,false,
13048,153851,,false,
13049,1506,,false,
13050,2723,,false,
13051,1232,,false,
13052,1212,,false,
13053,1472,,false,
13054,970,,false,
13055,971,,false,
13056,2756,,false,
13057,1098,,false,
13058,2764,,false,
13059,153992,,false,
13060,2735,,false,
13061,2842,,false,
13062,882,,false,
13063,2820,,false,
13064,2883,,false,
13065,2865,,false,
13066,2789,58,false,
13067,2863,,false,
13068,155454,,false,
13069,153571,,false,
13070,1667,,false,
13071,2866,,false,
13072,1623,,false,
13073,1045,,false,
13074,1099,,false,
13075,155465,,false,
13076,2884,,false,
13077,153718,,false,
13078,153432,,false,
13079,1182,,false,
13080,1670,,false,
13081,2733,,false,
13082,2763,,false,
13083,2885,,false,
13084,2819,,false,
13085,M14659,,false,
13086,M15348,,false,
13087,M15508,4504,false,
13088,M15874,,false,
13089,M16512,,false,
13090,M19024,,false,
13091,M14745,,false,
13092,M14788,,false,
13093,M15470,,false,
13094,M15877,,false,
13095,M16729,2259,false,
13096,M16861,3,false,
13097,M14880,3571,false,
13098,N.33,,false,
13099,N.238,,false,
13100,N.243,,false,
13101,N.244,,false,
13102,N.318,,false,
13103,N.320,,false,
13104,N.327,,false,
13105,N.430,,false,
13106,N.458,,false,
13107,N.484,,false,
13108,N.547,,false,
13109,N.635,,false,
13110,N.730,,false,
13111,N.15,,false,
13112,N.151,,false,
13113,N.205,,false,
13114,N.354,,false,
13115,N.410,,false,
13116,N.839,,false,
13117,N.22,,false,
13118,N.159,,false,
13119,N.387,,false,
13120,N.392,,false,
13121,N.541,,false,
13122,N.676,,false,
13123,N.677,,false,
13124,N.1069,,false,
13125,N.1471,,false,
13126,M09.20,,false,
13127,25280,,false,
13128,25301,,false,
13129,25314,,false,
13130,88-06936,,false,
13131,88-13240,,false,
13132,88-14320,,false,
13133,88-22544,,false,
13134,2202,,false,
13135,2291,,false,
13136,2509,,false,
13137,DRID510541,,false,
13138,78-01793,,false,
13139,78-16959,,false,
13140,85-01528,,false,
13141,86-55043,,false,
13142,88-19387,,false,
13143,Nm-xi-an-09-1,,false,
13144,85-06638,,false,
13145,N.143,,false,
13146,N.303,,false,
13147,N.363,,false,
13148,Komi4/09,,false,
13149,Komi10/09,,false,
13150,Komi14/09,,false,
13151,Komi16/09,,false,
13152,23257,,false,
13153,22967,,false,
13154,22979,,false,
13155,23099,,false,
13156,23120,,false,
13157,23148,,false,
13158,23162,,false,
13159,23266,,false,
13160,23270,,false,
13161,139,,false,
13162,246,,false,
13163,378,,false,
13164,850463,,false,
13165,851411,,false,
13166,25324,,false,
13167,Omsk3-4-2/09,,false,
13168,M619car_A/08,,false,
13169,M621car_A/08,,false,
13170,M629car_A/08,,false,
13171,M636car_A/08,,false,
13172,M737car_A/08,,false,
13173,M741car_A/08,,false,
13174,M742car_A/08,,false,
13175,M743car_A/08,,false,
13176,M746car_A/08,,false,
13177,M766car_A/08,,false,
13178,M762car_B/08,,false,
13179,M548/07,,false,
13180,M579/07,,false,
13181,M812/08,,false,
13182,M817/08,,false,
13183,M1041/08,,false,
13184,M1017/08,,false,
13185,M616/08,,false,
13186,M16/09,,false,
13187,M124/09,,false,
13188,M858/09,,false,
13189,M872/09,,false,
13190,0108/09,,false,
13191,0110/09,,false,
13192,NML01051,,false,
13193,NML02135,,false,
13194,NML01116,,false,
13195,NML01302,,false,
13196,NML01331,,false,
13197,NML01403,,false,
13198,1140,,false,
13199,1464,,false,
13200,4184,,false,
13201,4752,,false,
13202,25378,,false,
13203,9183,,false,
13204,9154,,false,
13205,L2334,,false,
13206,157701,,false,
13207,M08 0240262,,false,
13208,9136,,false,
13209,4145,,false,
13210,4170,,false,
13211,9164,,false,
13212,2134,,false,
13213,M08 0240270,,false,
13214,M07 240837,,false,
13215,M070240727,,false,
13216,M070240774,,false,
13217,M070240778,,false,
13218,M070240993,,false,
13219,M070240994,,false,
13220,M070241026,,false,
13221,M070241027,,false,
13222,M07 241033,,false,
13223,10566,,false,
13224,13649,,false,
13225,M07 241138,,false,
13226,M07 0241142,,false,
13227,M08 240094,,false,
13228,M08 240267,,false,
13229,M08 240367,,false,
13230,M08 240362,,false,
13231,M08 240264,,false,
13232,M4525,,false,
13233,M4294,,false,
13234,M4322,,false,
13235,M4323,,false,
13236,M4342,,false,
13237,M4518,,false,
13238,M4548,,false,
13239,M4559,,false,
13240,2010-142,,false,
13241,Rio19,,false,
13242,Rio15,,false,
13243,Rio169,,false,
13244,10-2409,,false,
13245,10-2424,,false,
13246,Rio127,,false,
13247,Rio149,,false,
13248,BL02770,,false,
13249,BF312,,false,
13250,25393,,false,
13251,M04217,,false,
13252,G1065,,false,
13253,2009-081,,false,
13254,2009-103,,false,
13255,2009-106,,false,
13256,Rio9,,false,
13257,2009-028,,false,
13258,2009-029,,false,
13259,Rio41,,false,
13260,Rio36,,false,
13261,09-2729,,false,
13262,Rio176,,false,
13263,Rio64,,false,
13264,Rio55,,false,
13265,0003/06,,false,
13266,0004/06,,false,
13267,0005/06,,false,
13268,0011/06,,false,
13270,0013/06,,false,
13271,0014/06,,false,
13272,0015/06,,false,
13273,0018/06,,false,
13274,0020/06,,false,
13275,0021/06,,false,
13276,0022/06,,false,
13277,0024/06,,false,
13278,0026/06,,false,
13279,0028/06,,false,
13281,0031/06,,false,
13282,0034/06,,false,
13283,0037/06,,false,
13284,0038/06,,false,
13285,0040/06,,false,
13286,0042/06,,false,
13287,0043/06,,false,
13288,0044/06,,false,
13289,0045/06,,false,
13290,0046/06,,false,
13291,0047/06,,false,
13292,0048/06,,false,
13293,0049/06,,false,
13294,0050/06,,false,
13295,0051/06,,false,
13296,0052/06,,false,
13297,0053/06,,false,
13298,0054/06,,false,
13299,0056/06,,false,
13300,0057/06,,false,
13301,0059/06,,false,
13302,0060/06,,false,
13303,0061/06,,false,
13304,0065/06,,false,
13305,0067/06,,false,
13309,0074/06,,false,
13311,0079/06,,false,
13312,0081/06,,false,
13316,0090/06,,false,
13317,0092/06,,false,
13318,0096/06,,false,
13319,0098/06,,false,
13320,0099/06,,false,
13321,0100/06,,false,
13322,0104/06,,false,
13323,0105/06,,false,
13324,0106/06,,false,
13325,0108/06,,false,
13326,0109/06,,false,
13327,0112/06,,false,
13328,0113/06,,false,
13329,0115/06,,false,
13330,0117/06,,false,
13331,0118/06,,false,
13332,0120/06,,false,
13333,0123/06,,false,
13334,0124/06,,false,
13335,0126/06,,false,
13336,0127/06,,false,
13337,0128/06,,false,
13338,0130/06,,false,
13339,0131/06,,false,
13340,0133/06,,false,
13343,0136/06,,false,
13344,0143/06,,false,
13345,0144/06,,false,
13348,0149/06,49,false,
13350,0154/06,,false,
13351,0157/06,,false,
13352,0158/06,,false,
13353,0159/06,,false,
13355,0163/06,,false,
13356,0164/06,,false,
13357,0167/06,,false,
13358,0001/07,,false,
13359,0005/07,,false,
13360,0006/07,,false,
13361,0007/07,,false,
13362,0009/07,,false,
13363,0010/07,,false,
13366,0013/07,,false,
13367,0015/07,,false,
13368,0016/07,,false,
13369,0017/07,,false,
13370,0018/07,,false,
13371,0020/07,,false,
13372,0023/07,,false,
13373,0025/07,,false,
13374,0026/07,,false,
13375,0027/07,,false,
13376,0028/07,,false,
13377,0030/07,,false,
13378,0031/07,,false,
13379,0032/07,,false,
13380,0033/07,,false,
13381,0034/07,,false,
13382,0038/07,,false,
13383,0039/07,,false,
13384,0040/07,,false,
13385,0041/07,,false,
13386,0042/07,,false,
13387,0047/07,,false,
13388,0052/07,,false,
13389,0053/07,,false,
13390,0054/07,,false,
13391,0056/07,,false,
13405,0076/07,,false,
13406,0080/07,,false,
13407,0085/07,,false,
13408,0086/07,,false,
13411,0089/07,,false,
13412,0090/07,,false,
13414,0095/07,,false,
13415,0097/07,,false,
13416,0098/07,,false,
13417,0101/07,,false,
13418,0102/07,,false,
13420,0106/07,2,false,
13421,0109/07,,false,
13422,0110/07,,false,
13423,0113/07,,false,
13427,0126/07,,false,
13428,0127/07,,false,
13429,0130/07,,false,
13430,0131/07,,false,
13431,0134/07,,false,
13432,0135/07,,false,
13433,0136/07,,false,
13434,0143/07,,false,
13435,0145/07,,false,
13437,0153/07,,false,
13438,0154/07,,false,
13439,0155/07,,false,
13441,0160/07,,false,
13442,0162/07,,false,
13443,0164/07,,false,
13444,0171/07,,false,
13445,0172/07,104,false,
13446,0174/07,,false,
13449,0182/07,,false,
13451,0188/07,,false,
13452,0189/07,,false,
13456,0196/07,,false,
13457,0001/09,,false,
13458,0002/09,,false,
13459,0003/09,,false,
13460,0005/09,,false,
13461,0006/09,,false,
13462,0007/09,,false,
13463,0008/09,,false,
13464,0009/09,,false,
13465,0010/09,,false,
13466,0011/09,,false,
13468,0013/09,,false,
13469,0014/09,,false,
13470,0015/09,,false,
13471,0016/09,,false,
13472,0017/09,,false,
13473,0018/09,,false,
13474,0019/09,,false,
13475,0020/09,,false,
13476,0023/09,,false,
13477,0024/09,,false,
13478,0025/09,,false,
13479,0026/09,,false,
13480,0027/09,,false,
13481,0028/09,,false,
13482,0029/09,,false,
13483,0030/09,,false,
13484,0033/09,,false,
13485,0034/09,65,false,
13486,0036/09,,false,
13487,0038/09,,false,
13490,0043/09,,false,
13491,0045/09,,false,
13493,0047/09,,false,
13494,0048/09,,false,
13496,0050/09,,false,
13497,0051/09,,false,
13498,0052/09,,false,
13501,0055/09,,false,
13502,0062/09,,false,
13503,0063/09,,false,
13504,0064/09,,false,
13505,0065/09,,false,
13506,0067/09,,false,
13507,0068/09,,false,
13510,0071/09,,false,
13511,0072/09,,false,
13512,0076/09,,false,
13514,0081/09,,false,
13515,0082/09,,false,
13516,0083/09,,false,
13518,0087/09,,false,
13519,0089/09,,false,
13520,0091/09,,false,
13521,0092/09,,false,
13522,0093/09,,false,
13523,0094/09,,false,
13524,0095/09,,false,
13525,0096/09,,false,
13526,0097/09,,false,
13527,0098/09,,false,
13528,0101/09,,false,
13529,0103/09,,false,
13530,0104/09,,false,
13531,0105/09,,false,
13532,0106/09,,false,
13533,0107/09,,false,
13534,0109/09,,false,
13535,0112/09,,false,
13536,0113/09,,false,
13537,0114/09,,false,
13538,0115/09,,false,
13539,0117/09,,false,
13540,0118/09,,false,
13541,0119/09,,false,
13542,0120/09,,false,
13543,0121/09,,false,
13544,0122/09,,false,
13545,0123/09,,false,
13546,Rio115,,false,
13547,GR-W-2426_Str_09,,false,
13548,GR-W-2475_Str_09,,false,
13549,GR-W-2608_Str_09,,false,
13550,GR-AK-1328_Str_09,,false,
13551,76-08443,,false,
13552,77-00638,,false,
13553,77-23506,,false,
13554,77-26075,,false,
13555,79-14992,,false,
13556,82-23400,,false,
13557,85-11310,,false,
13558,85-12316,,false,
13559,87-30221,,false,
13560,87-33066,,false,
13561,87-48359,,false,
13562,88-26571,,false,
13563,88-29296,,false,
13564,80-33139,,false,
13565,Rio3,,false,
13566,Rio26,,false,
13567,37,,false,
13568,44,,false,
13569,53,,false,
13570,Rio96,,false,
13571,121,,false,
13572,128,,false,
13573,142,,false,
13574,150,,false,
13575,Rio157,,false,
13576,177,,false,
13577,2090248,,false,
13578,383,,false,
13579,2091629,,false,
13580,2092127,,false,
13581,318,,false,
13582,2081617,,false,
13583,2091259,,false,
13584,2091153,,false,
13585,M08 240263,,false,
13586,M07 0241109,,false,
13587,2008-093,,false,
13588,2008-146,,false,
13589,2008-153,,false,
13590,2008-232,,false,
13591,2008-237,,false,
13592,M08 0240260,,false,
13593,M08 0240139,,false,
13594,M08.240594,,false,
13595,M08.240603,,false,
13596,M07 240974,,false,
13597,12086/06,,false,
13598,12017/07,,false,
13599,12034/07,,false,
13600,12038/07,,false,
13601,12059/07,,false,
13602,12005/08,,false,
13603,12028/08,,false,
13604,12040/08,,false,
13605,12045/08,,false,
13606,12064/08,,false,
13607,12001/09,,false,
13608,12008/09,,false,
13609,12010/09,,false,
13610,12020/09,,false,
13611,12021/09,,false,
13612,12026/09,,false,
13613,12027/09,,false,
13614,12029/09,,false,
13615,12035/09,,false,
13616,M08 240369,,false,
13617,M08 240261,,false,
13618,M08 240275,,false,
13619,M08 240368,,false,
13620,M08 240373,,false,
13621,Rio33,,false,
13622,0124/09,,false,
13623,0125/09,,false,
13624,0128/09,,false,
13625,0129/09,,false,
13626,L2405,,false,
13627,3125,,false,
13628,M09.240004,,false,
13629,M09.240104,,false,
13630,M07 0240686,,false,
13631,M09.38,,false,
13632,85-11864,,false,
13633,85-16214,,false,
13634,88-29295,,false,
13635,2003-244,,false,
13636,BF386,,false,
13637,M09.240008,,false,
13638,M09.240018,,false,
13639,M09.240028,,false,
13640,M09.240064,,false,
13641,M09.240082,,false,
13642,M09.240093,,false,
13643,M09.240144,,false,
13644,M09.240146,,false,
13645,M09.240010,,false,
13646,M09.240097,,false,
13647,N8/09,,false,
13648,N20/09,,false,
13649,84-32805,,false,
13650,84-44362,,false,
13651,85-12194,,false,
13652,85-14728,,false,
13653,85-15978,,false,
13654,85-17230,,false,
13655,85-18195,,false,
13656,2009-028,,false,
13657,2009-037,,false,
13658,2009-049,,false,
13659,2009-065,,false,
13660,2009-070,,false,
13661,2008-032,,false,
13662,2008-110,,false,
13663,2008-225,,false,
13664,2006-072,,false,
13665,2007-165,,false,
13666,2009-029,,false,
13667,Rio145,,false,
13668,Rio179,,false,
13669,Rio192,,false,
13670,NGON 07-028,,false,
13671,NGON 07-037,,false,
13672,NGON 00-102,,false,
13673,NG0016,,false,
13674,NGON 03-086,,false,
13675,NGON 08-003,,false,
13676,NGON 02-079,,false,
13677,NGON 03-100,,false,
13678,NGON 00-013,,false,
13679,NGON 07-004,,false,
13680,NGON 00-040,,false,
13681,NGON 03-024,,false,
13682,NG0N 04-085,,false,
13683,2198,,false,
13684,182,,false,
13685,NCCP11945,16,false,
13686,NGON 07-012,,false,
13687,NGON 00-019,,false,
13688,M08 0240522,,false,
13689,M08 240507,,false,
13690,M08 240144,,false,
13691,M08 240147,,false,
13692,M08 240148,,false,
13693,beta5,,false,
13694,beta18,,false,
13695,beta21,,false,
13696,beta78,,false,
13697,beta116,,false,
13698,beta129,,false,
13699,beta143,,false,
13700,beta174,,false,
13701,beta200,,false,
13702,beta210,,false,
13703,beta214,,false,
13704,M03241058,,false,
13705,M03241232,,false,
13706,M03241578,,false,
13707,M03241655,,false,
13708,M04240201,,false,
13709,M04240306,,false,
13710,M04240328,,false,
13711,M04240623,,false,
13712,M04241278,,false,
13713,M04241334,,false,
13714,M04241355,,false,
13715,M04241428,,false,
13716,M04241665,,false,
13717,M05240204,,false,
13718,M05240300,,false,
13719,M06241150,,false,
13720,17974,,false,
13721,29/84,,false,
13722,343/97,,false,
13723,90/87,,false,
13724,97/00,,false,
13725,18368,,false,
13726,20427,,false,
13727,20500,,false,
13728,20782,,false,
13729,21221,,false,
13730,21696,,false,
13731,21788,,false,
13732,22092,,false,
13733,22107,,false,
13734,22179,,false,
13735,22399,,false,
13736,22578,,false,
13737,23135,,false,
13738,23616,,false,
13739,23859,,false,
13740,25035,,false,
13741,11482,,false,
13742,1973/08,,false,
13743,132/08,,false,
13744,185/09,,false,
13745,70148-16292,,false,
13746,70151-16295,,false,
13747,70299-16980,,false,
13748,70505-17104,,false,
13749,71647-17840,,false,
13750,159000304,,false,
13751,259000123,,false,
13752,559000183,,false,
13753,11/99,,false,
13754,0003/01,,false,
13755,30/99,,false,
13756,20642,,false,
13757,20704,,false,
13758,23047,,false,
13759,23280,,false,
13760,25004,,false,
13761,25014,,false,
13762,25016,,false,
13763,25019,,false,
13764,25025,,false,
13765,25032,,false,
13766,25059,,false,
13767,25087,,false,
13768,25093,,false,
13769,L1249,,false,
13770,8632,,false,
13771,8847,,false,
13772,10078,,false,
13773,10125,,false,
13774,10180,,false,
13775,10462,,false,
13776,382/08,,false,
13777,0159000242,,false,
13778,0459000123,,false,
13779,0559000130,,false,
13780,0759000004,,false,
13781,959000168,,false,
13782,9959000121,,false,
13783,15687,,false,
13784,2000/1101/220,,false,
13785,2000/1101/294,,false,
13786,99/1101/073,,false,
13787,99/1101/204,,false,
13788,7/99,,false,
13789,104/93,,false,
13790,111/97,,false,
13791,115/97,,false,
13792,130/99,,false,
13793,143/97,,false,
13794,163/99,,false,
13795,165/99,,false,
13796,166/96,,false,
13797,180/96,,false,
13798,202/96,,false,
13799,205/97,,false,
13800,211/98,,false,
13801,0212/99,,false,
13802,253/99,,false,
13803,266/97,,false,
13804,283/98,,false,
13805,292/96,,false,
13806,340/97,,false,
13807,341/97,,false,
13808,350/97,,false,
13809,494/96,,false,
13810,79/97,,false,
13811,84/97,,false,
13812,18278,,false,
13813,22137,,false,
13814,22750,,false,
13815,22751,,false,
13816,23036,,false,
13817,23198,,false,
13818,23352,,false,
13819,23390,,false,
13820,24868,,false,
13821,25005,,false,
13822,25008,,false,
13823,25027,,false,
13824,25042,,false,
13825,25049,,false,
13826,25051,,false,
13827,25054,,false,
13828,25055,,false,
13829,25056,,false,
13830,25058,,false,
13831,25060,,false,
13832,25065,,false,
13833,25066,,false,
13834,25069,,false,
13835,25078,,false,
13836,25080,,false,
13837,25081,,false,
13838,25091,,false,
13839,25094,,false,
13840,L1330,,false,
13841,L2024,,false,
13842,L2116,,false,
13843,S1208,,false,
13844,20605,,false,
13845,8671,,false,
13846,8854,,false,
13847,8864,,false,
13848,8923,,false,
13849,9158,,false,
13850,9552,,false,
13851,9624,,false,
13852,9728,,false,
13853,10202,,false,
13854,11011,,false,
13855,BM-101,,false,
13856,BM-570,,false,
13857,136/07,,false,
13858,1768/08,,false,
13859,58/08,,false,
13860,854/08,,false,
13861,984/08,,false,
13862,70245-16356,,false,
13863,70296-16979,,false,
13864,70297-16983,,false,
13865,70328-16404,,false,
13866,70416-16456,,false,
13867,70433-16464,,false,
13868,70449-16475,,false,
13869,70527-16532,,false,
13870,70532-16536,,false,
13871,70539-16541,,false,
13872,70585-16574,,false,
13873,70612-17199,,false,
13874,70630-17210,,false,
13875,70802-17337,,false,
13876,70984-16669,,false,
13877,71170-16760,,false,
13878,72526-18340,,false,
13879,0159000158,,false,
13880,0459000138,,false,
13881,330/97,,false,
13882,23051,,false,
13883,23575,,false,
13884,24996,,false,
13885,25015,,false,
13886,25026,,false,
13887,25031,,false,
13888,25036,,false,
13889,25064,,false,
13890,10022,,false,
13891,10225,,false,
13892,BM-359,,false,
13893,210/08,,false,
13894,2930/08,,false,
13895,3610/07,,false,
13896,369/08,,false,
13897,27/09,,false,
13898,28/09,,false,
13899,19/09,,false,
13900,70129-16273,,false,
13901,70542-17182,,false,
13902,243/99,,false,
13903,338/97,,false,
13904,1978/08,,false,
13905,242/99,,false,
13906,23318,,false,
13907,2549/08,,false,
13908,252/99,,false,
13909,20938,,false,
13910,25062,,false,
13911,2000/1101/140,,false,
13912,97/1101/006,,false,
13913,99/1101/182,,false,
13914,18644,,false,
13915,23026,,false,
13916,23324,,false,
13917,23343,,false,
13918,25017,,false,
13919,25023,,false,
13920,25047,,false,
13921,25073,,false,
13922,25090,,false,
13923,8366,,false,
13924,8532,,false,
13925,8791,,false,
13926,9055,,false,
13927,9294,,false,
13928,9470,,false,
13929,9506,,false,
13930,9526,,false,
13931,9984,,false,
13932,191/08,,false,
13933,1926/08,,false,
13934,80/09,,false,
13935,22637,,false,
13936,22093,,false,
13937,16050,,false,
13938,16051,,false,
13939,18221,,false,
13940,18232,,false,
13941,18237,,false,
13942,18378,,false,
13943,24860,,false,
13944,18491,,false,
13945,97/1101/003,,false,
13946,98/1101/221,,false,
13947,20796,,false,
13948,21335,,false,
13949,22676,,false,
13950,23100,,false,
13951,24997,,false,
13952,25006,,false,
13953,25009,,false,
13954,25022,,false,
13955,25028,,false,
13956,25030,,false,
13957,25034,,false,
13958,25038,,false,
13959,25039,,false,
13960,25040,,false,
13961,25041,,false,
13962,25043,,false,
13963,25048,,false,
13964,25052,,false,
13965,25053,,false,
13966,25070,,false,
13967,25071,,false,
13968,25072,,false,
13969,25082,,false,
13970,25083,,false,
13971,25084,,false,
13972,25085,,false,
13973,25089,,false,
13974,25095,,false,
13975,25098,,false,
13976,20611,,false,
13977,8334,,false,
13978,9443,,false,
13979,10375,,false,
13980,11455,,false,
13981,1434/08,,false,
13982,215/07,,false,
13983,446/08,,false,
13984,132/07,,false,
13985,79/09,,false,
13986,148/08,,false,
13987,306/08,,false,
13988,29/09,,false,
13989,70011-16188,,false,
13990,70564-17179,,false,
13991,0359000109,,false,
13992,20957,,false,
13993,22330,,false,
13994,22342,,false,
13995,70003-16181,,false,
13996,22703,,false,
13997,22740,,false,
13998,23248,,false,
13999,24089,,false,
14000,70771-17326,,false,
14001,20390,,false,
14002,20434,,false,
14003,W-1575,,false,
14004,22290,,false,
14005,23441,,false,
14006,70463-17124,,false,
14007,72021-18044,,false,
14008,0259000074,,false,
14009,0259000109,,false,
14010,0559000358,,false,
14011,9959000166,,false,
14012,23396,,false,
14013,25007,,false,
14014,25029,,false,
14015,25046,,false,
14016,25086,,false,
14017,25092,,false,
14018,2629/08,,false,
14019,26/09,,false,
14020,136/09,,false,
14021,388/08,,false,
14022,0259000062,,false,
14023,0359000339,,false,
14024,459000192,,false,
14025,1136/08,,false,
14026,381/07,,false,
14027,70559-17189,,false,
14028,1851/08,,false,
14029,91/07,,false,
14030,25001,,false,
14031,25003,,false,
14032,25018,,false,
14033,25020,,false,
14034,25033,,false,
14035,25037,,false,
14036,25050,,false,
14037,8441,,false,
14038,70430-17073,,false,
14039,8724,,false,
14040,2007/1101/113,,false,
14042,13646,,false,
14043,70264-16375,,false,
14044,70279-16396,,false,
14045,70429-17072,,false,
14046,70477-16496,,false,
14047,70397-17055,,false,
14048,70566-17186,,false,
14049,70567-17187,,false,
14050,71611-17818,,false,
14051,694,,false,
14052,899,,false,
14053,901,,false,
14054,745,,false,
14055,870,,false,
14056,978,,false,
14057,944,,false,
14058,unknown,,false,
14059,unknown,,false,
14060,25012,,false,
14061,25024,,false,
14062,25067,,false,
14063,25079,,false,
14064,2150,,false,
14065,2152,,false,
14066,2154,,false,
14067,MG:86/09,,false,
14068,21814,,false,
14069,22167,,false,
14070,23142,,false,
14071,10/09,,false,
14072,11/07,,false,
14073,31/09,,false,
14074,86/09,,false,
14075,42/09,,false,
14076,M07 0240779,,false,
14077,M07 240802,,false,
14078,M07 240914,,false,
14079,M07 240923,,false,
14080,M07 240931,,false,
14081,M07 241087,,false,
14082,M07 241107,,false,
14083,M07 241117,,false,
14084,M07 241118,,false,
14085,M07 241131,,false,
14086,M07 241132,,false,
14087,M08 0240522,,false,
14088,Rio203,,false,
14089,153990,,false,
14090,507,,false,
14091,956,,false,
14092,1391,,false,
14093,1815,,false,
14094,0947,,false,
14095,09-590-37,,false,
14096,1,,false,
14097,100-07,,false,
14098,1001,,false,
14099,10087,,false,
14100,10177,,false,
14101,10203,,false,
14102,10219,,false,
14103,10323,,false,
14104,10425V3A,,false,
14105,1059,,false,
14106,106/09,,false,
14107,1070/79,,false,
14108,1081,,false,
14109,1083/02,,false,
14110,109-07,,false,
14112,110/09,,false,
14113,11013,,false,
14114,111/95,,false,
14115,118/05,,false,
14116,1201,,false,
14117,1219,,false,
14118,1219,,false,
14119,1265,,false,
14120,1287,,false,
14121,131532,,false,
14122,131778,,false,
14123,Mrs2010029,,false,
14124,Mrs2010035,,false,
14125,1355,,false,
14126,Mrs2010038,,false,
14127,1419/71,,false,
14128,142/08,,false,
14129,Rio146,,false,
14130,14821,,false,
14131,1486,,false,
14132,150/05,,false,
14133,Mrs2010039,,false,
14134,Mrs2010044,,false,
14135,15735,,false,
14136,161-DT-V0,,false,
14137,1631,,false,
14138,16756,,false,
14139,17648,,false,
14140,17746,,false,
14141,17762,,false,
14142,Mrs2010046,,false,
14143,188/87,,false,
14144,Mrs2010048,,false,
14145,2,,false,
14146,2/91,,false,
14147,2000003,,false,
14148,2000024,,false,
14149,2000119,,false,
14150,2000294,,false,
14151,2000319,,false,
14152,2000487,,false,
14153,2000498,,false,
14154,2000564,,false,
14155,2000644,,false,
14156,2000768,,false,
14157,2001,,false,
14158,2001/120,,false,
14159,2001019,,false,
14160,2001019,,false,
14161,2001411,,false,
14162,2001431,,false,
14163,2002,,false,
14164,2002,,false,
14165,2002/6,,false,
14166,2003,,false,
14167,2003,,false,
14168,2004,,false,
14169,2004,,false,
14170,2005,,false,
14171,2006,,false,
14172,2006,,false,
14173,2007,,false,
14174,2007,,false,
14175,2008,,false,
14176,2008,,false,
14177,2010340,,false,
14178,20103V2B,,false,
14179,2010514,,false,
14180,2010953,,false,
14181,2011098,,false,
14182,2012264,,false,
14183,2012345,,false,
14184,2020474,,false,
14185,2020713,,false,
14186,2021010,,false,
14187,2021413,,false,
14188,2022061,,false,
14189,2022309,,false,
14190,2022472,,false,
14191,2022592,,false,
14192,2030078,,false,
14193,2030376,,false,
14194,2031233,,false,
14195,2031245,,false,
14196,2031480,,false,
14197,2031948,,false,
14198,2032088,,false,
14199,2032208,,false,
14200,2040046,,false,
14201,2040630,,false,
14202,2040716,,false,
14203,2040963,,false,
14204,2040983,,false,
14205,2041150,,false,
14206,2041306,,false,
14207,2041510,,false,
14208,2046,,false,
14209,2053,,false,
14210,2061322,,false,
14211,2061407,,false,
14212,2061540,,false,
14213,Mrs2010049,,false,
14214,Mrs2010054,,false,
14215,2081105,,false,
14216,2150,,false,
14217,2150,,false,
14218,2151,,false,
14219,2151,,false,
14220,2156,,false,
14221,2156,,false,
14222,2159,,false,
14223,2183,,false,
14224,2190,,false,
14225,2200,,false,
14226,2200,,false,
14227,2202,,false,
14228,2207,,false,
14229,2215,,false,
14230,2215,,false,
14231,2216,,false,
14232,2229,,false,
14233,2285,,false,
14234,2286,,false,
14235,2296,,false,
14236,23-09,,false,
14237,2328,,false,
14238,2400,,false,
14239,2401,,false,
14240,2402,,false,
14241,2403,,false,
14242,2413,,false,
14243,2460,,false,
14244,25219,,false,
14245,25241,,false,
14246,2594,,false,
14247,N.268,,false,
14248,273,,false,
14250,2750,,false,
14251,2764,,false,
14252,2768,,false,
14253,2774,,false,
14254,2774,,false,
14255,2791,,false,
14256,2799,,false,
14257,28,,false,
14258,280,,false,
14259,2809,,false,
14260,L2567,,false,
14261,2828,,false,
14262,2848,,false,
14263,29,,false,
14264,510602,,false,
14265,2938,,false,
14266,2994,,false,
14267,3011681W,,false,
14268,N.307,,false,
14269,3226,,false,
14270,3248,,false,
14271,3264,,false,
14272,3286,,false,
14273,350,,false,
14274,3620829M,,false,
14275,381,,false,
14276,43,,false,
14278,43/00,,false,
14279,4476,,false,
14280,45,,false,
14281,4804/72,,false,
14282,49,,false,
14283,5069,,false,
14284,5258,,false,
14285,53/94,,false,
14286,53/94,,false,
14287,5466,,false,
14288,55,,false,
14289,5503,,false,
14290,5509,,false,
14291,5515,,false,
14292,5525,,false,
14293,5537,,false,
14294,5560,,false,
14295,510603,,false,
14296,5637,,false,
14297,510604,,false,
14298,5762,,false,
14299,58-07,,false,
14300,5959,,false,
14301,602790,,false,
14302,634/00,,false,
14303,67,,false,
14304,68,,false,
14305,682-WM-V0,,false,
14306,683-EK-V1,,false,
14307,69/09,,false,
14308,75,,false,
14309,N.249,,false,
14310,76-14189,,false,
14311,7633/72,,false,
14312,766,,false,
14313,510605,,false,
14314,78-06,,false,
14315,79-04198,,false,
14316,79-14994,,false,
14317,79-16692,,false,
14318,7967,,false,
14319,800203,,false,
14320,82/09,,false,
14321,8275,,false,
14322,84,,false,
14323,8446,,false,
14324,850344,,false,
14325,850469,,false,
14326,85-17005,,false,
14327,8642,,false,
14328,8659,,false,
14329,8661,,false,
14330,8661,,false,
14331,87-28256,,false,
14332,87-40309,,false,
14333,8794,,false,
14334,510606,,false,
14335,510609,,false,
14336,8864,,false,
14337,8871,,false,
14338,89-07,,false,
14339,8944,,false,
14340,8951,,false,
14341,9114,,false,
14342,915,,false,
14343,917,,false,
14344,9170,,false,
14345,9218,,false,
14346,923,,false,
14347,9276,,false,
14348,9281,,false,
14349,9313,,false,
14350,9396,,false,
14351,94/124,,false,
14352,Mrs2009016,,false,
14353,95-90-083,,false,
14354,96-5698,,false,
14355,96-90-077,,false,
14356,970907,,false,
14357,971,,false,
14358,976,,false,
14359,98/214,,false,
14360,98/90,,false,
14361,98-3107,,false,
14362,9835,,false,
14363,99/022,,false,
14364,99-590-166,,false,
14365,Mrs2009036,,false,
14366,Mrs2009037,,false,
14367,A270,,false,
14368,alpha-227,,false,
14369,alpha-53,,false,
14370,alpha-88,,false,
14371,AT5/4/0/01,,false,
14372,AT66/51/0/00,,false,
14373,B014,,false,
14374,Mrs2009041,,false,
14375,B036,,false,
14376,Mrs2009044,,false,
14377,Mrs2009045,,false,
14378,B050,,false,
14379,B078,,false,
14380,Mrs2009046,,false,
14381,B127,,false,
14382,BF_163,,false,
14383,BF_203,,false,
14384,BF309,,false,
14385,BuFa_44_09,,false,
14386,CDCa17,,false,
14388,0035/00,,false,
14389,Mrs2009047,,false,
14390,0035/02,,false,
14391,DE10354,,false,
14392,DE10400,,false,
14393,DE10685,,false,
14394,DE10833,,false,
14395,DE11258,,false,
14396,DE11263,,false,
14397,DE11337,,false,
14398,DE11576,,false,
14399,DE11577,,false,
14400,DE11645,,false,
14401,DE11821,,false,
14402,DE11824,,false,
14403,DE11872,,false,
14404,DE6228,,false,
14405,DE6810,,false,
14406,DE7060,,false,
14407,DE7302,,false,
14408,DE7660,,false,
14409,DK47-02,,false,
14410,DK54-02,,false,
14411,DK86-02,,false,
14412,ES179-00,,false,
14413,ES579-02,,false,
14414,ES687-02,,false,
14415,ES904-02,,false,
14416,Mrs2009049,,false,
14417,Mrs2009050,,false,
14418,Mrs2009051,,false,
14419,Mrs2009053,,false,
14420,F431,,false,
14421,FI227930,,false,
14422,G142,,false,
14423,G188,,false,
14424,G277,,false,
14425,G73,,false,
14426,gamma 52,,false,
14427,gamma-13,,false,
14428,HS17,,false,
14429,Mrs2009054,,false,
14430,ID36,,false,
14431,IH36109,,false,
14432,INH36152,,false,
14433,L2092,,false,
14434,L90-1021,,false,
14435,LNP23820,,false,
14436,LNP24506,,false,
14437,LNP24596,,false,
14438,"M02, 241285",,false,
14439,M0204,,false,
14440,M0262,,false,
14441,"M03,240924",,false,
14442,"M03,240926",,false,
14443,M05.240089,,false,
14444,Mrs2009055,,false,
14445,M05.240837,,false,
14446,M07 241043,,false,
14447,M08.240092,,false,
14448,M08.240099,,false,
14449,M08.240218,,false,
14450,M08 240247,,false,
14451,M08 240253,,false,
14452,M08 240269,,false,
14453,M08 240453,,false,
14454,M08.240625,,false,
14455,M08.934272,,false,
14456,M0819,,false,
14457,M09.240023,,false,
14458,M09.240122,,false,
14459,Mrs2009056,,false,
14460,M09.240499,,false,
14461,M09.240877,,false,
14462,M110,,false,
14463,M11482,,false,
14464,M1153,,false,
14465,M1168,,false,
14466,M121,,false,
14467,M1336,,false,
14468,M155,,false,
14469,M1561,,false,
14470,Mrs2009057,,false,
14471,13491,,false,
14472,M261,,false,
14473,M2628,,false,
14474,M3087,,false,
14475,M3440,,false,
14476,M4344,,false,
14477,M4438,,false,
14478,M4560,,false,
14479,M4572,,false,
14480,M5178,3,false,
14481,M5418,,false,
14482,M5554,,false,
14483,M-603,,false,
14484,M6640,,false,
14485,M6860,,false,
14486,M776,,false,
14487,M7843,,false,
14488,M7905,,false,
14489,M8544,,false,
14490,M9,,false,
14491,M97 252153,,false,
14492,M97 253248,,false,
14493,M981,,false,
14494,MD01074,,false,
14495,MD01125,,false,
14496,MDU-0309505,,false,
14497,MZ101,,false,
14498,MZ132,,false,
14499,MZ157,,false,
14500,MZ220/06,,false,
14501,MZ382/05,,false,
14502,MZ91,,false,
14503,MZ92,,false,
14504,N.1013/97,,false,
14505,N.175/97,,false,
14506,N.183/97,,false,
14507,N.257/93,,false,
14508,N.361/97,,false,
14509,N.507/97,,false,
14510,N.823/98,,false,
14511,N.823/98,,false,
14512,N105/93,,false,
14513,N1236/97,,false,
14514,N14/05,,false,
14515,N2/03,,false,
14516,N21-04,,false,
14517,N23/03,,false,
14518,N31/01,,false,
14519,N330/97,,false,
14520,N480_02,,false,
14521,N492/97,,false,
14522,N619_04,,false,
14523,N-641-03,,false,
14524,N9/09,,false,
14525,N987/98,,false,
14526,NM 1-1,,false,
14527,NM 1-127,,false,
14528,NM 1-38,,false,
14529,NM 1-48,,false,
14530,NM 1-6,,false,
14531,NM 2-127,,false,
14532,NM02895,,false,
14533,Mrs2009058,,false,
14534,NM02906,,false,
14535,Mrs2009059,,false,
14536,NM02941,,false,
14537,NMI04128,,false,
14538,no id,,false,
14539,no id,,false,
14540,M08 0240231,,false,
14541,M10.240028,,false,
14542,No isolate,,false,
14543,NR114_09,,false,
14544,NR119/06,,false,
14545,NR135_09,,false,
14546,NR50/08,,false,
14547,NR57/04,,false,
14548,NR94,,false,
14549,NZ/MRL04/55,,false,
14550,NZ01S-01090-1,,false,
14551,NZ04038,,false,
14552,NZ04S-01069,,false,
14553,NZ97/169,,false,
14554,NZA1-013-2,,false,
14555,NZA1-175-1,,false,
14556,NZA1-457-1,,false,
14557,NZA2-015-2,,false,
14558,NZA2-062-1,,false,
14559,NZAK04-036,,false,
14560,NZAK04-057,,false,
14561,NZAK04-065,,false,
14562,NZAK04-076,,false,
14563,NZNMI00070,,false,
14564,NZNMI02/099,,false,
14565,NZNMI03/043,,false,
14566,NZNMI05/047,,false,
14567,NZNMI05/144,,false,
14568,NZNMI06/002,,false,
14569,NZNMI06/059,,false,
14570,NZNMI07/041,,false,
14571,NZNMI08/009,,false,
14572,NZNMI09/027,,false,
14573,NZNMI09/047,,false,
14574,NZNMI09/049,,false,
14575,NZNMI09/102,,false,
14576,NZNMP07/026,,false,
14577,O-1,,false,
14578,O-11,,false,
14579,O-21,,false,
14580,O-26,,false,
14581,O-30,,false,
14582,O-39,,false,
14583,O-57,,false,
14584,OR11,,false,
14585,OR88,,false,
14586,OX9930392,,false,
14587,Mrs2009060,,false,
14588,OX9930614,326,false,
14589,Mrs2009061,,false,
14590,Mrs2009062,,false,
14591,OX9930980,348,false,
14592,OX9931545,68,false,
14593,OX9931556,2053,false,
14594,OX9931559,65,false,
14595,OX9931590,24,false,
14596,OX9932139,95,false,
14597,OX9932412,77,false,
14598,P43,,false,
14599,Mrs2009063,,false,
14600,RS482/03,,false,
14601,RS491/03,,false,
14602,S04,,false,
14603,s06,,false,
14604,S1255,,false,
14605,s17,,false,
14606,Mrs2009064,,false,
14607,S20,,false,
14608,s20,,false,
14609,s23,,false,
14610,S24,,false,
14611,S36,,false,
14612,th255,,false,
14613,82-45,,false,
14614,W03,,false,
14615,W09,,false,
14616,W12,,false,
14617,W15,,false,
14618,W20,,false,
14619,W-2535_csf_09,,false,
14620,W-2568_csf_09,,false,
14621,No isolate,,false,
14624,No isolate,,false,
14625,No isolate,,false,
14626,No isolate,,false,
14627,M20918,29,false,
14628,18798,,false,
14629,18872,,false,
14630,18904,,false,
14631,0007/10,,false,
14632,0011/10,,false,
14633,N.127,,false,
14634,76-26523,,false,
14635,78-32591,,false,
14636,78-36050,,false,
14637,79-14991,,false,
14638,81-43411,,false,
14639,85-15333,,false,
14640,08-3569,,false,
14641,L2479,,false,
14642,0015/10,,false,
14643,0017/10,,false,
14644,77-25350,,false,
14645,81-15430,,false,
14646,88-27794,,false,
14647,85-04787,,false,
14648,85-08342,,false,
14649,85-09251,,false,
14650,86-51217,,false,
14651,3904_09,,false,
14652,M07 240708,,false,
14653,M07 240778,,false,
14654,M07 0240850,,false,
14655,M07 0240871,,false,
14656,M07 0240873,,false,
14657,M07 0240875,,false,
14658,M07 240890,,false,
14659,M07 240902,,false,
14660,M07 241008,,false,
14661,M07 241009,,false,
14662,M07 241061,,false,
14663,M07 0241125,,false,
14664,M854car/09,,false,
14665,18822,,false,
14666,18860,,false,
14667,18910,,false,
14668,18991,,false,
14669,19023,,false,
14670,19164,,false,
14671,19170,,false,
14672,N.150,,false,
14673,N.226,,false,
14674,N.237,,false,
14675,N.239,,false,
14676,N.261,,false,
14677,N.512,,false,
14678,N.831,,false,
14679,N.873,,false,
14680,N.190,,false,
14681,N.636,,false,
14682,N.843,,false,
14683,N.136,,false,
14684,N.361,,false,
14685,N.606,,false,
14686,N.616,,false,
14687,N.1503,,false,
14688,N.533,,false,
14689,N26/09,,false,
14690,19191,,false,
14691,M07 240866,,false,
14692,M07 0241116,,false,
14693,Co 3/09,,false,
14694,M08 240506,,false,
14695,M08 240153,,false,
14696,M08 240154,,false,
14697,M08 240162,,false,
14698,M08 240524,,false,
14699,M08 240511,,false,
14700,M08 240505,,false,
14701,M08 240404,,false,
14702,M08 0240301,,false,
14703,M08 240266,,false,
14704,M08 240384,,false,
14705,M08 240393,,false,
14706,M08 240397,,false,
14707,M08 240405,,false,
14708,M08 240417,,false,
14709,M08 240426,,false,
14710,M08 240484,,false,
14711,M08 240488,,false,
14712,80-13439,,false,
14713,M07 241128,,false,
14714,M08 0240498,,false,
14715,M08 240167,,false,
14716,18887,,false,
14717,18985,,false,
14718,19060,,false,
14719,19047,,false,
14720,12005/10,,false,
14721,12001/10,,false,
14722,12006/10,,false,
14723,10883,,false,
14724,12347,,false,
14725,13144,,false,
14726,13412,,false,
14727,BF990,,false,
14728,N36/09,,false,
14729,MS-11,18,false,
14730,ATCC 43768,98,false,
14731,ATCC 14685,165,false,
14732,NRL30031,172,false,
14733,NJ9703,166,false,
14734,18917,,false,
14735,18726,,false,
14736,18810,,false,
14737,19018,,false,
14738,19073,,false,
14739,19203,,false,
14741,N34/09,,false,
14742,NR20_10,,false,
14743,19139,,false,
14744,11965,,false,
14745,OX9930304,45,false,
14746,OX9930342,24,false,
14747,M08 0240381,,false,
14748,M13600,,false,
14749,M13992,,false,
14750,M14726,,false,
14751,M15650,62,false,
14752,14062,,false,
14753,14653,,false,
14754,14979,,false,
14755,15094,,false,
14756,15058,,false,
14757,15528,,false,
14758,15750,,false,
14759,15469,,false,
14760,6204/09,,false,
14761,6384/09,,false,
14762,M10.240116,,false,
14763,DE12020,,false,
14764,A2460,,false,
14765,0002/93,2,false,
14766,A2564,,false,
14767,T3530,,false,
14768,0004/92,,false,
14769,0005/92,,false,
14770,A2582,,false,
14771,0006/92,,false,
14772,A2350,,false,
14773,0007/80,,false,
14774,A2592,,false,
14775,0008/80,,false,
14776,0009/93,39,false,
14777,0010/93,722,false,
14778,0011/80,,false,
14779,A2432,,false,
14780,A2354,,false,
14781,0012/92,,false,
14782,0012/93,705,false,
14783,A2356,,false,
14784,A2394,,false,
14785,0014/75,,false,
14786,A2463,,false,
14787,A2480,,false,
14788,T1695,,false,
14789,A2329,,false,
14790,0016/75,,false,
14791,A2345,,false,
14792,A2407,,false,
14793,A2527,,false,
14794,A2448,,false,
14795,0018/75,,false,
14796,A2461,,false,
14797,A2503,,false,
14798,0019/75,,false,
14799,T3937,,false,
14800,A2580,,false,
14801,T1650,,false,
14802,T2329,,false,
14803,A2340,,false,
14804,A2709,,false,
14805,A2771,,false,
14806,A2815,,false,
14807,A2296,,false,
14808,A2414,,false,
14809,A2552,,false,
14810,0024/92,,false,
14811,A2835,,false,
14812,A2544,,false,
14813,A2550,,false,
14814,0025/92,,false,
14815,A2869,,false,
14816,A2767,,false,
14817,A2677,,false,
14818,A2761,,false,
14819,0027/75,,false,
14820,A2409,,false,
14821,A2439,,false,
14822,T7174,,false,
14823,A2729,,false,
14824,A2578,,false,
14825,T5953,,false,
14826,A1812,,false,
14827,A2818,,false,
14828,M09.52,,false,
14829,A2408,,false,
14830,LG0190,,false,
14831,LG0225,,false,
14832,LG0244,,false,
14833,LG0254,,false,
14834,LG0442,,false,
14835,LG0667,,false,
14836,LG1505,,false,
14837,W0178,,false,
14838,W0903,,false,
14839,LG1068,,false,
14840,LG1893,,false,
14841,LG0591,,false,
14842,W0384,,false,
14843,W0240,,false,
14844,0039/92,,false,
14845,LG0793,,false,
14846,LG0992,,false,
14847,Mrs2009065,,false,
14848,W0386,,false,
14849,LG0679,,false,
14850,W0562,,false,
14851,LG0856,,false,
14852,W0127,,false,
14853,LG1587,,false,
14854,W0819,,false,
14855,W0118,,false,
14856,W0465,,false,
14857,LG1511,,false,
14858,W0646,,false,
14859,W0103,,false,
14860,LG0202,,false,
14861,W0799,,false,
14862,0050/75,,false,
14863,LG0449,,false,
14864,LG0235,,false,
14865,LG0903,,false,
14866,LG0869,,false,
14867,0028/10,,false,
14868,148_08,,false,
14869,0052/80,,false,
14870,0052/82,,false,
14871,29_09,,false,
14872,27_09,,false,
14873,0053/80,,false,
14874,4_08,,false,
14875,237_08,,false,
14876,0054/80,,false,
14877,159_08,,false,
14878,429_08,,false,
14879,388_08,,false,
14880,0055/80,,false,
14881,0055/82,,false,
14882,25606,,false,
14883,25612,,false,
14884,0056/80,,false,
14885,L2503,,false,
14886,2100069,,false,
14887,5628,,false,
14888,0057/80,,false,
14889,6149,,false,
14890,6067,,false,
14891,0058/80,,false,
14892,0058/82,,false,
14893,7817,,false,
14894,8927,,false,
14895,14657,,false,
14896,15273,,false,
14897,5419,,false,
14898,5433,,false,
14899,6946/09,,false,
14900,6952/09,,false,
14901,6969/09,,false,
14902,704/09,,false,
14903,6267/09,,false,
14904,190/09,,false,
14905,3385/09,,false,
14906,495/09,,false,
14907,556/09,,false,
14908,732/09,,false,
14909,1204/09,,false,
14910,1236/09,,false,
14911,1301/09,,false,
14912,1691/09,,false,
14913,2929/09,,false,
14914,5856/09,,false,
14915,6341/09,,false,
14916,6577/09,,false,
14917,1777/09,,false,
14918,4471/09,,false,
14919,3653/09,,false,
14920,6189/09,,false,
14921,6881/09,,false,
14922,0067/82,,false,
14923,OX9932088,232,false,
14924,310822,,false,
14925,460903,,false,
14926,19456,,false,
14927,0068/82,,false,
14928,19475,,false,
14929,0159/09,,false,
14930,0160/09,,false,
14931,0001/10,,false,
14932,0002/10,,false,
14933,0003/10,,false,
14934,0005/10,,false,
14935,0006/10,,false,
14936,0070/82,,false,
14937,0008/10,,false,
14938,0010/10,,false,
14939,0012/10,,false,
14940,0014/10,,false,
14941,0016/10,,false,
14942,0072/82,,false,
14949,0026/10,,false,
14950,0027/10,,false,
14951,0029/10,,false,
14952,0030/10,,false,
14953,24168,,false,
14954,24339,,false,
14955,24346,,false,
14956,24466,,false,
14958,2226,,false,
14959,MK1/10,,false,
14960,Co3/10,,false,
14961,BF1165,,false,
14962,0086/75,,false,
14963,78-36052,,false,
14964,85-11760,,false,
14965,85-17243,,false,
14966,M10.0240006,,false,
14967,M10.0240022,,false,
14968,M10.0240024,,false,
14969,M10.0240028,,false,
14970,M10.0240033,,false,
14971,M10.0240069,,false,
14972,0093/80,,false,
14973,M10.0240080,,false,
14974,2009-062,,false,
14975,W-2810_csf_09,,false,
14976,83-45662,,false,
14977,85-17199,,false,
14978,Mrs2009066,,false,
14979,M77,,false,
14980,22410017,,false,
14981,21430035,,false,
14982,23420025,,false,
14983,130807,,false,
14984,150720,,false,
14985,22410080,,false,
14986,140901,,false,
14987,130943,,false,
14988,150801,,false,
14989,SB7,,false,
14990,HF170,,false,
14991,150721,,false,
14992,19534,,false,
14993,C12/97,,false,
14994,BF1117,,false,
14995,MK2-10,,false,
14996,40/10,,false,
14997,M21310,49,false,
14998,M21319,,false,
14999,0134/78,,false,
15000,M21323,,false,
15001,0142/75,,false,
15002,M21440,,false,
15003,0032/10,,false,
15004,0033/10,,false,
15005,0156/75,,false,
15006,0161/79,,false,
15007,0163/75,,false,
15008,0035/10,,false,
15009,0036/10,,false,
15010,0167/79,,false,
15011,0168/76,,false,
15012,0168/79,,false,
15013,0037/10,,false,
15014,0172/75,,false,
15015,0038/10,,false,
15017,0174/79,,false,
15019,10-1482,,false,
15020,0179/80,,false,
15021,Omsk3-2-1/09,,false,
15022,0181/75,,false,
15023,0181/80,,false,
15024,0181/93,432,false,
15025,0182/75,,false,
15026,0183/80,,false,
15027,0184/80,,false,
15028,Omsk3-8-1/09,,false,
15029,0185/80,,false,
15030,0186/75,,false,
15031,0186/80,,false,
15032,0186/93,2,false,
15033,0187/75,,false,
15034,0188/80,,false,
15035,0188/93,2,false,
15036,0189/80,,false,
15037,Omsk109/08,,false,
15038,M838/09,,false,
15039,0193/80,,false,
15040,0194/80,,false,
15041,M864/09,,false,
15042,M870/09,,false,
15043,0196/75,,false,
15044,0196/80,,false,
15045,0197/80,,false,
15046,0198/78,,false,
15047,M927/09,,false,
15048,M848car_B/09,,false,
15049,0199/80,,false,
15050,M849car_B/09,,false,
15051,M850car_B/09,,false,
15052,M933car_C/09,,false,
15053,M551car/07,,false,
15054,M623car/08,,false,
15055,M630car/08,,false,
15056,0204/76,,false,
15057,M714car/08,,false,
15058,M761car/08,,false,
15059,M855car/09,,false,
15060,M612car/07,,false,
15061,M863car/09,,false,
15062,0208/80,,false,
15063,M930car/09,,false,
15064,0209/78,,false,
15065,AUSMDU00003599,,false,
15066,16641,,false,
15067,16723,,false,
15068,16777,,false,
15069,17028,,false,
15070,M10.908959,,false,
15071,24227,,false,
15072,24499,,false,
15073,24736,,false,
15074,BF1135,,false,
15075,2010-086,,false,
15076,0216/78,,false,
15077,970/09,,false,
15078,935/09,,false,
15079,4350/09,,false,
15080,438/09,,false,
15081,2176/09,,false,
15082,3174/09,,false,
15083,3307/09,,false,
15084,3699/09,,false,
15085,3728/09,,false,
15086,3777/09,,false,
15087,4727/09,,false,
15088,5848/09,,false,
15089,6594/09,,false,
15090,26/10,,false,
15091,Mrs2009067,,false,
15092,2092,,false,
15093,2192,,false,
15094,DE11339,,false,
15095,DE11349,,false,
15096,DE11359,,false,
15097,DE11366,,false,
15098,DE11371,,false,
15099,DE11374,,false,
15100,DE11385,,false,
15101,DE11397,,false,
15102,DE11406,,false,
15103,DE11407,,false,
15104,DE11409,,false,
15105,DE11412,,false,
15106,DE11415,,false,
15107,DE11416,,false,
15108,DE11419,,false,
15109,DE11427,,false,
15110,0233/82,,false,
15111,DE11431,,false,
15112,DE11446,,false,
15113,DE11447,,false,
15114,DE11449,,false,
15115,DE11451,,false,
15116,DE11452,,false,
15117,DE11466,,false,
15118,DE11479,,false,
15119,DE11488,,false,
15120,DE11492,,false,
15121,DE11503,,false,
15122,DE11513,,false,
15123,DE11517,,false,
15124,DE11520,,false,
15125,DE11536,,false,
15126,DE11543,,false,
15127,DE11545,,false,
15128,DE11548,,false,
15129,DE11550,,false,
15130,DE11581,,false,
15131,DE11590,,false,
15132,DE11595,,false,
15133,0246/78,,false,
15134,DE11602,,false,
15135,DE11605,,false,
15136,DE11608,,false,
15137,DE11612,,false,
15138,DE11620,,false,
15139,DE11624,,false,
15140,DE11625,,false,
15141,2188,,false,
15142,DE11151,,false,
15143,DE11158,,false,
15144,0256/78,,false,
15145,DE11168,,false,
15146,DE11170,,false,
15147,DE11171,,false,
15148,DE11172,,false,
15149,DE11180,,false,
15150,0261/78,,false,
15151,0262/78,,false,
15152,0263/93,2,false,
15153,0264/78,,false,
15154,0264/93,2,false,
15155,DE11183,,false,
15156,DE11184,,false,
15157,DE11185,,false,
15158,0267/80,,false,
15159,DE11186,,false,
15160,DE11188,,false,
15161,DE11190,,false,
15162,DE11191,,false,
15163,DE11195,,false,
15164,DE11198,,false,
15165,DE11201,,false,
15166,DE11202,,false,
15167,DE11205,,false,
15168,DE11212,,false,
15169,DE11214,,false,
15170,DE11215,,false,
15171,DE11216,,false,
15172,0282/93,39,false,
15173,0283/93,39,false,
15174,0284/93,2,false,
15175,DE11220,,false,
15176,0287/93,2,false,
15177,DE11230,,false,
15178,DE11233,,false,
15179,DE11235,,false,
15180,DE11237,,false,
15181,DE11239,,false,
15182,DE11240,,false,
15183,DE11243,,false,
15184,DE11247,,false,
15185,DE11250,,false,
15186,0304/80,,false,
15187,DE11252,,false,
15188,DE11260,,false,
15189,DE11282,,false,
15190,DE11283,,false,
15191,DE11294,,false,
15192,DE11295,,false,
15193,0309/80,,false,
15194,DE11313,,false,
15195,DE11317,,false,
15196,DE11329,,false,
15197,10-1824,,false,
15198,1669/09,,false,
15199,0314/80,,false,
15200,M10.0240082,,false,
15201,M10.0240096,,false,
15202,0316/80,,false,
15203,M10.0240113,,false,
15204,0317/80,,false,
15205,M10.0240135,,false,
15206,M10.0240129,,false,
15207,M622car/08,,false,
15208,M847car/08,,false,
15209,0321/75,,false,
15210,M10.0240083,,false,
15211,M10.0240084,,false,
15212,M10.0240091,,false,
15213,M10.0240123,,false,
15214,16033,,false,
15215,12927,,false,
15216,10-1903,,false,
15217,0326/80,,false,
15218,9655,,false,
15219,9663,,false,
15220,9673,,false,
15221,58,,false,
15222,0329/75,,false,
15223,MD01094,,false,
15224,MD01101,,false,
15225,9775,,false,
15226,250/04,,false,
15227,270/04,,false,
15228,0335/76,,false,
15229,NR8/03,,false,
15230,94/03,,false,
15231,9376,,false,
15232,9454,,false,
15233,9550,,false,
15234,9936,,false,
15235,9949,,false,
15236,8703,,false,
15237,8845,,false,
15238,0343/93,2,false,
15239,8896,,false,
15240,9047,,false,
15241,10089,,false,
15242,0351/93,2,false,
15243,9141,,false,
15244,MZ111/05,,false,
15245,9071,,false,
15246,0356/95,,false,
15247,0364/78,,false,
15248,0373/78,,false,
15249,0379/93,3,false,
15250,0380/75,,false,
15251,10138,,false,
15252,gamma-13,,false,
15253,10200,,false,
15254,DE10520,,false,
15255,0390/93,43,false,
15257,alpha-333,,false,
15258,Mrs2009068,,false,
15259,0397/93,434,false,
15260,Rio5,,false,
15261,0400/93,2,false,
15262,Rio164,,false,
15263,0402/78,,false,
15264,2040974,,false,
15265,0404/75,,false,
15266,2041014,,false,
15267,2041643,,false,
15268,2040044,,false,
15269,0406/78,,false,
15270,2040333,,false,
15271,2040536,,false,
15272,0409/78,,false,
15273,683-EK-V0,,false,
15274,"Ug10/06,",,false,
15275,N17/00,,false,
15276,N43/00,,false,
15277,N32/02,,false,
15278,Mali 20/07,,false,
15279,0413/75,,false,
15280,G117,,false,
15281,G201,,false,
15282,G248,,false,
15283,G416,,false,
15284,M158,,false,
15285,0420/75,,false,
15286,M292,,false,
15287,Mrs2009069,,false,
15288,Mrs2009070,,false,
15289,Mrs2009071,,false,
15290,0423/75,,false,
15291,NZ00/291,,false,
15292,NZAK04115,,false,
15293,DE8265,,false,
15294,DK8-02,,false,
15295,FI131415,,false,
15296,NL2020295,,false,
15297,0431/80,,false,
15298,0432/75,,false,
15299,NL2020766,,false,
15300,Mrs2009072,,false,
15301,0435/75,,false,
15302,2050305,,false,
15303,2050754,,false,
15304,Mrs2009073,,false,
15305,0437/80,,false,
15306,Mrs2009074,,false,
15307,Mrs2009075,,false,
15308,0443/93,431,false,
15309,Mrs2009076,,false,
15310,0453/83,,false,
15311,0454/83,,false,
15312,0455/83,,false,
15313,0469/93,3,false,
15314,Mrs2009077,,false,
15315,0489/93,2,false,
15316,0490/93,2,false,
15317,Mrs2009078,,false,
15318,2012063,,false,
15319,0500/93,2,false,
15320,2022289,,false,
15321,0503/93,220,false,
15322,0506/82,,false,
15323,Mrs2009079,,false,
15324,0511/75,,false,
15325,0512/93,2,false,
15326,0516/80,,false,
15327,900804,,false,
15328,0519/80,,false,
15329,0520/80,,false,
15330,0520/93,2,false,
15331,NM1052,,false,
15332,0526/80,,false,
15333,0528/82,,false,
15334,0529/75,,false,
15335,NM1063,,false,
15336,0529/93,2,false,
15337,NM01133,,false,
15338,Mrs2009080,,false,
15339,0532/80,,false,
15340,0533/79,,false,
15341,NM02904,,false,
15342,0535/93,2,false,
15343,37_02,,false,
15344,0538/93,2,false,
15345,12056,,false,
15346,50_50,,false,
15347,0543/75,,false,
15348,G708,,false,
15349,BF479,,false,
15350,0550/83,,false,
15351,26251,,false,
15352,320/95,,false,
15353,0556/83,,false,
15354,0558/79,,false,
15355,0560/79,,false,
15356,169,,false,
15357,532,,false,
15358,0564/79,,false,
15359,Mrs2009081,,false,
15360,M10.17,,false,
15361,3043,,false,
15362,M07.240309,,false,
15363,M08.240691,,false,
15364,M09.240327,,false,
15365,M09.240482,,false,
15366,0649/78,,false,
15367,0751/78,,false,
15368,1618,,false,
15369,0756/78,,false,
15370,0757/78,,false,
15371,1621,,false,
15372,14657,,false,
15373,246,,false,
15374,0036/02,,false,
15375,9181,,false,
15376,L2713,,false,
15377,A344,,false,
15378,0780/78,,false,
15379,0781/78,,false,
15380,0782/78,,false,
15381,Mrs2009082,,false,
15382,B162,,false,
15383,C89,,false,
15384,0811/76,,false,
15385,LNP22877,,false,
15386,LNP24389,,false,
15387,0869/78,,false,
15388,0914/83,,false,
15389,0915/83,,false,
15390,0917/83,,false,
15391,0923/83,,false,
15392,0924/83,,false,
15393,LNP25138,,false,
15394,0933/83,,false,
15395,0945/78,,false,
15396,25265,,false,
15397,0947/78,,false,
15398,Mrs2009083,,false,
15399,15272,,false,
15400,0958/83,,false,
15401,0959/83,,false,
15402,0974/83,,false,
15403,15648,,false,
15404,10012/74,,false,
15405,05-590-130,,false,
15406,4322,,false,
15407,I384,,false,
15408,H488,,false,
15409,675,,false,
15410,10174/74,,false,
15411,297,,false,
15412,241,,false,
15413,M07-240665,,false,
15414,10267/74,,false,
15415,1027/71,,false,
15416,M08-240075,,false,
15417,M07 241115,,false,
15418,10380/74,,false,
15419,M08 240001,,false,
15420,10410/74,,false,
15421,M08-240197,,false,
15422,Mrs2009084,,false,
15423,Mrs2009085,,false,
15424,Mrs2009086,,false,
15425,10474/74,,false,
15426,Mrs2009087,,false,
15427,Mrs2009090,,false,
15428,Mrs2009091,,false,
15429,Mrs2009092,,false,
15430,10501/74,,false,
15431,Mrs2009093,,false,
15432,Mrs2009094,,false,
15433,Mrs2010007,,false,
15434,1062/79,,false,
15435,Mrs2010008,,false,
15436,Mrs2010009,,false,
15437,10652/74,,false,
15438,Mrs2010010,,false,
15439,1066/79,,false,
15440,1068/79,,false,
15441,1069/79,,false,
15442,Mrs2010011,,false,
15443,1071/79,,false,
15444,Mrs2010012,,false,
15445,1073/79,,false,
15446,Mrs2010013,,false,
15447,Mrs2010014,,false,
15448,Mrs2010015,,false,
15449,1078/79,,false,
15450,Mrs2010016,,false,
15451,11079/74,,false,
15452,11294/74,,false,
15453,Mrs2010017,,false,
15454,11363/74,,false,
15455,Mrs2010018,,false,
15456,Mrs2010019,,false,
15457,11492/74,,false,
15458,Mrs2010020,,false,
15459,Mrs2010021,,false,
15460,Mrs2010022,,false,
15461,Mrs2010024,,false,
15462,12346/74,,false,
15463,Mrs2010026,,false,
15464,Mrs2010027,,false,
15465,12364/74,,false,
15466,12366/74,,false,
15467,12370/74,,false,
15468,12374/74,,false,
15469,12378/74,,false,
15470,12382/74,,false,
15471,12400/74,,false,
15472,12435/74,,false,
15473,Mrs2010028,,false,
15474,12438/74,,false,
15475,Mrs2010030,,false,
15476,Mrs2010031,,false,
15477,Mrs2010032,,false,
15478,Mrs2010033,,false,
15479,12595/74,,false,
15480,12596/74,,false,
15481,12597/74,,false,
15482,Mrs2010034,,false,
15483,Mrs2010036,,false,
15484,12662/74,,false,
15485,Mrs2010037,,false,
15486,Mrs2010040,,false,
15487,1313/79,,false,
15488,Mrs2010041,,false,
15489,Mrs2010042,,false,
15490,Mrs2010043,,false,
15491,1375/71,,false,
15492,Mrs2010045,,false,
15493,1385/71,,false,
15494,Mrs2010047,,false,
15495,1403/79,,false,
15496,Mrs2010050,,false,
15497,1409/79,,false,
15498,1414/79,,false,
15499,Mrs2010051,,false,
15500,1420/79,,false,
15501,Mrs2010052,,false,
15502,Mrs2010053,,false,
15503,1426/75,,false,
15504,Mrs2010055,,false,
15505,1433/79,,false,
15506,1436/79,,false,
15507,0041/10,,false,
15508,0042/10,,false,
15509,0045/10,,false,
15510,1445/75,,false,
15511,1459/71,,false,
15512,0046/10,,false,
15513,0047/10,,false,
15514,1667/71,,false,
15515,0048/10,,false,
15516,1743/75,,false,
15517,1750/75,,false,
15518,1761/75,,false,
15519,1762/75,,false,
15521,1765/75,,false,
15522,1767/75,,false,
15523,1770/71,,false,
15524,0050/10,,false,
15525,1777/75,,false,
15526,1778/75,,false,
15527,1784/75,,false,
15528,0051/10,,false,
15529,1851/75,,false,
15530,1853/75,,false,
15531,0023/05,,false,
15532,0033/05,,false,
15533,1862/75,,false,
15534,1866/75,,false,
15535,1869/75,,false,
15536,0042/05,,false,
15537,1883/75,,false,
15539,1918/75,,false,
15540,1938/71,,false,
15541,1940/75,,false,
15543,1979/71,,false,
15544,1990/75,,false,
15546,2071/75,,false,
15547,2072/75,,false,
15549,0067/05,,false,
15551,2140/71,,false,
15552,2141/71,,false,
15553,2148/75,,false,
15554,2149/75,,false,
15555,2172/75,,false,
15556,2174/71,,false,
15557,0077/05,,false,
15558,2185/75,,false,
15559,0079/05,,false,
15560,2204/75,,false,
15561,2205/75,,false,
15562,2212/71,,false,
15563,0080/05,,false,
15566,2227/75,,false,
15568,2245/71,,false,
15570,2263/71,,false,
15571,0093/05,,false,
15572,2278/75,,false,
15573,2279/75,,false,
15574,0096/05,,false,
15575,2281/75,,false,
15576,2283/75,,false,
15577,2284/75,,false,
15578,0109/05,,false,
15579,0110/05,,false,
15580,0123/05,,false,
15581,2356/71,,false,
15582,0128/05,,false,
15583,0132/05,,false,
15584,0137/05,,false,
15585,0144/05,,false,
15586,2657/71,,false,
15587,0149/05,,false,
15589,2726/71,,false,
15590,0153/05,,false,
15591,0154/05,,false,
15592,2763/71,,false,
15593,2909/71,,false,
15594,2951/71,,false,
15595,0157/05,,false,
15596,0159/05,,false,
15597,3271/71,,false,
15598,0166/05,,false,
15599,0168/05,,false,
15601,0285/05,,false,
15602,0289/05,,false,
15603,0292/05,,false,
15604,3947/72,,false,
15605,0293/05,,false,
15606,0307/05,,false,
15607,0309/05,,false,
15608,0317/05,,false,
15610,0340/05,,false,
15611,0343/05,,false,
15612,0359/05,,false,
15613,4123/72,,false,
15614,0006/04,,false,
15617,0013/04,,false,
15618,0020/04,,false,
15621,4287/72,,false,
15622,0081/04,,false,
15623,0091/04,2,false,
15624,0102/04,,false,
15625,0113/04,,false,
15626,0121/04,,false,
15627,0125/04,,false,
15628,4425/72,,false,
15629,4433/72,,false,
15630,0140/04,2,false,
15631,0143/04,,false,
15632,0157/04,,false,
15635,0197/04,,false,
15636,0212/04,,false,
15637,0222/04,,false,
15638,4635/72,,false,
15639,0258/04,,false,
15640,4698/72,,false,
15641,4699/72,,false,
15642,4703/72,,false,
15643,4711/72,,false,
15644,4712/72,,false,
15645,0259/04,,false,
15646,4775/72,,false,
15647,4778/72,,false,
15649,0289/04,,false,
15651,18160,,false,
15652,Orenburg7/10,,false,
15653,5138/72,,false,
15654,5139/72,,false,
15655,MS11,,false,
15656,5172/72,,false,
15657,PID1,,false,
15658,5225/72,,false,
15659,PID18,,false,
15660,PID332,,false,
15661,35/02,,false,
15662,5418/72,,false,
15663,SK-92-679,,false,
15664,5487/72,,false,
15665,5492/72,,false,
15666,5589/72,,false,
15667,5590/72,,false,
15668,SK-93-1035,,false,
15669,S33,,false,
15670,5612/72,,false,
15671,Unnamed,,false,
15672,54,,false,
15673,5694/72,,false,
15674,23012,,false,
15675,5734/72,,false,
15676,23268,,false,
15677,23251,,false,
15678,5956/72,,false,
15679,5968/72,,false,
15680,07.240303,,false,
15681,6031/72,,false,
15682,6053/72,,false,
15683,08.240683,,false,
15684,6144/72,,false,
15685,6145/72,,false,
15686,6158/72,,false,
15687,DE12037,,false,
15688,6174/72,,false,
15689,6176/72,,false,
15690,6177/72,,false,
15691,6181/72,,false,
15692,6183/72,,false,
15693,6186/72,,false,
15694,6188/72,,false,
15695,6189/72,,false,
15696,WUE4314,,false,
15697,6200/72,,false,
15698,DGI2,18,false,
15699,6305/72,,false,
15700,1291,,false,
15701,6404/72,,false,
15702,6427/72,,false,
15703,6438/72,,false,
15704,6439/72,,false,
15705,6442/72,,false,
15706,6445/72,,false,
15707,6446/72,,false,
15708,6452/72,,false,
15709,6453/72,,false,
15710,PID334,,false,
15711,8096,,false,
15712,8546,,false,
15713,6613/72,,false,
15714,8897,,false,
15715,8932,,false,
15716,9219,,false,
15717,6766/72,,false,
15718,6767/72,,false,
15719,6771/72,,false,
15720,6773/72,,false,
15721,6774/72,,false,
15722,6785/72,,false,
15723,6789/72,,false,
15724,6792/72,,false,
15725,7005/72,,false,
15726,7221/72,,false,
15727,7229/72,,false,
15728,7235/72,,false,
15729,7236/72,,false,
15730,7246/72,,false,
15731,7247/72,,false,
15732,7293/72,,false,
15733,10353,,false,
15734,7335/72,,false,
15735,7596/72,,false,
15736,10430,,false,
15737,10976,,false,
15738,7682/73,,false,
15739,41181,,false,
15740,7721/73,,false,
15741,7725/73,,false,
15742,7726/73,,false,
15743,7744/73,,false,
15744,52147,,false,
15745,60672,,false,
15746,7822/73,,false,
15747,7823/73,,false,
15748,7840/73,,false,
15749,M10.240479,,false,
15750,P3475,,false,
15751,P3476,,false,
15752,P3477,,false,
15753,P3478,,false,
15754,8091/73,,false,
15755,8105/73,,false,
15756,P3479,,false,
15757,8221/73,,false,
15758,8225/73,,false,
15759,130932,,false,
15760,2009-003,,false,
15761,8264/73,,false,
15762,8268/73,,false,
15763,8279/73,,false,
15764,10-2240,,false,
15765,8321/73,,false,
15766,25762,,false,
15767,25771,,false,
15768,8415/73,,false,
15769,25774,,false,
15770,25788,,false,
15771,25794,,false,
15772,25796,,false,
15773,8528/73,,false,
15774,25780,,false,
15775,8577/73,,false,
15776,25787,,false,
15777,8599/73,,false,
15778,2009-033,,false,
15779,8723/73,,false,
15780,2009-034,,false,
15781,8779/73,,false,
15782,8801/73,,false,
15783,8813/73,,false,
15784,8841/73,,false,
15785,2009-071,,false,
15786,2009-099,,false,
15787,9104/73,,false,
15788,9132/73,,false,
15789,9135/73,,false,
15790,9136/73,,false,
15791,9137/73,,false,
15792,9138/73,,false,
15793,9139/73,,false,
15794,2009-110,,false,
15795,2009-218,,false,
15796,2009-064,,false,
15797,9230/73,,false,
15798,2009-181,,false,
15799,2009-182,,false,
15800,2009-305,,false,
15801,DE11152,,false,
15802,DE11178,,false,
15803,DE11210,,false,
15804,9367/73,,false,
15805,9383/73,,false,
15806,9416/73,,false,
15807,9433/73,,false,
15808,DE11246,,false,
15809,9442/73,,false,
15810,DE11257,,false,
15811,DE11262,,false,
15812,DE11267,,false,
15813,9456/73,,false,
15814,DE11296,,false,
15815,9461/73,,false,
15816,9464/73,,false,
15817,9474/73,,false,
15818,9476/73,,false,
15819,DE11358,,false,
15820,DE11443,,false,
15821,DE11458,,false,
15822,9498/73,,false,
15823,DE11471,,false,
15824,DE11506,,false,
15825,DE11515,,false,
15826,DE11535,,false,
15827,DE11619,,false,
15828,1-066-S1,,false,
15829,1-094-S1,,false,
15830,1-138-S1,,false,
15831,1-245-S2,,false,
15832,1-090-S2,,false,
15833,9680/74,,false,
15834,9684/74,,false,
15835,1-213-S2,,false,
15836,9689/74,,false,
15837,1-189-S1,,false,
15838,9696/74,,false,
15839,9698/74,,false,
15840,9700/74,,false,
15841,1-019-S1,,false,
15842,9733/74,,false,
15843,9743/74,,false,
15844,1-046-S2,,false,
15845,9745/74,,false,
15846,9746/74,,false,
15847,9764/74,,false,
15848,9766/74,,false,
15849,9777/74,,false,
15850,9804/74,,false,
15851,9807/74,,false,
15852,9809/74,,false,
15853,1-056-S1,,false,
15854,9844/74,,false,
15855,1-113-S1,,false,
15856,9859/74,,false,
15857,1-016-S2,,false,
15858,1-245-S1,,false,
15859,9872/74,,false,
15860,9873/74,,false,
15861,1-052-S2,,false,
15862,1-055-S2,,false,
15863,1-059-S1,,false,
15864,9890/74,,false,
15865,9891/74,,false,
15866,9896/74,,false,
15867,1-174-S1,,false,
15868,9912/74,,false,
15869,9916/74,,false,
15870,9920/74,,false,
15871,9921/74,,false,
15872,1-140-S2,,false,
15873,1-088-S2,,false,
15874,1-029-S1,,false,
15875,1-045-S2,,false,
15876,1-047-S2,,false,
15877,1-156-S1,,false,
15878,1-002-S1,,false,
15879,1-005-S1,,false,
15880,1-075-S1,,false,
15881,1-138-S2,,false,
15882,1-137-S1,,false,
15883,10-2509,,false,
15884,2009-165,,false,
15885,371010,,false,
15886,371027,,false,
15887,371033,,false,
15888,371043,,false,
15889,371051,,false,
15890,371001,,false,
15891,371005,,false,
15892,371007,,false,
15893,371012,,false,
15894,371019,,false,
15895,371024,,false,
15896,371026,,false,
15897,371031,,false,
15898,371042,,false,
15899,371003,,false,
15900,371063,,false,
15901,185_09,,false,
15902,315_09,,false,
15903,DE11226,,false,
15904,DE11264,,false,
15905,DE11420,,false,
15906,DE11482,,false,
15907,DE11504,,false,
15908,DE11199,,false,
15909,25856,,false,
15910,25829,,false,
15911,25836,,false,
15912,0053/10,,false,
15913,0054/10,,false,
15914,0055/10,,false,
15915,0056/10,,false,
15916,0057/10,,false,
15917,0058/10,,false,
15918,0059/10,,false,
15919,25727,,false,
15920,25749,,false,
15921,28751,,false,
15922,NM03175,,false,
15923,54,,false,
15924,337,,false,
15925,95/10,,false,
15926,545/10,,false,
15927,652/10,,false,
15928,689/10,,false,
15929,1171/10,,false,
15930,1225/10,,false,
15931,1230/10,,false,
15932,1318/10,,false,
15933,3774/10,,false,
15934,2070/10,,false,
15935,PID24,20,false,
15936,DGI18,20,false,
15938,2010-068,,false,
15939,M10.22,,false,
15940,0060/10,,false,
15941,0062/10,,false,
15946,0069/10,,false,
15947,0070/10,,false,
15948,0071/10,,false,
15949,N4/10,,false,
15950,N8/10,,false,
15951,N15/10,,false,
15952,MK7/10,,false,
15953,NM03154,,false,
15954,NM03155,,false,
15955,NM03178,,false,
15956,NM03179,,false,
15957,NM03193,,false,
15958,NM03210,,false,
15959,NM03226,,false,
15960,NM03228,,false,
15961,NM03148,,false,
15962,NM03224,,false,
15963,10-2763,,false,
15964,L2682,,false,
15965,25900,,false,
15966,32,,false,
15967,121,,false,
15968,331,,false,
15969,361,,false,
15970,362,,false,
15971,363,,false,
15972,375,,false,
15973,59M,,false,
15974,60M,,false,
15975,61M,,false,
15976,62M,,false,
15977,64M,,false,
15978,65M,,false,
15979,66M,,false,
15980,67M,,false,
15981,68M,,false,
15982,69M,,false,
15983,70M,,false,
15984,71M,,false,
15985,73M,,false,
15986,74M,,false,
15987,75M,,false,
15988,76M,,false,
15989,841259,,false,
15990,841293,,false,
15991,841300,,false,
15992,841340,,false,
15993,841343,,false,
15994,841359,,false,
15995,841364,,false,
15996,841409,,false,
15997,850713,,false,
15998,850718,,false,
15999,850744,,false,
16000,850850,,false,
16001,3.05,,false,
16002,4.05,,false,
16003,9.05,,false,
16004,101.05,,false,
16005,107.05,,false,
16006,109.05,,false,
16007,114.05,,false,
16008,116.05,,false,
16009,120.05,,false,
16010,13.05,,false,
16011,15.05,,false,
16012,16.05,,false,
16013,19.05,,false,
16014,23.05,,false,
16015,24.05,,false,
16016,47.05,,false,
16017,49.05,,false,
16018,50.05,,false,
16019,60.05,,false,
16020,63.05,,false,
16021,74.05,,false,
16022,75.05,,false,
16023,81.05,,false,
16024,84.05,,false,
16025,88.05,,false,
16026,90.05,,false,
16027,91.05,,false,
16028,8/126/108/02,,false,
16029,137/111/0/01,,false,
16030,43/32/14/02,,false,
16031,65.05,,false,
16032,66.05,,false,
16033,2.05,,false,
16034,05/04/00,,false,
16035,10.05,,false,
16036,106.05,,false,
16037,112.05,,false,
16038,113.05,,false,
16039,121.05,,false,
16040,59.05,,false,
16041,77.05,,false,
16042,80.05,,false,
16043,92.05,,false,
16044,1/1/0/02,,false,
16045,63/43/0/02,,false,
16046,44/37/0/01,,false,
16047,04/03/00,,false,
16048,12/11/00,,false,
16049,11.05,,false,
16050,111.05,,false,
16051,20.05,,false,
16052,61.05,,false,
16053,18.05,,false,
16054,73.05,,false,
16055,108.05,,false,
16056,110.05,,false,
16057,150/122/0/01,,false,
16058,33/30/98,,false,
16059,38/33/11/02,,false,
16060,137/98/00,,false,
16061,12.05,,false,
16062,72.05,,false,
16063,100/79/98,,false,
16064,62.05,,false,
16065,104.05,,false,
16066,35/32/12/01,,false,
16067,104/85/0/01,,false,
16068,122/86/00,,false,
16069,54.05,,false,
16070,5/4/0/01,,false,
16071,12/12/98,,false,
16072,20/18/98,,false,
16073,2005/175,,false,
16074,2005/066,,false,
16075,2005/039,,false,
16076,2005/051,,false,
16077,2005/033,,false,
16078,2005/080,,false,
16079,2005/151,,false,
16080,2005/208,,false,
16081,280,,false,
16082,CRO36,,false,
16083,CRO43,,false,
16084,CRO44,,false,
16085,CRO50,,false,
16086,CRO53,,false,
16087,CRO19,,false,
16088,CRO49,,false,
16089,CRO51,,false,
16090,CRO38,,false,
16091,CRO52,,false,
16092,0003/02,,false,
16093,0094/02,,false,
16096,0036/03,,false,
16097,0048/03,586,false,
16098,0042/04,,false,
16099,0055/04,,false,
16101,0156/04,,false,
16102,850864,,false,
16103,0245/04,,false,
16104,850889,,false,
16105,0013/05,,false,
16106,0024/05,,false,
16107,0025/05,,false,
16108,0057/05,,false,
16109,0073/05,,false,
16110,0118/05,,false,
16111,0134/05,,false,
16112,0142/05,,false,
16113,851000,,false,
16114,0323/05,,false,
16115,0324/05,,false,
16117,0339/05,,false,
16118,851035,,false,
16119,851101,,false,
16120,851174,,false,
16121,851188,,false,
16122,850738,,false,
16123,83,,false,
16124,367,,false,
16125,12179,,false,
16126,556/10,,false,
16127,2113/10,,false,
16128,5315/10,,false,
16129,0225/04,,false,
16130,5507/10,,false,
16131,5683/10,,false,
16132,0044/02,,false,
16133,0047/02,2,false,
16134,0073/02,,false,
16135,0077/02,,false,
16136,0089/02,,false,
16137,0093/02,,false,
16138,0106/02,,false,
16139,0025/03,,false,
16140,0031/03,,false,
16141,0003/04,,false,
16142,0004/04,,false,
16143,0019/04,,false,
16144,0038/04,,false,
16145,77M,,false,
16146,0056/04,,false,
16147,0180/04,,false,
16149,851101,,false,
16150,0002/05,,false,
16152,0069/05,,false,
16154,0102/05,,false,
16155,0126/05,,false,
16156,0162/05,,false,
16158,0328/05,,false,
16159,0046/04,,false,
16160,9658,,false,
16161,9825,,false,
16162,13224,,false,
16163,15128,,false,
16164,15780,,false,
16165,16233,,false,
16166,17969,,false,
16167,18685,,false,
16168,18415,,false,
16169,18875,,false,
16170,20263,,false,
16171,20091,,false,
16172,358-95,,false,
16173,437-95,,false,
16174,336-94,,false,
16175,490-93,,false,
16176,213-95,,false,
16177,257-95,,false,
16178,318-94,,false,
16179,0047/04,,false,
16181,0311/05,,false,
16182,20133,,false,
16183,0155/04,,false,
16184,0246/04,,false,
16185,20219,,false,
16186,20531,,false,
16187,20809,,false,
16188,0021/02,,false,
16190,0082/02,,false,
16191,20741,,false,
16192,12009-2008,,false,
16194,M12306,,false,
16195,0012/05,,false,
16197,0001/03,,false,
16198,0114/05,,false,
16199,0319/05,,false,
16200,0011/03,2,false,
16201,0014/03,,false,
16203,0201/04,,false,
16205,0037/04,,false,
16206,0050/05,,false,
16207,0306/05,,false,
16208,0034/03,41,false,
16209,0035/03,41,false,
16210,0001/05,,false,
16211,0037/03,,false,
16212,0062/02,,false,
16213,0086/02,,false,
16214,0050/04,,false,
16215,0150/02,,false,
16216,0038/03,,false,
16217,0081/05,,false,
16218,0147/05,,false,
16219,0128/03,68,false,
16220,0051/03,,false,
16222,0104/05,,false,
16223,0095/04,3,false,
16224,0058/03,,false,
16226,0075/03,,false,
16227,0098/03,,false,
16228,0106/03,,false,
16229,DK04/05,,false,
16230,DK05/05,,false,
16231,DK06/05,,false,
16232,DK10/05,,false,
16233,DK15/05,,false,
16234,DK17/05,,false,
16235,DK21/05,,false,
16236,DK22/05,,false,
16237,DK26/05,,false,
16238,DK37/05,,false,
16239,DK38/05,,false,
16240,DK42/05,,false,
16241,DK47/05,,false,
16242,DK48/05,,false,
16243,DK49/05,,false,
16244,DK51/05,,false,
16245,DK55/05,,false,
16246,DK58/05,,false,
16247,DK60/05,,false,
16248,DK62/05,,false,
16249,DK65/05,,false,
16250,DK68/05,,false,
16251,DK12/05,,false,
16252,DK19/05,,false,
16253,DK33/05,,false,
16254,DK39/05,,false,
16255,DK01/05,,false,
16256,DK03/05,,false,
16257,DK07/05,,false,
16258,DK08/05,,false,
16259,DK09/05,,false,
16260,DK13/05,,false,
16261,DK16/05,,false,
16262,DK18/05,,false,
16263,DK20/05,,false,
16264,DK23/05,,false,
16265,DK24/05,,false,
16266,DK27/05,,false,
16267,DK28/05,,false,
16268,DK30/05,,false,
16269,DK32/05,,false,
16270,DK34/05,,false,
16271,DK35/05,,false,
16272,DK36/05,,false,
16273,DK40/05,,false,
16274,DK41/05,,false,
16275,DK43/05,,false,
16276,DK44/05,,false,
16277,DK50/05,,false,
16278,DK53/05,,false,
16279,DK54/05,,false,
16280,DK61/05,,false,
16281,DK63/05,,false,
16282,DK64/05,,false,
16283,DK66/05,,false,
16284,DK67/05,,false,
16285,DK31/05,,false,
16286,DK29/05,,false,
16287,DK14/05,,false,
16288,DK45/05,,false,
16289,DK46/05,,false,
16290,DK52/05,,false,
16291,DK56/05,,false,
16292,DK11/05,,false,
16293,DK25/05,,false,
16294,DK02/05,,false,
16295,DK59/05,,false,
16296,22152,,false,
16297,22156,,false,
16298,22161,,false,
16299,22162,,false,
16300,22163,,false,
16301,22165,,false,
16302,22167,,false,
16303,22171,,false,
16304,22175,,false,
16305,22178,,false,
16306,22184,,false,
16307,22190,,false,
16308,22193,,false,
16309,22202,,false,
16310,22205,,false,
16311,22209,,false,
16312,22210,,false,
16313,22213,,false,
16314,22214,,false,
16315,22220,,false,
16316,22221,,false,
16317,22225,,false,
16318,22231,,false,
16319,22239,,false,
16320,22242,,false,
16321,22254,,false,
16322,22263,,false,
16323,22265,,false,
16324,22267,,false,
16325,22269,,false,
16326,22276,,false,
16327,22286,,false,
16328,22291,,false,
16329,22296,,false,
16330,22302,,false,
16331,22304,,false,
16332,22307,,false,
16333,22310,,false,
16334,22313,,false,
16335,22317,,false,
16336,22319,,false,
16337,22336,,false,
16338,22339,,false,
16339,22344,,false,
16340,22351,,false,
16341,22357,,false,
16342,22359,,false,
16343,22362,,false,
16344,22364,,false,
16345,22381,,false,
16346,22388,,false,
16347,22390,,false,
16348,22398,,false,
16349,22411,,false,
16350,22414,,false,
16351,22427,,false,
16352,22429,,false,
16353,22443,,false,
16354,22450,,false,
16355,22451,,false,
16356,22456,,false,
16357,22457,,false,
16358,22464,,false,
16359,22466,,false,
16360,22467,,false,
16361,22469,,false,
16362,22473,,false,
16363,22476,,false,
16364,22477,,false,
16365,22480,,false,
16366,22484,,false,
16367,22489,,false,
16368,22494,,false,
16369,22502,,false,
16370,22507,,false,
16371,22510,,false,
16372,22512,,false,
16373,22514,,false,
16374,22524,,false,
16375,22525,,false,
16376,22533,,false,
16377,22535,,false,
16378,22548,,false,
16379,22553,,false,
16380,22554,,false,
16381,22556,,false,
16382,22575,,false,
16383,22584,,false,
16384,22593,,false,
16385,22597,,false,
16386,22598,,false,
16387,22602,,false,
16388,22606,,false,
16389,22608,,false,
16390,22619,,false,
16391,22632,,false,
16392,22642,,false,
16393,22645,,false,
16394,22646,,false,
16395,22651,,false,
16396,22652,,false,
16397,22657,,false,
16398,22664,,false,
16399,22678,,false,
16400,22680,,false,
16401,22686,,false,
16402,22698,,false,
16403,22702,,false,
16404,22711,,false,
16405,22715,,false,
16406,22716,,false,
16407,22724,,false,
16408,22728,,false,
16409,22729,,false,
16410,22733,,false,
16411,22742,,false,
16412,22745,,false,
16413,22747,,false,
16414,22755,,false,
16415,22757,,false,
16416,22760,,false,
16417,22761,,false,
16418,22788,,false,
16419,22818,,false,
16420,22828,,false,
16421,22829,,false,
16422,22832,,false,
16423,22839,,false,
16424,22844,,false,
16425,22847,,false,
16426,22854,,false,
16427,22861,,false,
16428,22865,,false,
16429,22868,,false,
16430,22870,,false,
16431,22873,,false,
16432,22874,,false,
16433,22879,,false,
16434,22888,,false,
16435,22897,,false,
16436,22901,,false,
16437,22922,,false,
16438,22926,,false,
16439,22928,,false,
16440,22930,,false,
16441,22931,,false,
16442,22949,,false,
16443,22959,,false,
16444,22976,,false,
16447,22986,,false,
16448,22987,,false,
16449,22990,,false,
16450,22991,,false,
16451,23004,,false,
16452,23015,,false,
16453,23018,,false,
16454,23025,,false,
16455,23026,,false,
16456,23032,,false,
16457,23042,,false,
16458,23045,,false,
16459,23058,,false,
16460,23060,,false,
16461,23061,,false,
16462,23064,,false,
16463,23066,,false,
16464,23075,,false,
16465,23087,,false,
16466,23093,,false,
16467,23100,,false,
16468,23116,,false,
16469,23121,,false,
16470,23125,,false,
16471,23147,,false,
16472,23150,,false,
16473,23151,,false,
16474,23156,,false,
16475,23172,,false,
16476,23184,,false,
16477,23187,,false,
16478,23193,,false,
16479,23195,,false,
16480,23202,,false,
16481,23203,,false,
16482,23204,,false,
16483,23205,,false,
16484,23234,,false,
16485,23237,,false,
16486,23249,,false,
16487,23263,,false,
16488,23278,,false,
16489,23286,,false,
16490,23304,,false,
16491,23307,,false,
16492,23309,,false,
16493,23311,,false,
16494,23316,,false,
16495,23324,,false,
16496,23325,,false,
16497,23329,,false,
16498,23333,,false,
16499,23342,,false,
16500,23354,,false,
16501,23368,,false,
16502,23407,,false,
16503,23408,,false,
16504,23410,,false,
16505,23416,,false,
16506,23417,,false,
16507,23425,,false,
16508,23431,,false,
16509,23435,,false,
16510,23442,,false,
16511,23447,,false,
16512,23448,,false,
16513,23455,,false,
16514,23457,,false,
16515,23469,,false,
16516,22228,,false,
16517,22250,,false,
16518,22308,,false,
16519,22309,,false,
16520,22387,,false,
16521,22555,,false,
16522,22806,,false,
16523,22925,,false,
16524,22994,,false,
16525,23031,,false,
16526,23057,,false,
16527,23196,,false,
16528,23308,,false,
16529,23315,,false,
16530,23320,,false,
16531,22140,,false,
16532,22141,,false,
16533,22150,,false,
16534,22183,,false,
16535,22215,,false,
16536,22223,,false,
16537,22235,,false,
16538,22253,,false,
16539,22261,,false,
16540,22262,,false,
16541,22277,,false,
16542,22281,,false,
16543,22282,,false,
16544,22283,,false,
16545,22287,,false,
16546,22292,,false,
16547,22294,,false,
16548,22306,,false,
16549,22312,,false,
16550,22316,,false,
16551,22322,,false,
16552,22330,,false,
16553,22361,,false,
16554,22371,,false,
16555,22376,,false,
16556,22382,,false,
16557,22393,,false,
16558,22400,,false,
16559,22402,,false,
16560,22435,,false,
16561,22471,,false,
16562,22472,,false,
16563,22481,,false,
16564,22482,,false,
16565,22485,,false,
16566,22513,,false,
16567,22521,,false,
16568,22526,,false,
16569,22549,,false,
16570,22552,,false,
16571,22557,,false,
16572,22566,,false,
16573,22573,,false,
16574,22590,,false,
16575,22599,,false,
16576,22609,,false,
16577,22634,,false,
16578,22637,,false,
16579,22638,,false,
16580,22639,,false,
16581,22641,,false,
16582,22644,,false,
16583,22661,,false,
16584,22667,,false,
16585,22670,,false,
16586,22673,,false,
16587,22693,,false,
16588,22714,,false,
16589,22732,,false,
16590,22739,,false,
16591,22750,,false,
16592,22751,,false,
16593,22752,,false,
16594,22753,,false,
16595,22762,,false,
16596,22763,,false,
16597,22769,,false,
16598,22809,,false,
16599,22816,,false,
16600,22823,,false,
16601,22846,,false,
16602,22852,,false,
16603,22857,,false,
16604,22859,,false,
16605,22864,,false,
16606,22867,,false,
16607,22869,,false,
16608,22876,,false,
16609,22882,,false,
16610,22883,,false,
16611,22889,,false,
16612,22903,,false,
16613,22914,,false,
16614,22924,,false,
16615,22944,,false,
16616,22946,,false,
16617,22957,,false,
16618,22958,,false,
16619,22975,,false,
16620,22981,,false,
16621,22995,,false,
16622,22999,,false,
16623,23008,,false,
16624,23009,,false,
16625,23016,,false,
16626,23022,,false,
16627,23062,,false,
16628,23074,,false,
16629,23088,,false,
16630,23095,,false,
16631,23096,,false,
16632,23112,,false,
16633,23118,,false,
16634,23122,,false,
16635,23123,,false,
16636,23124,,false,
16637,23129,,false,
16638,23131,,false,
16639,23136,,false,
16640,23141,,false,
16641,23148,,false,
16642,23152,,false,
16643,23163,,false,
16644,23166,,false,
16645,23167,,false,
16646,23168,,false,
16647,23171,,false,
16648,23185,,false,
16649,23191,,false,
16650,23194,,false,
16651,23207,,false,
16652,23208,,false,
16653,23209,,false,
16654,23213,,false,
16655,23216,,false,
16656,23222,,false,
16657,23228,,false,
16658,23229,,false,
16659,23235,,false,
16660,23277,,false,
16661,23298,,false,
16662,23299,,false,
16663,23301,,false,
16664,23303,,false,
16665,23326,,false,
16666,23332,,false,
16667,23335,,false,
16668,23336,,false,
16669,23338,,false,
16670,23345,,false,
16671,23360,,false,
16672,23379,,false,
16673,23384,,false,
16674,23389,,false,
16675,23409,,false,
16676,23423,,false,
16677,23440,,false,
16678,23446,,false,
16679,23464,,false,
16680,23473,,false,
16681,22350,,false,
16682,22704,,false,
16683,23135,,false,
16684,22168,,false,
16685,22378,,false,
16686,22392,,false,
16687,22947,,false,
16688,23334,,false,
16689,22432,,false,
16690,23098,,false,
16691,23451,,false,
16692,21689,,false,
16693,22142,,false,
16694,22145,,false,
16695,22158,,false,
16696,22159,,false,
16697,22203,,false,
16698,22275,,false,
16699,22293,,false,
16700,22297,,false,
16701,22305,,false,
16702,22324,,false,
16703,22354,,false,
16704,22404,,false,
16705,22405,,false,
16706,22420,,false,
16707,22428,,false,
16708,22492,,false,
16709,22516,,false,
16710,22585,,false,
16711,22726,,false,
16712,22744,,false,
16713,22893,,false,
16714,22899,,false,
16715,22900,,false,
16716,22948,,false,
16717,23019,,false,
16718,23037,,false,
16719,23081,,false,
16720,23106,,false,
16721,23110,,false,
16722,23120,,false,
16723,23138,,false,
16724,23145,,false,
16725,23154,,false,
16726,23162,,false,
16727,23189,,false,
16728,23245,,false,
16729,23255,,false,
16730,23257,,false,
16731,23264,,false,
16732,23291,,false,
16733,23353,,false,
16734,23358,,false,
16735,23361,,false,
16736,23362,,false,
16737,23365,,false,
16738,23377,,false,
16739,23406,,false,
16740,23432,,false,
16741,23441,,false,
16742,23072,,false,
16743,22224,,false,
16744,22241,,false,
16745,22374,,false,
16746,22437,,false,
16747,22458,,false,
16748,22528,,false,
16749,22722,,false,
16750,22909,,false,
16751,23160,,false,
16752,23211,,false,
16753,23306,,false,
16754,22151,,false,
16755,22182,,false,
16756,22186,,false,
16757,22323,,false,
16758,22391,,false,
16759,22403,,false,
16760,22412,,false,
16761,22439,,false,
16762,22547,,false,
16763,22623,,false,
16764,22743,,false,
16765,22774,,false,
16766,22811,,false,
16767,22840,,false,
16768,22934,,false,
16769,23070,,false,
16770,23105,,false,
16771,23267,,false,
16772,23343,,false,
16773,23445,,false,
16774,22349,,false,
16775,22384,,false,
16776,22423,,false,
16777,22424,,false,
16778,22694,,false,
16781,22825,,false,
16782,23137,,false,
16783,23317,,false,
16784,23337,,false,
16785,23400,,false,
16786,23421,,false,
16787,22143,,false,
16788,22144,,false,
16789,22157,,false,
16790,22222,,false,
16791,22226,,false,
16792,22236,,false,
16793,22244,,false,
16794,22252,,false,
16795,22260,,false,
16796,22321,,false,
16797,22348,,false,
16798,22358,,false,
16799,22483,,false,
16800,22498,,false,
16801,22662,,false,
16802,22672,,false,
16803,22725,,false,
16804,22746,,false,
16805,22815,,false,
16806,22872,,false,
16807,22943,,false,
16808,22954,,false,
16809,22977,,false,
16810,22989,,false,
16811,22993,,false,
16812,23200,,false,
16813,23201,,false,
16814,23253,,false,
16815,23272,,false,
16816,23274,,false,
16817,23285,,false,
16818,23300,,false,
16819,23331,,false,
16820,23341,,false,
16821,23369,,false,
16822,23390,,false,
16823,23402,,false,
16824,23453,,false,
16825,22318,,false,
16826,22527,,false,
16827,22560,,false,
16828,22659,,false,
16829,22772,,false,
16830,22804,,false,
16831,22896,,false,
16832,22921,,false,
16833,23114,,false,
16834,23133,,false,
16835,23139,,false,
16836,23230,,false,
16837,23239,,false,
16838,23268,,false,
16839,23328,,false,
16840,23355,,false,
16841,23429,,false,
16842,22367,,false,
16843,22465,,false,
16844,22735,,false,
16845,22810,,false,
16846,22863,,false,
16847,23109,,false,
16848,23356,,false,
16849,22211,,false,
16850,22660,,false,
16851,23102,,false,
16852,23143,,false,
16853,23243,,false,
16854,22174,,false,
16855,22187,,false,
16856,22204,,false,
16857,22327,,false,
16858,22366,,false,
16859,22538,,false,
16860,22559,,false,
16861,22803,,false,
16862,22877,,false,
16863,23039,,false,
16864,23104,,false,
16865,22890,,false,
16866,23012,,false,
16867,23224,,false,
16868,23225,,false,
16869,23262,,false,
16870,23397,,false,
16871,23412,,false,
16872,22166,,false,
16873,22669,,false,
16874,22929,,false,
16875,23376,,false,
16876,23340,,false,
16877,22160,,false,
16878,22355,,false,
16879,22356,,false,
16880,22396,,false,
16881,22523,,false,
16882,22565,,false,
16883,22640,,false,
16884,22671,,false,
16885,22843,,false,
16886,23115,,false,
16887,23130,,false,
16888,23142,,false,
16889,23164,,false,
16890,23165,,false,
16891,23214,,false,
16892,23231,,false,
16893,23273,,false,
16894,23396,,false,
16895,23424,,false,
16896,23140,,false,
16897,23460,,false,
16898,23472,,false,
16899,21810,,false,
16900,22314,,false,
16901,22422,,false,
16902,22508,,false,
16903,22561,,false,
16904,22570,,false,
16905,22708,,false,
16906,22720,,false,
16907,22756,,false,
16908,22758,,false,
16909,22837,,false,
16910,22856,,false,
16911,22904,,false,
16912,22910,,false,
16913,22933,,false,
16914,23173,,false,
16915,23318,,false,
16916,22188,,false,
16917,22328,,false,
16918,22335,,false,
16919,22530,,false,
16920,22594,,false,
16921,22695,,false,
16922,22842,,false,
16923,22871,,false,
16924,23126,,false,
16925,23275,,false,
16926,23327,,false,
16927,22545,,false,
16928,22574,,false,
16929,22631,,false,
16930,22822,,false,
16931,22996,,false,
16932,23310,,false,
16933,23462,,false,
16934,22568,,false,
16935,22734,,false,
16936,23296,,false,
16937,23346,,false,
16938,22264,,false,
16939,22748,,false,
16940,22649,,false,
16941,22820,,false,
16942,22848,,false,
16943,22849,,false,
16944,22853,,false,
16945,22866,,false,
16946,22617,,false,
16947,22474,,false,
16948,23223,,false,
16949,22196,,false,
16950,22475,,false,
16951,22983,,false,
16952,22501,,false,
16953,22353,,false,
16954,22543,,false,
16955,23383,,false,
16956,22550,,false,
16957,22583,,false,
16958,22146,,false,
16959,22147,,false,
16960,22177,,false,
16961,22332,,false,
16962,22431,,false,
16963,22586,,false,
16964,23033,,false,
16965,23297,,false,
16966,23456,,false,
16967,22610,,false,
16968,22611,,false,
16969,22878,,false,
16970,22907,,false,
16971,22912,,false,
16972,22881,,false,
16973,22911,,false,
16974,22627,,false,
16975,22240,,false,
16976,22385,,false,
16977,22389,,false,
16978,22278,,false,
16979,22417,,false,
16980,23158,,false,
16981,23180,,false,
16982,23247,,false,
16983,23048,,false,
16984,23050,,false,
16985,22176,,false,
16986,22935,,false,
16987,22965,,false,
16988,23198,,false,
16989,23206,,false,
16990,9770,,false,
16991,10037,,false,
16992,10038,,false,
16993,10336,,false,
16994,10450,,false,
16995,10276,,false,
16996,10318,,false,
16997,10320,,false,
16998,10337,,false,
16999,10342,,false,
17000,10358,,false,
17001,10359,,false,
17002,10391,,false,
17003,10404,,false,
17004,10406,,false,
17005,10411,,false,
17006,10421,,false,
17007,10455,,false,
17008,10456,,false,
17009,10460,,false,
17010,10466,,false,
17011,10469,,false,
17012,10472,,false,
17013,10476,,false,
17014,10302,,false,
17015,10325,,false,
17016,10427,,false,
17017,10045,,false,
17018,10080,,false,
17019,10125,,false,
17020,10127,,false,
17021,10308,,false,
17022,10398,,false,
17023,10413,,false,
17024,10419,,false,
17025,10430,,false,
17026,10462,,false,
17027,10278,,false,
17028,10344,,false,
17029,10355,,false,
17030,10368,,false,
17031,10374,,false,
17032,10400,,false,
17033,10412,,false,
17034,10424,,false,
17035,10451,,false,
17036,10461,,false,
17037,10380,,false,
17038,10447,,false,
17039,10286,,false,
17040,10409,,false,
17041,9743,,false,
17042,10049,,false,
17043,9758,,false,
17044,9989,,false,
17045,9657,,false,
17046,9832,,false,
17047,10032,,false,
17048,10146,,false,
17049,9851,,false,
17050,10303,,false,
17051,10446,,false,
17052,10381,,false,
17053,10407,,false,
17054,10444,,false,
17055,10445,,false,
17056,10382,,false,
17057,10434,,false,
17058,10394,,false,
17059,10044,,false,
17060,10443,,false,
17061,10477,,false,
17062,10304,,false,
17063,9847,,false,
17064,9993,,false,
17065,10010,,false,
17066,10402,,false,
17067,10405,,false,
17068,10452,,false,
17069,10377,,false,
17070,AK-819,,false,
17071,AK-880,,false,
17072,AK-891,,false,
17073,AK-905,,false,
17074,W-629,,false,
17075,AK-832,,false,
17076,W-692,,false,
17077,W-867,,false,
17078,BM-648,,false,
17079,GRF3-03,,false,
17080,GR4-03,,false,
17081,GR5-03,,false,
17082,GR6-03,,false,
17083,GR7-03,,false,
17084,GR8-03,,false,
17085,GR9-03,,false,
17086,GR10-03,,false,
17087,GR11-03,,false,
17088,GR12-03,,false,
17089,GR1F3-03,,false,
17090,GR14-03,,false,
17091,GR15-03,,false,
17092,GR16-03,,false,
17093,GR45-03,,false,
17094,GR46-03,,false,
17095,GR47-03,,false,
17096,GR48-03,,false,
17097,GR49-03,,false,
17098,AK-721,,false,
17099,AK-928,,false,
17100,W-634,,false,
17101,W-742,,false,
17102,GR44-02,,false,
17103,AK-797,,false,
17104,AK-800,,false,
17105,BM-625,,false,
17106,W-641,,false,
17107,AK-916,,false,
17108,BM-627,,false,
17109,GR28-02,,false,
17110,GR29-02,,false,
17111,GR30-02,,false,
17112,GR31-02,,false,
17113,GR32-02,,false,
17114,GR3F3-02,,false,
17115,GR34-02,,false,
17116,GR35-02,,false,
17117,W-1032,,false,
17118,AK-887,,false,
17119,GR1-03,,false,
17120,GR2-03,,false,
17121,GR17-03,,false,
17122,GR18-03,,false,
17123,GR19-03,,false,
17124,GR20-03,,false,
17125,GR21-03,,false,
17126,GR22-03,,false,
17127,GR2F3-03,,false,
17128,21727,,false,
17129,23051,,false,
17130,D20104A,,false,
17131,D20125F,,false,
17132,D21980,,false,
17133,D22125,,false,
17134,M12025Y/05,,false,
17135,M12029F/05,,false,
17136,M12056Z/03,,false,
17137,M12064L/03,,false,
17138,M3073D,,false,
17139,M3090T,,false,
17140,M3183K,,false,
17141,M3184M,,false,
17142,D20359,,false,
17143,D22211,,false,
17144,M12068/04,,false,
17145,D20151A,,false,
17146,M3144S,,false,
17147,M3185J,,false,
17148,D20116P,,false,
17149,D20216T,,false,
17150,M12055G/03,,false,
17151,M12083/03,,false,
17152,M12016/04,,false,
17153,M12046Q/05,,false,
17154,D20334Y,,false,
17155,M12054S/05,,false,
17156,D20039,,false,
17157,D20135,,false,
17158,D20175G,,false,
17159,M12003O/05,,false,
17160,M12024H/03,,false,
17161,M12030L/05,,false,
17162,M12032Z/05,,false,
17163,M12040/04,,false,
17164,M3019F,,false,
17165,M3136O,,false,
17166,D20128,,false,
17167,M12077/04,,false,
17168,D20124,,false,
17169,M12021Z/05,,false,
17170,D20508,,false,
17171,M12000/04,,false,
17172,M12023/04,,false,
17173,M12040X/03,,false,
17174,M12042S/03,,false,
17175,M12051R/05,,false,
17176,M12062R/03,,false,
17177,D20384X,,false,
17178,D21140,,false,
17179,D20789,,false,
17180,D21033,,false,
17181,M3101L,,false,
17182,D20021F,,false,
17183,D20293A,,false,
17184,D20313E,,false,
17185,D20449,,false,
17186,D20440B,,false,
17187,1000(1999),,false,
17188,1047(2000),,false,
17189,661(1995),,false,
17190,884(1998),,false,
17191,18581,1,false,
17192,19121,1,false,
17193,19226,1,false,
17194,19650,1,false,
17195,19678,1,false,
17196,19679,1,false,
17197,19680,1,false,
17198,22300,,false,
17199,21686,,false,
17200,21754,,false,
17201,22169,,false,
17202,22170,,false,
17203,22258,,false,
17204,22373,,false,
17205,22407,,false,
17206,22448,,false,
17207,22699,,false,
17208,22754,,false,
17209,22937,,false,
17210,22953,,false,
17211,22493,,false,
17212,22805,,false,
17213,300,,false,
17214,243,,false,
17215,244,,false,
17216,245,,false,
17217,246,,false,
17218,247,,false,
17219,250,,false,
17220,257,,false,
17221,276,,false,
17222,284,,false,
17223,290,,false,
17224,291,,false,
17225,301,,false,
17226,302,,false,
17227,303,,false,
17228,304,,false,
17229,305,,false,
17230,248,,false,
17231,N24,,false,
17232,N25,,false,
17233,809,,false,
17234,3228,,false,
17235,2936,,false,
17236,3347,,false,
17237,6,,false,
17238,1707,,false,
17239,2728,,false,
17240,1373,,false,
17241,1039,,false,
17242,1646,,false,
17243,638,,false,
17244,2219,,false,
17245,2410,,false,
17246,8988,,false,
17247,2491,,false,
17248,2753,,false,
17249,538,,false,
17250,182,,false,
17251,198,,false,
17252,234,,false,
17253,1982,,false,
17254,2292,,false,
17255,4054,,false,
17256,8286,,false,
17257,2669,,false,
17258,3772,,false,
17259,4034,,false,
17260,4103,,false,
17261,22406,,false,
17262,22596,,false,
17263,22605,,false,
17264,RO-23,,false,
17265,RO-29,,false,
17266,RO-14,,false,
17267,RO-17,,false,
17268,RO-2,,false,
17269,RO-15,,false,
17270,RO-3,,false,
17271,RO-6,,false,
17272,RO-7,,false,
17273,RO-8,,false,
17274,01-1784,,false,
17275,01-3755,,false,
17276,01-4716,,false,
17277,01-4741,,false,
17278,02-1299,,false,
17279,02-2822,,false,
17280,04-2986,,false,
17281,05-2278,,false,
17282,05-3134,,false,
17283,05-3345,,false,
17284,05-3443,,false,
17285,06-2019,,false,
17286,01/1966,,false,
17287,00-1047,,false,
17288,01-1165,,false,
17289,01-4043,,false,
17290,0F3-5166,,false,
17291,05-2328,,false,
17292,05-2751,,false,
17293,05-3164,,false,
17294,06-1012,,false,
17295,06-1900,,false,
17296,01/4776,,false,
17297,01/4043,,false,
17298,00-1491,,false,
17299,01-2729,,false,
17300,00-1349,,false,
17301,00-4627,,false,
17302,01-3167,,false,
17303,02-2410,,false,
17304,05-3016,,false,
17305,06-1794,,false,
17306,00-5015,,false,
17307,02-4432,,false,
17308,04-2201,,false,
17309,06-1402,,false,
17310,0F3-3348,,false,
17311,06-1434,,false,
17312,01-1678,,false,
17313,01-5337,,false,
17314,01-5379,,false,
17315,02-1649,,false,
17316,02-3587,,false,
17317,02-4292,,false,
17318,0F3-3489,,false,
17319,0F3-5124,,false,
17320,04-3278,,false,
17321,05-1848,,false,
17322,05-2619,,false,
17323,06-1202,,false,
17324,06-1375,,false,
17325,02/1649,,false,
17326,00/3530,,false,
17327,05-2796,,false,
17328,06-1401,,false,
17329,01-4186,,false,
17330,01/4186,,false,
17331,04-2027,,false,
17332,06-2069,,false,
17333,04-1212,,false,
17334,05-3403,,false,
17335,00-1385,,false,
17336,01/1457,,false,
17337,78M,,false,
17338,79M,,false,
17339,80M,,false,
17340,81M,,false,
17341,1Mo,,false,
17342,2Mo,,false,
17343,5Mo,,false,
17344,6Mo,,false,
17345,7Mo,,false,
17346,8Mo,,false,
17347,9Mo,,false,
17348,10Mo,,false,
17349,11Mo,,false,
17350,12Mo,,false,
17351,12380,,false,
17352,12868,,false,
17353,12226,,false,
17354,11818,,false,
17355,8213,,false,
17356,8241,,false,
17357,8182,,false,
17358,7302,,false,
17359,10286,,false,
17360,10777,,false,
17361,11241,,false,
17362,11249,,false,
17363,13146,,false,
17364,8156,,false,
17365,13493,,false,
17366,13686,,false,
17367,9839,,false,
17368,11078,,false,
17369,11985,,false,
17370,12010,,false,
17371,11050,,false,
17372,11076,,false,
17373,9857,,false,
17374,13893,,false,
17375,12574,,false,
17376,13587,,false,
17377,13600,,false,
17378,13665,,false,
17379,13882,,false,
17380,13914,,false,
17381,14200,,false,
17382,14126,,false,
17383,8517,,false,
17384,8430,,false,
17385,8476,,false,
17386,8478,,false,
17387,8540,,false,
17388,9087,,false,
17389,9688,,false,
17390,13344,,false,
17391,13426,,false,
17392,13422,,false,
17393,13466,,false,
17394,10362,,false,
17395,10395,,false,
17396,10403,,false,
17397,10978,,false,
17398,11327,,false,
17399,11861,,false,
17400,12366,,false,
17401,12644,,false,
17402,12792,,false,
17403,10974,,false,
17404,9069,,false,
17405,13769,,false,
17406,11024,,false,
17407,14066,,false,
17408,14379,,false,
17409,8588,,false,
17410,8756,,false,
17411,14509,,false,
17412,13896,,false,
17413,12747,,false,
17414,12589,,false,
17415,12526,,false,
17416,11015,,false,
17417,12260,,false,
17418,8701,,false,
17419,8716,,false,
17420,14308,,false,
17421,14473,,false,
17422,14687,,false,
17423,13897,,false,
17424,10970,,false,
17425,11905,,false,
17426,4870,,false,
17427,8505,,false,
17428,10495,,false,
17429,10717,,false,
17430,9055,,false,
17431,10325,,false,
17432,14454,,false,
17433,14533,,false,
17434,13232,,false,
17435,11899,,false,
17436,14612,,false,
17437,10852,,false,
17438,13684,,false,
17439,14539,,false,
17440,11873,,false,
17441,8688,,false,
17442,10803,,false,
17443,13954,,false,
17444,14469,,false,
17445,05-050,,false,
17446,05-055,,false,
17447,05-064,,false,
17448,05-079,,false,
17449,05-096,,false,
17450,05-230,,false,
17451,05-403,,false,
17452,05-431,,false,
17453,05-091,,false,
17454,05-049,,false,
17455,05-077,,false,
17456,05-081,,false,
17457,05-084,,false,
17458,05-094,,false,
17459,05-095,,false,
17460,05-101,,false,
17461,05-103,,false,
17462,05-105,,false,
17463,05-108,,false,
17464,05-175,,false,
17465,05-185,,false,
17466,05-201,,false,
17467,05-208,,false,
17468,05-240,,false,
17469,05-242,,false,
17470,05-313,,false,
17471,05-378,,false,
17472,05-399,,false,
17473,05-409,,false,
17474,05-423,,false,
17475,05-205,,false,
17476,05-334,,false,
17477,05-200,,false,
17478,05-042,,false,
17479,05-076,,false,
17480,05-115,,false,
17481,05-139,,false,
17482,05-233,,false,
17483,05-083,,false,
17484,05-211,,false,
17485,05-353,,false,
17486,05-070,,false,
17487,05-123,,false,
17488,05-237,,false,
17489,05-355,,false,
17490,05-082,,false,
17491,05-085,,false,
17492,05-183,,false,
17493,22630,,false,
17494,23244,,false,
17495,22939,,false,
17496,21030,,false,
17497,21033,,false,
17498,21044,,false,
17499,21017,,false,
17500,21018,,false,
17501,21019,,false,
17502,21022,,false,
17503,21023,,false,
17504,21031,,false,
17505,21039,,false,
17506,21045,,false,
17507,21046,,false,
17508,21050,,false,
17509,21021,,false,
17510,21048,,false,
17511,21020,,false,
17512,21038,,false,
17513,21040,,false,
17514,21047,,false,
17515,21049,,false,
17516,21032,,false,
17517,M4256,,false,
17518,M4595,,false,
17519,M746,,false,
17520,M1402,,false,
17521,M3873,,false,
17522,M4320,,false,
17523,M4364,,false,
17524,M5286,,false,
17525,M4207,,false,
17526,M8368,,false,
17527,M121,,false,
17528,M1110,,false,
17529,M4012,,false,
17530,M5285,,false,
17531,M4579,,false,
17532,M2837,,false,
17533,M1973,,false,
17534,M1472,,false,
17535,M1169,,false,
17536,M7501,,false,
17537,M7510,,false,
17538,M1191,,false,
17539,M4361,,false,
17540,M2531,,false,
17541,M812,,false,
17542,M4219,,false,
17543,M5283,,false,
17544,M7509,,false,
17545,M1168,,false,
17546,M2818,,false,
17547,M4850,,false,
17548,M7541,,false,
17549,M7485,,false,
17550,M7448,,false,
17551,M463,,false,
17552,23589,,false,
17553,23592,,false,
17554,23602,,false,
17555,23639,,false,
17556,23651,,false,
17557,23656,,false,
17558,23677,,false,
17559,10490,,false,
17560,10500,,false,
17561,10701,,false,
17562,10787,,false,
17563,10955,,false,
17564,23778,,false,
17565,1517,,false,
17566,23848,,false,
17567,1224,,false,
17568,1655,,false,
17569,1759,,false,
17570,1661,,false,
17571,1233,,false,
17572,1234,,false,
17573,1875,,false,
17574,1879,,false,
17575,1813,,false,
17576,1695,,false,
17577,1774,,false,
17578,1808,,false,
17579,1892,,false,
17580,1682,,false,
17581,1849,,false,
17582,1780,,false,
17583,1851,,false,
17584,1724,,false,
17585,1730,,false,
17586,1830,,false,
17587,1833,,false,
17588,1857,,false,
17589,1891,,false,
17590,1194,,false,
17591,1634,,false,
17592,1641,,false,
17593,1765,,false,
17594,1861,,false,
17595,1862,,false,
17596,1230,,false,
17597,1337,,false,
17598,1328,,false,
17599,1347,,false,
17600,1353,,false,
17601,1357,,false,
17602,1361,,false,
17603,1366,,false,
17604,1414,,false,
17605,1615,,false,
17606,1717,,false,
17607,1798,,false,
17608,1816,,false,
17609,1850,,false,
17610,1228,,false,
17611,1235,,false,
17612,1237,,false,
17613,1258,,false,
17614,1285,,false,
17615,1297,,false,
17616,1299,,false,
17617,1332,,false,
17618,1342,,false,
17619,1359,,false,
17620,1377,,false,
17621,1402,,false,
17622,1421,,false,
17623,1425,,false,
17624,1431,,false,
17625,1457,,false,
17626,1486,,false,
17627,1503,,false,
17628,1545,,false,
17629,1555,,false,
17630,1607,,false,
17631,1623,,false,
17632,1635,,false,
17633,1637,,false,
17634,1645,,false,
17635,1650,,false,
17636,1657,,false,
17637,1732,,false,
17638,1775,,false,
17639,1792,,false,
17640,1837,,false,
17641,1843,,false,
17642,1263,,false,
17643,1284,,false,
17644,1300,,false,
17645,1282,,false,
17646,1311,,false,
17647,1316,,false,
17648,1365,,false,
17649,1438,,false,
17650,1463,,false,
17651,1467,,false,
17652,1472,,false,
17653,1535,,false,
17654,1568,,false,
17655,1574,,false,
17656,1611,,false,
17657,1613,,false,
17658,1652,,false,
17659,1670,,false,
17660,1763,,false,
17661,1351,,false,
17662,1374,,false,
17663,1432,,false,
17664,1507,,false,
17665,1513,,false,
17666,1576,,false,
17667,1726,,false,
17668,1383,,false,
17669,1520,,false,
17670,1847,,false,
17671,1629,,false,
17672,1271,,false,
17673,1688,,false,
17674,1737,,false,
17675,1744,,false,
17676,1888,,false,
17677,1447,,false,
17678,1692,,false,
17679,1736,,false,
17680,1790,,false,
17681,1869,,false,
17682,1874,,false,
17683,1632,,false,
17684,1856,,false,
17685,1469,,false,
17686,LNP24001,,false,
17687,DE11111,,false,
17688,N17/06,,false,
17689,N27/06,,false,
17690,N1/06,,false,
17691,11139,,false,
17692,13082,,false,
17693,12004,,false,
17694,1201707,,false,
17695,24361,,false,
17696,12021/01,,false,
17697,12048/01,,false,
17698,12054/07,,false,
17699,3153/99,,false,
17700,12100/00,,false,
17701,12030/02,,false,
17702,12033/06,,false,
17703,842,,false,
17704,2228,,false,
17705,3368,,false,
17706,3561,,false,
17707,10267,,false,
17708,10507,,false,
17709,12989,,false,
17710,13755,,false,
17711,14734,,false,
17712,08-590-059,,false,
17713,24596,,false,
17714,25903,,false,
17715,DE11502,,false,
17716,0159000067,,false,
17717,LNP24871,,false,
17718,LNP25039,,false,
17719,LNP25082,,false,
17720,beta-54,,false,
17721,beta-98,,false,
17722,beta-23,,false,
17723,beta-234,,false,
17724,beta-7,,false,
17725,beta-6,,false,
17726,beta-13,,false,
17727,beta-18,,false,
17728,beta-24,,false,
17729,beta-26,,false,
17730,beta-27,,false,
17731,beta-29,,false,
17732,beta-30,,false,
17733,beta-31,,false,
17734,beta-33,,false,
17735,beta-35,,false,
17736,beta-108,,false,
17737,beta-39,,false,
17738,beta-47,,false,
17739,beta-71,,false,
17740,beta-105,,false,
17741,beta-113,,false,
17742,beta-117,,false,
17743,beta-119,,false,
17744,beta-124,,false,
17745,beta-126,,false,
17746,beta-130,,false,
17747,beta-135,,false,
17748,beta-74,,false,
17749,beta-141,,false,
17750,beta-147,,false,
17751,beta-154,,false,
17752,beta-155,,false,
17753,beta-159,,false,
17754,beta-162,,false,
17755,beta-163,,false,
17756,beta-168,,false,
17757,beta-183,,false,
17758,beta-169,,false,
17759,beta-179,,false,
17760,beta-192,,false,
17761,beta-214,,false,
17762,beta-225,,false,
17763,beta-251,,false,
17764,beta-254,,false,
17765,beta-267,,false,
17766,beta-269,,false,
17767,beta-270,,false,
17768,beta-291,,false,
17769,beta-298,,false,
17770,beta-301,,false,
17771,beta-302,,false,
17772,beta-101,,false,
17773,beta-107,,false,
17774,beta-149,,false,
17775,beta-151,,false,
17776,beta-2,,false,
17777,beta-22,,false,
17778,25123,,false,
17779,25143,,false,
17780,25210,,false,
17781,25238,,false,
17782,25245,,false,
17783,25246,,false,
17784,25247,,false,
17785,25286,,false,
17786,DE11664,,false,
17787,DE11684,,false,
17788,DE11854,,false,
17789,12026/09,,false,
17790,25909,,false,
17791,2010-189,,false,
17792,25476,,false,
17793,2450,,false,
17794,2455,,false,
17795,2462,,false,
17796,2485,,false,
17797,2489,,false,
17798,2493,,false,
17799,2509,,false,
17800,2521,,false,
17801,22944,,false,
17802,23067,,false,
17803,23131,,false,
17804,23291,,false,
17805,23070,,false,
17806,23086,,false,
17807,23095,,false,
17808,23114,,false,
17809,23168,,false,
17810,23190,,false,
17811,23258,,false,
17812,23261,,false,
17813,23298,,false,
17814,22978,,false,
17815,1494,,false,
17816,185_09,,false,
17817,26_09,,false,
17818,237_08,,false,
17819,25638,,false,
17820,12016/10,,false,
17821,0115/03,,false,
17822,0118/03,3724,false,
17823,0127/03,,false,
17824,0144/03,,false,
17826,0171/03,,false,
17828,0184/03,,false,
17829,0187/03,,false,
17830,5890,,false,
17831,10023,,false,
17832,10450,,false,
17833,14601,,false,
17834,15950,,false,
17835,15960,,false,
17836,18494,,false,
17837,18507,,false,
17838,19541,,false,
17839,19660,,false,
17840,19786,,false,
17841,20217,,false,
17842,20227,,false,
17843,13Mo,,false,
17845,N10/10,,false,
17846,N21/10,,false,
17847,10590105,,false,
17848,M10.30,,false,
17849,M22162,105,false,
17850,1815,,false,
17851,19755,,false,
17852,19791,,false,
17853,19820,,false,
17854,19828,,false,
17855,19849,,false,
17856,19856,,false,
17857,19889,,false,
17858,19956,,false,
17859,19965,,false,
17860,00-2393,,false,
17861,MK16/40,,false,
17862,Niga3/10,,false,
17863,BuFa20/10,,false,
17864,Mali21/10,,false,
17865,SAMB 41,,false,
17866,L2698,,false,
17867,K333,,false,
17868,AK1385,,false,
17869,AA973,,false,
17870,Z955,,false,
17871,I261,,false,
17872,AQ1710,,false,
17873,V795,,false,
17874,L375,,false,
17875,AQ1715,,false,
17876,D115,,false,
17877,84-36618,,false,
17878,87-40309,,false,
17879,ATCC13077,,false,
17880,10-3190,,false,
17881,Z5463BC,25,false,
17882,Z5463,25,false,
17883,Z5463PI,25,false,
17884,7913/10,,false,
17885,8351/10,,false,
17886,8405/10,,false,
17887,7923/10,,false,
17888,7975/10,,false,
17889,8475/10,,false,
17890,8093/10,,false,
17891,11300014,,false,
17892,12300080,,false,
17893,21200041,,false,
17894,21300235,,false,
17895,21300297,,false,
17896,22300169,,false,
17897,22300179,,false,
17898,11300009,,false,
17899,11300107,,false,
17900,11300136,,false,
17901,11300143,,false,
17902,11300170,,false,
17903,11300173,,false,
17904,11300178,,false,
17905,11300180,,false,
17906,11300184,,false,
17907,11300187,,false,
17908,11300192,,false,
17909,11301132,,false,
17910,11410076,,false,
17911,11410094,,false,
17912,11420009,,false,
17913,11420016,,false,
17914,11420048,,false,
17915,12100114,,false,
17916,12100151,,false,
17917,12100175,,false,
17918,12200090,,false,
17919,12200097,,false,
17920,12300052,,false,
17921,12300099,,false,
17922,12440010,,false,
17923,13200120,,false,
17924,13200133,,false,
17925,13200163,,false,
17926,13200204,,false,
17927,13300225,,false,
17928,13410016,,false,
17929,13420052,,false,
17930,13420057,,false,
17931,13420087,,false,
17932,13420098,,false,
17933,13421067,,false,
17934,21100068,,false,
17935,21100081,,false,
17936,21200178,,false,
17937,21200187,,false,
17938,21300207,,false,
17939,21300258,,false,
17940,21300267,,false,
17941,21300274,,false,
17942,21300277,,false,
17943,21431020,,false,
17944,21431026,,false,
17945,21431080,,false,
17946,21431084,,false,
17947,21431097,,false,
17948,22200140,,false,
17949,22300003,,false,
17950,22300004,,false,
17951,22300014,,false,
17952,22300030,,false,
17953,22300036,,false,
17954,22300199,,false,
17955,22301013,,false,
17956,22310002,,false,
17957,22410016,,false,
17958,22410033,,false,
17959,23300051,,false,
17960,23300076,,false,
17961,23300077,,false,
17962,23300093,,false,
17963,23420004,,false,
17964,23420012,,false,
17965,23420030,,false,
17966,23420035,,false,
17967,23420047,,false,
17968,23420071,,false,
17969,23420074,,false,
17970,23421070,,false,
17971,23440003,,false,
17972,23440017,,false,
17973,11300003,,false,
17974,11300004,,false,
17975,11300106,,false,
17976,11300115,,false,
17977,11300117,,false,
17978,11300127,,false,
17979,11300133,,false,
17980,11410088,,false,
17981,11420037,,false,
17982,13300268,,false,
17983,13300270,,false,
17984,13410014,,false,
17985,13411012,,false,
17986,13420091,,false,
17987,13421080,,false,
17988,21200005,,false,
17989,21300242,,false,
17990,22200133,,false,
17991,22300012,,false,
17992,23300123,,false,
17993,23440036,,false,
17994,11410056,,false,
17995,12440023,,false,
17996,13300262,,false,
17997,21431065,,false,
17998,11300042,,false,
17999,11300164,,false,
18000,11420005,,false,
18001,11420040,,false,
18002,13300251,,false,
18003,13300256,,false,
18004,13300285,,false,
18005,13300287,,false,
18006,21200007,,false,
18007,21300292,,false,
18008,22300174,,false,
18009,22410019,,false,
18010,11300019,,false,
18011,11300156,,false,
18012,11421024,,false,
18013,21200186,,false,
18014,21300298,,false,
18015,11420036,,false,
18016,13300273,,false,
18017,13300282,,false,
18018,13300298,,false,
18019,21301227,,false,
18020,22200143,,false,
18021,22410068,,false,
18022,22410095,,false,
18023,23300056,,false,
18024,23300058,,false,
18025,23300075,,false,
18026,23420090,,false,
18028,5430,,false,
18029,5524,,false,
18030,5854,,false,
18031,5932,,false,
18032,5856,,false,
18033,5889,,false,
18034,6017,,false,
18035,6184,,false,
18036,6494,,false,
18037,6515,,false,
18038,6770,,false,
18039,6771,,false,
18040,7032,,false,
18041,7277,,false,
18042,7638,,false,
18043,7441,,false,
18044,7466,,false,
18045,7469,,false,
18046,7637,,false,
18047,7718,,false,
18048,7819,,false,
18049,7818,,false,
18050,7829,,false,
18051,8013,,false,
18052,7961,,false,
18053,8150,,false,
18054,8450,,false,
18055,8215,,false,
18056,8452,,false,
18057,8371,,false,
18058,8411,,false,
18059,8477,,false,
18060,8980,,false,
18061,8943,,false,
18062,8944,,false,
18063,9085,,false,
18064,9327,,false,
18065,9504,,false,
18066,9690,,false,
18067,9714,,false,
18068,9809,,false,
18069,9800,,false,
18070,9823,,false,
18071,10170,,false,
18072,10238,,false,
18073,10413,,false,
18074,10412,,false,
18075,10647,,false,
18076,10587,,false,
18077,10883,,false,
18078,11145,,false,
18079,11180,,false,
18080,11310,,false,
18081,11965,,false,
18082,11964,,false,
18083,11966,,false,
18084,12159,,false,
18085,12327,,false,
18086,12347,,false,
18087,12325,,false,
18088,12401,,false,
18089,12655,,false,
18090,12592,,false,
18091,12695,,false,
18092,12927,,false,
18093,12836,,false,
18094,13144,,false,
18095,12997,,false,
18096,13412,,false,
18097,13277,,false,
18098,13190,,false,
18099,13587,,false,
18100,13491,,false,
18101,13550,,false,
18102,13352,,false,
18103,14062,,false,
18104,13740,,false,
18105,14266,,false,
18106,14021,,false,
18107,13997,,false,
18108,14128,,false,
18109,14263,,false,
18110,14178,,false,
18111,14264,,false,
18112,14411,,false,
18113,14405,,false,
18114,14653,,false,
18115,14979,,false,
18116,15019,,false,
18117,15094,,false,
18118,15058,,false,
18119,15129,,false,
18120,15469,,false,
18121,15475,,false,
18122,15528,,false,
18123,15750,,false,
18124,15648,,false,
18125,15539,,false,
18126,16033,,false,
18127,16131,,false,
18128,16170,,false,
18129,16203,,false,
18130,16522,,false,
18131,16641,,false,
18132,16716,,false,
18133,16723,,false,
18134,16777,,false,
18135,16880,,false,
18136,17028,,false,
18137,17109,,false,
18138,17255,,false,
18139,17329,,false,
18140,17559,,false,
18141,17749,,false,
18142,17750,,false,
18143,17791,,false,
18144,17792,,false,
18145,18088,,false,
18146,18157,,false,
18147,18160,,false,
18148,18254,,false,
18149,18272,,false,
18150,18537,,false,
18151,18345,,false,
18152,18580,,false,
18153,19035,,false,
18154,19273,,false,
18155,19351,,false,
18156,19935,,false,
18157,19731,,false,
18158,19770,,false,
18159,19777,,false,
18160,19790,,false,
18161,19962,,false,
18162,20131,,false,
18163,20179,,false,
18164,20218,,false,
18165,20286,,false,
18166,20396,,false,
18167,20503,,false,
18168,20763,,false,
18169,2025,,false,
18170,2029,,false,
18171,26006,,false,
18172,11-1003,,false,
18173,0073/10,,false,
18174,0074/10,,false,
18175,0075/10,,false,
18176,0076/10,,false,
18177,0077/10,,false,
18178,0079/10,,false,
18179,0080/10,,false,
18180,0001/11,,false,
18181,0002/11,,false,
18182,0003/11,,false,
18183,2006-021a,,false,
18184,2006-031,,false,
18185,2006-146,,false,
18186,2008-025,,false,
18187,257,,false,
18189,233,,false,
18190,238,,false,
18191,84,,false,
18192,364,,false,
18193,373,,false,
18194,60/06,,false,
18195,62/07,,false,
18196,2158/08,,false,
18197,1731/07,,false,
18198,82M,,false,
18199,83M,,false,
18200,84M,,false,
18201,85M,,false,
18202,86M,,false,
18203,87M,,false,
18204,88M,,false,
18205,91M,,false,
18206,92M,,false,
18207,93M,,false,
18208,94M,,false,
18209,95M,,false,
18210,96M,,false,
18211,97M,,false,
18212,98M,,false,
18213,99M,,false,
18214,100M,,false,
18215,101M,,false,
18216,102M,,false,
18217,103M,,false,
18218,104M,,false,
18219,105M,,false,
18220,106M,,false,
18221,107M,,false,
18222,108M,,false,
18223,109M,,false,
18224,110M,,false,
18225,112M,,false,
18226,113M,,false,
18227,114M,,false,
18228,115M,,false,
18229,116M,,false,
18230,117M,,false,
18231,118M,,false,
18232,119M,,false,
18233,120M,,false,
18234,41Mo,,false,
18235,42Mo,,false,
18236,43Mo,,false,
18237,44Mo,,false,
18238,45Mo,,false,
18239,46Mo,,false,
18240,47Mo,,false,
18241,48Mo,,false,
18242,49Mo,,false,
18243,50Mo,,false,
18244,51Mo,,false,
18245,52Mo,,false,
18246,53Mo,,false,
18247,54Mo,,false,
18248,55Mo,,false,
18249,56Mo,,false,
18250,57Mo,,false,
18251,58Mo,,false,
18252,59Mo,,false,
18253,61Mo,,false,
18254,62Mo,,false,
18255,63Mo,,false,
18256,64Mo,,false,
18257,66Mo,,false,
18258,67Mo,,false,
18259,68Mo,,false,
18260,69Mo,,false,
18261,70Mo,,false,
18262,71Mo,,false,
18263,72Mo,,false,
18264,739/07,,false,
18265,2686/08,,false,
18266,69/01,,false,
18267,433/08,,false,
18268,19218,,false,
18269,19236,,false,
18270,19246,,false,
18271,19248,,false,
18272,19258,,false,
18273,19281,,false,
18274,19324,,false,
18275,19347,,false,
18276,19350,,false,
18277,19360,,false,
18278,19365,,false,
18279,19406,,false,
18280,19411,,false,
18281,19421,,false,
18282,19456,,false,
18283,19494,,false,
18284,19533,,false,
18285,19534,,false,
18286,14Mo,,false,
18287,15Mo,,false,
18288,16Mo,,false,
18289,17Mo,,false,
18290,18Mo,,false,
18291,19Mo,,false,
18292,20Mo,,false,
18293,21Mo,,false,
18294,22Mo,,false,
18295,23Mo,,false,
18296,24Mo,,false,
18297,25Mo,,false,
18298,26Mo,,false,
18299,27Mo,,false,
18300,28Mo,,false,
18301,29Mo,,false,
18302,30Mo,,false,
18303,31Mo,,false,
18304,32Mo,,false,
18305,33Mo,,false,
18306,34Mo,,false,
18307,35Mo,,false,
18308,36Mo,,false,
18309,37Mo,,false,
18310,38Mo,,false,
18311,39Mo,,false,
18312,40Mo,,false,
18313,M10.40,,false,
18314,39M,,false,
18315,55M,,false,
18316,63M,,false,
18317,4Mo,,false,
18318,10-590-52,,false,
18319,14M,,false,
18322,0008/11,,false,
18327,0015/11,,false,
18328,72M,,false,
18329,DE12309,,false,
18331,0020/11,,false,
18332,0021/11,,false,
18333,NEQAS/0816,,false,
18334,DE12103,,false,
18335,DE12191,,false,
18336,N.780,,false,
18337,N.771,,false,
18338,98900183,,false,
18339,26084,,false,
18340,2009-205,,false,
18341,2009-221,,false,
18342,2009-259,,false,
18343,2009-306,,false,
18344,2010-120,,false,
18345,2009-268,,false,
18346,2010-094,,false,
18347,2010-167,,false,
18348,M22967,348,false,
18349,2001-051,,false,
18350,2001-436,,false,
18351,2005-091,,false,
18352,Thai_011,,false,
18353,Thai_115,,false,
18354,Thai_138,,false,
18355,Thai_094,,false,
18356,Thai_003,,false,
18357,Thai_079,,false,
18358,Thai_038,,false,
18359,Thai_050,,false,
18360,Thai_041,,false,
18361,Thai_090,,false,
18362,Thai_098,,false,
18363,360822,,false,
18364,360856,,false,
18365,11-2244,,false,
18366,11-590-00069,,false,
18367,11-590-00070,,false,
18368,11-590-00071,,false,
18369,310804,,false,
18370,370703,,false,
18371,420707,,false,
18372,420710,,false,
18373,440910,,false,
18374,L2834,,false,
18375,0022/11,,false,
18376,0026/11,,false,
18384,M22225,,false,
18385,M22236,,false,
18386,M22425,,false,
18387,M22452,37,false,
18388,DE11963,,false,
18389,DE11970,,false,
18390,DE11976,,false,
18391,DE11980,,false,
18392,DE12036,,false,
18393,DE12041,,false,
18394,DE12100,,false,
18395,DE12106,,false,
18396,DE12178,,false,
18397,DE12224,,false,
18398,DE12241,,false,
18399,DE12254,,false,
18400,M22268,,false,
18401,M22407,,false,
18402,M22702,,false,
18403,310822,,false,
18404,GR-BM-1039_Str_10,,false,
18405,GR-W-3094_Str_10,,false,
18406,GR-W-3295_Str_10,,false,
18407,GR-W-3309_Str_10,,false,
18408,AD1114,,false,
18409,18526,,false,
18410,19389,,false,
18411,19396,,false,
18412,19582,,false,
18413,19587,,false,
18414,19606,,false,
18415,19620,,false,
18416,19623,,false,
18417,19648,,false,
18418,19652,,false,
18419,19654,,false,
18420,19657,,false,
18421,19681,,false,
18422,19736,,false,
18423,19749,,false,
18424,19750,,false,
18425,19761,,false,
18426,19771,,false,
18427,19772,,false,
18428,19781,,false,
18429,19782,,false,
18430,19784,,false,
18431,19794,,false,
18432,19799,,false,
18433,19801,,false,
18434,19803,,false,
18435,19809,,false,
18436,19825,,false,
18437,M22255,,false,
18438,82,,false,
18439,27,,false,
18440,275,,false,
18441,299,,false,
18442,272,,false,
18443,281,,false,
18444,19504,,false,
18445,19882,,false,
18446,M11.06,,false,
18447,16816,,false,
18448,19227,,false,
18449,19312,,false,
18450,19364,,false,
18451,19419,,false,
18452,19495,,false,
18453,19590,,false,
18454,19613,,false,
18455,19637,,false,
18456,19676,,false,
18457,19694,,false,
18458,19711,,false,
18459,19719,,false,
18460,19733,,false,
18461,19759,,false,
18462,19764,,false,
18463,19783,,false,
18464,19836,,false,
18465,10-31,,false,
18466,10-114,,false,
18467,10-201,,false,
18468,10-265,,false,
18469,10-377,,false,
18470,2011-114,,false,
18471,M11.11,,false,
18472,Th-320_Str,,false,
18473,M03.07,,false,
18474,12050/09,,false,
18475,12055/09,,false,
18476,12010/10,,false,
18477,12016/10,,false,
18478,23015,,false,
18479,23088.2,,false,
18480,10-382,,false,
18481,19264,,false,
18482,19431,,false,
18483,19737,,false,
18484,2009-018,,false,
18485,AIIMS/08,,false,
18486,2010-033,,false,
18487,M11.12,,false,
18488,98/09,,false,
18489,1459/09,,false,
18490,2781/09,,false,
18491,3093/09,,false,
18492,4828/09,,false,
18493,5647/09,,false,
18494,L-ASHTON/87,,false,
18495,1847/08,,false,
18496,3840/08,,false,
18497,3842/08,,false,
18498,4515/08,,false,
18499,4818/08,,false,
18500,1818/10,,false,
18501,2257/10,,false,
18502,3776/10,,false,
18503,31/11,,false,
18504,KNIH11-1,,false,
18505,420606,,false,
18506,420718,,false,
18507,421009,,false,
18508,420608,,false,
18509,420719,,false,
18510,440910,,false,
18511,210902,,false,
18512,431002,,false,
18513,LNP26197,,false,
18514,19741,,false,
18515,2005-186,,false,
18516,2011-020,,false,
18517,2011-012,,false,
18519,420807,,false,
18520,420611,,false,
18521,441102,,false,
18522,SS04M4935,,false,
18523,SS04M5451,,false,
18524,SS08M813,,false,
18525,358,,false,
18526,366,,false,
18527,26226,,false,
18528,26227,,false,
18529,26232,,false,
18530,19371,,false,
18531,26191,,false,
18532,26241,,false,
18533,26242,,false,
18534,26247,,false,
18535,M11.17,,false,
18536,19753,,false,
18537,19426,,false,
18538,26242,,false,
18539,26243,,false,
18540,12030/09,,false,
18541,12009/07,,false,
18542,12008/08,,false,
18543,12052/08,,false,
18544,22926,,false,
18545,23009,,false,
18546,12024/10,,false,
18547,12005/11,,false,
18548,12011/11,,false,
18549,12019/11,,false,
18550,10-2711,,false,
18551,19770,,false,
18552,19303,,false,
18553,19607,,false,
18554,19653,,false,
18555,19449,,false,
18556,19670,,false,
18557,0035/11,,false,
18558,0036/11,,false,
18559,0037/11,,false,
18560,0038/11,,false,
18561,0039/11,,false,
18562,0040/11,,false,
18563,0041/11,,false,
18564,0042/11,,false,
18565,0045/11,,false,
18566,0046/11,,false,
18567,0047/11,,false,
18571,0053/11,,false,
18572,0054/11,,false,
18573,0056/11,,false,
18574,17999,,false,
18575,NIID520,,false,
18576,0057/11,,false,
18577,0058/11,,false,
18578,0059/11,,false,
18579,0060/11,,false,
18580,0061/11,,false,
18581,0065/11,,false,
18582,0023/11,,false,
18583,7042,,false,
18584,7276,,false,
18585,7994,,false,
18586,8367,,false,
18587,9819,,false,
18588,14570,,false,
18589,20971,,false,
18590,L2914,,false,
18591,L2928,,false,
18592,L2946,,false,
18593,L2947,,false,
18594,M21683,,false,
18595,21009,,false,
18596,55,,false,
18597,22278,,false,
18598,2011-044,,false,
18599,90/11,,false,
18600,NM3660,,false,
18601,0067/11,,false,
18602,0068/11,,false,
18603,0069/11,,false,
18604,0070/11,,false,
18606,3015,,false,
18607,MK11/11,,false,
18608,4037/10,,false,
18609,837/11,,false,
18610,1005/11,,false,
18611,4962/11,,false,
18612,5073/11,,false,
18613,1976/08,,false,
18614,57/11,,false,
18615,4984/11,,false,
18616,208/11,,false,
18617,321/11,,false,
18618,1585/11,,false,
18619,1726/11,,false,
18620,4434/11,,false,
18621,S62,,false,
18622,S115,,false,
18623,26292,,false,
18624,26294,,false,
18625,M11.23,,false,
18626,DE9308,,false,
18627,DE10655,,false,
18628,DE10700,,false,
18629,DE10823,,false,
18630,DE11002,,false,
18631,DE11713,,false,
18632,219,,false,
18633,221,,false,
18634,228,,false,
18635,243,,false,
18636,265,,false,
18637,212,,false,
18638,10-2786,,false,
18642,26317,,false,
18643,26318,,false,
18644,26319,,false,
18645,26327,,false,
18646,26332,,false,
18647,3718/98,,false,
18648,653/97,,false,
18649,5110/99,,false,
18650,2264/98,,false,
18651,2463/98,,false,
18652,692/08,,false,
18653,295,,false,
18654,Tch11/11,,false,
18655,Tch22/11,,false,
18656,24196,,false,
18657,DE11245,,false,
18658,DE11464,,false,
18659,DE11485,,false,
18660,T2-29-15,,false,
18661,T2-29-16,,false,
18662,Tch106/11,,false,
18663,16793,,false,
18664,5510/10,,false,
18665,7969/10,,false,
18666,3325/09,,false,
18667,3756/07,,false,
18668,8531/10,,false,
18669,8708/10,,false,
18670,1665/08,,false,
18671,1585/07,,false,
18672,3753/07,,false,
18673,114,,false,
18674,8,,false,
18675,10,,false,
18676,15,,false,
18677,24,,false,
18678,27,,false,
18679,32,,false,
18680,45,,false,
18681,51,,false,
18682,71,,false,
18683,84,,false,
18684,86,,false,
18685,132,,false,
18686,134,,false,
18687,135,,false,
18688,147,,false,
18689,150,,false,
18690,159,,false,
18691,165,,false,
18692,194,,false,
18693,203,,false,
18694,213,,false,
18695,218,,false,
18696,219,,false,
18697,BL02203,,false,
18698,BL03443,,false,
18699,BL03542,,false,
18700,BL05110,,false,
18701,DL03214,,false,
18702,M11.240416,,false,
18703,12031/06,,false,
18704,23233,,false,
18705,20550,,false,
18706,20004,,false,
18707,M3155L/98,,false,
18708,D22125,,false,
18709,12027/04,,false,
18710,12006/07,,false,
18711,12045/07,,false,
18712,12002/08,,false,
18713,D23161,,false,
18714,D23273,,false,
18715,D23305,,false,
18716,NMI10/026,,false,
18717,15,,false,
18718,S1-12-03,,false,
18719,2100381,,false,
18720,2110092,,false,
18721,06-11,,false,
18722,76-10,,false,
18723,0086/11,,false,
18724,55-11,,false,
18725,45-11,,false,
18726,14-11,,false,
18727,62-11,,false,
18728,74-10,,false,
18729,24-11,,false,
18730,19-11,,false,
18731,21-11,,false,
18732,T2-27-05,,false,
18733,0075/11,,false,
18734,0077/11,,false,
18735,0078/11,,false,
18736,0080/11,,false,
18737,0081/11,,false,
18738,0082/11,2,false,
18739,0084/11,,false,
18740,0088/11,,false,
18741,0089/11,,false,
18742,0090/11,,false,
18743,0091/11,,false,
18744,0092/11,,false,
18745,0094/11,,false,
18746,0095/11,,false,
18747,0096/11,,false,
18748,N12/11,,false,
18749,N17/11,,false,
18750,MK19/11,,false,
18751,MK30/11,,false,
18752,12004/02,,false,
18753,12033/02,,false,
18754,12035/10,,false,
18755,12040/04,,false,
18756,12083/06,,false,
18757,23116.1,,false,
18758,12096/01,,false,
18759,BL4853,,false,
18760,BL4252,,false,
18761,KL2944,,false,
18762,BL5170,,false,
18763,DL5682,,false,
18764,DL2598,,false,
18765,BL7255,,false,
18766,DL2023,,false,
18767,BL6457,,false,
18768,KL3135,,false,
18769,BL4415,,false,
18770,BL7011,,false,
18771,DL6409,,false,
18772,11-6433,,false,
18773,18-09,,false,
18774,39-09,,false,
18775,51-09,,false,
18776,52-09,,false,
18777,61-09,,false,
18778,63-09,,false,
18779,65-09,,false,
18780,67-09,,false,
18781,69-09,,false,
18782,70-09,,false,
18783,72-09,,false,
18784,363/11,,false,
18785,407/11,,false,
18786,418/11,,false,
18787,422/11,,false,
18788,1474/11,,false,
18789,1750/11,,false,
18790,1796/11,,false,
18791,5207/11,,false,
18792,5612/11,,false,
18793,5616/11,,false,
18794,4315/10,,false,
18795,1708/10,,false,
18796,2011NM-CHINA-GZ-74,,false,
18797,2011NM-CHINA-GZ-75,,false,
18798,2011NM-CHINA-GZ-145,,false,
18799,2011NM-CHINA-GZ-251,,false,
18800,2011NM-CHINA-GZ-258,,false,
18801,2011NM-CHINA-GZ-001,,false,
18802,DL7588,,false,
18803,KL6268,,false,
18804,DL7267,,false,
18805,KL3276,,false,
18806,KL7266,,false,
18807,DL5327,,false,
18808,DL7739,,false,
18809,KL4990,,false,
18810,DL5637,,false,
18811,DL7341,,false,
18812,BL4123,,false,
18813,KL3352,,false,
18814,KL5193,,false,
18815,BL2436,,false,
18816,DL2711,,false,
18817,KL5320,,false,
18818,DL6135,,false,
18819,1213/11,,false,
18820,1298/11,,false,
18821,9098/11,,false,
18822,9804/11,,false,
18823,1161/10,,false,
18824,6236/09,,false,
18825,16,,false,
18826,0072/11,,false,
18827,0093/11,,false,
18828,0099/11,57,false,
18829,0101/11,,false,
18831,0103/11,,false,
18833,3,,false,
18834,5,,false,
18835,V72_29-01S-010295,,false,
18836,V72_29-01S-010306,,false,
18837,V72_29-01S-010323,,false,
18838,V72_29-01S-010406,,false,
18839,V72_29-01S-010450,,false,
18840,V72_29-01S-010549,,false,
18841,V72_29-01S-010589,,false,
18842,V72_29-01S-020153,,false,
18843,V72_29-01S-030132,,false,
18844,V72_29-01S-050080,,false,
18845,V72_29-01S-050106,,false,
18846,V72_29-01S-070032,,false,
18847,V72_29-01S-070035,,false,
18848,V72_29-01S-070115,,false,
18849,V72_29-01S-070261,,false,
18850,V72_29-01S-080180,,false,
18851,V72_29-01S-090053,,false,
18852,V72_29-02S-010261,,false,
18853,V72_29-02S-010306,,false,
18854,V72_29-02S-010322,,false,
18855,V72_29-02S-010413,,false,
18856,V72_29-02S-010483,,false,
18857,V72_29-02S-020153,,false,
18858,V72_29-02S-030132,,false,
18859,V72_29-02S-030250,,false,
18860,V72_29-02S-040015,,false,
18861,V72_29-02S-040026,,false,
18862,V72_29-02S-040131,,false,
18863,V72_29-02S-040184,,false,
18864,V72_29-02S-070032,,false,
18865,V72_29-02S-070035,,false,
18866,V72_29-02S-070261,,false,
18867,V72_29-02S-090053,,false,
18868,V72_29-02S-090170,,false,
18869,V72_29-03S-010160,,false,
18870,V72_29-03S-010413,,false,
18871,V72_29-03S-010627,,false,
18872,V72_29-03S-010677,,false,
18873,V72_29-03S-030132,,false,
18874,DE11514,,false,
18875,V72_29-03S-070060,,false,
18876,V72_29-03S-070170,,false,
18877,V72_29-03S-070224,,false,
18878,V72_29-03S-090089,,false,
18879,V72_29-01S-060012,,false,
18880,V72_29-01S-060152,,false,
18881,V72_29-01S-060214,,false,
18882,V72_29-02S-060012,,false,
18883,V72_29-02S-060035,,false,
18884,V72_29-02S-060152,,false,
18885,2007NM-CHINA-GD-001,,false,
18886,V72_29-03S-060035,,false,
18887,V72_29-03S-060054,,false,
18888,V72_29-03S-060152,,false,
18889,V72_29-03S-060169,,false,
18890,V72_29-01S-010240,,false,
18891,V72_29-01S-010771,,false,
18892,V72_29-01S-070158,,false,
18893,V72_29-01S-070359,,false,
18894,V72_29-01S-070416,,false,
18895,V72_29-01S-080231,,false,
18896,V72_29-01S-080289,,false,
18897,V72_29-01S-090089,,false,
18898,V72_29-02S-010626,,false,
18899,V72_29-02S-010672,,false,
18900,V72_29-02S-040185,,false,
18901,V72_29-02S-070158,,false,
18902,V72_29-02S-070335,,false,
18903,V72_29-02S-070452,,false,
18904,V72_29-03S-010240,,false,
18905,V72_29-03S-010392,,false,
18906,V72_29-03S-010626,,false,
18907,V72_29-03S-030036,,false,
18908,V72_29-03S-030184,,false,
18909,V72_29-03S-070158,,false,
18910,V72_29-03S-070359,,false,
18911,V72_29-03S-070452,,false,
18912,V72_29-03S-090167,,false,
18913,V72_29-03S-090207,,false,
18914,V72_29-02S-060054,,false,
18915,6-10,,false,
18916,8-10,,false,
18917,9-10,,false,
18918,17-10,,false,
18919,19-10,,false,
18920,2005NM-CHINA-GZ-001,,false,
18921,11-6585,,false,
18922,L-38-10,,false,
18923,10160/11,,false,
18924,9633/11,,false,
18925,Mnz/11,,false,
18926,Mb108/11,,false,
18927,30-10,,false,
18928,39-10,,false,
18929,17999,,false,
18930,1835/09,,false,
18931,4491/09,,false,
18932,8531/10,,false,
18933,1031/11,,false,
18934,1032/11,,false,
18935,57,,false,
18936,26444,,false,
18937,1931/10,,false,
18938,9261/11,,false,
18939,10201/11,,false,
18940,17764,,false,
18941,63-10,,false,
18942,65-10,,false,
18943,66-10,,false,
18944,84-10,,false,
18945,97-10,,false,
18946,98-10,,false,
18947,371040,,false,
18948,371034,,false,
18949,I8 27/09/11,,false,
18950,I13 27/09/11,,false,
18951,I36 27/09/11,,false,
18952,I51 27/09/11,,false,
18953,I52 27/09/11,,false,
18954,I56 27/09/11,,false,
18955,I83 27/09/11,,false,
18956,26418,,false,
18957,26424,,false,
18958,26455,,false,
18959,M11.26,,false,
18960,2011-212,,false,
18961,11-6959,,false,
18962,DE12496,,false,
18963,6530-97,,false,
18964,18155,,false,
18965,JN371017,,false,
18966,2307,,false,
18967,2313,,false,
18968,M10 240474,233,false,
18969,M10 240478,127,false,
18970,473,,false,
18971,0105/11,,false,
18972,0106/11,,false,
18973,0107/11,,false,
18974,0108/11,,false,
18975,0109/11,,false,
18976,0110/11,,false,
18977,11119/11KL,,false,
18978,DE11969,,false,
18979,DE12005,,false,
18980,DE12226,,false,
18981,R-40-04,,false,
18982,S1-12-18,,false,
18983,T2-27-12,,false,
18984,L-36-05,,false,
18985,L-36-X2,,false,
18986,19773,,false,
18987,19774,,false,
18988,19780,,false,
18989,19798,,false,
18990,DE11999,,false,
18991,Mk2/11,,false,
18992,GR-W-3364_11,,false,
18993,GR-W-3442_11,,false,
18994,GR-K-12_10,,false,
18995,S1-14-14,,false,
18996,BL 02084,,false,
18997,BL 09678,,false,
18998,DL 09444,,false,
18999,BL 02277,,false,
19000,BL 05306,,false,
19001,BL 06719,,false,
19002,KL 07188,,false,
19003,KL 04936,,false,
19004,BL 08094,,false,
19005,BL 08203,,false,
19006,BL 08545,,false,
19007,BL 08918,,false,
19008,BL 09383,,false,
19009,DL 08180,,false,
19010,DL 09470,,false,
19011,DL 09629,,false,
19012,KL 08847,,false,
19013,KL 09309,,false,
19014,DL 012338,,false,
19015,DL 013673,,false,
19016,BL 04583,,false,
19017,19767,,false,
19018,L3104,,false,
19019,L3133,,false,
19020,24324,,false,
19021,LNP24656,,false,
19022,212009,,false,
19023,M10 240473,120,false,
19024,M10 240480,127,false,
19025,M10 240481,93,false,
19026,M10 240482,45,false,
19027,M10 240484,49,false,
19028,M10 240485,234,false,
19029,M10 240487,93,false,
19030,M10 240489,150,false,
19031,M10 240490,120,false,
19032,M10 240498,45,false,
19033,12-1372,,false,
19034,57-07,,false,
19035,41-09,,false,
19036,36-11,,false,
19037,11-468,,false,
19038,460,,false,
19039,0001/12,,false,
19040,0002/12,,false,
19041,0004/12,,false,
19042,0006/12,,false,
19043,0007/12,,false,
19044,0008/12,,false,
19045,0009/12,,false,
19048,0012/12,,false,
19049,69,,false,
19050,FUAM 6 B+ WAF,,false,
19051,M12.03,,false,
19052,8704/10,,false,
19053,111/12,,false,
19054,11021/11,,false,
19055,10969/11,,false,
19056,5544/11,,false,
19057,26499,,false,
19058,26509,,false,
19059,26527,,false,
19060,26529,,false,
19061,DE12562,,false,
19062,2368,,false,
19063,2372,,false,
19064,M24250,,false,
19065,M24251,,false,
19066,4482/10,,false,
19067,6058/10,,false,
19068,112/11,,false,
19069,1177/11,,false,
19070,4399/11,,false,
19071,9144/11,,false,
19072,10628/11,,false,
19073,FUAM 95 B+ WAF,,false,
19074,L3160,,false,
19075,FUAM 86 B+ WAF,,false,
19076,FUAM 71 B+ WAF,,false,
19077,CCUG 50858 T,,false,
19091,CCUG 26878 T,189,false,
19108,2386,,false,
19109,M11 240167,,false,
19110,M09 240483,,false,
19111,FUAM 87 B+ WAF,,false,
19112,FUAM 90 B+ WAF,,false,
19114,FUAM 102 B+ WAF,,false,
19115,0013/12,,false,
19116,0015/12,,false,
19117,0017/12,,false,
19118,0018/12,,false,
19119,0019/12,,false,
19120,10671/11,,false,
19121,11019/11,,false,
19122,2012-037,,false,
19123,NR29_12,,false,
19124,BF3138,,false,
19125,BF1656,,false,
19126,BF2126,,false,
19127,BF2184,,false,
19128,BF2627,,false,
19129,BF2883,,false,
19130,BF2926,,false,
19131,BF3013,,false,
19132,FUAM 20 B+ WAF,,false,
19133,DE12612,,false,
19134,AUSMDU-NG-2012-0001,,false,
19135,AUSMDU-NG-2012-0002,,false,
19136,AUSMDU-NG-2012-0003,,false,
19137,AUSMDU-NG-2012-0004,,false,
19138,AUSMDU-NG-2012-0005,,false,
19139,GR-W3756_11,,false,
19140,BF2856,,false,
19141,DE12286,,false,
19142,DE12294,,false,
19143,DE12323,,false,
19144,DE12384,,false,
19145,DE12416,,false,
19146,DE12422,,false,
19147,DE12444,,false,
19148,DE12481,,false,
19149,DE12514,,false,
19150,DE12526,,false,
19151,IM48,,false,
19152,ID11,,false,
19153,BF2898,,false,
19154,BF3171,,false,
19155,BF2120,,false,
19156,BF1815,,false,
19157,BF1746,,false,
19158,BF1616,,false,
19159,12.2490,,false,
19160,167410,,false,
19161,L3201,,false,
19163,11-445,,false,
19164,MK3/12,,false,
19165,Chelyabinsk196/11,,false,
19166,Izhevsk82/10,,false,
19167,Izhevsk110/11,,false,
19168,Izhevsk113/11,,false,
19169,Izhevsk63/10,,false,
19170,Kaliningrad59/10,,false,
19171,Kazan121/11,,false,
19172,Kazan122/11,,false,
19173,LReg135/11,4779,false,
19174,MariEl224/12,,false,
19175,Omsk125/11,,false,
19176,Omsk126/11,,false,
19177,Omsk153/11,,false,
19178,Omsk154/11,,false,
19179,Ryazan103/11,,false,
19180,Ryazan152/11,,false,
19181,Ryazan97/11,,false,
19182,Saratov151/11,,false,
19183,Tatarstan148/11,,false,
19184,Tatarstan116/11,,false,
19185,Udmurtia143/11,,false,
19186,Udmurtia155/11,,false,
19187,Voronezh168/11,49,false,
19188,Yaroslavl93/11,,false,
19189,Yaroslavl160/11,,false,
19190,Yaroslavl164/11,,false,
19191,Yaroslavl170/11,,false,
19192,Yaroslavl198/11,,false,
19193,Yaroslavl199/11,,false,
19194,Moscow185/12,,false,
19195,Astrakhan90/10,,false,
19196,Bashkortostan162/11,,false,
19197,Chelyabinsk106/11,,false,
19198,Chelyabinsk123/11,,false,
19199,Chelyabinsk131/11,,false,
19200,Chelyabinsk147/11,,false,
19201,Chelyabinsk186/10,49,false,
19202,Chelyabinsk197/11,,false,
19203,Chelyabinsk215/11,,false,
19204,Chelyabinsk66/10,,false,
19205,Chelyabinsk107/11,,false,
19206,Chelyabinsk184/11,4759,false,
19208,BF3168,,false,
19209,BF3172,,false,
19210,BF1626,,false,
19211,2011-004,,false,
19212,2011-048,,false,
19213,2011-051,,false,
19214,2011-101,,false,
19215,2011-112,,false,
19216,2011-127,,false,
19217,2011-266,,false,
19218,2011-292,,false,
19219,M03 241253,,false,
19220,M04 241704,,false,
19221,M08 240497,,false,
19222,M98 250238,,false,
19223,M99 240605,,false,
19224,M04375,,false,
19225,M02298,,false,
19226,M03325,,false,
19227,M02983,,false,
19228,M03469,,false,
19229,M04337,,false,
19230,M04726,,false,
19231,M04608,,false,
19232,M06108,,false,
19233,M04164,,false,
19234,M01833,,false,
19235,3002,,false,
19236,3030,,false,
19237,3033,,false,
19238,3048,,false,
19239,3049,,false,
19240,3068,,false,
19241,3070,,false,
19242,3092,,false,
19243,3100,,false,
19244,3107,,false,
19245,3136,,false,
19246,3137,,false,
19247,3139,,false,
19248,3141,,false,
19249,26628,,false,
19251,481,,false,
19252,479,,false,
19253,480,,false,
19254,475,,false,
19255,476,,false,
19256,456,,false,
19257,2401,,false,
19258,S1761,,false,
19259,L3231,,false,
19260,WUE 2594,27,false,
19261,alpha710,100,false,
19262,ATCC 13091,184,false,
19263,NZ-05/33,45,false,
19264,M04-240196,93,false,
19265,M01-240355,238,false,
19266,M01-240149,45,false,
19267,26702,,false,
19268,793,,false,
19269,884,,false,
19270,792,,false,
19271,10,,false,
19272,11,,false,
19273,270,,false,
19274,167427,,false,
19275,311113,,false,
19276,311114,,false,
19277,441107,,false,
19278,19726,,false,
19279,19846,,false,
19280,19886,,false,
19281,19906,,false,
19282,19916,,false,
19283,19946,,false,
19284,19997,,false,
19285,605396,,false,
19286,0021/12,,false,
19287,0022/12,,false,
19288,0024/12,,false,
19289,0025/12,,false,
19290,0026/12,104,false,
19291,0027/12,,false,
19292,0028/12,,false,
19293,0029/12,,false,
19294,0030/12,,false,
19295,0031/12,,false,
19296,0034/12,,false,
19297,0035/12,,false,
19298,0036/12,,false,
19299,0037/12,,false,
19300,0038/12,,false,
19301,0040/12,,false,
19302,0041/12,,false,
19304,9302/11,,false,
19305,NM2012-127,,false,
19306,26699,,false,
19307,59,,false,
19309,2397,,false,
19310,M25022,,false,
19311,HU882011,,false,
19312,34173,,false,
19313,34299,,false,
19314,34348,,false,
19315,34374,,false,
19316,34015,,false,
19317,34121,,false,
19318,440910,,false,
19319,21100081,,false,
19320,34348,,false,
19321,BF2339,,false,
19322,310824,,false,
19323,441009,,false,
19324,22110,,false,
19325,22135,,false,
19326,22195,,false,
19327,22198,,false,
19328,34121,,false,
19329,34148,,false,
19330,34279,,false,
19331,34296,,false,
19332,34298,,false,
19333,34351,,false,
19334,34374,,false,
19335,11300107,,false,
19336,21300258,,false,
19337,22300030,,false,
19338,23420012,,false,
19339,Nm010,407,false,
19341,Nm042,407,false,
19344,268,,false,
19345,10-7338,,false,
19346,6944-E,,false,
19347,1832/10,,false,
19348,1840-10,,false,
19349,1864-11,,false,
19350,Col01,,false,
19351,Col12,,false,
19352,22182,,false,
19353,34026,,false,
19354,34173,,false,
19355,34296,,false,
19356,34398,,false,
19357,N1568,57,false,
19358,M6190,1,false,
19359,M13399,239,false,
19361,ES14902,2,false,
19362,CU385,3,false,
19363,961-5945,67,false,
19364,M01-240013,93,false,
19365,K1207,2,false,
19366,M10699,3,false,
19367,M11791,141,false,
19368,M13220,29,false,
19370,M14900,141,false,
19372,M15293,3,false,
19373,M16207,9,false,
19375,M17094,,false,
19376,M17277,684,false,
19378,M18575,29,false,
19380,M20899,839,false,
19381,NM9261,,false,
19382,2293,,false,
19383,epsilon36,,false,
19388,23321,,false,
19389,23337,,false,
19390,23380,,false,
19391,23394,,false,
19392,23401,,false,
19393,23410,,false,
19396,Nm038,1813,false,
19398,2321,,false,
19403,8-03,,false,
19410,71-10,,false,
19414,97-04,,false,
19415,13-05,,false,
19416,94-05,,false,
19417,72-06,,false,
19418,81-06,,false,
19419,86-07,,false,
19420,119-07,,false,
19421,102-08,,false,
19422,3-09,,false,
19423,108-09,,false,
19424,115-09,,false,
19426,NM156,39,false,
19427,54-03,,false,
19429,30-05,,false,
19430,77-05,,false,
19431,99-05,,false,
19432,106-05,,false,
19433,89-07,,false,
19434,133-05,,false,
19435,24-07,,false,
19436,53-06,,false,
19437,154-06,,false,
19438,60-05,,false,
19439,65-10,,false,
19440,96-03,,false,
19441,113-03,,false,
19442,64-08,,false,
19443,106-08,,false,
19444,98-09,,false,
19445,131-05,,false,
19446,19-08,,false,
19447,35-08,,false,
19448,135-09,,false,
19449,117-03,,false,
19450,134-04,,false,
19451,128-05,,false,
19452,37-07,,false,
19453,138-08,,false,
19454,25-09,,false,
19455,45-09,,false,
19456,80-08,,false,
19457,8-07,,false,
19458,148-05,,false,
19459,110-06,,false,
19460,105-08,,false,
19461,83-10,,false,
19462,54-04,,false,
19463,Amur124,,false,
19464,Amur144/11,,false,
19465,Chelyabinsk221/11,,false,
19466,Chelyabinsk223/12,,false,
19467,Novgorod166/11,,false,
19468,Tver187/11,,false,
19469,Yaroslavl92/11,,false,
19470,Udmurtia140/11,,false,
19471,1067X-11,,false,
19472,591P-06,,false,
19473,1425Z-06,,false,
19474,3748H-09,,false,
19475,M12L/07,,false,
19476,M21L/07,,false,
19477,M32L/07,,false,
19478,M43L/07,,false,
19479,M232L/07,,false,
19480,M297L/08,,false,
19481,M328L/08,,false,
19482,M347L/08,,false,
19483,M397L/08,,false,
19484,M407L/08,,false,
19485,M425L/08,,false,
19486,M473L/08,,false,
19487,M835L/09,,false,
19488,M980L/09,,false,
19489,M1005L/09,,false,
19490,M1050L/09,,false,
19491,M1083L/09,,false,
19492,M1138L/09,,false,
19493,M1207L/09,,false,
19494,M1208L/09,,false,
19495,M1422L/10,,false,
19496,M1439L/10,,false,
19497,M1440L/10,,false,
19498,M1510L/10,,false,
19499,M53L/07,,false,
19500,M79L/07,,false,
19501,M343L/08,,false,
19502,M360L/08,,false,
19503,M873L/09,,false,
19504,S1815,,false,
19505,S0108,2,false,
19506,2010-112,,false,
19507,NM3271,,false,
19508,2009-249,,false,
19512,NM023,1814,false,
19513,NM048,407,false,
19516,NM054,39,false,
19518,Nm312,407,false,
19519,2002-032,,false,
19520,2007-195,,false,
19521,M04278,,false,
19522,M04336,,false,
19523,M04376,,false,
19524,M04510,,false,
19525,M04511,,false,
19526,M05151,,false,
19527,M05596,,false,
19528,M06013,,false,
19529,M06176,,false,
19530,M06177,,false,
19531,M06292,,false,
19532,M06320,,false,
19533,M06753,,false,
19534,M01506,,false,
19535,M04110,,false,
19536,M05285,,false,
19537,M03575,,false,
19538,M04359,,false,
19539,M05813,,false,
19540,M07497,,false,
19541,M04288,,false,
19542,M04061,,false,
19543,M02215,,false,
19544,M03003,,false,
19545,M05358,,false,
19546,M06142,,false,
19547,M04108,,false,
19548,M05435,,false,
19549,M06286,,false,
19550,M06800,,false,
19551,M06927,,false,
19552,M04289,,false,
19553,M04639,,false,
19554,M02233,,false,
19555,M04267,,false,
19556,M04553,,false,
19557,M04589,,false,
19558,M05135,,false,
19559,M05146,,false,
19560,M06720,,false,
19561,M05545,,false,
19562,M06095,,false,
19563,M05365,,false,
19564,M03471,,false,
19565,M06349,,false,
19566,M01393,,false,
19567,M06319,,false,
19568,M04356,,false,
19569,M06513,,false,
19570,M06466,,false,
19571,M06089,,false,
19572,M05185,,false,
19573,NVD04S-060087,,false,
19574,NVD04S-010065,,false,
19575,NVD04S-010081,,false,
19576,NVD04S-070001,,false,
19577,NVD04S-070060,,false,
19578,NVD04S-070386,,false,
19579,NVD04S-080069,,false,
19580,NVD04S-080119,,false,
19581,NVD04S-080286,,false,
19582,NVD04S-090007,,false,
19583,NVD04S-090153,,false,
19584,NVD05S-010035,,false,
19585,NVD05S-010066,,false,
19586,NVD05S-010081,,false,
19587,NVD05S-010492,,false,
19588,NVD05S-030176,,false,
19589,NVD05S-030206,,false,
19590,NVD05S-070001,,false,
19591,NVD05S-070177,,false,
19592,NVD05S-070339,,false,
19593,NVD05S-070386,,false,
19594,NVD05S-090007,,false,
19595,NVD06S-010021,,false,
19596,NVD06S-010035,,false,
19597,NVD06S-010065,,false,
19598,NVD06S-010132,,false,
19599,NVD06S-010492,,false,
19600,NVD06S-010574,,false,
19601,NVD06S-010632,,false,
19602,NVD06S-020033,,false,
19603,NVD06S-020070,,false,
19604,NVD06S-020089,,false,
19605,NVD06S-030014,,false,
19606,NVD06S-030176,,false,
19607,NVD06S-030317,,false,
19608,NVD06S-050123,,false,
19609,NVD06S-070177,,false,
19610,NVD06S-070187,,false,
19611,NVD06S-070335,,false,
19612,NVD06S-070339,,false,
19613,NVD06S-070437,,false,
19614,NVD06S-080069,,false,
19615,NVD06S-080119,,false,
19616,NVD06S-090007,,false,
19617,NVD06S-090015,,false,
19618,NVD06S-090030,,false,
19619,NVD06S-090072,,false,
19620,NVD06S-090193,,false,
19621,NVD05S-060138,,false,
19622,NVD06S-060138,,false,
19623,NVD06s-020070,,false,
19627,P3099,,false,
19628,P3100,,false,
19629,P3101,,false,
19630,P3102,,false,
19631,P3103,,false,
19632,P3104,,false,
19633,P3105,,false,
19634,P3106,,false,
19635,P3107,,false,
19636,P3108,,false,
19637,P3109,,false,
19638,P3110,,false,
19639,P3111,,false,
19640,P3112,,false,
19641,P3113,,false,
19642,P3114,,false,
19643,P3115,,false,
19644,P3117,,false,
19645,P3118,,false,
19646,P3119,,false,
19647,P3120,,false,
19648,P3121,,false,
19649,P3122,,false,
19650,P3123,,false,
19651,P3124,,false,
19652,P3125,,false,
19653,P3126,,false,
19654,P3127,,false,
19655,P3128,,false,
19656,P3129,,false,
19657,P3130,,false,
19658,P3131,,false,
19659,P3132,,false,
19660,P3133,,false,
19661,P3134,,false,
19662,P3135,,false,
19663,P3136,,false,
19664,P3137,,false,
19665,P3138,,false,
19666,P3139,,false,
19667,P3140,,false,
19668,P3141,,false,
19669,P3142,,false,
19670,P3143,,false,
19671,P3144,,false,
19672,P3145,,false,
19673,P3146,,false,
19674,P3147,,false,
19675,P3282,,false,
19676,P3283,,false,
19677,P3284,,false,
19678,P3285,,false,
19679,P3286,,false,
19680,P3287,,false,
19681,P3288,,false,
19682,P3289,,false,
19683,P3290,,false,
19684,P3291,,false,
19685,P3292,,false,
19686,P3293,,false,
19687,P3294,,false,
19688,P3295,,false,
19689,P3296,,false,
19690,P3297,,false,
19691,P3298,,false,
19692,P3299,,false,
19693,P3300,,false,
19694,P3301,,false,
19695,P3302,,false,
19696,P3303,,false,
19697,P3304,,false,
19698,P3305,,false,
19699,P3306,,false,
19700,P3307,,false,
19701,P3308,,false,
19702,P3309,,false,
19703,P3310,,false,
19704,P3311,,false,
19705,P3312,,false,
19706,P3313,,false,
19707,P3314,,false,
19708,235-PAR,,false,
19709,M205L/07,,false,
19710,M301L/08,,false,
19711,M282/12,,false,
19712,M286/12,,false,
19714,M1209/12,,false,
19716,HBCDCXX01,,false,
19717,HBCDCXX02,,false,
19718,HBCDCXX04,,false,
19724,NM024,1469,false,
19726,2008-316,,false,
19727,2010-202,,false,
19728,HBCDCXX05,,false,
19729,MK11/12,,false,
19730,MK12/12,,false,
19731,BuFa8/12,,false,
19732,Benin11/12,,false,
19733,58564,,false,
19734,65237,,false,
19735,66232,,false,
19736,MK5840,,false,
19737,MK10346,,false,
19738,MK11154,,false,
19739,MK17110 II,,false,
19740,MK4417,,false,
19741,MK10289,,false,
19742,MK11942,,false,
19743,MK14046,,false,
19744,MK23806,,false,
19745,MK7562,,false,
19746,MK10415,,false,
19747,MK14868,,false,
19748,77Mo,,false,
19749,131M,,false,
19750,LNP21577,,false,
19751,LNP23135,,false,
19752,LNP23431,,false,
19753,LNP25246,,false,
19754,LNP25312,,false,
19756,LNP26022,,false,
19757,LNP26023,,false,
19758,LNP26028,,false,
19759,LNP26031,,false,
19760,LNP26033,,false,
19761,LNP26034,,false,
19762,LNP26036,,false,
19763,LNP26037,150,false,
19764,LNP26040,,false,
19765,LNP26041,,false,
19766,LNP26043,,false,
19767,LNP26044,,false,
19768,LNP26045,,false,
19769,LNP26046,,false,
19770,LNP26047,,false,
19771,LNP26048,45,false,
19772,LNP26049,,false,
19773,LNP26051,,false,
19774,LNP26052,,false,
19775,LNP26056,,false,
19776,LNP26058,,false,
19777,LNP26059,,false,
19778,LNP26064,,false,
19779,LNP26065,,false,
19780,LNP26066,,false,
19781,LNP26067,,false,
19782,LNP26069,,false,
19783,LNP26070,,false,
19784,LNP26072,,false,
19785,LNP26073,,false,
19786,LNP26074,,false,
19787,LNP26076,,false,
19788,LNP26077,,false,
19789,LNP26078,,false,
19790,LNP26079,,false,
19791,LNP26081,,false,
19792,LNP26083,,false,
19793,LNP26084,,false,
19794,LNP26085,,false,
19795,LNP26087,,false,
19796,LNP26089,,false,
19797,LNP26090,,false,
19798,LNP26091,,false,
19799,LNP26093,,false,
19800,LNP26094,,false,
19801,LNP26095,,false,
19802,LNP26097,,false,
19803,LNP26098,,false,
19804,LNP26100,,false,
19805,LNP26102,,false,
19806,LNP26103,,false,
19807,LNP26106,,false,
19808,LNP26107,,false,
19809,LNP26108,,false,
19810,LNP26114,,false,
19811,LNP26115,,false,
19812,LNP26116,,false,
19813,LNP26117,,false,
19814,LNP26122,,false,
19815,LNP26123,,false,
19816,LNP26124,,false,
19817,LNP26125,,false,
19818,LNP26127,,false,
19819,LNP26129,,false,
19820,LNP26133,,false,
19821,LNP26134,,false,
19822,2133,,false,
19823,2302,,false,
19824,2303,,false,
19825,2305,,false,
19826,2306,,false,
19827,2308,,false,
19828,2315,,false,
19829,2323,,false,
19830,2324,,false,
19831,2326,,false,
19832,2329,,false,
19833,2330,,false,
19834,2384,,false,
19835,1955,,false,
19836,15557,,false,
19837,16172,,false,
19838,17326,,false,
19839,17431,,false,
19840,17840,,false,
19841,10590106,,false,
19842,10590114,,false,
19843,10590115,,false,
19844,05-590-126,,false,
19845,08590386,,false,
19846,08590393,,false,
19847,08590399,,false,
19848,08590405,,false,
19849,09590007,,false,
19850,09590008,,false,
19851,09590019,,false,
19852,09590020,,false,
19853,09590024,,false,
19854,09590025,,false,
19855,09590031,,false,
19856,09590032,,false,
19857,09590035,,false,
19858,09590037,,false,
19859,09590049,,false,
19860,09590054,,false,
19861,09590057,,false,
19862,09590063,,false,
19863,09590069,,false,
19864,09590072,,false,
19865,09590076,,false,
19866,09590089,,false,
19867,09590092,,false,
19868,09590129,,false,
19869,09590139,,false,
19870,09590145,,false,
19871,09590157,,false,
19872,09590162,,false,
19873,09590163,,false,
19874,09590170,,false,
19875,09590172,,false,
19876,09590179,,false,
19877,09590183,,false,
19878,09590184,,false,
19879,09590187,,false,
19880,09590195,,false,
19881,09590197,,false,
19882,09590206,,false,
19883,09590212,,false,
19884,09590218,,false,
19885,09590219,,false,
19886,09590222,,false,
19887,09590228,,false,
19888,09590237,,false,
19889,09590241,,false,
19890,09590244,,false,
19891,09590268,,false,
19892,09590281,,false,
19893,09590292,,false,
19894,10590029,,false,
19895,10590031,,false,
19896,10590040,,false,
19897,10590041,,false,
19898,10590042,,false,
19899,10590055,,false,
19900,10590087,,false,
19901,10590129,,false,
19902,10590130,,false,
19903,10590133,,false,
19904,10590134,,false,
19905,10590140,,false,
19906,10590145,,false,
19907,10590151,,false,
19908,10590154,,false,
19909,10590155,,false,
19910,10590156,,false,
19911,10590169,,false,
19912,10590175,,false,
19913,10590176,,false,
19914,10590178,,false,
19915,10590183,,false,
19916,10590185,,false,
19917,10590188,,false,
19918,10590192,,false,
19919,10590195,,false,
19920,10590201,,false,
19921,10590203,,false,
19922,10590205,,false,
19923,10590206,,false,
19924,10590237,,false,
19925,10590239,,false,
19926,10590248,,false,
19927,10590250,,false,
19928,10590253,,false,
19929,10590264,,false,
19930,10590265,,false,
19931,10590273,,false,
19932,10590277,,false,
19933,10590280,,false,
19934,10590301,,false,
19935,10590316,,false,
19936,10590322,,false,
19937,10590324,,false,
19938,10590328,,false,
19939,R9,,false,
19941,SK2010/15,,false,
19942,SK2010/274,,false,
19943,SK2010/283,,false,
19944,SK2010/348,,false,
19946,HBCDCXX03,,false,
19947,4728/12,,false,
19948,10053/11,,false,
19949,05182B,,false,
19950,06-10,,false,
19951,06-15,,false,
19952,06-26B,,false,
19953,06-42B,,false,
19954,07-8B,,false,
19955,08-3B,,false,
19956,05216C,,false,
19957,M00 241317,1,false,
19958,M10 240476,87,false,
19959,M10 240499,93,false,
19960,M10 240500,196,false,
19961,M10 240502,45,false,
19962,M10 240503,141,false,
19963,M10 240505,240,false,
19964,M10 240507,1,false,
19965,M10 240508,1228,false,
19966,M10 240511,120,false,
19967,M10 240512,45,false,
19968,M10 240514,1,false,
19969,M10 240515,93,false,
19970,M10 240520,62,false,
19971,M10 240521,45,false,
19972,M10 240522,45,false,
19973,M10 240525,3,false,
19974,M10 240527,93,false,
19975,M10 240528,93,false,
19976,M10 240530,141,false,
19977,M10 240531,62,false,
19978,M10 240532,45,false,
19979,M10 240534,62,false,
19980,M10 240536,62,false,
19981,M10 240540,62,false,
19982,M10 240546,87,false,
19983,M10 240547,3,false,
19984,M10 240548,45,false,
19985,M10 240549,45,false,
19986,M10 240550,93,false,
19987,M10 240553,120,false,
19988,M10 240556,45,false,
19989,M10 240558,45,false,
19990,M10 240559,9,false,
19991,M10 240566,87,false,
19992,M10 240568,87,false,
19993,M10 240569,41,false,
19994,M10 240570,45,false,
19995,M10 240572,120,false,
19996,M10 240578,3,false,
19997,M10 240579,241,false,
19998,M10 240580,62,false,
19999,M10 240581,95,false,
20000,M10 240582,3,false,
20001,M10 240583,45,false,
20002,M10 240585,197,false,
20003,M10 240586,45,false,
20004,M10 240587,49,false,
20005,M10 240589,95,false,
20006,M10 240590,242,false,
20007,M10 240591,103,false,
20008,M10 240592,45,false,
20009,M10 240595,87,false,
20010,M10 240597,128,false,
20011,M10 240598,45,false,
20012,M10 240602,120,false,
20013,M10 240604,127,false,
20014,M10 240605,68,false,
20015,M10 240606,243,false,
20016,M10 240607,67,false,
20017,M10 240611,3,false,
20018,M10 240612,93,false,
20019,M10 240613,120,false,
20020,M10 240614,244,false,
20021,M10 240616,68,false,
20022,M10 240617,87,false,
20023,M10 240618,106,false,
20024,M10 240619,87,false,
20025,M10 240621,87,false,
20026,M10 240622,120,false,
20027,M10 240623,120,false,
20028,M10 240624,245,false,
20029,M10 240626,93,false,
20030,M10 240627,3,false,
20031,M10 240631,246,false,
20032,M10 240632,62,false,
20033,M10 240633,62,false,
20034,M10 240634,198,false,
20035,M10 240636,97,false,
20036,M10 240638,150,false,
20037,M10 240639,49,false,
20038,M10 240640,93,false,
20039,M10 240641,68,false,
20040,M10 240642,247,false,
20041,M10 240643,62,false,
20042,M10 240644,248,false,
20043,M10 240645,249,false,
20044,M10 240649,93,false,
20045,M10 240650,250,false,
20046,M10 240651,87,false,
20047,M10 240652,93,false,
20048,M10 240657,57,false,
20049,M10 240659,199,false,
20050,M10 240661,120,false,
20051,M10 240662,45,false,
20052,M10 240665,87,false,
20053,M10 240666,120,false,
20054,M10 240668,93,false,
20055,M10 240669,45,false,
20056,M10 240670,93,false,
20057,M10 240671,1,false,
20058,M10 240674,45,false,
20059,M10 240675,148,false,
20060,M10 240676,251,false,
20061,M10 240677,1228,false,
20062,M10 240678,45,false,
20063,M10 240681,45,false,
20064,M10 240682,93,false,
20065,M10 240683,41,false,
20066,M10 240684,2,false,
20067,M10 240685,62,false,
20068,M10 240687,1,false,
20069,M10 240689,200,false,
20070,M10 240690,45,false,
20071,M10 240693,104,false,
20072,M10 240694,120,false,
20073,M10 240698,47,false,
20074,M10 240700,62,false,
20075,M10 240701,87,false,
20076,M10 240702,45,false,
20077,M10 240703,87,false,
20078,M10 240704,93,false,
20079,M10 240705,67,false,
20080,M10 240707,127,false,
20081,M10 240708,,false,
20082,M10 240709,93,false,
20083,M10 240711,93,false,
20084,M10 240712,87,false,
20085,M10 240713,93,false,
20086,M10 240716,252,false,
20087,M10 240717,87,false,
20088,M10 240718,104,false,
20089,M10 240719,3,false,
20090,M10 240720,93,false,
20091,M10 240721,45,false,
20092,M10 240722,45,false,
20093,M10 240723,55,false,
20094,M10 240724,127,false,
20095,M10 240728,93,false,
20096,M10 240729,93,false,
20097,M10 240730,45,false,
20098,M10 240731,253,false,
20099,M10 240732,141,false,
20100,M10 240733,93,false,
20101,M10 240737,68,false,
20102,M10 240742,254,false,
20103,M10 240743,93,false,
20104,M10 240745,62,false,
20105,M10 240746,45,false,
20106,M10 240747,49,false,
20107,M10 240748,201,false,
20108,M10 240749,201,false,
20109,M10 240750,202,false,
20110,M10 240751,87,false,
20111,M10 240752,120,false,
20112,M10 240753,3,false,
20113,M10 240754,45,false,
20114,M10 240756,68,false,
20115,M10 240759,120,false,
20116,M10 240761,203,false,
20117,M10 240762,204,false,
20118,M10 240763,255,false,
20119,M10 240766,93,false,
20120,M10 240767,3,false,
20121,M10 240768,93,false,
20122,M10 240770,93,false,
20123,M10 240771,47,false,
20124,M10 240772,120,false,
20125,M10 240773,45,false,
20126,M10 240774,120,false,
20127,M10 240775,45,false,
20128,M10 240776,62,false,
20129,M10 240777,141,false,
20130,M10 240778,87,false,
20131,M10 240779,93,false,
20132,M10 240781,248,false,
20133,M10 240783,120,false,
20134,M10 240785,198,false,
20135,M10 240786,62,false,
20136,M10 240787,62,false,
20137,M10 240788,128,false,
20138,M10 240789,93,false,
20139,M10 240790,3,false,
20140,M10 240793,45,false,
20141,M10 240794,3,false,
20142,M10 240796,76,false,
20143,M10 240798,62,false,
20144,M10 240799,87,false,
20145,M10 240803,127,false,
20146,M10 240804,62,false,
20147,M10 240805,120,false,
20148,M10 240807,45,false,
20149,M10 240808,256,false,
20150,M10 240809,205,false,
20151,M10 240810,9,false,
20152,M10 240811,97,false,
20153,M10 240814,120,false,
20154,M10 240817,1,false,
20155,M10 240818,257,false,
20156,M10 240819,258,false,
20157,M10 240820,45,false,
20158,M10 240821,1,false,
20159,M10 240822,259,false,
20160,M10 240823,49,false,
20161,M10 240824,260,false,
20162,M10 240825,261,false,
20163,M10 240826,120,false,
20164,M11 240000,211,false,
20165,M11 240001,150,false,
20166,M11 240002,49,false,
20167,M11 240003,49,false,
20168,M11 240004,120,false,
20169,M11 240005,,false,
20170,M11 240006,3,false,
20171,M11 240007,,false,
20172,M11 240008,45,false,
20173,M11 240010,93,false,
20174,M11 240011,198,false,
20175,M11 240012,200,false,
20176,M11 240013,262,false,
20177,M11 240014,263,false,
20178,M11 240015,93,false,
20179,M11 240016,3,false,
20180,M11 240017,45,false,
20181,M11 240018,45,false,
20182,M11 240019,57,false,
20183,M11 240021,3,false,
20184,M11 240022,120,false,
20185,M11 240023,49,false,
20186,M11 240024,49,false,
20187,M11 240025,93,false,
20188,M11 240026,93,false,
20189,M11 240027,130,false,
20190,M11 240028,130,false,
20191,M11 240029,68,false,
20192,M11 240030,93,false,
20193,M11 240031,62,false,
20194,M11 240032,120,false,
20195,M11 240034,45,false,
20196,M11 240035,1,false,
20197,M11 240036,62,false,
20198,M11 240037,3,false,
20199,M11 240038,148,false,
20200,M11 240039,,false,
20201,M11 240040,127,false,
20202,M11 240041,206,false,
20203,M11 240042,150,false,
20204,M11 240043,62,false,
20205,M11 240044,93,false,
20206,M11 240045,220,false,
20207,M11 240046,87,false,
20208,M11 240047,45,false,
20209,M11 240048,104,false,
20210,M11 240050,,false,
20211,M11 240052,150,false,
20212,M11 240053,45,false,
20213,M11 240054,45,false,
20214,M11 240055,49,false,
20215,M11 240056,,false,
20216,M11 240057,1,false,
20217,M11 240058,264,false,
20218,M11 240059,45,false,
20219,M11 240060,49,false,
20220,M11 240061,104,false,
20221,M11 240062,93,false,
20222,M11 240063,45,false,
20223,M11 240064,49,false,
20224,M11 240065,62,false,
20225,M11 240066,93,false,
20226,M11 240067,1,false,
20227,M11 240068,102,false,
20228,M11 240069,57,false,
20229,M11 240070,93,false,
20230,M11 240071,121,false,
20231,M11 240072,93,false,
20232,M11 240073,120,false,
20233,M11 240074,87,false,
20234,M11 240076,1,false,
20235,M11 240077,93,false,
20236,M11 240079,45,false,
20237,M11 240081,127,false,
20238,M11 240082,265,false,
20239,M11 240083,150,false,
20240,M11 240084,266,false,
20241,M11 240085,45,false,
20242,M11 240086,65,false,
20243,M11 240088,45,false,
20244,M11 240094,67,false,
20245,M11 240096,62,false,
20246,M11 240097,207,false,
20247,M11 240099,1,false,
20248,M11 240100,67,false,
20249,M11 240108,45,false,
20250,M11 240109,3,false,
20251,M11 240110,127,false,
20252,M11 240111,87,false,
20253,M11 240112,208,false,
20254,M11 240113,2,false,
20255,M11 240115,128,false,
20256,M11 240116,62,false,
20257,M11 240117,267,false,
20258,M11 240119,49,false,
20259,M11 240121,268,false,
20260,M11 240122,120,false,
20261,M11 240123,1,false,
20262,NVD02S-090078,,false,
20263,M11 240125,45,false,
20264,M11 240126,211,false,
20265,M11 240128,120,false,
20266,M11 240129,47,false,
20267,M11 240131,9,false,
20268,M11 240132,93,false,
20269,M11 240133,41,false,
20270,M11 240134,87,false,
20271,M11 240137,87,false,
20272,M11 240139,120,false,
20273,M11 240145,45,false,
20274,M11 240146,269,false,
20275,M11 240147,87,false,
20276,M11 240148,45,false,
20277,M11 240149,45,false,
20278,M11 240150,93,false,
20279,M11 240151,93,false,
20280,M11 240152,45,false,
20281,M11 240157,270,false,
20282,M11 240161,120,false,
20283,M11 240163,209,false,
20284,M11 240164,45,false,
20285,M11 240165,120,false,
20286,M11 240166,62,false,
20287,M11 240167,68,false,
20288,M11 240168,,false,
20289,M11 240170,45,false,
20290,M11 240173,128,false,
20291,M11 240174,271,false,
20292,M11 240175,3,false,
20293,M11 240176,,false,
20294,M11 240180,93,false,
20295,M11 240181,87,false,
20296,M11 240182,3,false,
20297,M11 240183,272,false,
20298,M11 240185,93,false,
20299,M11 240188,45,false,
20300,M11 240189,47,false,
20301,M11 240191,45,false,
20302,M11 240192,62,false,
20303,M11 240193,49,false,
20304,M11 240195,45,false,
20305,M11 240203,45,false,
20306,M11 240206,150,false,
20307,M11 240207,49,false,
20308,M11 240209,120,false,
20309,M11 240210,141,false,
20310,M11 240211,120,false,
20311,M11 240212,93,false,
20312,M11 240213,127,false,
20313,M11 240214,150,false,
20314,M11 240215,62,false,
20315,M11 240216,62,false,
20316,M11 240226,93,false,
20317,M11 240227,62,false,
20318,M11 240231,68,false,
20319,M11 240232,57,false,
20320,M11 240233,273,false,
20321,M11 240234,274,false,
20322,M11 240236,120,false,
20323,M11 240237,275,false,
20324,M11 240241,127,false,
20325,M11 240242,210,false,
20326,M11 240243,93,false,
20327,M11 240244,45,false,
20328,M11 240246,,false,
20329,M11 240247,257,false,
20330,M11 240248,127,false,
20331,M11 240249,276,false,
20332,M11 240251,93,false,
20333,M11 240255,45,false,
20334,M11 240256,45,false,
20335,M11 240258,277,false,
20336,M11 240259,45,false,
20337,M11 240261,68,false,
20338,M11 240262,29,false,
20339,M11 240263,62,false,
20340,M11 240265,278,false,
20341,M11 240266,87,false,
20342,M11 240268,87,false,
20343,M11 240269,45,false,
20344,M11 240275,93,false,
20345,M11 240276,45,false,
20346,M11 240277,62,false,
20347,M11 240278,279,false,
20348,M11 240280,280,false,
20349,M11 240281,93,false,
20350,M11 240282,87,false,
20351,M11 240283,62,false,
20352,M11 240284,120,false,
20353,M11 240285,3,false,
20354,M11 240286,255,false,
20355,M11 240287,274,false,
20356,M11 240289,45,false,
20357,M11 240290,87,false,
20358,M11 240291,45,false,
20359,M11 240294,257,false,
20360,M11 240295,211,false,
20361,M11 240296,3,false,
20362,M11 240297,87,false,
20363,M11 240298,62,false,
20364,M11 240299,45,false,
20365,M11 240302,281,false,
20366,M11 240303,282,false,
20367,M11 240304,66,false,
20368,M11 240305,1,false,
20369,M11 240306,45,false,
20370,M11 240309,93,false,
20371,M11 240311,45,false,
20372,M11 240312,211,false,
20373,M11 240313,62,false,
20374,M11 240314,120,false,
20375,M11 240315,120,false,
20376,M11 240316,93,false,
20377,M11 240317,93,false,
20378,M11 240318,97,false,
20379,M11 240319,62,false,
20380,M11 240322,62,false,
20381,M11 240323,283,false,
20382,M11 240324,3,false,
20383,M11 240326,62,false,
20384,M11 240328,127,false,
20385,M11 240330,120,false,
20386,M11 240333,77,false,
20387,M11 240334,120,false,
20388,M11 240335,9,false,
20389,M11 240337,87,false,
20390,M11 240338,97,false,
20391,M11 240339,284,false,
20392,M11 240341,45,false,
20393,M11 240342,3,false,
20394,M11 240343,45,false,
20395,M11 240344,87,false,
20396,M11 240346,148,false,
20397,M11 240347,67,false,
20398,M11 240348,87,false,
20399,M11 240349,68,false,
20400,M11 240350,45,false,
20401,M11 240352,,false,
20402,M11 240353,93,false,
20403,M11 240356,260,false,
20404,M11 240358,141,false,
20405,M11 240360,49,false,
20406,M11 240363,67,false,
20407,M11 240364,45,false,
20408,M11 240365,45,false,
20409,M11 240366,3,false,
20410,M11 240367,45,false,
20411,M11 240368,93,false,
20412,M11 240369,45,false,
20413,M11 240371,9,false,
20414,M11 240372,62,false,
20415,M11 240373,127,false,
20416,M11 240375,93,false,
20417,M11 240376,285,false,
20418,M11 240381,9,false,
20419,M11 240382,45,false,
20420,M11 240383,57,false,
20421,M11 240386,45,false,
20422,M11 240387,68,false,
20423,M11 240388,66,false,
20424,M11 240389,1,false,
20425,M11 240390,93,false,
20426,M11 240391,45,false,
20427,M11 240392,265,false,
20428,M11 240394,104,false,
20429,M11 240395,93,false,
20430,M11 240396,62,false,
20431,M11 240397,120,false,
20432,M11 240398,87,false,
20433,M11 240399,62,false,
20434,M11 240401,120,false,
20435,M11 240402,276,false,
20436,M11 240403,1,false,
20437,M11 240405,120,false,
20438,M11 240406,3,false,
20439,M11 240409,286,false,
20440,M11 240411,287,false,
20441,M11 240412,104,false,
20442,M11 240413,120,false,
20443,M11 240414,9,false,
20444,M11 240417,1,false,
20445,M11 240420,112,false,
20446,M11 240422,288,false,
20447,M11 240424,49,false,
20448,M11 240425,45,false,
20449,M11 240427,1,false,
20450,M11 240428,93,false,
20451,M11 240430,289,false,
20452,M11 240431,93,false,
20453,M11 240434,127,false,
20454,M11 240435,62,false,
20455,M11 240436,120,false,
20456,M11 240437,290,false,
20457,M11 240440,104,false,
20458,M11 240441,120,false,
20459,M11 240442,291,false,
20460,M12 240156,1,false,
20461,M12 240160,1,false,
20462,M12 240196,1,false,
20463,09-B,,false,
20464,06-19C,,false,
20465,06-30C,,false,
20466,2012NM-CHINA-GZ-01,,false,
20467,2012NM-CHINA-GZ-02,,false,
20468,2012NM-CHINA-GZ-03,,false,
20469,2012NM-CHINA-GZ-04,,false,
20470,M11 240118,,false,
20471,05212B,,false,
20472,05185B,,false,
20473,LN2012001,,false,
20474,MK13/12,,false,
20475,26829,,false,
20476,26833,,false,
20477,H44/76,3,false,
20478,NVD03S-090072,,false,
20479,12-4865,,false,
20480,2010-133,,false,
20481,2010-198,,false,
20482,26837,,false,
20483,NF90-12,,false,
20484,M12240475,,false,
20485,M97253308,,false,
20486,M98252163,,false,
20487,M98253408,,false,
20488,M99243749,,false,
20489,M00240701,,false,
20490,M00243000,,false,
20491,M00243299,,false,
20492,M02012623,,false,
20493,M02240667,,false,
20494,M03240948,,false,
20495,M03241248,,false,
20496,M03241634,,false,
20497,M03241719,,false,
20498,M05240909,,false,
20499,M08240480,,false,
20500,M02241586,,false,
20501,M02241718,,false,
20502,M08240567,,false,
20503,M97253168,,false,
20504,M99242202,,false,
20505,34240,,false,
20506,Nm622,,false,
20507,Nm623,,false,
20508,P4,,false,
20509,TCDC-NG09234,,false,
20510,TCDC-NG09436,,false,
20511,TCDC-NG11313,,false,
20512,TCDC-NG11315,,false,
20513,TCDC-NG12212,,false,
20514,TCDC-NG11355,,false,
20517,P32,,false,
20518,P13,,false,
20519,34-11,,false,
20520,43-11,,false,
20521,50-11,,false,
20522,55-11,,false,
20523,67-11,,false,
20524,87-11,,false,
20525,103-11,,false,
20526,111-11,,false,
20527,112-11,,false,
20528,116-11,,false,
20529,124-11,,false,
20530,6-12,,false,
20531,11-12,,false,
20532,22135,,false,
20533,441207,,false,
20534,SS12M6423,,false,
20535,P41,,false,
20536,P50,,false,
20537,P51,,false,
20538,IM-2135,,false,
20539,S-4383,,false,
20540,P46,,false,
20543,BL20128,,false,
20544,P5,,false,
20545,332/12,,false,
20546,377/12,,false,
20547,2985/12,,false,
20548,3879/12,,false,
20549,4245/12,,false,
20550,4668/12,,false,
20551,5837/12,,false,
20552,P29,,false,
20553,P47,,false,
20554,131148,,false,
20555,6173/12,,false,
20556,6390/12,,false,
20557,6415/12,,false,
20558,6480/12,,false,
20559,6546/12,,false,
20560,441006,,false,
20561,P49,,false,
20562,Nm8187,292,false,
20563,Nm3127,292,false,
20564,Nm6938,68,false,
20565,Nm2732,68,false,
20566,Nm8663,293,false,
20567,Nm6756,62,false,
20568,Nm1140,95,false,
20569,HBCDCXX06,,false,
20570,M12.33,,false,
20571,M12.37,,false,
20572,AUSMDU-NS-2012-0001,,false,
20573,AUSMDU-NS-2012-0015,,false,
20574,AUSMDU-NS-2012-0024,,false,
20575,AUSMDU-NS-2012-0027,,false,
20576,AUSMDU-NS-2012-0029,,false,
20577,AUSMDU-NS-2012-0035,,false,
20578,AUSMDU-NS-2012-0036,,false,
20579,AUSMDU-NS-2012-0039,,false,
20580,AUSMDU-NS-2012-0042,,false,
20581,AUSMDU-NS-2012-0043,,false,
20582,AUSMDU-NS-2012-0052,,false,
20583,AUSMDU-NS-2012-0064,,false,
20584,AUSMDU-NS-2012-0070,,false,
20585,AUSMDU-NS-2012-0075,,false,
20586,AUSMDU-NS-2012-0080,,false,
20587,AUSMDU-NS-2012-0082,,false,
20588,AUSMDU-NS-2012-0084,,false,
20589,AUSMDU-NS-2012-0085,,false,
20590,AUSMDU-NS-2012-0086,,false,
20591,AUSMDU-NS-2012-0096,,false,
20592,AUSMDU-NS-2012-0099,,false,
20593,AUSMDU-NS-2012-0101,,false,
20594,AUSMDU-NS-2012-0105,,false,
20595,AUSMDU-NS-2012-0108,,false,
20596,AUSMDU-NS-2012-0111,,false,
20597,AUSMDU-NS-2012-0112,,false,
20598,AUSMDU-NS-2012-0115,,false,
20599,AUSMDU-NS-2012-0116,,false,
20600,AUSMDU-NS-2012-0118,,false,
20601,AUSMDU-NS-2012-0121,,false,
20602,AUSMDU-NS-2012-0123,,false,
20603,AUSMDU-NS-2012-0124,,false,
20604,AUSMDU-NS-2012-0117,,false,
20605,0046/12,,false,
20606,0049/12,,false,
20607,0050/12,,false,
20608,0051/12,,false,
20609,0052/12,,false,
20610,0053/12,,false,
20612,0055/12,,false,
20613,0056/12,,false,
20615,0058/12,,false,
20617,0065/12,,false,
20619,0068/12,,false,
20620,0069/12,,false,
20621,0070/12,,false,
20622,0071/12,,false,
20623,0072/12,,false,
20624,0073/12,,false,
20625,0074/12,,false,
20626,0075/12,,false,
20627,0076/12,,false,
20629,0078/12,,false,
20630,0082/12,,false,
20631,DE12552,,false,
20632,DE12569,,false,
20634,DE12604,,false,
20635,DE12636,,false,
20636,26938,,false,
20637,26946,,false,
20638,L3392,,false,
20639,L3397,,false,
20640,459,,false,
20641,466,,false,
20642,471,,false,
20643,474,,false,
20644,AUSMDU-NS-2012-0002,,false,
20645,AUSMDU-NS-2012-0004,,false,
20646,AUSMDU-NS-2012-0014,,false,
20647,AUSMDU-NS-2012-0020,,false,
20648,AUSMDU-NS-2012-0023,,false,
20649,AUSMDU-NS-2012-0046,,false,
20650,AUSMDU-NS-2012-0049,,false,
20651,AUSMDU-NS-2012-0061,,false,
20652,AUSMDU-NS-2012-0071,,false,
20653,AUSMDU-NS-2012-0102,,false,
20655,M25387,,false,
20656,24292,,false,
20657,25142,,false,
20658,25244,,false,
20659,25249,,false,
20660,AUSMDU-NS-2012-0033,,false,
20661,AUSMDU-NS-2012-0012,,false,
20662,M25391,3,false,
20663,AUSMDU-NS-2012-0122,,false,
20664,0005/12,,false,
20665,0066/12,,false,
20666,0083/12,,false,
20667,0088/12,,false,
20669,0090/12,,false,
20670,0091/12,,false,
20671,0092/12,,false,
20672,0093/12,,false,
20673,MK18/12,,false,
20674,10-35021-NM,,false,
20675,10-35038-NM,,false,
20676,M23092,9,false,
20677,M23252,62,false,
20678,M23485,3,false,
20680,M23625,141,false,
20681,M23694,,false,
20682,M23695,292,false,
20683,M23701,1615,false,
20687,M23863,141,false,
20688,M23899,3665,false,
20689,M24012,45,false,
20690,M23565,141,false,
20692,M23281,3,false,
20693,N19/12,,false,
20694,10-35032-NM,,false,
20695,10-35041-NM,,false,
20696,M848L/09,,false,
20697,M171LII/11,,false,
20698,M167LII/11,,false,
20699,M221LII/12,,false,
20700,M227LII/12,,false,
20701,M281LII/12,,false,
20702,M249LII/12,,false,
20703,M279LII/12,,false,
20704,M100LII/11,,false,
20705,M181LII/12,,false,
20706,M247LII/12,,false,
20707,REF_A1178,,false,
20708,REF_B1165,,false,
20709,REF_C1185,,false,
20710,REF_W786,,false,
20711,REF_X857,,false,
20712,REF_Y1065,,false,
20713,REF_Z646,,false,
20714,REF_E763,,false,
20715,M3056/98,,false,
20716,12031/12,,false,
20717,M1108/97,,false,
20718,M1125/97,,false,
20719,M1134/97,,false,
20720,M1152/97,,false,
20721,M3037/98,,false,
20722,M3042/98,,false,
20723,23331,,false,
20724,23335,,false,
20725,23336,,false,
20726,23337,,false,
20727,23344,,false,
20728,23401,,false,
20729,23403,,false,
20730,23405,,false,
20731,23420,,false,
20732,23421,,false,
20733,23432,,false,
20734,20130001,,false,
20735,24,,false,
20736,M09 240001,93,false,
20737,M09 240034,120,false,
20738,M09 240039,127,false,
20739,M09 240042,57,false,
20740,M09 240044,260,false,
20741,M09 240064,104,false,
20742,M09 240078,45,false,
20743,M09 240092,,false,
20744,M09 240102,66,false,
20745,M09 240111,93,false,
20746,M09 240119,276,false,
20747,M09 240135,3,false,
20748,M09 240139,45,false,
20749,M09 240147,93,false,
20750,M09 240162,93,false,
20751,M09 240184,93,false,
20752,M09 240237,,false,
20753,M09 240242,150,false,
20754,M09 240243,93,false,
20755,M09 240256,45,false,
20756,M09 240264,9,false,
20757,M09 240281,149,false,
20758,M09 240283,45,false,
20759,M09 240296,87,false,
20760,M09 240330,45,false,
20761,M09 240355,93,false,
20762,M09 240439,45,false,
20763,M09 240440,87,false,
20764,M09 240463,45,false,
20765,M09 240483,41,false,
20766,M09 240506,49,false,
20767,M09 240527,67,false,
20768,M09 240585,9,false,
20769,M09 240659,87,false,
20770,M09 240669,45,false,
20771,M09 240681,87,false,
20772,M09 240793,3,false,
20773,M09 240831,127,false,
20774,M09 240834,62,false,
20775,M09 240849,,false,
20776,M09 240859,3,false,
20777,M09 240872,294,false,
20778,M09 240878,93,false,
20779,M10 240025,120,false,
20780,M10 240039,97,false,
20781,M10 240050,45,false,
20782,M10 240052,45,false,
20783,M10 240064,120,false,
20784,M10 240074,117,false,
20785,M10 240080,45,false,
20786,M10 240091,9,false,
20787,M10 240109,120,false,
20788,M10 240115,45,false,
20789,M10 240118,3,false,
20790,M10 240127,130,false,
20791,M10 240128,93,false,
20792,M10 240137,45,false,
20793,M10 240140,150,false,
20794,M10 240146,9,false,
20795,M10 240168,128,false,
20796,M10 240173,120,false,
20797,M10 240180,87,false,
20798,M10 240184,200,false,
20799,M10 240199,120,false,
20800,M10 240219,45,false,
20801,M10 240238,247,false,
20802,M10 240300,45,false,
20803,M12 240642,137,false,
20804,M09 240583,9,false,
20805,M09 240174,295,false,
20806,M09 240332,93,false,
20807,M09 240542,93,false,
20808,M09 240735,66,false,
20809,M10 240015,45,false,
20810,M10 240645,249,false,
20811,0094/12,,false,
20812,0095/12,,false,
20813,0096/12,,false,
20814,0001/13,,false,
20815,0002/13,,false,
20816,0003/13,,false,
20817,0004/13,,false,
20818,0045/12,,false,
20819,0085/12,,false,
20820,0087/12,,false,
20821,SS12M0409,,false,
20822,W-3822_Str_12,,false,
20823,140502,,false,
20824,140503,,false,
20825,140504,,false,
20826,140505,,false,
20827,140509,,false,
20828,140510,,false,
20829,140511,,false,
20830,140513,,false,
20831,118,,false,
20832,122,,false,
20833,250,,false,
20834,276,,false,
20835,347,,false,
20836,461,,false,
20837,603,,false,
20838,617,,false,
20839,631,,false,
20840,633,,false,
20841,688,,false,
20842,693,,false,
20843,731,,false,
20844,816,,false,
20845,20060801,,false,
20846,Q8,,false,
20847,0075/93,,false,
20848,0534/93,,false,
20849,BM-1094_Str_12,,false,
20850,DE12571,,false,
20851,DE12581,,false,
20852,DE12591,,false,
20853,DE12595,,false,
20854,DE12611,,false,
20855,DE12642,,false,
20856,DE12651,,false,
20857,DE12671,,false,
20858,DE12678,,false,
20859,DE12682,,false,
20860,DE12684,,false,
20861,DE12691,,false,
20862,DE12693,,false,
20863,DE12706,,false,
20864,DE12724,,false,
20865,DE12738,,false,
20866,DE12773,,false,
20867,DE12776,,false,
20868,94-12,,false,
20869,192/12,,false,
20870,366/12,,false,
20871,796/12,,false,
20872,2904/12,,false,
20873,161-12,,false,
20874,162-12,,false,
20875,167-12,,false,
20876,169-12,,false,
20877,174-12,,false,
20878,176-12,,false,
20879,2002-089,,false,
20880,2434,,false,
20881,PM56CSF,,false,
20882,PM56B,3,false,
20883,PM56TS,3,false,
20884,PM76B,66,false,
20885,PM76TS,66,false,
20886,PM71TS,45,false,
20887,PM71B,45,false,
20888,PM6TS,116,false,
20889,PM6B,116,false,
20890,PM34B,93,false,
20891,PM34TS,93,false,
20892,PM35CSF,93,false,
20893,PM35TS,93,false,
20894,PM35B,93,false,
20895,PM51B,3,false,
20896,PM51TS,3,false,
20897,PM15CSF,,false,
20898,PM15TS,9,false,
20899,PM83TS,130,false,
20900,PM83B,130,false,
20901,PM60B,132,false,
20902,PM60TS,132,false,
20903,PM27TS,68,false,
20904,PM27B,68,false,
20905,PM62CSF,129,false,
20906,PM62TS,129,false,
20907,PM77B,45,false,
20908,PM77TS,45,false,
20909,PM49B,93,false,
20910,PM1TS,49,false,
20911,PM78TS,,false,
20912,PM22B,87,false,
20913,PM59CSF,57,false,
20914,PM59TS,57,false,
20915,PM72B,45,false,
20916,PM72TS,45,false,
20917,PM48TS,117,false,
20918,PM48CSF,117,false,
20919,PM30B,93,false,
20920,PM30TS,93,false,
20921,PM18CSF,87,false,
20922,PM18TS,87,false,
20923,PM19TS,87,false,
20924,PM19B,87,false,
20925,PM24TS,87,false,
20926,PM24B,87,false,
20927,PM50CSF,47,false,
20928,PM50TS,47,false,
20929,PM49TS,93,false,
20930,PM52B,3,false,
20931,PM52TS,3,false,
20932,PM20TS,126,false,
20933,PM20Sk,126,false,
20934,PM31B,93,false,
20935,PM31TS,93,false,
20936,PM1B,49,false,
20937,PM46TS1,93,false,
20938,PM46B,93,false,
20939,PM47CSF,93,false,
20940,PM47TS,93,false,
20941,PM78B,113,false,
20942,PM44TS,93,false,
20943,PM44B,93,false,
20944,PM75B,45,false,
20945,PM75TS,45,false,
20946,PM4CSF,45,false,
20947,PM4TS,45,false,
20948,PM21B,131,false,
20949,PM21TS,131,false,
20950,PM39B,93,false,
20951,PM39TS,93,false,
20952,PM22TS,87,false,
20953,PM41B,93,false,
20954,PM41TS,93,false,
20955,PM40B,93,false,
20956,PM40TS,93,false,
20957,PM36TS,93,false,
20958,PM36B,93,false,
20960,PM58TS,2,false,
20961,PM32B,93,false,
20962,PM32TS,93,false,
20963,PM63B,128,false,
20964,PM63TS,128,false,
20965,PM81B,45,false,
20966,PM81TS,45,false,
20967,PM43TS,120,false,
20968,PM43B,120,false,
20969,PM33CSF,,false,
20970,PM33TS,93,false,
20971,PM84CSF,133,false,
20972,PM84TS,133,false,
20973,PM37B,93,false,
20974,PM37TS,93,false,
20975,PM38B,93,false,
20976,PM38TS,93,false,
20977,PM42CSF,93,false,
20978,PM42TS,93,false,
20979,PM86B,14,false,
20980,PM86TS,14,false,
20981,PM23CSF,,false,
20982,PM23TS,87,false,
20983,P53,,false,
20984,P55,,false,
20985,P57,,false,
20986,P60,,false,
20987,DE12839,,false,
20988,DE12808,,false,
20989,10-35035,,false,
20990,GX34100,,false,
20991,GX34077,,false,
20992,GX34066,,false,
20993,GX34187,,false,
20994,GX34373,,false,
20995,GX35193,,false,
20996,GX43048,,false,
20997,GX43086,,false,
20998,GX35075,,false,
20999,GX12052,,false,
21000,GX43072,,false,
21001,GX34375,,false,
21002,GX43080,,false,
21003,GX34164,,false,
21004,DE12744,,false,
21005,16-005,,false,
21006,29-005,,false,
21007,29-007,,false,
21008,30-011,,false,
21009,0006/13,,false,
21010,0007/13,,false,
21011,0008/13,1927,false,
21012,0009/13,,false,
21013,0010/13,,false,
21015,0014/13,1927,false,
21016,0015/13,,false,
21017,0017/13,,false,
21018,0018/13,,false,
21019,144-12,,false,
21020,149-12,,false,
21021,M1119/97,,false,
21022,23346,,false,
21023,23386,,false,
21024,23326,,false,
21025,12031/12,,false,
21026,12041/12,,false,
21027,2413,,false,
21028,S2-01-20 (143),,false,
21029,U-03-60 (224),,false,
21030,I-03-29 (287),,false,
21031,14-012 (V26),,false,
21032,16-028 (V51),,false,
21033,16-035 (V53),,false,
21034,30-011 (V84),,false,
21035,07-017,,false,
21036,32-039,,false,
21037,22-003,,false,
21038,CCUG 30380,,false,
21039,CCUG 38158,,false,
21040,CCUG 50611,,false,
21041,CCUG 53043,83,false,
21042,CCUG 4554,,false,
21043,CCUG 26474,,false,
21044,F0314,192,false,
21045,CCUG 10421,296,false,
21046,CCUG 804,297,false,
21047,CCUG 4790,183,false,
21050,2446,,false,
21051,27053,,false,
21052,27060,,false,
21053,L3517,,false,
21054,L32-32,,false,
21055,T2-30-24,,false,
21056,S1-11-54,,false,
21057,R-40-60,,false,
21058,U-01-21,,false,
21059,U-01-41,,false,
21060,C102,191,false,
21061,CCUG 17327,171,false,
21063,CCUG 24841,298,false,
21064,CCUG 24844,194,false,
21065,TCDC-NG08107,16,false,
21066,PID18,18,false,
21067,1291,18,false,
21068,PID1,18,false,
21070,F62,299,false,
21071,SK-92-679,23,false,
21072,SK-93-1035,17,false,
21073,PID332,22,false,
21074,14-008,,false,
21075,07-006,,false,
21076,22-025,,false,
21077,04-009,,false,
21078,07-008,,false,
21079,13-016,,false,
21080,13-009,,false,
21081,16-035,,false,
21082,02-010,,false,
21083,Jia Zhaoyi,,false,
21084,U-03-14,,false,
21085,U-02-04,,false,
21086,U-03-55,,false,
21087,I-01-28,,false,
21088,BF3289,,false,
21089,BF3292,,false,
21090,BF3551,,false,
21091,07-020B,,false,
21092,M11 240443,150,false,
21093,M11 240445,,false,
21094,M11 240446,62,false,
21095,M11 240447,45,false,
21096,M11 240448,3,false,
21097,M11 240450,120,false,
21098,M11 240451,127,false,
21099,M11 240452,87,false,
21100,M11 240453,300,false,
21101,M11 240456,87,false,
21102,M11 240457,49,false,
21103,M11 240458,301,false,
21104,M11 240459,93,false,
21105,M11 240461,151,false,
21106,M11 240463,120,false,
21107,M11 240465,62,false,
21108,M11 240466,62,false,
21109,M11 240467,9,false,
21110,M11 240469,2,false,
21111,M11 240470,87,false,
21112,M11 240471,302,false,
21113,M11 240472,49,false,
21114,M11 240473,45,false,
21115,M11 240474,49,false,
21116,M11 240475,255,false,
21117,M11 240476,49,false,
21118,M11 240477,246,false,
21119,M11 240479,9,false,
21120,M11 240480,93,false,
21121,M11 240484,93,false,
21122,M11 240485,45,false,
21123,M11 240486,1,false,
21124,M11 240487,303,false,
21125,M11 240488,304,false,
21126,M11 240489,87,false,
21127,M11 240491,212,false,
21128,M11 240492,45,false,
21129,M11 240493,45,false,
21130,M11 240494,62,false,
21131,M11 240495,,false,
21132,M11 240497,68,false,
21133,M11 240501,93,false,
21134,M11 240502,97,false,
21137,M11 240506,45,false,
21138,M11 240507,62,false,
21139,M11 240508,68,false,
21140,M11 240509,93,false,
21141,M11 240510,87,false,
21142,M11 240592,213,false,
21143,M11 240593,288,false,
21144,M11 240594,45,false,
21145,M11 240595,66,false,
21146,M11 240597,120,false,
21147,M11 240598,254,false,
21148,M11 240599,62,false,
21151,M11 240657,,false,
21152,M11 240707,49,false,
21153,M11 240710,62,false,
21154,M11 240712,49,false,
21155,M11 240713,120,false,
21156,M11 240716,68,false,
21157,M11 240717,62,false,
21158,M11 240719,141,false,
21159,M11 240721,45,false,
21160,M11 240723,306,false,
21161,M11 240724,214,false,
21162,M11 240725,93,false,
21163,M11 240726,1,false,
21164,M11 240727,87,false,
21165,M11 240728,49,false,
21167,M11 240731,62,false,
21168,M11 240733,120,false,
21169,M11 240734,151,false,
21170,M11 240735,120,false,
21171,M11 240736,49,false,
21172,M11 240737,62,false,
21173,M11 240738,87,false,
21174,M11 240740,93,false,
21175,M11 240741,68,false,
21176,M11 240742,57,false,
21177,M11 240743,9,false,
21178,M11 240745,307,false,
21179,M11 240749,3,false,
21180,M11 240750,259,false,
21181,M11 240762,93,false,
21182,M11 240763,308,false,
21183,M11 240765,62,false,
21184,M11 240766,45,false,
21186,M11 240771,41,false,
21187,M11 240772,62,false,
21188,M11 240773,62,false,
21189,M11 240774,93,false,
21190,M11 240775,309,false,
21191,M11 240776,120,false,
21192,M11 240779,62,false,
21193,M11 240780,248,false,
21194,M11 240781,93,false,
21195,M11 240783,215,false,
21196,M11 240785,310,false,
21197,M11 240787,311,false,
21198,M11 240788,62,false,
21199,M11 240789,67,false,
21200,M11 240790,104,false,
21201,M11 240793,312,false,
21202,M11 240796,93,false,
21203,M11 240798,1,false,
21204,M11 240799,3,false,
21205,M11 240801,62,false,
21206,M11 240802,1,false,
21207,M11 240803,93,false,
21208,M11 240941,2,false,
21209,M11 240942,93,false,
21210,M11 240945,216,false,
21211,M11 240946,120,false,
21212,M11 240948,87,false,
21213,M11 240949,45,false,
21214,M11 240953,1,false,
21215,M11 240954,120,false,
21216,M11 240975,1,false,
21217,M11 240976,313,false,
21218,M11 240977,87,false,
21219,M11 240978,314,false,
21220,M11 240979,315,false,
21221,M11 240980,87,false,
21222,M11 240981,45,false,
21223,M11 240982,62,false,
21224,M11 240983,93,false,
21225,M11 240984,3,false,
21226,M11 240986,120,false,
21227,M11 240987,141,false,
21228,M11 240988,150,false,
21229,M11 240991,62,false,
21230,M11 240992,127,false,
21231,M11 240993,93,false,
21232,M11 240994,316,false,
21233,M11 240995,120,false,
21234,M11 241013,45,false,
21235,M11 241014,45,false,
21236,M11 241015,45,false,
21237,M11 241016,2,false,
21238,M11 241018,127,false,
21239,M11 241019,3,false,
21240,M11 241023,317,false,
21241,M11 241024,93,false,
21242,M11 241025,49,false,
21243,M11 241026,97,false,
21244,M11 241027,120,false,
21245,M11 241028,45,false,
21246,M11 241031,150,false,
21247,M11 241032,45,false,
21248,M11 241033,93,false,
21249,M11 241034,47,false,
21250,M11 241035,62,false,
21251,M11 241036,93,false,
21252,M11 241037,97,false,
21253,M11 241039,257,false,
21254,M11 241040,45,false,
21255,M11 241042,62,false,
21256,M11 241043,2,false,
21257,M11 241044,127,false,
21258,M11 241046,45,false,
21259,M11 241047,62,false,
21260,M11 241048,93,false,
21261,M11 241050,127,false,
21262,M11 241051,141,false,
21263,M11 241054,127,false,
21264,M11 241055,45,false,
21265,M11 241057,318,false,
21266,M11 241058,9,false,
21267,M11 241059,319,false,
21268,M11 241060,87,false,
21269,M11 241061,93,false,
21270,M11 241063,45,false,
21271,M11 241064,248,false,
21272,M11 241065,62,false,
21273,M11 241066,45,false,
21274,M11 241067,62,false,
21275,M11 241068,87,false,
21276,M11 241069,141,false,
21277,M11 241072,45,false,
21278,M11 241073,45,false,
21279,M11 241074,93,false,
21280,M11 241075,104,false,
21281,M11 241076,87,false,
21282,M11 241077,120,false,
21283,M11 241078,62,false,
21284,M12 240000,87,false,
21285,M12 240001,120,false,
21286,M12 240002,45,false,
21287,M12 240003,120,false,
21288,M12 240004,1,false,
21289,M12 240006,120,false,
21290,M12 240008,320,false,
21291,M12 240009,45,false,
21292,M12 240010,45,false,
21293,M12 240011,141,false,
21294,M12 240012,62,false,
21295,M12 240013,62,false,
21296,M12 240014,217,false,
21297,M12 240015,93,false,
21298,M12 240016,1,false,
21299,M12 240018,45,false,
21300,M12 240019,150,false,
21301,M12 240020,45,false,
21302,M12 240021,1,false,
21303,M12 240022,87,false,
21304,M12 240024,62,false,
21305,M12 240027,1,false,
21306,M12 240028,87,false,
21307,M12 240029,120,false,
21308,M12 240030,93,false,
21309,M12 240031,9,false,
21310,M12 240032,128,false,
21311,M12 240033,97,false,
21312,M12 240034,65,false,
21313,M12 240035,127,false,
21314,M12 240036,55,false,
21315,M12 240038,9,false,
21316,M12 240039,45,false,
21317,M12 240040,93,false,
21318,M12 240041,45,false,
21319,M12 240042,218,false,
21320,M12 240044,321,false,
21321,M12 240045,196,false,
21322,M12 240046,120,false,
21323,M12 240047,87,false,
21324,M12 240048,322,false,
21325,M12 240051,9,false,
21326,M12 240054,3,false,
21327,M12 240057,93,false,
21328,M12 240058,3,false,
21329,M12 240059,323,false,
21330,M12 240061,97,false,
21331,M12 240062,41,false,
21332,M12 240063,57,false,
21333,M12 240066,93,false,
21334,M12 240067,1,false,
21335,M12 240069,310,false,
21336,M12 240070,324,false,
21337,M12 240071,45,false,
21338,M12 240072,62,false,
21339,M12 240076,120,false,
21341,M12 240078,127,false,
21342,M12 240079,120,false,
21343,M12 240080,,false,
21344,M12 240081,45,false,
21345,M12 240083,87,false,
21346,M12 240084,62,false,
21347,M12 240085,45,false,
21348,M12 240086,93,false,
21349,M12 240088,68,false,
21350,M12 240090,93,false,
21351,M12 240092,87,false,
21352,M12 240093,325,false,
21353,M12 240094,45,false,
21354,M12 240095,1,false,
21355,M12 240097,45,false,
21356,M12 240098,62,false,
21357,M12 240099,326,false,
21358,M12 240100,93,false,
21359,M12 240101,257,false,
21360,M12 240103,77,false,
21361,M12 240104,2,false,
21362,M12 240105,120,false,
21363,M12 240107,87,false,
21364,M12 240111,257,false,
21365,M12 240114,87,false,
21366,M12 240115,62,false,
21367,M12 240116,93,false,
21368,M12 240117,45,false,
21369,M12 240118,45,false,
21370,M12 240120,93,false,
21371,M12 240121,327,false,
21372,M12 240122,,false,
21373,M12 240123,62,false,
21374,M12 240124,45,false,
21375,M12 240125,1,false,
21376,M12 240126,127,false,
21377,M12 240127,1,false,
21378,M12 240128,45,false,
21379,M12 240131,45,false,
21380,M12 240132,68,false,
21381,M12 240133,1,false,
21382,M12 240134,45,false,
21383,M12 240135,97,false,
21384,M12 240138,87,false,
21385,M12 240142,87,false,
21386,M12 240144,1,false,
21387,M12 240145,87,false,
21388,M12 240146,3,false,
21389,M12 240147,65,false,
21390,M12 240149,318,false,
21391,M12 240150,328,false,
21392,M12 240151,87,false,
21393,M12 240153,93,false,
21394,M12 240155,45,false,
21395,32-002,,false,
21396,M12 240158,2310,false,
21397,2717,,false,
21398,M12 240161,45,false,
21399,M12 240166,,false,
21400,M12 240167,127,false,
21401,M12 240168,45,false,
21402,M12 240169,45,false,
21403,M12 240171,62,false,
21404,M12 240174,151,false,
21405,M12 240175,93,false,
21406,M12 240176,120,false,
21407,M12 240177,257,false,
21408,M12 240180,62,false,
21409,M12 240181,329,false,
21410,M12 240184,211,false,
21411,M12 240186,45,false,
21412,M12 240187,45,false,
21413,M12 240188,47,false,
21414,M12 240191,77,false,
21415,M12 240194,3,false,
21416,M12 240197,9,false,
21417,M12 240200,67,false,
21418,M12 240201,93,false,
21419,M12 240202,2,false,
21420,M12 240203,9,false,
21421,M12 240205,120,false,
21422,M12 240206,120,false,
21423,M12 240207,45,false,
21424,M12 240208,87,false,
21425,M12 240211,93,false,
21426,M12 240213,219,false,
21427,M12 240214,120,false,
21428,M12 240215,87,false,
21429,M12 240216,120,false,
21430,M12 240219,288,false,
21431,M12 240220,45,false,
21432,M12 240222,104,false,
21433,M12 240223,120,false,
21434,M12 240224,45,false,
21435,M12 240225,87,false,
21436,M12 240226,87,false,
21437,M12 240227,220,false,
21438,M12 240228,87,false,
21439,M12 240229,93,false,
21440,M12 240230,62,false,
21441,M12 240231,3,false,
21442,M12 240232,93,false,
21443,M12 240237,62,false,
21444,M12 240238,330,false,
21445,M12 240239,288,false,
21446,M12 240240,1,false,
21447,M12 240241,62,false,
21448,M12 240242,62,false,
21449,M12 240243,93,false,
21450,M12 240245,221,false,
21451,M12 240248,62,false,
21452,M12 240249,45,false,
21453,M12 240250,28,false,
21454,M12 240251,68,false,
21455,M12 240252,45,false,
21456,M12 240253,87,false,
21457,M12 240254,87,false,
21458,M12 240255,1,false,
21460,M12 240257,217,false,
21461,M12 240259,276,false,
21462,M12 240261,3,false,
21463,M12 240263,45,false,
21464,M12 240264,45,false,
21465,M12 240267,93,false,
21466,M12 240272,62,false,
21467,M12 240273,87,false,
21468,M12 240274,45,false,
21469,M12 240277,3,false,
21470,M12 240284,127,false,
21471,M12 240287,120,false,
21472,M12 240288,62,false,
21473,M12 240289,331,false,
21474,M12 240290,45,false,
21475,M12 240291,211,false,
21476,M12 240293,62,false,
21477,M12 240294,288,false,
21478,M12 240296,217,false,
21479,M12 240299,45,false,
21480,M12 240300,,false,
21481,M12 240301,127,false,
21482,M12 240302,49,false,
21483,M12 240303,120,false,
21484,M12 240305,45,false,
21485,M12 240306,120,false,
21486,M12 240307,93,false,
21487,M12 240308,45,false,
21488,M12 240309,45,false,
21489,M12 240310,93,false,
21490,M12 240314,45,false,
21491,M12 240315,45,false,
21492,M12 240317,1,false,
21493,M12 240318,62,false,
21494,M12 240319,45,false,
21495,M12 240320,262,false,
21496,M12 240321,104,false,
21497,M12 240322,141,false,
21498,M12 240323,288,false,
21499,M12 240324,1,false,
21500,M12 240325,128,false,
21501,M12 240326,87,false,
21502,M12 240328,211,false,
21503,M12 240329,87,false,
21504,M12 240330,332,false,
21505,M12 240332,148,false,
21506,M12 240333,45,false,
21507,M12 240334,45,false,
21508,M12 240335,93,false,
21509,M12 240641,97,false,
21510,2nd148,,false,
21511,2nd153,,false,
21512,3656,,false,
21513,64/92,,false,
21514,8064,,false,
21515,F2-A,,false,
21516,LNP 3835,,false,
21517,LNP 405,,false,
21518,LNP 410,,false,
21519,NP6,,false,
21520,NP8,,false,
21521,P6-A,,false,
21522,U-01-10,,false,
21523,R-40-53,,false,
21524,U-03-48,,false,
21525,S102/II,,false,
21526,S090/II,,false,
21527,S097/II,,false,
21528,119,,false,
21529,160,,false,
21530,376,,false,
21531,I-01-18,,false,
21532,I-02-06,,false,
21533,2012-060,,false,
21534,2012-081,,false,
21535,2012-106,,false,
21536,2012-168,,false,
21537,2012-178,,false,
21538,2012-204,,false,
21539,2012-208,,false,
21540,2013-020,,false,
21541,2009-172,,false,
21542,4001/12,,false,
21543,4058/12,,false,
21544,5878/12,,false,
21545,6827/12,,false,
21546,7826/12,,false,
21547,I-03-47,,false,
21548,U-04-09,,false,
21549,M-78-99,,false,
21550,M-75-02,,false,
21551,M-238-03,,false,
21552,BF3303,,false,
21553,BF3359,,false,
21554,13-2788,,false,
21555,I-01-29,,false,
21556,13-3163,,false,
21558,23-004,,false,
21559,24-009,,false,
21560,24-001,,false,
21561,S1-19-65,,false,
21562,R-40-32,,false,
21563,09-009,,false,
21564,13-3302,,false,
21565,12-274,,false,
21566,12-464,,false,
21567,12-500,,false,
21568,12-375,,false,
21569,12-243,,false,
21570,2009NG006,,false,
21571,M23162,1,false,
21572,M22960,1456,false,
21573,SA_serogroup W_NM1,1,false,
21574,SA_serogroup W_NM2,137,false,
21576,SA_serogroup W_NM4,68,false,
21577,SA_serogroup A_NM5,136,false,
21578,SA_serogroup W_NM6,1,false,
21579,SA_serogroup A_NM7,136,false,
21580,SA_serogroup A_NM8,136,false,
21581,SA_serogroup W_NM9,1,false,
21582,SA_serogroup W_NM10,1,false,
21583,SA_serogroup W_NM11,1,false,
21584,SA_serogroup W_NM12,1,false,
21585,SA_serogroup A_NM13,136,false,
21586,SA_serogroup A_NM14,136,false,
21587,SA_serogroup W_NM15,1,false,
21588,SA_serogroup W_NM16,1,false,
21589,Nig8/13,,false,
21590,12-401,,false,
21591,12-491,,false,
21592,LNP27189,,false,
21593,290,,false,
21594,816,,false,
21595,834,,false,
21596,1057,,false,
21597,639,,false,
21598,11-26361,,false,
21599,11-26359,,false,
21600,6332,,false,
21601,11-26360,,false,
21602,11-26358,,false,
21603,8261,,false,
21604,327,,false,
21605,AT02/02/0/00,,false,
21606,AT05/04/0/00,,false,
21607,AT1/1/0/02,,false,
21608,AT10/09/0/00,,false,
21609,AT10/8/0/01,,false,
21610,AT100/71/0/00,,false,
21611,AT100/81/0/01,,false,
21612,AT101/69/0/02,,false,
21613,AT101/72/0/00,,false,
21614,AT101/82/0/01,,false,
21615,AT102/83/0/01,,false,
21616,AT104/85/0/01,,false,
21617,AT105/86/0/01,,false,
21618,AT106/74/0/00,,false,
21619,AT109/73/47/02,,false,
21620,AT11/10/0/00,,false,
21621,AT11/9/4/02,,false,
21622,AT110/76/0/00,,false,
21623,AT111/75/0/02,,false,
21624,AT112/76/0/02,,false,
21625,AT114/78/0/02,,false,
21626,AT116/81/0/00,,false,
21627,AT117/82/0/00,,false,
21628,AT118/79/0/02,,false,
21629,AT119/80/0/02,,false,
21630,AT120/81/0/02,,false,
21631,AT122/86/0/00,,false,
21632,AT123/87/0/00,,false,
21633,AT128/104/0/01,,false,
21634,AT129/105/0/01,,false,
21635,AT13/10/0/02,,false,
21636,AT130/106/0/01,,false,
21637,AT131/107/0/01,,false,
21638,AT131/84/0/02,,false,
21639,AT132/93/0/00,,false,
21640,AT133/94/0/00,,false,
21641,AT134/85/0/02,,false,
21642,AT134/95/47/00,,false,
21643,AT135/86/0/02,,false,
21644,AT135/96/48/00,,false,
21645,AT136/110/0/01,,false,
21646,AT137/111/0/01,,false,
21647,AT138/100/49/00,,false,
21648,AT139/99/50/00,,false,
21649,AT14/10/0/01,,false,
21650,AT141/101/0/00,,false,
21651,AT141/88/64/02,,false,
21652,AT144/105/52/00,,false,
21653,AT144/117/0/01,,false,
21654,AT145/118/39/01,,false,
21655,AT147/106/54/00,,false,
21656,AT148/120/42/01,,false,
21657,AT149/107/0/00,,false,
21658,AT149/91/0/02,,false,
21659,AT15/12/0/00,,false,
21660,AT15/12/0/02,,false,
21661,AT150/122/0/01,,false,
21662,AT151/123/0/01,,false,
21663,AT152/124/0/01,,false,
21664,AT157/127/45/01,,false,
21665,AT159/128/0/01,,false,
21666,AT16/13/0/02,,false,
21667,AT161/129/0/01,,false,
21668,AT162/130/0/01,,false,
21669,AT165/132/0/01,,false,
21670,AT169/101/81/02,,false,
21671,AT17/14/0/00,,false,
21672,AT17/16/7/01,,false,
21673,AT171/134/0/01,,false,
21674,AT174/136/0/01,,false,
21675,AT175/137/0/01,,false,
21676,AT177/104/0/02,,false,
21677,AT178/105/0/02,,false,
21678,AT179/106/0/02,,false,
21679,AT18/12/10/01,,false,
21680,AT18/15/0/02,,false,
21681,AT185/142/0/01,,false,
21682,AT187/143/0/01,,false,
21683,AT19/16/0/00,,false,
21684,AT190/110/0/02,,false,
21685,AT191/111/0/02,,false,
21686,AT2/2/0/02,,false,
21687,AT20/18/4/00,,false,
21688,AT208/118/104/02,,false,
21689,AT209/119/0/02,,false,
21690,AT21/15/0/01,,false,
21691,AT216/124/0/02,,false,
21692,AT217/125/0/02,,false,
21693,AT218/126/108/02,,false,
21694,AT22/17/11/01,,false,
21695,AT23/18/0/01,,false,
21696,AT23/20/0/00,,false,
21697,AT231/136/0/02,,false,
21698,AT233/137/0/02,,false,
21699,AT239/142/115/02,,false,
21700,AT24/19/0/01,,false,
21701,AT241/140/0/02,,false,
21702,AT25/20/0/01,,false,
21703,AT26/21/0/01,,false,
21704,AT26/23/0/00,,false,
21705,AT27/22/0/01,,false,
21706,AT27/26/5/00,,false,
21707,AT29/24/0/01,,false,
21708,AT29/25/0/00,,false,
21709,AT3/2/2/01,,false,
21710,AT3/3/0/02,,false,
21711,AT31/26/0/01,,false,
21712,AT31/26/0/02,,false,
21713,AT32/27/0/01,,false,
21714,AT32/27/0/02,,false,
21715,AT33/27/9/00,,false,
21716,AT33/28/0/01,,false,
21717,AT35/28/0/00,,false,
21718,AT35/32/12/01,,false,
21719,AT36/30/0/01,,false,
21720,AT37/31/0/01,,false,
21721,AT38/33/0/01,,false,
21722,AT38/33/11/02,,false,
21723,AT39/34/0/01,,false,
21724,AT4/3/0/01,,false,
21725,AT4/4/0/02,,false,
21726,AT41/30/0/02,,false,
21727,AT41/32/0/00,,false,
21728,AT41/36/0/01,,false,
21729,AT42/31/0/02,,false,
21730,AT42/33/0/00,,false,
21731,AT43/32/14/02,,false,
21732,AT43/34/0/00,,false,
21733,AT44/35/0/00,,false,
21734,AT44/37/0/01,,false,
21735,AT46/35/0/02,,false,
21736,AT47/36/0/02,,false,
21737,AT47/40/0/01,,false,
21738,AT48/37/0/00,,false,
21739,AT49/38/16/00,,false,
21740,AT5/4/0/01,,false,
21741,AT5/5/0/02,,false,
21742,AT50/43/0/01,,false,
21743,AT52/44/0/01,,false,
21744,AT53/45/0/01,,false,
21745,AT54/42/0/00,,false,
21746,AT55/43/0/00,,false,
21747,AT56/41/0/02,,false,
21748,AT57/44/0/00,,false,
21749,AT58/42/0/02,,false,
21750,AT58/45/0/00,,false,
21751,AT58/48/0/01,,false,
21752,AT59/46/0/00,,false,
21753,AT6/5/0/01,,false,
21754,AT60/49/0/01,,false,
21755,AT61/50/0/01,,false,
21756,AT62/48/0/00,,false,
21757,AT62/51/0/01,,false,
21758,AT63/43/0/02,,false,
21759,AT63/52/0/01,,false,
21760,AT65/50/0/00,,false,
21761,AT65/54/0/01,,false,
21762,AT66/51/0/00,,false,
21763,AT66/55/0/01,,false,
21764,AT67/47/0/02,,false,
21765,AT67/52/0/00,,false,
21766,AT68/49/26/02,,false,
21767,AT69/48/0/02,,false,
21768,AT7/6/0/02,,false,
21769,AT70/56/0/01,,false,
21770,AT71/51/0/02,,false,
21771,AT71/57/0/01,,false,
21772,AT71/57/21/00,,false,
21773,AT75/59/0/00,,false,
21774,AT75/61/0/01,,false,
21775,AT79/62/0/01,,false,
21776,AT83/61/0/00,,false,
21777,AT84/59/0/02,,false,
21778,AT84/66/0/01,,false,
21779,AT85/67/0/01,,false,
21780,AT88/69/0/01,,false,
21781,AT89/70/0/01,,false,
21782,AT9/7/0/01,,false,
21783,AT9/8/1/02,,false,
21784,AT90/65/0/00,,false,
21785,AT91/66/0/00,,false,
21786,AT92/73/0/01,,false,
21787,AT94/66/0/02,,false,
21788,AT94/68/0/00,,false,
21789,AT96/67/39/02,,false,
21790,AT96/70/0/00,,false,
21791,AT96/77/30/01,,false,
21792,AT99/80/0/01,,false,
21793,BE2000/105,,false,
21794,BE2000/108,,false,
21795,BE2000/111,,false,
21796,BE2000/114,,false,
21797,BE2000/117,,false,
21798,BE2000/12,,false,
21799,BE2000/120,,false,
21800,BE2000/123,,false,
21801,BE2000/126,,false,
21802,BE2000/129,,false,
21803,BE2000/132,,false,
21804,BE2000/135,,false,
21805,BE2000/138,,false,
21806,BE2000/141,,false,
21807,BE2000/144,,false,
21808,BE2000/147,,false,
21809,BE2000/15,,false,
21810,BE2000/150,,false,
21811,BE2000/153,,false,
21812,BE2000/156,,false,
21813,BE2000/162,,false,
21814,BE2000/165,,false,
21815,BE2000/168,,false,
21816,BE2000/171,,false,
21817,BE2000/174,,false,
21818,BE2000/177,,false,
21819,BE2000/18,,false,
21820,BE2000/180,,false,
21821,BE2000/183,,false,
21822,BE2000/186,,false,
21823,BE2000/189,,false,
21824,BE2000/192,,false,
21825,BE2000/195,,false,
21826,BE2000/198,,false,
21827,BE2000/201,,false,
21828,BE2000/204,,false,
21829,BE2000/207,,false,
21830,BE2000/21,,false,
21831,BE2000/210,,false,
21832,BE2000/213,,false,
21833,BE2000/216,,false,
21834,BE2000/219,,false,
21835,BE2000/225,,false,
21836,BE2000/228,,false,
21837,BE2000/231,,false,
21838,BE2000/234,,false,
21839,BE2000/237,,false,
21840,BE2000/24,,false,
21841,BE2000/240,,false,
21842,BE2000/243,,false,
21843,BE2000/246,,false,
21844,BE2000/249,,false,
21845,BE2000/252,,false,
21846,BE2000/255,,false,
21847,BE2000/258,,false,
21848,BE2000/261,,false,
21849,BE2000/264,,false,
21850,BE2000/267,,false,
21851,BE2000/27,,false,
21852,BE2000/3,,false,
21853,BE2000/30,,false,
21854,BE2000/33,,false,
21855,BE2000/36,,false,
21856,BE2000/39,,false,
21857,BE2000/42,,false,
21858,BE2000/45,,false,
21859,BE2000/48,,false,
21860,BE2000/51,,false,
21861,BE2000/54,,false,
21862,BE2000/57,,false,
21863,BE2000/6,,false,
21864,BE2000/60,,false,
21865,BE2000/63,,false,
21866,BE2000/66,,false,
21867,BE2000/69,,false,
21868,BE2000/72,,false,
21869,BE2000/75,,false,
21870,BE2000/78,,false,
21871,BE2000/81,,false,
21872,BE2000/84,,false,
21873,BE2000/87,,false,
21874,BE2000/9,,false,
21875,BE2000/90,,false,
21876,BE2000/93,,false,
21877,BE2000/99,,false,
21878,BE2001/102,,false,
21879,BE2001/105,,false,
21880,BE2001/108,,false,
21881,BE2001/111,,false,
21882,BE2001/117,,false,
21883,BE2001/12,,false,
21884,BE2001/120,,false,
21885,BE2001/123,,false,
21886,BE2001/126,,false,
21887,BE2001/129,,false,
21888,BE2001/132,,false,
21889,BE2001/135,,false,
21890,BE2001/138,,false,
21891,BE2001/141,,false,
21892,BE2001/147,,false,
21893,BE2001/15,,false,
21894,BE2001/150,,false,
21895,BE2001/153,,false,
21896,BE2001/156,,false,
21897,BE2001/159,,false,
21898,BE2001/165,,false,
21899,BE2001/168,,false,
21900,BE2001/171,,false,
21901,BE2001/174,,false,
21902,BE2001/18,,false,
21903,BE2001/180,,false,
21904,BE2001/183,,false,
21905,BE2001/186,,false,
21906,BE2001/189,,false,
21907,BE2001/192,,false,
21908,BE2001/195,,false,
21909,BE2001/198,,false,
21910,BE2001/204,,false,
21911,BE2001/207,,false,
21912,BE2001/21,,false,
21913,BE2001/213,,false,
21914,BE2001/216,,false,
21915,BE2001/219,,false,
21916,BE2001/225,,false,
21917,BE2001/228,,false,
21918,BE2001/231,,false,
21919,BE2001/234,,false,
21920,BE2001/237,,false,
21921,BE2001/24,,false,
21922,BE2001/240,,false,
21923,BE2001/243,,false,
21924,BE2001/246,,false,
21925,BE2001/249,,false,
21926,BE2001/252,,false,
21927,BE2001/255,,false,
21928,BE2001/258,,false,
21929,BE2001/261,,false,
21930,BE2001/264,,false,
21931,BE2001/267,,false,
21932,BE2001/27,,false,
21933,BE2001/270,,false,
21934,BE2001/273,,false,
21935,BE2001/276,,false,
21936,BE2001/279,,false,
21937,BE2001/282,,false,
21938,BE2001/285,,false,
21939,BE2001/288,,false,
21940,BE2001/291,,false,
21941,BE2001/294,,false,
21942,BE2001/297,,false,
21943,BE2001/3,,false,
21944,BE2001/30,,false,
21945,BE2001/300,,false,
21946,BE2001/303,,false,
21947,BE2001/306,,false,
21948,BE2001/309,,false,
21949,BE2001/312,,false,
21950,BE2001/315,,false,
21951,BE2001/318,,false,
21952,BE2001/321,,false,
21953,BE2001/324,,false,
21954,BE2001/327,,false,
21955,BE2001/33,,false,
21956,BE2001/330,,false,
21957,BE2001/333,,false,
21958,BE2001/336,,false,
21959,BE2001/339,,false,
21960,BE2001/342,,false,
21961,BE2001/345,,false,
21962,BE2001/348,,false,
21963,BE2001/354,,false,
21964,BE2001/357,,false,
21965,BE2001/36,,false,
21966,BE2001/360,,false,
21967,BE2001/363,,false,
21968,BE2001/366,,false,
21969,BE2001/369,,false,
21970,BE2001/372,,false,
21971,BE2001/375,,false,
21972,BE2001/378,,false,
21973,BE2001/39,,false,
21974,BE2001/42,,false,
21975,BE2001/45,,false,
21976,BE2001/48,,false,
21977,BE2001/51,,false,
21978,BE2001/54,,false,
21979,BE2001/57,,false,
21980,BE2001/6,,false,
21981,BE2001/60,,false,
21982,BE2001/63,,false,
21983,BE2001/66,,false,
21984,BE2001/69,,false,
21985,BE2001/72,,false,
21986,BE2001/75,,false,
21987,BE2001/81,,false,
21988,BE2001/84,,false,
21989,BE2001/87,,false,
21990,BE2001/9,,false,
21991,BE2001/90,,false,
21992,BE2001/93,,false,
21993,BE2001/96,,false,
21994,BE2001/99,,false,
21995,BE2002/102,,false,
21996,BE2002/105,,false,
21997,BE2002/108,,false,
21998,BE2002/114,,false,
21999,BE2002/117,,false,
22000,BE2002/12,,false,
22001,BE2002/120,,false,
22002,BE2002/123,,false,
22003,BE2002/126,,false,
22004,BE2002/129,,false,
22005,BE2002/132,,false,
22006,BE2002/135,,false,
22007,BE2002/138,,false,
22008,BE2002/141,,false,
22009,BE2002/144,,false,
22010,BE2002/147,,false,
22011,BE2002/15,,false,
22012,BE2002/150,,false,
22013,BE2002/153,,false,
22014,BE2002/156,,false,
22015,BE2002/159,,false,
22016,BE2002/162,,false,
22017,BE2002/165,,false,
22018,BE2002/168,,false,
22019,BE2002/171,,false,
22020,BE2002/174,,false,
22021,BE2002/177,,false,
22022,BE2002/18,,false,
22023,BE2002/180,,false,
22024,BE2002/183,,false,
22025,BE2002/186,,false,
22026,BE2002/189,,false,
22027,BE2002/192,,false,
22028,BE2002/195,,false,
22029,BE2002/198,,false,
22030,BE2002/201,,false,
22031,BE2002/204,,false,
22032,BE2002/207,,false,
22033,BE2002/21,,false,
22034,BE2002/210,,false,
22035,BE2002/213,,false,
22036,BE2002/216,,false,
22037,BE2002/219,,false,
22038,BE2002/222,,false,
22039,BE2002/225,,false,
22040,BE2002/228,,false,
22041,BE2002/231,,false,
22042,BE2002/234,,false,
22043,BE2002/237,,false,
22044,BE2002/24,,false,
22045,BE2002/240,,false,
22046,BE2002/243,,false,
22047,BE2002/246,,false,
22048,BE2002/261,,false,
22049,BE2002/27,,false,
22050,BE2002/3,,false,
22051,BE2002/30,,false,
22052,BE2002/33,,false,
22053,BE2002/36,,false,
22054,BE2002/39,,false,
22055,BE2002/42,,false,
22056,BE2002/45,,false,
22057,BE2002/48,,false,
22058,BE2002/51,,false,
22059,BE2002/54,,false,
22060,BE2002/57,,false,
22061,BE2002/6,,false,
22062,BE2002/60,,false,
22063,BE2002/63,,false,
22064,BE2002/66,,false,
22065,BE2002/69,,false,
22066,BE2002/72,,false,
22067,BE2002/75,,false,
22068,BE2002/78,,false,
22069,BE2002/81,,false,
22070,BE2002/84,,false,
22071,BE2002/87,,false,
22072,BE2002/9,,false,
22073,BE2002/90,,false,
22074,BE2002/93,,false,
22075,BE2002/96,,false,
22076,CZ1000,,false,
22077,CZ10000,,false,
22078,CZ1001,,false,
22079,CZ101,,false,
22080,CZ10100,,false,
22081,CZ10102,,false,
22082,CZ10202,,false,
22083,CZ10300,,false,
22084,CZ10500,,false,
22085,CZ10501,,false,
22086,CZ10600,,false,
22087,CZ10602,,false,
22088,CZ10701,,false,
22089,CZ10801,,false,
22090,CZ10901,,false,
22091,CZ1100,,false,
22092,CZ1101,,false,
22093,CZ11601,,false,
22094,CZ11701,,false,
22095,CZ12702,,false,
22096,CZ12800,,false,
22097,CZ12902,,false,
22098,CZ1300,,false,
22099,CZ13002,,false,
22100,CZ13400,,false,
22101,CZ13500,,false,
22102,CZ13600,,false,
22103,CZ13700,,false,
22104,CZ13701,,false,
22105,CZ13800,,false,
22106,CZ13801,,false,
22107,CZ13900,,false,
22108,CZ13901,,false,
22109,CZ14100,,false,
22110,CZ14200,,false,
22111,CZ14201,,false,
22112,CZ14300,,false,
22113,CZ14301,,false,
22114,CZ14400,,false,
22115,CZ14402,,false,
22116,CZ14500,,false,
22117,CZ14502,,false,
22118,CZ14600,,false,
22119,CZ14601,,false,
22120,CZ14602,,false,
22121,CZ14700,,false,
22122,CZ14702,,false,
22123,CZ14800,,false,
22124,CZ14802,,false,
22125,CZ14902,,false,
22126,CZ15002,,false,
22127,CZ1502,,false,
22128,CZ15102,,false,
22129,CZ15402,,false,
22130,CZ15702,,false,
22131,CZ15902,,false,
22132,CZ1601,,false,
22133,CZ16102,,false,
22134,CZ16201,,false,
22135,CZ16202,,false,
22136,CZ16402,,false,
22137,CZ16501,,false,
22138,CZ16701,,false,
22139,CZ16802,,false,
22140,CZ16901,,false,
22141,CZ1700,,false,
22142,CZ17001,,false,
22143,CZ17002,,false,
22144,CZ17102,,false,
22145,CZ17201,,false,
22146,CZ17202,,false,
22147,CZ17302,,false,
22148,CZ17601,,false,
22149,CZ17702,,false,
22150,CZ17901,,false,
22151,CZ17902,,false,
22152,CZ18101,,false,
22153,CZ18201,,false,
22154,CZ18401,,false,
22155,CZ18402,,false,
22156,CZ18502,,false,
22157,CZ18702,,false,
22158,CZ18902,,false,
22159,CZ19001,,false,
22160,CZ19002,,false,
22161,CZ1902,,false,
22162,CZ19101,,false,
22163,CZ202,,false,
22164,CZ20202,,false,
22165,CZ20302,,false,
22166,CZ2100,,false,
22167,CZ2201,,false,
22168,CZ23001,,false,
22169,CZ23101,,false,
22170,CZ23501,,false,
22171,CZ23601,,false,
22172,CZ23801,,false,
22173,CZ2401,,false,
22174,CZ24901,,false,
22175,CZ25001,,false,
22176,CZ25101,,false,
22177,CZ25301,,false,
22178,CZ2602,,false,
22179,CZ2801,,false,
22180,CZ2902,,false,
22181,CZ300,,false,
22182,CZ3001,,false,
22183,CZ3002,,false,
22184,CZ301,,false,
22185,CZ302,,false,
22186,CZ3301,,false,
22187,CZ3302,,false,
22188,CZ3400,,false,
22189,CZ3401,,false,
22190,CZ3402,,false,
22191,CZ3500,,false,
22192,CZ3502,,false,
22193,CZ3600,,false,
22194,CZ3700,,false,
22195,CZ3802,,false,
22196,CZ3900,,false,
22197,CZ400,,false,
22198,CZ4100,,false,
22199,CZ4200,,false,
22200,CZ4302,,false,
22201,CZ4402,,false,
22202,CZ4500,,false,
22203,CZ4600,,false,
22204,CZ4602,,false,
22205,CZ4702,,false,
22206,CZ4801,,false,
22207,CZ500,,false,
22208,CZ5001,,false,
22209,CZ5202,,false,
22210,CZ5301,,false,
22211,CZ5302,,false,
22212,CZ5402,,false,
22213,CZ5501,,false,
22214,CZ5502,,false,
22215,CZ5601,,false,
22216,CZ5700,,false,
22217,CZ5900,,false,
22218,CZ6001,,false,
22219,CZ6002,,false,
22220,CZ601,,false,
22221,CZ6202,,false,
22222,CZ6301,,false,
22223,CZ6400,,false,
22224,CZ6500,,false,
22225,CZ6600,,false,
22226,CZ6602,,false,
22227,CZ6702,,false,
22228,CZ6800,,false,
22229,CZ6801,,false,
22230,CZ6802,,false,
22231,CZ7000,,false,
22232,CZ702,,false,
22233,CZ7101,,false,
22234,CZ7102,,false,
22235,CZ7200,,false,
22236,CZ7201,,false,
22237,CZ7300,,false,
22238,CZ7302,,false,
22239,CZ7400,,false,
22240,CZ7501,,false,
22241,CZ7601,,false,
22242,CZ7700,,false,
22243,CZ7702,,false,
22244,CZ7800,,false,
22245,CZ800,,false,
22246,CZ8000,,false,
22247,CZ8101,,false,
22248,CZ8202,,false,
22249,CZ8401,,false,
22250,CZ8500,,false,
22251,CZ8502,,false,
22252,CZ8602,,false,
22253,CZ8702,,false,
22254,CZ8900,,false,
22255,CZ8901,,false,
22256,CZ8902,,false,
22257,CZ9002,,false,
22258,CZ901,,false,
22259,CZ9100,,false,
22260,CZ9101,,false,
22261,CZ9200,,false,
22262,CZ9201,,false,
22263,CZ9300,,false,
22264,CZ9301,,false,
22265,CZ9302,,false,
22266,CZ9400,,false,
22267,CZ9402,,false,
22268,CZ9601,,false,
22269,CZ9801,,false,
22270,DE6723,,false,
22271,DE6726,,false,
22272,DE6737,,false,
22273,DE6743,,false,
22274,DE6746,,false,
22275,DE6750,,false,
22276,DE6758,,false,
22277,DE6759,,false,
22278,DE6764,,false,
22279,DE6769,,false,
22280,DE6773,,false,
22281,DE6790,,false,
22282,DE6797,,false,
22283,DE6809,,false,
22284,DE6810,,false,
22285,DE6813,,false,
22286,DE6817,,false,
22287,DE6822,,false,
22288,DE6830,,false,
22289,DE6835,,false,
22290,DE6838,,false,
22291,DE6849,,false,
22292,DE6853,,false,
22293,DE6858,,false,
22294,DE6870,,false,
22295,DE6875,,false,
22296,DE6876,,false,
22297,DE6885,,false,
22298,DE6888,,false,
22299,DE6891,,false,
22300,DE6894,,false,
22301,DE6898,,false,
22302,DE6904,,false,
22303,DE6909,,false,
22304,DE6912,,false,
22305,DE6919,,false,
22306,DE6921,,false,
22307,DE6926,,false,
22308,DE6931,,false,
22309,DE6933,,false,
22310,DE6939,,false,
22311,DE6943,,false,
22312,DE6950,,false,
22313,DE6965,,false,
22314,DE6972,,false,
22315,DE6976,,false,
22316,DE6981,,false,
22317,DE6987,,false,
22318,DE6988,,false,
22319,DE6995,,false,
22320,DE7003,,false,
22321,DE7017,,false,
22322,DE7018,,false,
22323,DE7024,,false,
22324,DE7028,,false,
22325,DE7031,,false,
22326,DE7039,,false,
22327,DE7042,,false,
22328,DE7060,,false,
22329,DE7064,,false,
22330,DE7069,,false,
22331,DE7072,,false,
22332,DE7080,,false,
22333,DE7082,,false,
22334,DE7086,,false,
22335,DE7088,,false,
22336,DE7098,,false,
22337,DE7100,,false,
22338,DE7103,,false,
22339,DE7107,,false,
22340,DE7108,,false,
22341,DE7126,,false,
22342,DE7127,,false,
22343,DE7130,,false,
22344,DE7138,,false,
22345,DE7142,,false,
22346,DE7149,,false,
22347,DE7154,,false,
22348,DE7171,,false,
22349,DE7180,,false,
22350,DE7184,,false,
22351,DE7192,,false,
22352,DE7201,,false,
22353,DE7206,,false,
22354,DE7216,,false,
22355,DE7218,,false,
22356,DE7227,,false,
22357,DE7230,,false,
22358,DE7235,,false,
22359,DE7238,,false,
22360,DE7245,,false,
22361,DE7252,,false,
22362,DE7255,,false,
22363,DE7260,,false,
22364,DE7267,,false,
22365,DE7270,,false,
22366,DE7276,,false,
22367,DE7281,,false,
22368,DE7284,,false,
22369,DE7291,,false,
22370,DE7295,,false,
22371,DE7302,,false,
22372,DE7305,,false,
22373,DE7314,,false,
22374,DE7324,,false,
22375,DE7328,,false,
22376,DE7336,,false,
22377,DE7340,,false,
22378,DE7346,,false,
22379,DE7351,,false,
22380,DE7356,,false,
22381,DE7361,,false,
22382,DE7366,,false,
22383,DE7370,,false,
22384,DE7377,,false,
22385,DE7381,,false,
22386,DE7384,,false,
22387,DE7389,,false,
22388,DE7393,,false,
22389,DE7398,,false,
22390,DE7402,,false,
22391,DE7405,,false,
22392,DE7414,,false,
22393,DE7418,,false,
22394,DE7421,,false,
22395,DE7426,,false,
22396,DE7432,,false,
22397,DE7438,,false,
22398,DE7442,,false,
22399,DE7443,,false,
22400,DE7446,,false,
22401,DE7448,,false,
22402,DE7453,,false,
22403,DE7458,,false,
22404,DE7461,,false,
22405,DE7469,,false,
22406,DE7476,,false,
22407,DE7481,,false,
22408,DE7490,,false,
22409,DE7500,,false,
22410,DE7502,,false,
22411,DE7506,,false,
22412,DE7510,,false,
22413,DE7513,,false,
22414,DE7517,,false,
22415,DE7520,,false,
22416,DE7523,,false,
22417,DE7527,,false,
22418,DE7530,,false,
22419,DE7536,,false,
22420,DE7541,,false,
22421,DE7547,,false,
22422,DE7551,,false,
22423,DE7554,,false,
22424,DE7555,,false,
22425,DE7558,,false,
22426,DE7561,,false,
22427,DE7564,,false,
22428,DE7566,,false,
22429,DE7569,,false,
22430,DE7581,,false,
22431,DE7583,,false,
22432,DE7591,,false,
22433,DE7593,,false,
22434,DE7597,,false,
22435,DE7601,,false,
22436,DE7605,,false,
22437,DE7609,,false,
22438,DE7612,,false,
22439,DE7616,,false,
22440,DE7622,,false,
22441,DE7635,,false,
22442,DE7641,,false,
22443,DE7650,,false,
22444,DE7653,,false,
22445,DE7657,,false,
22446,DE7660,,false,
22447,DE7663,,false,
22448,DE7671,,false,
22449,DE7674,,false,
22450,DE7675,,false,
22451,DE7679,,false,
22452,DE7681,,false,
22453,DE7684,,false,
22454,DE7689,,false,
22455,DE7693,,false,
22456,DE7696,,false,
22457,DE7704,,false,
22458,DE7712,,false,
22459,DE7715,,false,
22460,DE7721,,false,
22461,DE7732,,false,
22462,DE7734,,false,
22463,DE7740,,false,
22464,DE7743,,false,
22465,DE7748,,false,
22466,DE7755,,false,
22467,DE7758,,false,
22468,DE7766,,false,
22469,DE7772,,false,
22470,DE7773,,false,
22471,DE7779,,false,
22472,DE7792,,false,
22473,DE7798,,false,
22474,DE7801,,false,
22475,DE7804,,false,
22476,DE7807,,false,
22477,DE7812,,false,
22478,DE7815,,false,
22479,DE7823,,false,
22480,DE7827,,false,
22481,DE7833,,false,
22482,DE7840,,false,
22483,DE7844,,false,
22484,DE7849,,false,
22485,DE7852,,false,
22486,DE7858,,false,
22487,DE7861,,false,
22488,DE7862,,false,
22489,DE7865,,false,
22490,DE7872,,false,
22491,DE7878,,false,
22492,DE7882,,false,
22493,DE7886,,false,
22494,DE7889,,false,
22495,DE7894,,false,
22496,DE7901,,false,
22497,DE7904,,false,
22498,DE7910,,false,
22499,DE7924,,false,
22500,DE7927,,false,
22501,DE7931,,false,
22502,DE7935,,false,
22503,DE7941,,false,
22504,DE7950,,false,
22505,DE7956,,false,
22506,DE7957,,false,
22507,DE7961,,false,
22508,DE7964,,false,
22509,DE7968,,false,
22510,DE7971,,false,
22511,DE7977,,false,
22512,DE7980,,false,
22513,DE7984,,false,
22514,DE7990,,false,
22515,DE7993,,false,
22516,DE8001,,false,
22517,DE8005,,false,
22518,DE8011,,false,
22519,DE8016,,false,
22520,DE8018,,false,
22521,DE8020,,false,
22522,DE8025,,false,
22523,DE8028,,false,
22524,DE8034,,false,
22525,DE8038,,false,
22526,DE8041,,false,
22527,DE8048,,false,
22528,DE8057,,false,
22529,DE8059,,false,
22530,DE8062,,false,
22531,DE8065,,false,
22532,DE8068,,false,
22533,DE8073,,false,
22534,DE8079,,false,
22535,DE8086,,false,
22536,DE8091,,false,
22537,DE8095,,false,
22538,DE8099,,false,
22539,DE8116,,false,
22540,DE8119,,false,
22541,DE8126,,false,
22542,DE8134,,false,
22543,DE8139,,false,
22544,DE8142,,false,
22545,DE8145,,false,
22546,DE8149,,false,
22547,DE8156,,false,
22548,DE8161,,false,
22549,DE8169,,false,
22550,DE8174,,false,
22551,DE8177,,false,
22552,DE8180,,false,
22553,DE8185,,false,
22554,DE8190,,false,
22555,DE8193,,false,
22556,DE8197,,false,
22557,DE8208,,false,
22558,DE8214,,false,
22559,DE8218,,false,
22560,DE8221,,false,
22561,DE8229,,false,
22562,DE8235,,false,
22563,DE8236,,false,
22564,DE8239,,false,
22565,DE8247,,false,
22566,DE8252,,false,
22567,DE8257,,false,
22568,DE8261,,false,
22569,DE8265,,false,
22570,DE8268,,false,
22571,DE8273,,false,
22572,DE8283,,false,
22573,DE8287,,false,
22574,DE8293,,false,
22575,DE8298,,false,
22576,DE8302,,false,
22577,DE8305,,false,
22578,DE8315,,false,
22579,DE8318,,false,
22580,DE8321,,false,
22581,DE8326,,false,
22582,DE8329,,false,
22583,DE8334,,false,
22584,DE8337,,false,
22585,DE8342,,false,
22586,DE8346,,false,
22587,DE8352,,false,
22588,DE8360,,false,
22589,DE8364,,false,
22590,DE8368,,false,
22591,DE8383,,false,
22592,DE8385,,false,
22593,DE8387,,false,
22594,DE8391,,false,
22595,DE8392,,false,
22596,DE8393,,false,
22597,DE8395,,false,
22598,DE8397,,false,
22599,DE8400,,false,
22600,DE8402,,false,
22601,DE8404,,false,
22602,DE8406,,false,
22603,DE8408,,false,
22604,DE8411,,false,
22605,DE8414,,false,
22606,DE8416,,false,
22607,DE8419,,false,
22608,DE8422,,false,
22609,DE8424,,false,
22610,DE8427,,false,
22611,DE8434,,false,
22612,DE8435,,false,
22613,DE8440,,false,
22614,DE8443,,false,
22615,DE8446,,false,
22616,DE8447,,false,
22617,DE8448,,false,
22618,DE8453,,false,
22619,DE8459,,false,
22620,DE8462,,false,
22621,DE8465,,false,
22622,DE8466,,false,
22623,DE8469,,false,
22624,DE8470,,false,
22625,DE8473,,false,
22626,DE8475,,false,
22627,DE8480,,false,
22628,DE8482,,false,
22629,DE8485,,false,
22630,DE8496,,false,
22631,DE8502,,false,
22632,DE8504,,false,
22633,DE8507,,false,
22634,DE8509,,false,
22635,DE8513,,false,
22636,DE8515,,false,
22637,DE8519,,false,
22638,DE8521,,false,
22639,DE8523,,false,
22640,DE8525,,false,
22641,DE8529,,false,
22642,DE8531,,false,
22643,DE8533,,false,
22644,DE8534,,false,
22645,DE8539,,false,
22646,DE8546,,false,
22647,DE8548,,false,
22648,DE8550,,false,
22649,DE8554,,false,
22650,DE8563,,false,
22651,DE8568,,false,
22652,DE8571,,false,
22653,DE8576,,false,
22654,DE8578,,false,
22655,DE8580,,false,
22656,DE8583,,false,
22657,DE8587,,false,
22658,DE8589,,false,
22659,DE8597,,false,
22660,DE8598,,false,
22661,DE8599,,false,
22662,DE8602,,false,
22663,DE8603,,false,
22664,DE8606,,false,
22665,DE8614,,false,
22666,DE8618,,false,
22667,DE8620,,false,
22668,DE8622,,false,
22669,DE8623,,false,
22670,DE8627,,false,
22671,DE8633,,false,
22672,DE8635,,false,
22673,DE8637,,false,
22674,DE8638,,false,
22675,DE8640,,false,
22676,DE8643,,false,
22677,DE8646,,false,
22678,DE8654,,false,
22679,DE8656,,false,
22680,DE8659,,false,
22681,DE8661,,false,
22682,DE8663,,false,
22683,DE8666,,false,
22684,DE8671,,false,
22685,DE8674,,false,
22686,DE8677,,false,
22687,DE8681,,false,
22688,DE8683,,false,
22689,DE8684,,false,
22690,DE8686,,false,
22691,DE8692,,false,
22692,DE8694,,false,
22693,DE8696,,false,
22694,DE8697,,false,
22695,DE8699,,false,
22696,DE8702,,false,
22697,DE8704,,false,
22698,DE8707,,false,
22699,DE8710,,false,
22700,DE8716,,false,
22701,DE8718,,false,
22702,DE8721,,false,
22703,DE8724,,false,
22704,DE8727,,false,
22705,DE8729,,false,
22706,DE8730,,false,
22707,DE8732,,false,
22708,DE8738,,false,
22709,DE8740,,false,
22710,DE8743,,false,
22711,DE8747,,false,
22712,DE8749,,false,
22713,DE8757,,false,
22714,DE8759,,false,
22715,DE8761,,false,
22716,DE8765,,false,
22717,DE8769,,false,
22718,DE8771,,false,
22719,DE8775,,false,
22720,DE8777,,false,
22721,DE8783,,false,
22722,DE8785,,false,
22723,DE8787,,false,
22724,DE8790,,false,
22725,DE8792,,false,
22726,DE8794,,false,
22727,DE8796,,false,
22728,DE8797,,false,
22729,DE8801,,false,
22730,DE8808,,false,
22731,DE8810,,false,
22732,DE8814,,false,
22733,DE8818,,false,
22734,DE8823,,false,
22735,DE8832,,false,
22736,DE8835,,false,
22737,DE8839,,false,
22738,DE8840,,false,
22739,DE8846,,false,
22740,DE8852,,false,
22741,DE8861,,false,
22742,DE8869,,false,
22743,DE8871,,false,
22744,DE8876,,false,
22745,DE8877,,false,
22746,DE8882,,false,
22747,DE8892,,false,
22748,DE8894,,false,
22749,DE8902,,false,
22750,DE8907,,false,
22751,DE8910,,false,
22752,DE8912,,false,
22753,DE8914,,false,
22754,DE8923,,false,
22755,DE8926,,false,
22756,DE8935,,false,
22757,DE8941,,false,
22758,DE8945,,false,
22759,DE8953,,false,
22760,DE8957,,false,
22761,DE8958,,false,
22762,DE8963,,false,
22763,DE8973,,false,
22764,DE8974,,false,
22765,DE8979,,false,
22766,DE8982,,false,
22767,DE8987,,false,
22768,DE8997,,false,
22769,DE9000,,false,
22770,DE9007,,false,
22771,DE9012,,false,
22772,DE9021,,false,
22773,DE9022,,false,
22774,DE9024,,false,
22775,DE9031,,false,
22776,DE9036,,false,
22777,DE9040,,false,
22778,DE9046,,false,
22779,DE9053,,false,
22780,DE9058,,false,
22781,DE9063,,false,
22782,DE9067,,false,
22783,DE9070,,false,
22784,DE9073,,false,
22785,DE9078,,false,
22786,DE9082,,false,
22787,DE9086,,false,
22788,DE9095,,false,
22789,DE9097,,false,
22790,DE9102,,false,
22791,DE9104,,false,
22792,DE9106,,false,
22793,DE9113,,false,
22794,DE9116,,false,
22795,DE9119,,false,
22796,DE9121,,false,
22797,DE9127,,false,
22798,DE9131,,false,
22799,DE9132,,false,
22800,DE9139,,false,
22801,DE9141,,false,
22802,DE9147,,false,
22803,DE9150,,false,
22804,DE9152,,false,
22805,DE9155,,false,
22806,DE9158,,false,
22807,DK1/00,,false,
22808,DK1/01,,false,
22809,DK1/02,,false,
22810,DK10/00,,false,
22811,DK10/01,,false,
22812,DK10/02,,false,
22813,DK100/00,,false,
22814,DK100/01,,false,
22815,DK103/00,,false,
22816,DK103/01,,false,
22817,DK104/01,,false,
22818,DK106/00,,false,
22819,DK107/01,,false,
22820,DK109/00,,false,
22821,DK11/02,,false,
22822,DK110/01,,false,
22823,DK112/00,,false,
22824,DK112/01,,false,
22825,DK113/01,,false,
22826,DK115/00,,false,
22827,DK116/01,,false,
22828,DK118/00,,false,
22829,DK119/01,,false,
22830,DK12/02,,false,
22831,DK121/00,,false,
22832,DK122/01,,false,
22833,DK125/01,,false,
22834,DK128/01,,false,
22835,DK13/00,,false,
22836,DK13/01,,false,
22837,DK13/02,,false,
22838,DK131/01,,false,
22839,DK14/01,,false,
22840,DK14/02,,false,
22841,DK15/02,,false,
22842,DK16/01,,false,
22843,DK16/02,,false,
22844,DK17/00,,false,
22845,DK17/02,,false,
22846,DK18/02,,false,
22847,DK19/01,,false,
22848,DK19/02,,false,
22849,DK2/02,,false,
22850,DK20/00,,false,
22851,DK20/02,,false,
22852,DK21/02,,false,
22853,DK22/01,,false,
22854,DK22/02,,false,
22855,DK23/00,,false,
22856,DK23/02,,false,
22857,DK24/02,,false,
22858,DK25/01,,false,
22859,DK25/02,,false,
22860,DK26/00,,false,
22861,DK26/01,,false,
22862,DK26/02,,false,
22863,DK27/02,,false,
22864,DK28/01,,false,
22865,DK28/02,,false,
22866,DK29/00,,false,
22867,DK29/02,,false,
22868,DK3/02,,false,
22869,DK30/02,,false,
22870,DK31/01,,false,
22871,DK31/02,,false,
22872,DK32/02,,false,
22873,DK33/00,,false,
22874,DK33/02,,false,
22875,DK34/01,,false,
22876,DK34/02,,false,
22877,DK35/02,,false,
22878,DK36/02,,false,
22879,DK37/00,,false,
22880,DK37/01,,false,
22881,DK37/02,,false,
22882,DK38/02,,false,
22883,DK39/02,,false,
22884,DK4/00,,false,
22885,DK4/01,,false,
22886,DK4/02,,false,
22887,DK40/00,,false,
22888,DK40/01,,false,
22889,DK40/02,,false,
22890,DK41/01,,false,
22891,DK41/02,,false,
22892,DK42/02,,false,
22893,DK43/00,,false,
22894,DK43/01,,false,
22895,DK43/02,,false,
22896,DK44/02,,false,
22897,DK45/02,,false,
22898,DK46/00,,false,
22899,DK46/01,,false,
22900,DK46/02,,false,
22901,DK47/02,,false,
22902,DK48/02,,false,
22903,DK49/00,,false,
22904,DK49/01,,false,
22905,DK49/02,,false,
22906,DK5/02,,false,
22907,DK50/02,,false,
22908,DK51/02,,false,
22909,DK52/00,,false,
22910,DK52/01,,false,
22911,DK53/02,,false,
22912,DK54/02,,false,
22913,DK55/00,,false,
22914,DK55/01,,false,
22915,DK55/02,,false,
22916,DK56/02,,false,
22917,DK57/02,,false,
22918,DK58/00,,false,
22919,DK58/01,,false,
22920,DK58/02,,false,
22921,DK59/02,,false,
22922,DK6/02,,false,
22923,DK60/02,,false,
22924,DK61/00,,false,
22925,DK61/01,,false,
22926,DK61/02,,false,
22927,DK62/02,,false,
22928,DK63/02,,false,
22929,DK64/00,,false,
22930,DK64/01,,false,
22931,DK64/02,,false,
22932,DK65/02,,false,
22933,DK66/02,,false,
22934,DK67/00,,false,
22935,DK67/01,,false,
22936,DK67/02,,false,
22937,DK68/02,,false,
22938,DK69/02,,false,
22939,DK7/00,,false,
22940,DK7/01,,false,
22941,DK7/02,,false,
22942,DK70/00,,false,
22943,DK70/01,,false,
22944,DK70/02,,false,
22945,DK71/02,,false,
22946,DK72/02,,false,
22947,DK73/00,,false,
22948,DK73/01,,false,
22949,DK73/02,,false,
22950,DK74/02,,false,
22951,DK75/02,,false,
22952,DK76/00,,false,
22953,DK76/01,,false,
22954,DK76/02,,false,
22955,DK77/02,,false,
22956,DK78/02,,false,
22957,DK79/00,,false,
22958,DK79/01,,false,
22959,DK79/02,,false,
22960,DK8/02,,false,
22961,DK80/02,,false,
22962,DK81/02,,false,
22963,DK82/00,,false,
22964,DK82/01,,false,
22965,DK82/02,,false,
22966,DK83/02,,false,
22967,DK84/02,,false,
22968,DK85/00,,false,
22969,DK85/01,,false,
22970,DK85/02,,false,
22971,DK86/02,,false,
22972,DK88/00,,false,
22973,DK88/01,,false,
22974,DK9/02,,false,
22975,DK91/00,,false,
22976,DK91/01,,false,
22977,DK94/00,,false,
22978,DK94/01,,false,
22979,DK96/01,,false,
22980,DK97/00,,false,
22981,DK97/01,,false,
22982,ES1/00,,false,
22983,ES1/02,,false,
22984,ES10/01,,false,
22985,ES100/00,,false,
22986,ES1001/02,,false,
22987,ES1010/02,,false,
22988,ES1019/02,,false,
22989,ES102/00,,false,
22990,ES1023/02,,false,
22991,ES1035/02,,false,
22992,ES104/00,,false,
22993,ES1040/02,,false,
22994,ES105/01,,false,
22995,ES1054/02,,false,
22996,ES107/00,,false,
22997,ES1070/02,,false,
22998,ES1083/02,,false,
22999,ES1087/02,,false,
23000,ES1090/02,,false,
23001,ES1100/02,,false,
23002,ES1104/02,,false,
23003,ES111/00,,false,
23004,ES114/02,,false,
23005,ES116/01,,false,
23006,ES119/01,,false,
23007,ES120/00,,false,
23008,ES121/02,,false,
23009,ES123/00,,false,
23010,ES123/01,,false,
23011,ES126/00,,false,
23012,ES126/01,,false,
23013,ES127/02,,false,
23014,ES13/00,,false,
23015,ES13/01,,false,
23016,ES132/01,,false,
23017,ES133/02,,false,
23018,ES135/00,,false,
23019,ES136/01,,false,
23020,ES137/02,,false,
23021,ES139/01,,false,
23022,ES140/01,,false,
23023,ES141/00,,false,
23024,ES142/01,,false,
23025,ES145/00,,false,
23026,ES145/01,,false,
23027,ES148/00,,false,
23028,ES151/00,,false,
23029,ES152/01,,false,
23030,ES152/02,,false,
23031,ES154/00,,false,
23032,ES154/01,,false,
23033,ES155/02,,false,
23034,ES157/00,,false,
23035,ES157/01,,false,
23036,ES16/00,,false,
23037,ES16/01,,false,
23038,ES160/01,,false,
23039,ES160/02,,false,
23040,ES161/00,,false,
23041,ES162/01,,false,
23042,ES165/02,,false,
23043,ES166/01,,false,
23044,ES167/00,,false,
23045,ES169/01,,false,
23046,ES170/00,,false,
23047,ES170/02,,false,
23048,ES172/01,,false,
23049,ES175/00,,false,
23050,ES175/01,,false,
23051,ES177/02,,false,
23052,ES179/00,,false,
23053,ES179/01,,false,
23054,ES181/01,,false,
23055,ES182/00,,false,
23056,ES182/02,,false,
23057,ES185/00,,false,
23058,ES186/02,,false,
23059,ES187/02,,false,
23060,ES188/00,,false,
23061,ES19/01,,false,
23062,ES193/02,,false,
23063,ES194/01,,false,
23064,ES197/01,,false,
23065,ES198/02,,false,
23066,ES199/01,,false,
23067,ES20/00,,false,
23068,ES203/01,,false,
23069,ES205/01,,false,
23070,ES206/01,,false,
23071,ES207/02,,false,
23072,ES208/01,,false,
23073,ES209/01,,false,
23074,ES213/00,,false,
23075,ES216/02,,false,
23076,ES22/01,,false,
23077,ES220/01,,false,
23078,ES221/02,,false,
23079,ES222/00,,false,
23080,ES224/01,,false,
23081,ES226/02,,false,
23082,ES229/00,,false,
23083,ES229/01,,false,
23084,ES231/02,,false,
23085,ES234/00,,false,
23086,ES234/01,,false,
23087,ES236/02,,false,
23088,ES237/00,,false,
23089,ES24/00,,false,
23090,ES24/02,,false,
23091,ES241/01,,false,
23092,ES241/02,,false,
23093,ES242/00,,false,
23094,ES245/01,,false,
23095,ES246/02,,false,
23096,ES248/00,,false,
23097,ES249/01,,false,
23098,ES25/01,,false,
23099,ES250/02,,false,
23100,ES251/00,,false,
23101,ES253/01,,false,
23102,ES254/00,,false,
23103,ES254/02,,false,
23104,ES257/00,,false,
23105,ES260/02,,false,
23106,ES262/00,,false,
23107,ES263/01,,false,
23108,ES266/00,,false,
23109,ES266/01,,false,
23110,ES266/02,,false,
23111,ES269/00,,false,
23112,ES269/01,,false,
23113,ES272/02,,false,
23114,ES273/00,,false,
23115,ES273/01,,false,
23116,ES28/01,,false,
23117,ES28/02,,false,
23118,ES280/01,,false,
23119,ES281/02,,false,
23120,ES283/01,,false,
23121,ES286/01,,false,
23122,ES288/02,,false,
23123,ES289/00,,false,
23124,ES29/00,,false,
23125,ES290/01,,false,
23126,ES293/00,,false,
23127,ES293/02,,false,
23128,ES294/01,,false,
23129,ES296/00,,false,
23130,ES300/00,,false,
23131,ES301/02,,false,
23132,ES309/01,,false,
23133,ES314/01,,false,
23134,ES318/00,,false,
23135,ES318/01,,false,
23136,ES318/02,,false,
23137,ES32/00,,false,
23138,ES320/01,,false,
23139,ES321/01,,false,
23140,ES322/02,,false,
23141,ES324/01,,false,
23142,ES326/02,,false,
23143,ES327/00,,false,
23144,ES327/01,,false,
23145,ES33/02,,false,
23146,ES331/00,,false,
23147,ES332/01,,false,
23148,ES335/00,,false,
23149,ES335/01,,false,
23150,ES337/02,,false,
23151,ES339/00,,false,
23152,ES339/01,,false,
23153,ES342/00,,false,
23154,ES343/01,,false,
23155,ES343/02,,false,
23156,ES345/00,,false,
23157,ES346/01,,false,
23158,ES347/02,,false,
23159,ES348/00,,false,
23160,ES349/01,,false,
23161,ES351/00,,false,
23162,ES351/02,,false,
23163,ES358/02,,false,
23164,ES359/01,,false,
23165,ES36/00,,false,
23166,ES362/01,,false,
23167,ES362/02,,false,
23168,ES363/00,,false,
23169,ES368/00,,false,
23170,ES370/01,,false,
23171,ES370/02,,false,
23172,ES374/00,,false,
23173,ES374/01,,false,
23174,ES375/02,,false,
23175,ES376/01,,false,
23176,ES379/01,,false,
23177,ES385/02,,false,
23178,ES386/00,,false,
23179,ES386/02,,false,
23180,ES39/02,,false,
23181,ES390/01,,false,
23182,ES391/02,,false,
23183,ES392/00,,false,
23184,ES395/00,,false,
23185,ES395/01,,false,
23186,ES399/00,,false,
23187,ES40/00,,false,
23188,ES401/02,,false,
23189,ES404/01,,false,
23190,ES406/02,,false,
23191,ES407/01,,false,
23192,ES408/00,,false,
23193,ES410/01,,false,
23194,ES411/00,,false,
23195,ES412/02,,false,
23196,ES413/01,,false,
23197,ES414/01,,false,
23198,ES416/02,,false,
23199,ES417/01,,false,
23200,ES420/01,,false,
23201,ES424/01,,false,
23202,ES427/00,,false,
23203,ES429/01,,false,
23204,ES43/00,,false,
23205,ES430/00,,false,
23206,ES432/02,,false,
23207,ES433/01,,false,
23208,ES439/00,,false,
23209,ES439/01,,false,
23210,ES44/02,,false,
23211,ES447/00,,false,
23212,ES447/02,,false,
23213,ES449/01,,false,
23214,ES451/02,,false,
23215,ES452/00,,false,
23216,ES452/01,,false,
23217,ES455/01,,false,
23218,ES455/02,,false,
23219,ES456/00,,false,
23220,ES456/01,,false,
23221,ES459/00,,false,
23222,ES459/02,,false,
23223,ES46/00,,false,
23224,ES46/01,,false,
23225,ES462/01,,false,
23226,ES464/00,,false,
23227,ES465/02,,false,
23228,ES468/01,,false,
23229,ES471/00,,false,
23230,ES471/02,,false,
23231,ES472/01,,false,
23232,ES475/02,,false,
23233,ES478/00,,false,
23234,ES478/01,,false,
23235,ES479/02,,false,
23236,ES48/02,,false,
23237,ES482/01,,false,
23238,ES484/00,,false,
23239,ES490/01,,false,
23240,ES492/01,,false,
23241,ES493/02,,false,
23242,ES494/01,,false,
23243,ES497/02,,false,
23244,ES50/00,,false,
23245,ES502/00,,false,
23246,ES502/02,,false,
23247,ES506/02,,false,
23248,ES509/00,,false,
23249,ES512/02,,false,
23250,ES518/02,,false,
23251,ES52/01,,false,
23252,ES521/00,,false,
23253,ES526/00,,false,
23254,ES529/00,,false,
23255,ES529/02,,false,
23256,ES534/00,,false,
23257,ES536/02,,false,
23258,ES54/00,,false,
23259,ES54/02,,false,
23260,ES543/00,,false,
23261,ES545/02,,false,
23262,ES546/02,,false,
23263,ES548/00,,false,
23264,ES55/01,,false,
23265,ES550/02,,false,
23266,ES551/00,,false,
23267,ES553/01,,false,
23268,ES558/02,,false,
23269,ES559/00,,false,
23270,ES562/01,,false,
23271,ES563/00,,false,
23272,ES566/00,,false,
23273,ES569/00,,false,
23274,ES569/02,,false,
23275,ES572/01,,false,
23276,ES575/02,,false,
23277,ES577/00,,false,
23278,ES579/02,,false,
23279,ES58/00,,false,
23280,ES58/01,,false,
23281,ES58/02,,false,
23282,ES584/02,,false,
23283,ES586/00,,false,
23284,ES588/01,,false,
23285,ES592/00,,false,
23286,ES595/00,,false,
23287,ES599/00,,false,
23288,ES6/00,,false,
23289,ES6/02,,false,
23290,ES608/00,,false,
23291,ES61/00,,false,
23292,ES615/00,,false,
23293,ES615/01,,false,
23294,ES621/00,,false,
23295,ES626/00,,false,
23296,ES629/00,,false,
23297,ES634/00,,false,
23298,ES64/00,,false,
23299,ES64/02,,false,
23300,ES647/02,,false,
23301,ES659/01,,false,
23302,ES669/02,,false,
23303,ES67/00,,false,
23304,ES673/00,,false,
23305,ES676/00,,false,
23306,ES684/00,,false,
23307,ES687/02,,false,
23308,ES688/00,,false,
23309,ES688/01,,false,
23310,ES69/01,,false,
23311,ES69/02,,false,
23312,ES691/00,,false,
23313,ES697/00,,false,
23314,ES697/01,,false,
23315,ES7/01,,false,
23316,ES702/00,,false,
23317,ES703/02,,false,
23318,ES705/02,,false,
23319,ES707/02,,false,
23320,ES71/00,,false,
23321,ES710/00,,false,
23322,ES710/02,,false,
23323,ES715/00,,false,
23324,ES716/02,,false,
23325,ES718/00,,false,
23326,ES718/02,,false,
23327,ES719/02,,false,
23328,ES720/00,,false,
23329,ES723/01,,false,
23330,ES723/02,,false,
23331,ES727/02,,false,
23332,ES728/02,,false,
23333,ES73/02,,false,
23334,ES730/00,,false,
23335,ES733/00,,false,
23336,ES734/02,,false,
23337,ES735/02,,false,
23338,ES737/02,,false,
23339,ES739/00,,false,
23340,ES74/01,,false,
23341,ES740/01,,false,
23342,ES744/00,,false,
23343,ES744/02,,false,
23344,ES748/00,,false,
23345,ES751/00,,false,
23346,ES753/01,,false,
23347,ES755/00,,false,
23348,ES759/01,,false,
23349,ES77/00,,false,
23350,ES77/01,,false,
23351,ES770/02,,false,
23352,ES772/02,,false,
23353,ES778/02,,false,
23354,ES781/02,,false,
23355,ES782/02,,false,
23356,ES789/02,,false,
23357,ES79/02,,false,
23358,ES797/02,,false,
23359,ES8/02,,false,
23360,ES80/01,,false,
23361,ES803/00,,false,
23362,ES809/02,,false,
23363,ES81/00,,false,
23364,ES81/02,,false,
23365,ES825/00,,false,
23366,ES830/02,,false,
23367,ES831/00,,false,
23368,ES836/00,,false,
23369,ES838/02,,false,
23370,ES841/00,,false,
23371,ES844/00,,false,
23372,ES849/02,,false,
23373,ES85/00,,false,
23374,ES851/00,,false,
23375,ES856/00,,false,
23376,ES868/02,,false,
23377,ES869/00,,false,
23378,ES87/01,,false,
23379,ES872/00,,false,
23380,ES872/02,,false,
23381,ES876/00,,false,
23382,ES877/02,,false,
23383,ES88/00,,false,
23384,ES89/02,,false,
23385,ES897/02,,false,
23386,ES904/02,,false,
23387,ES908/02,,false,
23388,ES91/00,,false,
23389,ES91/01,,false,
23390,ES916/02,,false,
23391,ES94/01,,false,
23392,ES94/02,,false,
23393,ES946/02,,false,
23394,ES95/00,,false,
23395,ES950/02,,false,
23396,ES954/02,,false,
23397,ES958/02,,false,
23398,ES966/02,,false,
23399,ES97/01,,false,
23400,ES974/02,,false,
23401,ES978/02,,false,
23402,ES98/02,,false,
23403,ES982/02,,false,
23404,ES989/02,,false,
23405,ES997/02,,false,
23406,FI130772,,false,
23407,FI130776,,false,
23408,FI130788,,false,
23409,FI130812,,false,
23410,FI130856,,false,
23411,FI130937,,false,
23412,FI130938,,false,
23413,FI130965,,false,
23414,FI130983,,false,
23415,FI130984,,false,
23416,FI131027,,false,
23417,FI131041,,false,
23418,FI131075,,false,
23419,FI131102,,false,
23420,FI131162,,false,
23421,FI131178,,false,
23422,FI131179,,false,
23423,FI131216,,false,
23424,FI131217,,false,
23425,FI131218,,false,
23426,FI131245,,false,
23427,FI131274,,false,
23428,FI131319,,false,
23429,FI131345,,false,
23430,FI131415,,false,
23431,FI131438,,false,
23432,FI131502,,false,
23433,FI131516,,false,
23434,FI131532,,false,
23435,FI131544,,false,
23436,FI131654,,false,
23437,FI131682,,false,
23438,FI131718,,false,
23439,FI131778,,false,
23440,FI131789,,false,
23441,FI131791,,false,
23442,FI131813,,false,
23443,FI131845,,false,
23444,FI131846,,false,
23445,FI131851,,false,
23446,FI131945,,false,
23447,FI131953,,false,
23448,FI131966,,false,
23449,FI150002-8,,false,
23450,FI150044-6,,false,
23451,FI150067-9,,false,
23452,FI150164-4,,false,
23453,FI223842,,false,
23454,FI224015,,false,
23455,FI225159,,false,
23456,FI225799,,false,
23457,FI226638,,false,
23458,FI227245,,false,
23459,FI227774,,false,
23460,FI227930,,false,
23461,FI230889,,false,
23462,FI231144,,false,
23463,FI231426,,false,
23464,FI232438,,false,
23465,FI233600,,false,
23466,FI233732,,false,
23467,FI233761,,false,
23468,FI234368,,false,
23469,FI235297,,false,
23470,FI236512,,false,
23471,FI236778,,false,
23472,FI237899,,false,
23473,FI238800,,false,
23474,FI239246,,false,
23475,FI241227,,false,
23476,FI241845,,false,
23477,FI242125,,false,
23478,FI244389,,false,
23479,FI245580,,false,
23480,FI246931,,false,
23481,FI247451,,false,
23482,FI249746,,false,
23483,FI250274,,false,
23484,FI250534,,false,
23485,FI252054,,false,
23486,FI255801,,false,
23487,FI257113,,false,
23488,FI258334,,false,
23489,FI258354,,false,
23490,FI258997,,false,
23491,FI260194,,false,
23492,FI260939,,false,
23493,FI261827,,false,
23494,FI262614,,false,
23495,FI263519,,false,
23496,FI264118,,false,
23497,FI264358,,false,
23498,FI310712,,false,
23499,FI311011,,false,
23500,FI313773,,false,
23501,FI313936,,false,
23502,FI314686,,false,
23503,FI319671,,false,
23504,FI320551,,false,
23505,FI321048,,false,
23506,FI322222,,false,
23507,FI324806,,false,
23508,FI325006,,false,
23509,FI325811,,false,
23510,FI333998,,false,
23511,FI334684,,false,
23512,FI334685,,false,
23513,FI334720,,false,
23514,FI336034,,false,
23515,FI336514,,false,
23516,FI336517,,false,
23517,FI336618,,false,
23518,FI338067,,false,
23519,FI338515,,false,
23520,FI338516,,false,
23521,FI338766,,false,
23522,FI344470,,false,
23523,FI348007,,false,
23524,FI348429,,false,
23525,FI349331,,false,
23526,FI349448,,false,
23527,FI350162,,false,
23528,FI350713,,false,
23529,FI350730,,false,
23530,FI351938,,false,
23531,FI352055,,false,
23532,FI352689,,false,
23533,FI354028,,false,
23534,FI354791,,false,
23535,FI354810,,false,
23536,FI356347,,false,
23537,FI357333,,false,
23538,FI357971,,false,
23539,FI359142,,false,
23540,FI359399,,false,
23541,FI359490,,false,
23542,FI359517,,false,
23543,FI360824,,false,
23544,FI361027,,false,
23545,FR10012,,false,
23546,FR10021,,false,
23547,FR10091,,false,
23548,FR10145,,false,
23549,FR10273,,false,
23550,FR10291,,false,
23551,FR10346,,false,
23552,FR10360,,false,
23553,FR10364,,false,
23554,FR10366,,false,
23555,FR10454,,false,
23556,FR10523,,false,
23557,FR10610,,false,
23558,FR10986,,false,
23559,FR11066,,false,
23560,FR11159,,false,
23561,FR11194,,false,
23562,FR11196,,false,
23563,FR11219,,false,
23564,FR11223,,false,
23565,FR11254,,false,
23566,FR11255,,false,
23567,FR11583,,false,
23568,FR11643,,false,
23569,FR11645,,false,
23570,FR11667,,false,
23571,FR11671,,false,
23572,FR11691,,false,
23573,FR11714,,false,
23574,FR11783,,false,
23575,FR11787,,false,
23576,FR11789,,false,
23577,FR11836,,false,
23578,FR11852,,false,
23579,FR11882,,false,
23580,FR11899,,false,
23581,FR11931,,false,
23582,FR11935,,false,
23583,FR11936,,false,
23584,FR11956,,false,
23585,FR11957,,false,
23586,FR11976,,false,
23587,FR12058,,false,
23588,FR12079,,false,
23589,FR12108,,false,
23590,FR12109,,false,
23591,FR12122,,false,
23592,FR12149,,false,
23593,FR12170,,false,
23594,FR12179,,false,
23595,FR12199,,false,
23596,FR12211,,false,
23597,FR12212,,false,
23598,FR12226,,false,
23599,FR12237,,false,
23600,FR12259,,false,
23601,FR12279,,false,
23602,FR12289,,false,
23603,FR12297,,false,
23604,FR12306,,false,
23605,FR12324,,false,
23606,FR12330,,false,
23607,FR12332,,false,
23608,FR12333,,false,
23609,FR12349,,false,
23610,FR12354,,false,
23611,FR12365,,false,
23612,FR12372,,false,
23613,FR12450,,false,
23614,FR12468,,false,
23615,FR12518,,false,
23616,FR12546,,false,
23617,FR12550,,false,
23618,FR12558,,false,
23619,FR12566,,false,
23620,FR12579,,false,
23621,FR12581,,false,
23622,FR12597,,false,
23623,FR12601,,false,
23624,FR12644,,false,
23625,FR12645,,false,
23626,FR12676,,false,
23627,FR12678,,false,
23628,FR12694,,false,
23629,FR12711,,false,
23630,FR12728,,false,
23631,FR12805,,false,
23632,FR12815,,false,
23633,FR12821,,false,
23634,FR12842,,false,
23635,FR12859,,false,
23636,FR12862,,false,
23637,FR12908,,false,
23638,FR12924,,false,
23639,FR13005,,false,
23640,FR13039,,false,
23641,FR13098,,false,
23642,FR13100,,false,
23643,FR13193,,false,
23644,FR13277,,false,
23645,FR13319,,false,
23646,FR13348,,false,
23647,FR13364,,false,
23648,FR13431,,false,
23649,FR13508,,false,
23650,FR13509,,false,
23651,FR13525,,false,
23652,FR13573,,false,
23653,FR13657,,false,
23654,FR13707,,false,
23655,FR13736,,false,
23656,FR13808,,false,
23657,FR13982,,false,
23658,FR13991,,false,
23659,FR14047,,false,
23660,FR14096,,false,
23661,FR14101,,false,
23662,FR14105,,false,
23663,FR14421,,false,
23664,FR14480,,false,
23665,FR14535,,false,
23666,FR14572,,false,
23667,FR14594,,false,
23668,FR14613,,false,
23669,FR14705,,false,
23670,FR14710,,false,
23671,FR14716,,false,
23672,FR14722,,false,
23673,FR14832,,false,
23674,FR14866,,false,
23675,FR14880,,false,
23676,FR14904,,false,
23677,FR14935,,false,
23678,FR14966,,false,
23679,FR15008,,false,
23680,FR5636,,false,
23681,FR5696,,false,
23682,FR5710,,false,
23683,FR5715,,false,
23684,FR5750,,false,
23685,FR5762,,false,
23686,FR5774,,false,
23687,FR5849,,false,
23688,FR5862,,false,
23689,FR5940,,false,
23690,FR5979,,false,
23691,FR6048,,false,
23692,FR6284,,false,
23693,FR6441,,false,
23694,FR6446,,false,
23695,FR6470,,false,
23696,FR6615,,false,
23697,FR6683,,false,
23698,FR6940,,false,
23699,FR7000,,false,
23700,FR7002,,false,
23701,FR7003,,false,
23702,FR7005,,false,
23703,FR7150,,false,
23704,FR7154,,false,
23705,FR7155,,false,
23706,FR7304,,false,
23707,FR7386,,false,
23708,FR7388,,false,
23709,FR7449,,false,
23710,FR7483,,false,
23711,FR7676,,false,
23712,FR7742,,false,
23713,FR7743,,false,
23714,FR7744,,false,
23715,FR7795,,false,
23716,FR7807,,false,
23717,FR7808,,false,
23718,FR7811,,false,
23719,FR7814,,false,
23720,FR7850,,false,
23721,FR7867,,false,
23722,FR7873,,false,
23723,FR7924,,false,
23724,FR7927,,false,
23725,FR8065,,false,
23726,FR8149,,false,
23727,FR8170,,false,
23728,FR8171,,false,
23729,FR8264,,false,
23730,FR8455,,false,
23731,FR8835,,false,
23732,FR8915,,false,
23733,FR8999,,false,
23734,FR9083,,false,
23735,FR9135,,false,
23736,FR9158,,false,
23737,FR9218,,false,
23738,FR9219,,false,
23739,FR9225,,false,
23740,FR9226,,false,
23741,FR9227,,false,
23742,FR9230,,false,
23743,FR9233,,false,
23744,FR9261,,false,
23745,FR9262,,false,
23746,FR9274,,false,
23747,FR9275,,false,
23748,FR9284,,false,
23749,FR9285,,false,
23750,FR9287,,false,
23751,FR9299,,false,
23752,FR9303,,false,
23753,FR9305,,false,
23754,FR9315,,false,
23755,FR9316,,false,
23756,FR9318,,false,
23757,FR9320,,false,
23758,FR9348,,false,
23759,FR9384,,false,
23760,FR9393,,false,
23761,FR9397,,false,
23762,FR9409,,false,
23763,FR9412,,false,
23764,FR9421,,false,
23765,FR9446,,false,
23766,FR9492,,false,
23767,FR9496,,false,
23768,FR9511,,false,
23769,FR9548,,false,
23770,FR9597,,false,
23771,FR9601,,false,
23772,FR9602,,false,
23773,FR9615,,false,
23774,FR9636,,false,
23775,FR9657,,false,
23776,FR9684,,false,
23777,FR9725,,false,
23778,FR9745,,false,
23779,FR9776,,false,
23780,FR9777,,false,
23781,FR9783,,false,
23782,FR9791,,false,
23783,FR9814,,false,
23784,FR9856,,false,
23785,FR9951,,false,
23786,FR9969,,false,
23787,FRLNP 18356,,false,
23788,FRLNP 18362,,false,
23789,FRLNP 18363,,false,
23790,FRLNP 18623,,false,
23791,FRLNP 18653,,false,
23792,FRLNP 18690,,false,
23793,FRLNP 18776,,false,
23794,FRLNP 18797,,false,
23795,FRLNP 19031,,false,
23796,FRLNP17318,,false,
23797,FRLNP17334,,false,
23798,FRLNP17337,,false,
23799,FRLNP17340,,false,
23800,FRLNP17356,,false,
23801,FRLNP17379,,false,
23802,FRLNP17387,,false,
23803,FRLNP17391,,false,
23804,FRLNP17396,,false,
23805,FRLNP17402,,false,
23806,FRLNP17405,,false,
23807,FRLNP17418,,false,
23808,FRLNP17459,,false,
23809,FRLNP17466,,false,
23810,FRLNP17498,,false,
23811,FRLNP17511,,false,
23812,FRLNP17567,,false,
23813,FRLNP17617,,false,
23814,FRLNP17619,,false,
23815,FRLNP17625,,false,
23816,FRLNP17633,,false,
23817,FRLNP17641,,false,
23818,FRLNP17646,,false,
23819,FRLNP17647,,false,
23820,FRLNP17654,,false,
23821,FRLNP17656,,false,
23822,FRLNP17667,,false,
23823,FRLNP17709,,false,
23824,FRLNP17710,,false,
23825,FRLNP17717,,false,
23826,FRLNP17721,,false,
23827,FRLNP17722,,false,
23828,FRLNP17728,,false,
23829,FRLNP17737,,false,
23830,FRLNP17741,,false,
23831,FRLNP17761,,false,
23832,FRLNP17769,,false,
23833,FRLNP17785,,false,
23834,FRLNP17793,,false,
23835,FRLNP17806,,false,
23836,FRLNP17840,,false,
23837,FRLNP17872,,false,
23838,FRLNP17880,,false,
23839,FRLNP17934,,false,
23840,FRLNP17965,,false,
23841,FRLNP18024,,false,
23842,FRLNP18051,,false,
23843,FRLNP18081,,false,
23844,FRLNP18100,,false,
23845,FRLNP18250,,false,
23846,FRLNP18258,,false,
23847,FRLNP18270,,false,
23848,FRLNP18294,,false,
23849,FRLNP18303,,false,
23850,FRLNP18304,,false,
23851,FRLNP18306,,false,
23852,FRLNP18314,,false,
23853,FRLNP18317,,false,
23854,FRLNP18318,,false,
23855,FRLNP18323,,false,
23856,FRLNP18324,,false,
23857,FRLNP18340NN,2313,false,
23858,FRLNP18343,,false,
23859,FRLNP18350,,false,
23860,FRLNP18353,,false,
23861,FRLNP18358,,false,
23862,FRLNP18369,,false,
23863,FRLNP18370,,false,
23864,FRLNP18387,,false,
23865,FRLNP18389,,false,
23866,FRLNP18405,,false,
23867,FRLNP18413,,false,
23868,FRLNP18416,,false,
23869,FRLNP18473,,false,
23870,FRLNP18491,,false,
23871,FRLNP18602,,false,
23872,FRLNP18604,,false,
23873,FRLNP18648,,false,
23874,FRLNP18689,,false,
23875,FRLNP18694,,false,
23876,FRLNP18701,,false,
23877,FRLNP18738,,false,
23878,FRLNP18751,,false,
23879,FRLNP18833,,false,
23880,FRLNP18987,,false,
23881,FRLNP19002,,false,
23882,FRLNP19005,,false,
23883,FRLNP19030,,false,
23884,FRLNP19053,,false,
23885,FRLNP19162,,false,
23886,FRLNP19171,,false,
23887,FRLNP19220,,false,
23888,FRLNP19225,,false,
23889,FRLNP19227,,false,
23890,FRLNP19266,,false,
23891,FRLNP19268,,false,
23892,FRLNP19275,,false,
23893,FRLNP19299,,false,
23894,FRLNP19303,,false,
23895,FRLNP19320,,false,
23896,FRLNP19325,,false,
23897,FRLNP19337,,false,
23898,FRLNP19360,,false,
23899,FRLNP19365,,false,
23900,FRLNP19463,,false,
23901,FRLNP19465,,false,
23902,FRLNP19481,,false,
23903,FRLNP19627,,false,
23904,FRLNP19729,,false,
23905,FRLNP19750,,false,
23906,FRLNP19755,,false,
23907,FRLNP19774,,false,
23908,FRLNP19795,,false,
23909,FRLNP19805,,false,
23910,FRLNP19835,,false,
23911,FRLNP19839,,false,
23912,FRLNP19852,,false,
23913,FRLNP19875,,false,
23914,FRLNP19916,,false,
23915,FRLNP19920,,false,
23916,FRLNP19935,,false,
23917,FRLNP20046,,false,
23918,FRLNP20075,,false,
23919,FRLNP20085,,false,
23920,FRLNP20110,,false,
23921,FRLNP20132,,false,
23922,FRLNP20160,,false,
23923,FRLNP20190,,false,
23924,FRLNP20225,,false,
23925,GR-1/00,,false,
23926,GR-1/01,,false,
23927,GR-10/00,,false,
23928,GR-10/01,,false,
23929,GR-11/00,,false,
23930,GR-11/01,,false,
23931,GR-13/00,,false,
23932,GR-13/01,,false,
23933,GR-14/00,,false,
23934,GR-14/01,,false,
23935,GR-15/00,,false,
23936,GR-15/01,,false,
23937,GR-16/00,,false,
23938,GR-16/01,,false,
23939,GR-17/00,,false,
23940,GR-17/01,,false,
23941,GR-18/00,,false,
23942,GR-18/01,,false,
23943,GR-19/00,,false,
23944,GR-19/01,,false,
23945,GR-2/00,,false,
23946,GR-2/01,,false,
23947,GR-20/00,,false,
23948,GR-20/01,,false,
23949,GR-21/00,,false,
23950,GR-21/01,,false,
23951,GR-22/00,,false,
23952,GR-22/01,,false,
23953,GR-23/00,,false,
23954,GR-23/01,,false,
23955,GR-24/00,,false,
23956,GR-24/01,,false,
23957,GR-25/00,,false,
23958,GR-25/01,,false,
23959,GR-26/00,,false,
23960,GR-26/01,,false,
23961,GR-27/00,,false,
23962,GR-27/01,,false,
23963,GR-28/00,,false,
23964,GR-28/01,,false,
23965,GR-29/00,,false,
23966,GR-29/01,,false,
23967,GR-3/00,,false,
23968,GR-3/01,,false,
23969,GR-30/00,,false,
23970,GR-30/01,,false,
23971,GR-31/00,,false,
23972,GR-31/01,,false,
23973,GR-32/00,,false,
23974,GR-32/01,,false,
23975,GR-33/00,,false,
23976,GR-33/01,,false,
23977,GR-34/00,,false,
23978,GR-34/01,,false,
23979,GR-35/00,,false,
23980,GR-35/01,,false,
23981,GR-36/00,,false,
23982,GR-36/01,,false,
23983,GR-37/00,,false,
23984,GR-38/00,,false,
23985,GR-38/01,,false,
23986,GR-39/00,,false,
23987,GR-4/00,,false,
23988,GR-40/00,,false,
23989,GR-40/01,,false,
23990,GR-41/00,,false,
23991,GR-42/00,,false,
23992,GR-42/01,,false,
23993,GR-43/00,,false,
23994,GR-43/01,,false,
23995,GR-44/02,,false,
23996,GR-45/02,,false,
23997,GR-46/02,,false,
23998,GR-47/02,,false,
23999,GR-48/02,,false,
24000,GR-49/02,,false,
24001,GR-5/00,,false,
24002,GR-5/01,,false,
24003,GR-50/02,,false,
24004,GR-51/02,,false,
24005,GR-52/02,,false,
24006,GR-53/02,,false,
24007,GR-54/02,,false,
24008,GR-55/02,,false,
24009,GR-56/02,,false,
24010,GR-57/02,,false,
24011,GR-58/02,,false,
24012,GR-59/02,,false,
24013,GR-6/00,,false,
24014,GR-6/01,,false,
24015,GR-60/02,,false,
24016,GR-61/02,,false,
24017,GR-62/02,,false,
24018,GR-63/02,,false,
24019,GR-64/02,,false,
24020,GR-65/02,,false,
24021,GR-66/02,,false,
24022,GR-67/02,,false,
24023,GR-68/02,,false,
24024,GR-69/02,,false,
24025,GR-7/00,,false,
24026,GR-70/02,,false,
24027,GR-71/02,,false,
24028,GR-72/02,,false,
24029,GR-73/02,,false,
24030,GR-74/02,,false,
24031,GR-75/02,,false,
24032,GR-76/02,,false,
24033,GR-77/02,,false,
24034,GR-78/02,,false,
24035,GR-79/02,,false,
24036,GR-8/00,,false,
24037,GR-8/01,,false,
24038,GR-80/02,,false,
24039,GR-81/02,,false,
24040,GR-82/02,,false,
24041,GR-83/02,,false,
24042,GR-84/02,,false,
24043,GR-85/02,,false,
24044,GR-9/00,,false,
24045,GR-9/01,,false,
24046,GRAK_454_01_Str,,false,
24047,GRW-267_00_Str,,false,
24048,IE01/01,,false,
24049,IE02/01,,false,
24050,IE02/02,,false,
24051,IE03/01,,false,
24052,IE03/02,,false,
24053,IE04/01,,false,
24054,IE04/02,,false,
24055,IE05/01,,false,
24056,IE05/02,,false,
24057,IE06/01,,false,
24058,IE07/01,,false,
24059,IE07/02,,false,
24060,IE08/01,,false,
24061,IE08/02,,false,
24062,IE09/01,,false,
24063,IE09/02,,false,
24064,IE1/02,,false,
24065,IE10/01,,false,
24066,IE10/02,,false,
24067,IE11/01,,false,
24068,IE11/02,,false,
24069,IE12/01,,false,
24070,IE12/02,,false,
24071,IE13/01,,false,
24072,IE13/02,,false,
24073,IE14/01,,false,
24074,IE14/02,,false,
24075,IE15/01,,false,
24076,IE15/02,,false,
24077,IE16/02,,false,
24078,IE17/01,,false,
24079,IE17/02,,false,
24080,IE18/01,,false,
24081,IE18/02,,false,
24082,IE19/02,,false,
24083,IE20/01,,false,
24084,IE20/02,,false,
24085,IE21/01,,false,
24086,IE21/02,,false,
24087,IE22/01,,false,
24088,IE22/02,,false,
24089,IE23/01,,false,
24090,IE23/02,,false,
24091,IE24/02,,false,
24092,IE25/00,,false,
24093,IE25/02,,false,
24094,IE26/00,,false,
24095,IE26/01,,false,
24096,IE26/02,,false,
24097,IE27/00,,false,
24098,IE27/01,,false,
24099,IE27/02,,false,
24100,IE28/00,,false,
24101,IE28/01,,false,
24102,IE28/02,,false,
24103,IE29/00,,false,
24104,IE29/01,,false,
24105,IE29/02,,false,
24106,IE30/01,,false,
24107,IE30/02,,false,
24108,IE31/00,,false,
24109,IE31/01,,false,
24110,IE31/02,,false,
24111,IE32/00,,false,
24112,IE32/01,,false,
24113,IE33/00,,false,
24114,IE33/01,,false,
24115,IE34/00,,false,
24116,IE34/02,,false,
24117,IE35/01,,false,
24118,IE36/00,,false,
24119,IE37/00,,false,
24120,IE38/00,,false,
24121,IE39/00,,false,
24122,IE40/00,,false,
24123,IE41/00,,false,
24124,IE43/00,,false,
24125,IE54/00,,false,
24126,IE55/00,,false,
24127,IE56/00,,false,
24128,IE57/00,,false,
24129,IE58/00,,false,
24130,IE59/00,,false,
24131,IE60/00,,false,
24132,IE64/00,,false,
24133,IE65/00,,false,
24134,IE67/00,,false,
24135,IE68/00,,false,
24136,IE69/00,,false,
24137,IE73/00,,false,
24138,IE74/00,,false,
24139,IE75/00,,false,
24140,IE76/00,,false,
24141,IE77/00,,false,
24142,IE78/00,,false,
24143,IE79/00,,false,
24144,IE80/00,,false,
24145,IE81/00,,false,
24146,IE82/00,,false,
24147,IE83/00,,false,
24148,IE84/00,,false,
24149,IE85/00,,false,
24150,IE86/00,,false,
24151,IE87/00,,false,
24152,IE88/00,,false,
24153,IE89/00,,false,
24154,IE90/00,,false,
24155,IE91/00,,false,
24156,IE93/00,,false,
24157,IE94/00,,false,
24158,IE95/00,,false,
24159,IE96/00,,false,
24160,IE97/00,,false,
24161,IS0101+21007,,false,
24162,IS0101+23219,,false,
24163,IS0102+19108,,false,
24164,IS0103+09275,,false,
24165,IS0105+12063,,false,
24166,IS0105+24037,,false,
24167,IS0106+01005,,false,
24168,IS0106+14011,,false,
24169,IS0106+21146,,false,
24170,IS0107+11001,,false,
24171,IS0108+07205,,false,
24172,IS0110+22190,,false,
24173,IS0111+04040,,false,
24174,IS0111+07203,,false,
24175,IS0112+12002,,false,
24176,IS0112+19171,,false,
24177,IS0112+24028,,false,
24178,IT1016,,false,
24179,IT1021,,false,
24180,IT1025,,false,
24181,IT1027,,false,
24182,IT1032,,false,
24183,IT1034,,false,
24184,IT1041,,false,
24185,IT1044,,false,
24186,IT1046,,false,
24187,IT1050,,false,
24188,IT1053,,false,
24189,IT1056,,false,
24190,IT1059,,false,
24191,IT1061,,false,
24192,IT1065,,false,
24193,IT1068,,false,
24194,IT1071,,false,
24195,IT1074,,false,
24196,IT1077,,false,
24197,IT1081,,false,
24198,IT1084,,false,
24199,IT1088,,false,
24200,IT1091,,false,
24201,IT1094,,false,
24202,IT1097,,false,
24203,IT1102,,false,
24204,IT1104,,false,
24205,IT1107,,false,
24206,IT1110,,false,
24207,IT1113,,false,
24208,IT1117,,false,
24209,IT1121,,false,
24210,IT1122,,false,
24211,IT1125,,false,
24212,IT1132,,false,
24213,IT1135,,false,
24214,IT1137,,false,
24215,IT1139,,false,
24216,IT1141,,false,
24217,IT1145,,false,
24218,IT1147,,false,
24219,IT1150,,false,
24220,IT1153,,false,
24221,IT1156,,false,
24222,IT1157,,false,
24223,IT1163,,false,
24224,IT1165,,false,
24225,IT1168,,false,
24226,IT1171,,false,
24227,IT1174,,false,
24228,IT1179,,false,
24229,IT1182,,false,
24230,IT1186,,false,
24231,IT1187,,false,
24232,IT1188,,false,
24233,IT1189,,false,
24234,IT1194,,false,
24235,IT1198,,false,
24236,IT1201,,false,
24237,IT1203,,false,
24238,IT1204,,false,
24239,IT1209,,false,
24240,IT1210,,false,
24241,IT1211,,false,
24242,IT1218,,false,
24243,IT1219,,false,
24244,IT1223,,false,
24245,IT1229,,false,
24246,IT1234,,false,
24247,IT1238,,false,
24248,IT1240,,false,
24249,IT1242,,false,
24250,IT1248,,false,
24251,IT1249,,false,
24252,IT1251,,false,
24253,IT1257,,false,
24254,IT1259,,false,
24255,IT1264,,false,
24256,IT1267,,false,
24257,IT1272,,false,
24258,IT1278,,false,
24259,NL2000003,,false,
24260,NL2000020,,false,
24261,NL2000024,,false,
24262,NL2000041,,false,
24263,NL2000055,,false,
24264,NL2000069,,false,
24265,NL2000072,,false,
24266,NL2000092,,false,
24267,NL2000100,,false,
24268,NL2000103,,false,
24269,NL2000117,,false,
24270,NL2000131,,false,
24271,NL2000146,,false,
24272,NL2000149,,false,
24273,NL2000171,,false,
24274,NL2000174,,false,
24275,NL2000177,,false,
24276,NL2000190,,false,
24277,NL2000195,,false,
24278,NL2000206,,false,
24279,NL2000221,,false,
24280,NL2000235,,false,
24281,NL2000249,,false,
24282,NL2000274,,false,
24283,NL2000294,,false,
24284,NL2000297,,false,
24285,NL2000310,,false,
24286,NL2000318,,false,
24287,NL2000321,,false,
24288,NL2000334,,false,
24289,NL2000347,,false,
24290,NL2000372,,false,
24291,NL2000384,,false,
24292,NL2000387,,false,
24293,NL2000402,,false,
24294,NL2000409,,false,
24295,NL2000436,,false,
24296,NL2000439,,false,
24297,NL2000449,,false,
24298,NL2000462,,false,
24299,NL2000472,,false,
24300,NL2000483,,false,
24301,NL2000486,,false,
24302,NL2000498,,false,
24303,NL2000511,,false,
24304,NL2000516,,false,
24305,NL2000545,,false,
24306,NL2000560,,false,
24307,NL2000569,,false,
24308,NL2000589,,false,
24309,NL2000592,,false,
24310,NL2000599,,false,
24311,NL2000606,,false,
24312,NL2000609,,false,
24313,NL2000622,,false,
24314,NL2000633,,false,
24315,NL2000640,,false,
24316,NL2000643,,false,
24317,NL2000659,,false,
24318,NL2000671,,false,
24319,NL2000680,,false,
24320,NL2000695,,false,
24321,NL2000710,,false,
24322,NL2000725,,false,
24323,NL2000733,,false,
24324,NL2000749,,false,
24325,NL2000768,,false,
24326,NL2000781,,false,
24327,NL2000787,,false,
24328,NL2000811,,false,
24329,NL2000822,,false,
24330,NL2000839,,false,
24331,NL2000844,,false,
24332,NL2000847,,false,
24333,NL2000863,,false,
24334,NL2000881,,false,
24335,NL2000884,,false,
24336,NL2000907,,false,
24337,NL2000916,,false,
24338,NL2000941,,false,
24339,NL2000947,,false,
24340,NL2000966,,false,
24341,NL2000972,,false,
24342,NL2000975,,false,
24343,NL2000988,,false,
24344,NL2001010,,false,
24345,NL2001027,,false,
24346,NL2001030,,false,
24347,NL2001044,,false,
24348,NL2001055,,false,
24349,NL2001068,,false,
24350,NL2001098,,false,
24351,NL2001113,,false,
24352,NL2001119,,false,
24353,NL2001139,,false,
24354,NL2001173,,false,
24355,NL2001188,,false,
24356,NL2001199,,false,
24357,NL2001209,,false,
24358,NL2001212,,false,
24359,NL2001215,,false,
24360,NL2001241,,false,
24361,NL2001255,,false,
24362,NL2001258,,false,
24363,NL2001271,,false,
24364,NL2001298,,false,
24365,NL2001318,,false,
24366,NL2001329,,false,
24367,NL2001340,,false,
24368,NL2001359,,false,
24369,NL2001373,,false,
24370,NL2001388,,false,
24371,NL2001395,,false,
24372,NL2001403,,false,
24373,NL2001411,,false,
24374,NL2001428,,false,
24375,NL2001431,,false,
24376,NL2001450,,false,
24377,NL2001459,,false,
24378,NL2001463,,false,
24379,NL2001476,,false,
24380,NL2001481,,false,
24381,NL2001497,,false,
24382,NL2001500,,false,
24383,NL2001509,,false,
24384,NL2001520,,false,
24385,NL2001527,,false,
24386,NL2001533,,false,
24387,NL2001547,,false,
24388,NL2001552,,false,
24389,NL2001556,,false,
24390,NL2001573,,false,
24391,NL2001606,,false,
24392,NL2001617,,false,
24393,NL2001622,,false,
24394,NL2001625,,false,
24395,NL2001642,,false,
24396,NL2001649,,false,
24397,NL2001658,,false,
24398,NL2001668,,false,
24399,NL2001677,,false,
24400,NL2001688,,false,
24401,NL2001702,,false,
24402,NL2001712,,false,
24403,NL2001715,,false,
24404,NL2001718,,false,
24405,NL2001730,,false,
24406,NL2001750,,false,
24407,NL2001761,,false,
24408,NL2001778,,false,
24409,NL2001781,,false,
24410,NL2001784,,false,
24411,NL2001806,,false,
24412,NL2001821,,false,
24413,NL2001824,,false,
24414,NL2001845,,false,
24415,NL2001848,,false,
24416,NL2001861,,false,
24417,NL2001887,,false,
24418,NL2001904,,false,
24419,NL2001910,,false,
24420,NL2001916,,false,
24421,NL2001940,,false,
24422,NL2001953,,false,
24423,NL2001970,,false,
24424,NL2001982,,false,
24425,NL2001996,,false,
24426,NL2001999,,false,
24427,NL2002027,,false,
24428,NL2002038,,false,
24429,NL2002044,,false,
24430,NL2002057,,false,
24431,NL2002067,,false,
24432,NL2002091,,false,
24433,NL2002108,,false,
24434,NL2002111,,false,
24435,NL2002138,,false,
24436,NL2002151,,false,
24437,NL2002154,,false,
24438,NL2002170,,false,
24439,NL2002173,,false,
24440,NL2002188,,false,
24441,NL2002199,,false,
24442,NL2010002,,false,
24443,NL2010016,,false,
24444,NL2010044,,false,
24445,NL2010045,,false,
24446,NL2010059,,false,
24447,NL2010081,,false,
24448,NL2010115,,false,
24449,NL2010118,,false,
24450,NL2010131,,false,
24451,NL2010145,,false,
24452,NL2010147,,false,
24453,NL2010151,,false,
24454,NL2010173,,false,
24455,NL2010176,,false,
24456,NL2010178,,false,
24457,NL2010200,,false,
24458,NL2010203,,false,
24459,NL2010219,,false,
24460,NL2010222,,false,
24461,NL2010231,,false,
24462,NL2010237,,false,
24463,NL2010247,,false,
24464,NL2010250,,false,
24465,NL2010262,,false,
24466,NL2010264,,false,
24467,NL2010291,,false,
24468,NL2010319,,false,
24469,NL2010321,,false,
24470,NL2010340,,false,
24471,NL2010348,,false,
24472,NL2010351,,false,
24473,NL2010383,,false,
24474,NL2010394,,false,
24475,NL2010403,,false,
24476,NL2010424,,false,
24477,NL2010427,,false,
24478,NL2010439,,false,
24479,NL2010443,,false,
24480,NL2010445,,false,
24481,NL2010447,,false,
24482,NL2010478,,false,
24483,NL2010494,,false,
24484,NL2010497,,false,
24485,NL2010511,,false,
24486,NL2010514,,false,
24487,NL2010530,,false,
24488,NL2010542,,false,
24489,NL2010559,,false,
24490,NL2010561,,false,
24491,NL2010563,,false,
24492,NL2010623,,false,
24493,NL2010639,,false,
24494,NL2010643,,false,
24495,NL2010661,,false,
24496,NL2010664,,false,
24497,NL2010686,,false,
24498,NL2010699,,false,
24499,NL2010716,,false,
24500,NL2010725,,false,
24501,NL2010728,,false,
24502,NL2010731,,false,
24503,NL2010745,,false,
24504,NL2010748,,false,
24505,NL2010780,,false,
24506,NL2010786,,false,
24507,NL2010789,,false,
24508,NL2010806,,false,
24509,NL2010818,,false,
24510,NL2010833,,false,
24511,NL2010874,,false,
24512,NL2010877,,false,
24513,NL2010898,,false,
24514,NL2010905,,false,
24515,NL2010913,,false,
24516,NL2010915,,false,
24517,NL2010928,,false,
24518,NL2010937,,false,
24519,NL2010938,,false,
24520,NL2010958,,false,
24521,NL2010962,,false,
24522,NL2010980,,false,
24523,NL2010990,,false,
24524,NL2010997,,false,
24525,NL2011000,,false,
24526,NL2011023,,false,
24527,NL2011026,,false,
24528,NL2011029,,false,
24529,NL2011043,,false,
24530,NL2011046,,false,
24531,NL2011061,,false,
24532,NL2011085,,false,
24533,NL2011097,,false,
24534,NL2011108,,false,
24535,NL2011111,,false,
24536,NL2011143,,false,
24537,NL2011149,,false,
24538,NL2011169,,false,
24539,NL2011184,,false,
24540,NL2011186,,false,
24541,NL2011205,,false,
24542,NL2011215,,false,
24543,NL2011228,,false,
24544,NL2011231,,false,
24545,NL2011245,,false,
24546,NL2011248,,false,
24547,NL2011255,,false,
24548,NL2011258,,false,
24549,NL2011277,,false,
24550,NL2011293,,false,
24551,NL2011296,,false,
24552,NL2011306,,false,
24553,NL2011319,,false,
24554,NL2011328,,false,
24555,NL2011333,,false,
24556,NL2011337,,false,
24557,NL2011358,,false,
24558,NL2011371,,false,
24559,NL2011389,,false,
24560,NL2011412,,false,
24561,NL2011415,,false,
24562,NL2011433,,false,
24563,NL2011437,,false,
24564,NL2011442,,false,
24565,NL2011452,,false,
24566,NL2011463,,false,
24567,NL2011472,,false,
24568,NL2011486,,false,
24569,NL2011509,,false,
24570,NL2011528,,false,
24571,NL2011529,,false,
24572,NL2011545,,false,
24573,NL2011564,,false,
24574,NL2011576,,false,
24575,NL2011578,,false,
24576,NL2011581,,false,
24577,NL2011593,,false,
24578,NL2011603,,false,
24579,NL2011615,,false,
24580,NL2011630,,false,
24581,NL2011633,,false,
24582,NL2011648,,false,
24583,NL2011650,,false,
24584,NL2011662,,false,
24585,NL2011674,,false,
24586,NL2011692,,false,
24587,NL2011695,,false,
24588,NL2011709,,false,
24589,NL2011712,,false,
24590,NL2011724,,false,
24591,NL2011728,,false,
24592,NL2011745,,false,
24593,NL2011748,,false,
24594,NL2011763,,false,
24595,NL2011780,,false,
24596,NL2011782,,false,
24597,NL2011791,,false,
24598,NL2011793,,false,
24599,NL2011800,,false,
24600,NL2011805,,false,
24601,NL2011815,,false,
24602,NL2011823,,false,
24603,NL2011831,,false,
24604,NL2011839,,false,
24605,NL2011848,,false,
24606,NL2011852,,false,
24607,NL2011855,,false,
24608,NL2011872,,false,
24609,NL2011884,,false,
24610,NL2011887,,false,
24611,NL2011898,,false,
24612,NL2011905,,false,
24613,NL2011921,,false,
24614,NL2011929,,false,
24615,NL2011940,,false,
24616,NL2011943,,false,
24617,NL2011957,,false,
24618,NL2011964,,false,
24619,NL2011972,,false,
24620,NL2011975,,false,
24621,NL2011978,,false,
24622,NL2011980,,false,
24623,NL2011991,,false,
24624,NL2012005,,false,
24625,NL2012024,,false,
24626,NL2012062,,false,
24627,NL2012072,,false,
24628,NL2012076,,false,
24629,NL2012099,,false,
24630,NL2012113,,false,
24631,NL2012115,,false,
24632,NL2012137,,false,
24633,NL2012139,,false,
24634,NL2012140,,false,
24635,NL2012176,,false,
24636,NL2012189,,false,
24637,NL2012192,,false,
24638,NL2012199,,false,
24639,NL2012210,,false,
24640,NL2012220,,false,
24641,NL2012234,,false,
24642,NL2012238,,false,
24643,NL2012251,,false,
24644,NL2012261,,false,
24645,NL2012264,,false,
24646,NL2012278,,false,
24647,NL2012280,,false,
24648,NL2012300,,false,
24649,NL2012303,,false,
24650,NL2012306,,false,
24651,NL2012322,,false,
24652,NL2012325,,false,
24653,NL2012341,,false,
24654,NL2012344,,false,
24655,NL2012346,,false,
24656,NL2012376,,false,
24657,NL2012393,,false,
24658,NL2012402,,false,
24659,NL2012403,,false,
24660,NL2012427,,false,
24661,NL2012432,,false,
24662,NL2012448,,false,
24663,NL2012490,,false,
24664,NL2012492,,false,
24665,NL2012526,,false,
24666,NL2012532,,false,
24667,NL2012534,,false,
24668,NL2012548,,false,
24669,NL2012551,,false,
24670,NL2012554,,false,
24671,NL2012565,,false,
24672,NL2012567,,false,
24673,NL2012588,,false,
24674,NL2012602,,false,
24675,NL2012622,,false,
24676,NL2012637,,false,
24677,NL2012640,,false,
24678,NL2012653,,false,
24679,NL2012656,,false,
24680,NL2012671,,false,
24681,NL2012673,,false,
24682,NL2012685,,false,
24683,NL2012697,,false,
24684,NL2012711,,false,
24685,NL2012714,,false,
24686,NL2012717,,false,
24687,NL2020004,,false,
24688,NL2020017,,false,
24689,NL2020038,,false,
24690,NL2020041,,false,
24691,NL2020044,,false,
24692,NL2020047,,false,
24693,NL2020093,,false,
24694,NL2020096,,false,
24695,NL2020099,,false,
24696,NL2020120,,false,
24697,NL2020130,,false,
24698,NL2020139,,false,
24699,NL2020142,,false,
24700,NL2020145,,false,
24701,NL2020148,,false,
24702,NL2020151,,false,
24703,NL2020167,,false,
24704,NL2020180,,false,
24705,NL2020193,,false,
24706,NL2020212,,false,
24707,NL2020218,,false,
24708,NL2020227,,false,
24709,NL2020236,,false,
24710,NL2020251,,false,
24711,NL2020258,,false,
24712,NL2020261,,false,
24713,NL2020276,,false,
24714,NL2020279,,false,
24715,NL2020292,,false,
24716,NL2020295,,false,
24717,NL2020308,,false,
24718,NL2020322,,false,
24719,NL2020325,,false,
24720,NL2020328,,false,
24721,NL2020349,,false,
24722,NL2020352,,false,
24723,NL2020370,,false,
24724,NL2020383,,false,
24725,NL2020397,,false,
24726,NL2020415,,false,
24727,NL2020422,,false,
24728,NL2020435,,false,
24729,NL2020438,,false,
24730,NL2020448,,false,
24731,NL2020451,,false,
24732,NL2020474,,false,
24733,NL2020477,,false,
24734,NL2020495,,false,
24735,NL2020500,,false,
24736,NL2020503,,false,
24737,NL2020515,,false,
24738,NL2020530,,false,
24739,NL2020533,,false,
24740,NL2020537,,false,
24741,NL2020540,,false,
24742,NL2020545,,false,
24743,NL2020561,,false,
24744,NL2020570,,false,
24745,NL2020590,,false,
24746,NL2020602,,false,
24747,NL2020617,,false,
24748,NL2020620,,false,
24749,NL2020629,,false,
24750,NL2020637,,false,
24751,NL2020640,,false,
24752,NL2020656,,false,
24753,NL2020667,,false,
24754,NL2020680,,false,
24755,NL2020687,,false,
24756,NL2020690,,false,
24757,NL2020693,,false,
24758,NL2020709,,false,
24759,NL2020712,,false,
24760,NL2020727,,false,
24761,NL2020730,,false,
24762,NL2020742,,false,
24763,NL2020745,,false,
24764,NL2020748,,false,
24765,NL2020758,,false,
24766,NL2020766,,false,
24767,NL2020769,,false,
24768,NL2020786,,false,
24769,NL2020799,,false,
24770,NL2020812,,false,
24771,NL2020841,,false,
24772,NL2020844,,false,
24773,NL2020858,,false,
24774,NL2020875,,false,
24775,NL2020878,,false,
24776,NL2020894,,false,
24777,NL2020907,,false,
24778,NL2020910,,false,
24779,NL2020926,,false,
24780,NL2020931,,false,
24781,NL2020934,,false,
24782,NL2020946,,false,
24783,NL2020955,,false,
24784,NL2020965,,false,
24785,NL2020968,,false,
24786,NL2020982,,false,
24787,NL2020994,,false,
24788,NL2020997,,false,
24789,NL2021027,,false,
24790,NL2021046,,false,
24791,NL2021061,,false,
24792,NL2021070,,false,
24793,NL2021086,,false,
24794,NL2021115,,false,
24795,NL2021127,,false,
24796,NL2021130,,false,
24797,NL2021150,,false,
24798,NL2021161,,false,
24799,NL2021178,,false,
24800,NL2021181,,false,
24801,NL2021199,,false,
24802,NL2021220,,false,
24803,NL2021224,,false,
24804,NL2021237,,false,
24805,NL2021240,,false,
24806,NL2021243,,false,
24807,NL2021264,,false,
24808,NL2021267,,false,
24809,NL2021270,,false,
24810,NL2021288,,false,
24811,NL2021291,,false,
24812,NL2021303,,false,
24813,NL2021306,,false,
24814,NL2021322,,false,
24815,NL2021332,,false,
24816,NL2021335,,false,
24817,NL2021338,,false,
24818,NL2021352,,false,
24819,NL2021368,,false,
24820,NL2021381,,false,
24821,NL2021403,,false,
24822,NL2021426,,false,
24823,NL2021438,,false,
24824,NL2021445,,false,
24825,NL2021462,,false,
24826,NL2021465,,false,
24827,NL2021468,,false,
24828,NL2021481,,false,
24829,NL2021488,,false,
24830,NL2021497,,false,
24831,NL2021500,,false,
24832,NL2021512,,false,
24833,NL2021522,,false,
24834,NL2021525,,false,
24835,NL2021543,,false,
24836,NL2021550,,false,
24837,NL2021561,,false,
24838,NL2021567,,false,
24839,NL2021581,,false,
24840,NL2021592,,false,
24841,NL2021610,,false,
24842,NL2021617,,false,
24843,NL2021631,,false,
24844,NL2021645,,false,
24845,NL2021648,,false,
24846,NL2021671,,false,
24847,NL2021681,,false,
24848,NL2021708,,false,
24849,NL2021724,,false,
24850,NL2021728,,false,
24851,NL2021736,,false,
24852,NL2021740,,false,
24853,NL2021752,,false,
24854,NL2021767,,false,
24855,NL2021775,,false,
24856,NL2021786,,false,
24857,NL2021807,,false,
24858,NL2021819,,false,
24859,NL2021828,,false,
24860,NL2021856,,false,
24861,NL2021872,,false,
24862,NL2021880,,false,
24863,NL2021895,,false,
24864,NL2021907,,false,
24865,NL2021926,,false,
24866,NL2021940,,false,
24867,NL2021973,,false,
24868,NL2021996,,false,
24869,NL2022002,,false,
24870,NL2022024,,false,
24871,NL2022027,,false,
24872,NL2022061,,false,
24873,NL2022090,,false,
24874,NL2022098,,false,
24875,NL2022136,,false,
24876,NL2022154,,false,
24877,NL2022198,,false,
24878,NL2022215,,false,
24879,NL2022226,,false,
24880,NL2022229,,false,
24881,NL2022246,,false,
24882,NL2022288,,false,
24883,NL2022308,,false,
24884,NL2022332,,false,
24885,NL2022364,,false,
24886,NL2022367,,false,
24887,NL2022383,,false,
24888,NL2022387,,false,
24889,NL2022431,,false,
24890,NL2022434,,false,
24891,NL2022479,,false,
24892,NL2022505,,false,
24893,NL2022525,,false,
24894,NL2022529,,false,
24895,NL2022547,,false,
24896,NL2022550,,false,
24897,NL2022565,,false,
24898,NL2022568,,false,
24899,NO1/45110,,false,
24900,NO10/46563,,false,
24901,NO10/46573,,false,
24902,NO101/55779,,false,
24903,NO101/55801,,false,
24904,NO101/55802,,false,
24905,NO101/55882,,false,
24906,NO102/56230,,false,
24907,NO103/56291,,false,
24908,NO103/56457,,false,
24909,NO104/56525,,false,
24910,NO104/56545,,false,
24911,NO104/56667,,false,
24912,NO106/56980,,false,
24913,NO106/57175,,false,
24914,NO108/57450,,false,
24915,NO109/57704,,false,
24916,NO110/57712,,false,
24917,NO112/58157,,false,
24918,NO112/58184,,false,
24919,NO112/58186,,false,
24920,NO112/58187,,false,
24921,NO112/58188,,false,
24922,NO113/58257,,false,
24923,NO113/58347,,false,
24924,NO113/58379,,false,
24925,NO113/58382,,false,
24926,NO114/58578,,false,
24927,NO115/58754,,false,
24928,NO115/58755,,false,
24929,NO116/58927,,false,
24930,NO117/59018,,false,
24931,NO119/59509,,false,
24932,NO119/59516,,false,
24933,NO119/59653,,false,
24934,NO120/59710,,false,
24935,NO121/59911,,false,
24936,NO122/60079,,false,
24937,NO122/60171,,false,
24938,NO123/60333,,false,
24939,NO128/61289,,false,
24940,NO129/61653,,false,
24941,NO129/61665,,false,
24942,NO13/47103,,false,
24943,NO130/61918,,false,
24944,NO131/62231,,false,
24945,NO132/62590,,false,
24946,NO132/62757,,false,
24947,NO132/62762,,false,
24948,NO133/62930,,false,
24949,NO133/62933,,false,
24950,NO134/63122,,false,
24951,NO134/63158,,false,
24952,NO136/63970,,false,
24953,NO136/63996,,false,
24954,NO137/64209,,false,
24955,NO137/64210,,false,
24956,NO138/64295,,false,
24957,NO138/64456,,false,
24958,NO139/64596,,false,
24959,NO140/64826,,false,
24960,NO140/64913,,false,
24961,NO141/65022,,false,
24962,NO142/65112,,false,
24963,NO142/65304,,false,
24964,NO143/65504,,false,
24965,NO144/65688,,false,
24966,NO145/65949,,false,
24967,NO147/66241,,false,
24968,NO15/47310,,false,
24969,NO151/67162,,false,
24970,NO152/67353,,false,
24971,NO17/47785,,false,
24972,NO19/47982,,false,
24973,NO19/48019,,false,
24974,NO2/45134,,false,
24975,NO2/45176,,false,
24976,NO2/45179,,false,
24977,NO2/45206,,false,
24978,NO2/45228,,false,
24979,NO2/45230,,false,
24980,NO2/45243,,false,
24981,NO201/67357,,false,
24982,NO201/67388,,false,
24983,NO201/67416,,false,
24984,NO204/67967,,false,
24985,NO205/68154,,false,
24986,NO205/68216,,false,
24987,NO206/68272,,false,
24988,NO207/68497,,false,
24989,NO207/68548,,false,
24990,NO208/68705,,false,
24991,NO208/68706,,false,
24992,NO208/68707,,false,
24993,NO208/68765,,false,
24994,NO209/68829,,false,
24995,NO209/68842,,false,
24996,NO211/69208,,false,
24997,NO211/69209,,false,
24998,NO215/69846,,false,
24999,NO217/70130,,false,
25000,NO219/70328,,false,
25001,NO219/70329,,false,
25002,NO220/70529,,false,
25003,NO220/70530,,false,
25004,NO220/70568,,false,
25005,NO220/70636,,false,
25006,NO220/70637,,false,
25007,NO221/70711,,false,
25008,NO222/70739,,false,
25009,NO223/70943,,false,
25010,NO223/70944,,false,
25011,NO223/70945,,false,
25012,NO224/71147,,false,
25013,NO225/71570,,false,
25014,NO226/71661,,false,
25015,NO23/48626,,false,
25016,NO23/48658,,false,
25017,NO23/48801,,false,
25018,NO230/72670,,false,
25019,NO232/73149,,false,
25020,NO232/73284,,false,
25021,NO236/74286,,false,
25022,NO236/74335,,false,
25023,NO236/74525,,false,
25024,NO237/74645,,false,
25025,NO24/48906,,false,
25026,NO24/48968,,false,
25027,NO241/75641,,false,
25028,NO242/75727,,false,
25029,NO243/75924,,false,
25030,NO243/76179,,false,
25031,NO246/76616,,false,
25032,NO248/77200,,false,
25033,NO25/49127,,false,
25034,NO25/49209,,false,
25035,NO251/77899,,false,
25036,NO252/78006,,false,
25037,NO252/78009,,false,
25038,NO26/49298,,false,
25039,NO26/49347,,false,
25040,NO27/49409,,false,
25041,NO27/49490,,false,
25042,NO29/50000,,false,
25043,NO3/45286,,false,
25044,NO3/45294,,false,
25045,NO3/45360,,false,
25046,NO3/45390,,false,
25047,NO30/50240,,false,
25048,NO30/50330,,false,
25049,NO30/50348,,false,
25050,NO303/78605,,false,
25051,NO33/51073,,false,
25052,NO34/51460,,false,
25053,NO35/51526,,false,
25054,NO35/51827,,false,
25055,NO36/51895,,false,
25056,NO36/51982,,false,
25057,NO36/52111,,false,
25058,NO37/52140,,false,
25059,NO37/52147,,false,
25060,NO37/52305,,false,
25061,NO37/52339,,false,
25062,NO39/52614,,false,
25063,NO39/52682,,false,
25064,NO39/52767,,false,
25065,NO41/53221,,false,
25066,NO41/53377,,false,
25067,NO42/53602,,false,
25068,NO42/53603,,false,
25069,NO44/53856,,false,
25070,NO44/53977,,false,
25071,NO45/54017,,false,
25072,NO45/54073,,false,
25073,NO47/54679,,false,
25074,NO48/54766,,false,
25075,NO49/55067,,false,
25076,NO50/55221,,false,
25077,NO50/55262,,false,
25078,NO51/55556,,false,
25079,NO51/55617,,false,
25080,NO52/55764,,false,
25081,NO6/45783,,false,
25082,NO7/45917,,false,
25083,NO8/46121,,false,
25084,NO8/46229,,false,
25085,NO9/46350,,false,
25086,NO9/46418,,false,
25087,PTNM297,,false,
25088,PTNM305,,false,
25089,PTNM312,,false,
25090,PTNM322,,false,
25091,PTNM327,,false,
25092,PTNM331,,false,
25093,PTNM340,,false,
25094,PTNM342,,false,
25095,PTNM344,,false,
25096,PTNM352,,false,
25097,PTNM353,,false,
25098,PTNM357,,false,
25099,PTNM364,,false,
25100,PTNM373,,false,
25101,PTNM374,,false,
25102,PTNM378,,false,
25103,PTNM384,,false,
25104,PTNM396,,false,
25105,PTNM450,,false,
25106,PTNM458,,false,
25107,PTNM463,,false,
25108,PTNM464,,false,
25109,PTNM533,,false,
25110,PTNM539,,false,
25111,PTSM248,,false,
25112,PTSM266,,false,
25113,PTSM295,,false,
25114,PTSM309,,false,
25115,PTSM339,,false,
25116,PTSM349,,false,
25117,PTSM380,,false,
25118,PTSM403,,false,
25119,PTSM466,,false,
25120,PTSM486,,false,
25121,PTSM525,,false,
25122,PTSM548,,false,
25123,SC00-1008,,false,
25124,SC00-1035,,false,
25125,SC00-1047,,false,
25126,SC00-1048,,false,
25127,SC00-1050,,false,
25128,SC00-1093,,false,
25129,SC00-1122,,false,
25130,SC00-1123,,false,
25131,SC00-1125,,false,
25132,SC00-1187,,false,
25133,SC00-1234,,false,
25134,SC00-1244,,false,
25135,SC00-1245,,false,
25136,SC00-1257,,false,
25137,SC00-1260,,false,
25138,SC00-1263,,false,
25139,SC00-1264,,false,
25140,SC00-1276,,false,
25141,SC00-1279,,false,
25142,SC00-1297,,false,
25143,SC00-1299,,false,
25144,SC00-1301,,false,
25145,SC00-1302,,false,
25146,SC00-1348,,false,
25147,SC00-1349,,false,
25148,SC00-1375,,false,
25149,SC00-1376,,false,
25150,SC00-1383,,false,
25151,SC00-1385,,false,
25152,SC00-1390,,false,
25153,SC00-1392,,false,
25154,SC00-1416,,false,
25155,SC00-1439,,false,
25156,SC00-1473,,false,
25157,SC00-1478,,false,
25158,SC00-1481,,false,
25159,SC00-1491,,false,
25160,SC00-1522,,false,
25161,SC00-1531,,false,
25162,SC00-1583,,false,
25163,SC00-1584,,false,
25164,SC00-1585,,false,
25165,SC00-1624,,false,
25166,SC00-1652,,false,
25167,SC00-1674,,false,
25168,SC00-1677,,false,
25169,SC00-1705,,false,
25170,SC00-1706,,false,
25171,SC00-1710,,false,
25172,SC00-1809,,false,
25173,SC00-1810,,false,
25174,SC00-1814,,false,
25175,SC00-1838,,false,
25176,SC00-1878,,false,
25177,SC00-1910,,false,
25178,SC00-1957,,false,
25179,SC00-1958,,false,
25180,SC00-1962,,false,
25181,SC00-1980,,false,
25182,SC00-2120,,false,
25183,SC00-2187,,false,
25184,SC00-2220,,false,
25185,SC00-2365,,false,
25186,SC00-2415,,false,
25187,SC00-2425,,false,
25188,SC00-2438,,false,
25189,SC00-2483,,false,
25190,SC00-2497,,false,
25191,SC00-2540,,false,
25192,SC00-2550,,false,
25193,SC00-2693,,false,
25194,SC00-2694,,false,
25195,SC00-2702,,false,
25196,SC00-2767,,false,
25197,SC00-2795,,false,
25198,SC00-2796,,false,
25199,SC00-2880,,false,
25200,SC00-2912,,false,
25201,SC01-1012,,false,
25202,SC01-1045,,false,
25203,SC01-1138,,false,
25204,SC01-1152,,false,
25205,SC01-1308,,false,
25206,SC01-1430,,false,
25207,SC01-1446,,false,
25208,SC01-1467,,false,
25209,SC01-1470,,false,
25210,SC01-1506,,false,
25211,SC01-1575,,false,
25212,SC01-1597,,false,
25213,SC01-1624,,false,
25214,SC01-1638,,false,
25215,SC01-1647,,false,
25216,SC01-1678,,false,
25217,SC01-1711,,false,
25218,SC01-1773,,false,
25219,SC01-1784,,false,
25220,SC01-1801,,false,
25221,SC01-2035,,false,
25222,SC01-2210,,false,
25223,SC01-2361,,false,
25224,SC01-2362,,false,
25225,SC01-2398,,false,
25226,SC01-2647,,false,
25227,SC01-2667,,false,
25228,SC01-2687,,false,
25229,SC01-2691,,false,
25230,SC01-2729,,false,
25231,SC01-2757,,false,
25232,SC01-2767,,false,
25233,SC01-2782,,false,
25234,SC01-2948,,false,
25235,SC01-2979,,false,
25236,SC01-2980,,false,
25237,SC01-3149,,false,
25238,SC01-3166,,false,
25239,SC01-3167,,false,
25240,SC01-3181,,false,
25241,SC01-3228,,false,
25242,SC01-3326,,false,
25243,SC01-3328,,false,
25244,SC01-3478,,false,
25245,SC01-3536,,false,
25246,SC01-3575,,false,
25247,SC01-3704,,false,
25248,SC01-3755,,false,
25249,SC01-3756,,false,
25250,SC01-3823,,false,
25251,SC01-3962,,false,
25252,SC01-3968,,false,
25253,SC01-4043,,false,
25254,SC01-4099,,false,
25255,SC01-4186,,false,
25256,SC01-4330,,false,
25257,SC01-4439,,false,
25258,SC01-4477,,false,
25259,SC01-4499,,false,
25260,SC01-4559,,false,
25261,SC01-4564,,false,
25262,SC01-4667,,false,
25263,SC01-4716,,false,
25264,SC01-4816,,false,
25265,SC01-4856,,false,
25266,SC01-4857,,false,
25267,SC01-4959,,false,
25268,SC01-5191,,false,
25269,SC01-5277,,false,
25270,SC01-5379,,false,
25271,SC01-5406,,false,
25272,SC01-5416,,false,
25273,SC01-5471,,false,
25274,SC01-5561,,false,
25275,SC01-5709,,false,
25276,SC01-5751,,false,
25277,SC01-5752,,false,
25278,SC01-5770,,false,
25279,SC02-1191,,false,
25280,SC02-1689,,false,
25281,SC02-1741,,false,
25282,SC02-1754,,false,
25283,SC02-1774,,false,
25284,SC02-1816,,false,
25285,SC02-1817,,false,
25286,SC02-1818,,false,
25287,SC02-1827,,false,
25288,SC02-1843,,false,
25289,SC02-1901,,false,
25290,SC02-1930,,false,
25291,SC02-1947,,false,
25292,SC02-2081,,false,
25293,SC02-2088,,false,
25294,SC02-2178,,false,
25295,SC02-2189,,false,
25296,SC02-2220,,false,
25297,SC02-2233,,false,
25298,SC02-2238,,false,
25299,SC02-2282,,false,
25300,SC02-2387,,false,
25301,SC02-2410,,false,
25302,SC02-2443,,false,
25303,SC02-2446,,false,
25304,SC02-2478,,false,
25305,SC02-2480,,false,
25306,SC02-2484,,false,
25307,SC02-2506,,false,
25308,SC02-2507,,false,
25309,SC02-2526,,false,
25310,SC02-2527,,false,
25311,SC02-2550,,false,
25312,SC02-2578,,false,
25313,SC02-2591,,false,
25314,SC02-2595,,false,
25315,SC02-2597,,false,
25316,SC02-2598,,false,
25317,SC02-2666,,false,
25318,SC02-2671,,false,
25319,SC02-2684,,false,
25320,SC02-2685,,false,
25321,SC02-2706,,false,
25322,SC02-2715,,false,
25323,SC02-2718,,false,
25324,SC02-2740,,false,
25325,SC02-2821,,false,
25326,SC02-2822,,false,
25327,SC02-2830,,false,
25328,SC02-2835,,false,
25329,SC02-2924,,false,
25330,SC02-2956,,false,
25331,SC02-2993,,false,
25332,SC02-3007,,false,
25333,SC02-3018,,false,
25334,SC02-3056,,false,
25335,SC02-3057,,false,
25336,SC02-3064,,false,
25337,SC02-3098,,false,
25338,SC02-3100,,false,
25339,SC02-3132,,false,
25340,SC02-3157,,false,
25341,SC02-3201,,false,
25342,SC02-3252,,false,
25343,SC02-3284,,false,
25344,SC02-3319,,false,
25345,SC02-3338,,false,
25346,SC02-3350,,false,
25347,SC02-3361,,false,
25348,SC02-3366,,false,
25349,SC02-3458,,false,
25350,SC02-3520,,false,
25351,SC02-3532,,false,
25352,SC02-3547,,false,
25353,SC02-3564,,false,
25354,SC02-3587,,false,
25355,SC02-3630,,false,
25356,SC02-3631,,false,
25357,SC02-3632,,false,
25358,SC02-3633,,false,
25359,SE20010102150712709,,false,
25360,SE20010104101159786,,false,
25361,SE20010115111206974,,false,
25362,SE20010126115625267,,false,
25363,SE20010212151707741,,false,
25364,SE20010214105439906,,false,
25365,SE20010307145539922,,false,
25366,SE20010308151846124,,false,
25367,SE20010311143525277,,false,
25368,SE2001031207524527,,false,
25369,SE010313123344G1440,,false,
25370,SE20010315124704590,,false,
25371,SE20010321121836939,,false,
25372,SE20010322130630178,,false,
25373,SE20010323161126730,,false,
25374,SE20010326153229530,,false,
25375,SE20010326172021358,,false,
25376,SE20010410093558453,,false,
25377,SE20010411135201210,,false,
25378,SE20010412152424643,,false,
25379,SE20010419105105415,,false,
25380,SE20010426142227424,,false,
25381,SE20010426160238996,,false,
25382,SE20010427102010428,,false,
25383,SE20010430071722241,,false,
25384,SE20010511151237455,,false,
25385,SE20010514094412545,,false,
25386,SE20010515142711112,,false,
25387,SE20010521154358372,,false,
25388,SE20010523080534499,,false,
25389,SE20010529100731144,,false,
25390,SE20010611082625759,,false,
25391,SE20010613151900817,,false,
25392,SE20010620083912239,,false,
25393,SE2001062712074148,,false,
25394,SE20010702113921693,,false,
25395,SE20010712140905855,,false,
25396,SE010713122632F2121,,false,
25397,SE20010720142240720,,false,
25398,SE20010803140801357,,false,
25399,SE20010817123805972,,false,
25400,SE20010817124759408,,false,
25401,SE20010904141153350,,false,
25402,SE20010905134047785,,false,
25403,SE20010906153958306,,false,
25404,SE20010910160220664,,false,
25405,SE20010912123807405,,false,
25406,SE20010917134003997,,false,
25407,SE20010917153327330,,false,
25408,SE20010918162410888,,false,
25409,SE20010924125415303,,false,
25410,SE2001102214194577,,false,
25411,SE20011024113310163,,false,
25412,SE20011030162143616,,false,
25413,SE20011031074639300,,false,
25414,SE20011119152459632,,false,
25415,SE20011129105531659,,false,
25416,SE20011227141432902,,false,
25417,SE2002010310233085,,false,
25418,SE20020104120922884,,false,
25419,SE20020121090447493,,false,
25420,SE20020205124436626,,false,
25421,SE20020205135227322,,false,
25422,SE2002030110225824,,false,
25423,SE20020306163534171,,false,
25424,SE20020307103321101,,false,
25425,SE20020307151214436,,false,
25426,SE20020417114346207,,false,
25427,SE20020503171938918,,false,
25428,SE20020510152956994,,false,
25429,SE20020513164947426,,false,
25430,SE020703105121A3806,,false,
25431,SE20020703121201542,,false,
25432,SE20020704115036647,,false,
25433,SE20020716095311235,,false,
25434,SE20020716140349701,,false,
25435,SE20020722091753250,,false,
25436,SE20020722140548663,,false,
25437,SE20020723150928684,,false,
25438,SE20020813152651127,,false,
25439,SE020823123625A1752,,false,
25440,SE020903142454F2417,,false,
25441,SE20020913145912109,,false,
25442,SE2002092308144465,,false,
25443,SE20020925104026975,,false,
25444,SE20021014095220416,,false,
25445,SE20021105122702907,,false,
25446,SE20021105154210944,,false,
25447,SE20021107125609978,,false,
25448,SE20021203145726852,,false,
25449,SE20021203145730691,,false,
25450,SE20021206075110603,,false,
25451,SE20021217125322315,,false,
25452,UK0241498,,false,
25453,UK0241523,,false,
25454,UK0241544,,false,
25455,UK0241570,,false,
25456,UK0241596,,false,
25457,UK0241615,,false,
25458,UK0241641,,false,
25459,UK0241666,,false,
25460,UK0241688,,false,
25461,UK0241712,,false,
25462,UK0241735,,false,
25463,UK0241748,,false,
25464,UK0241796,,false,
25465,UK0241821,,false,
25466,UK0241842,,false,
25467,UK0241872,,false,
25468,UK0241886,,false,
25469,UK0241907,,false,
25470,UK0241940,,false,
25471,UK0241958,,false,
25472,UK0241975,,false,
25473,UK0242058,,false,
25474,UK0242086,,false,
25475,UK0242105,,false,
25476,UK0242145,,false,
25477,UK0242160,,false,
25478,UK0242181,,false,
25479,UK0242199,,false,
25480,UK0242211,,false,
25481,UK0242227,,false,
25482,UK0242238,,false,
25483,UK0242254,,false,
25484,UK0242266,,false,
25485,"UKM,00.0242614.A",,false,
25486,"UKM,00.0242621.J",,false,
25487,"UKM,00.0242634.F",,false,
25488,"UKM,00.0242642.R",,false,
25489,"UKM,00.0242643.D",,false,
25490,"UKM,00.0242666.E",,false,
25491,"UKM,00.0242668.P",,false,
25492,"UKM,00.0242678.D",,false,
25493,"UKM,00.0242682.D",,false,
25494,"UKM,00.0242698.L",,false,
25495,"UKM,00.0242718.V",,false,
25496,"UKM,00.0242724.D",,false,
25497,"UKM,00.0242730.Z",,false,
25498,"UKM,00.0242764.S",,false,
25499,"UKM,00.0242766.Q",,false,
25500,"UKM,00.0242768.W",,false,
25501,"UKM,00.0242778.X",,false,
25502,"UKM,00.0242782.X",,false,
25503,"UKM,00.0242785.N",,false,
25504,"UKM,00.0242790.E",,false,
25505,"UKM,00.0242792.P",,false,
25506,"UKM,00.0242809.H",,false,
25507,"UKM,00.0242825.L",,false,
25508,"UKM,00.0242830.G",,false,
25509,"UKM,00.0242831.N",,false,
25510,"UKM,00.0242843.R",,false,
25511,"UKM,00.0242888.W",,false,
25512,"UKM,00.0242890.Q",,false,
25513,"UKM,00.0242897.B",,false,
25514,"UKM,00.0242905.X",,false,
25515,"UKM,00.0242911.G",,false,
25516,"UKM,00.0242916.F",,false,
25517,"UKM,00.0242918.M",,false,
25518,"UKM,00.0242920.F",,false,
25519,"UKM,00.0242922.M",,false,
25520,"UKM,00.0242929.H",,false,
25521,"UKM,00.0242945.L",,false,
25522,"UKM,00.0242959.R",,false,
25523,"UKM,00.0242971.Q",,false,
25524,"UKM,00.0242974.A",,false,
25525,"UKM,00.0242992.Y",,false,
25526,"UKM,00.0243006.V",,false,
25527,"UKM,00.0243014.Z",,false,
25528,"UKM,00.0243015.Q",,false,
25529,"UKM,00.0243016.H",,false,
25530,"UKM,00.0243017.W",,false,
25531,"UKM,00.0243026.B",,false,
25532,"UKM,00.0243027.X",,false,
25533,"UKM,00.0243029.G",,false,
25534,"UKM,00.0243070.X",,false,
25535,"UKM,00.0243072.G",,false,
25536,"UKM,00.0243087.S",,false,
25537,"UKM,00.0243089.Q",,false,
25538,"UKM,00.0243110.J",,false,
25539,"UKM,00.0243120.E",,false,
25540,"UKM,00.0243132.D",,false,
25541,"UKM,00.0243142.A",,false,
25542,"UKM,00.0243155.E",,false,
25543,"UKM,00.0243169.Z",,false,
25544,"UKM,00.0243182.C",,false,
25545,"UKM,00.0243210.M",,false,
25546,"UKM,00.0243211.V",,false,
25547,"UKM,00.0243213.D",,false,
25548,"UKM,00.0243215.Z",,false,
25549,"UKM,00.0243220.Q",,false,
25550,"UKM,00.0243221.H",,false,
25551,"UKM,00.0243223.A",,false,
25552,"UKM,00.0243226.J",,false,
25553,"UKM,00.0243231.B",,false,
25554,"UKM,00.0243241.Y",,false,
25555,"UKM,00.0243248.D",,false,
25556,"UKM,00.0243253.S",,false,
25557,"UKM,00.0243264.K",,false,
25558,"UKM,00.0243267.X",,false,
25559,"UKM,00.0243270.B",,false,
25560,"UKM,00.0243275.E",,false,
25561,"UKM,00.0243302.H",,false,
25562,"UKM,01.0240004.C",,false,
25563,"UKM,01.0240017.Y",,false,
25564,"UKM,01.0240028.D",,false,
25565,"UKM,01.0240038.A",,false,
25566,"UKM,01.0240053.G",,false,
25567,"UKM,01.0240074.Q",,false,
25568,"UKM,01.0240095.Y",,false,
25569,"UKM,01.0240101.E",,false,
25570,"UKM,01.0240114.S",,false,
25571,"UKM,01.0240130.J",,false,
25572,"UKM,01.0240149.S",,false,
25573,"UKM,01.0240163.C",,false,
25574,"UKM,01.0240182.F",,false,
25575,"UKM,01.0240196.W",,false,
25576,"UKM,01.0240208.B",,false,
25577,"UKM,01.0240227.V",,false,
25578,"UKM,01.0240234.S",,false,
25579,"UKM,01.0240247.B",,false,
25580,"UKM,01.0240269.S",,false,
25581,"UKM,01.0240280.H",,false,
25582,"UKM,01.0240302.E",,false,
25583,"UKM,01.0240320.Z",,false,
25584,"UKM,01.0240324.A",,false,
25585,"UKM,01.0240345.T",,false,
25586,"UKM,01.0240364.C",,false,
25587,"UKM,01.0240379.F",,false,
25588,"UKM,01.0240388.D",,false,
25589,"UKM,01.0240405.A",,false,
25590,"UKM,01.0240415.L",,false,
25591,"UKM,01.0240426.T",,false,
25592,"UKM,01.0240432.V",,false,
25593,"UKM,01.0240453.X",,false,
25594,"UKM,01.0240464.F",,false,
25595,"UKM,01.0240474.S",,false,
25596,"UKM,01.0240487.B",,false,
25597,"UKM,01.0240500.L",,false,
25598,"UKM,01.0240513.V",,false,
25599,"UKM,01.0240522.Q",,false,
25600,"UKM,01.0240554.D",,false,
25601,"UKM,01.0240562.H",,false,
25602,"UKM,01.0240566.K",,false,
25603,"UKM,01.0240578.Y",,false,
25604,"UKM,01.0240587.V",,false,
25605,"UKM,01.0240607.C",,false,
25606,"UKM,01.0240634.R",,false,
25607,"UKM,01.0240660.G",,false,
25608,"UKM,01.0240679.W",,false,
25609,"UKM,01.0240700.X",,false,
25610,"UKM,01.0240717.S",,false,
25611,"UKM,01.0240728.K",,false,
25612,"UKM,01.0240755.D",,false,
25613,"UKM,01.0240775.L",,false,
25614,"UKM,01.0240805.H",,false,
25615,"UKM,01.0240816.X",,false,
25616,"UKM,01.0240848.K",,false,
25617,"UKM,01.0240861.G",,false,
25618,"UKM,01.0240878.Q",,false,
25619,"UKM,01.0240889.B",,false,
25620,"UKM,01.0240900.B",,false,
25621,"UKM,01.0240915.V",,false,
25622,"UKM,01.0240922.S",,false,
25623,"UKM,01.0240938.G",,false,
25624,"UKM,01.0240956.D",,false,
25625,"UKM,01.0240964.H",,false,
25626,"UKM,01.0240988.M",,false,
25627,"UKM,01.0241004.D",,false,
25628,"UKM,01.0241015.C",,false,
25629,"UKM,01.0241036.M",,false,
25630,"UKM,01.0241051.H",,false,
25631,"UKM,01.0241062.X",,false,
25632,"UKM,01.0241079.S",,false,
25633,"UKM,01.0241097.X",,false,
25634,"UKM,01.0241105.L",,false,
25635,"UKM,01.0241117.M",,false,
25636,"UKM,01.0241216.C",,false,
25637,"UKM,01.0241232.E",,false,
25638,"UKM,01.0241245.S",,false,
25639,"UKM,01.0241256.K",,false,
25640,"UKM,01.0241277.V",,false,
25641,"UKM,01.0241295.K",,false,
25642,"UKM,01.0241317.T",,false,
25643,"UKM,01.0241329.H",,false,
25644,"UKM,01.0241355.F",,false,
25645,"UKM,01.0241373.W",,false,
25646,"UKM,01.0241383.X",,false,
25647,"UKM,01.0241396.M",,false,
25648,"UKM,01.0241426.L",,false,
25649,"UKM,01.0241445.D",,false,
25650,"UKM,01.0241460.C",,false,
25651,"UKM,01.0241482.V",,false,
25652,"UKM,01.0241490.Z",,false,
25653,"UKM,01.0241493.W",,false,
25654,"UKM,01.0241504.J",,false,
25655,"UKM,01.0241527.S",,false,
25656,"UKM,01.0241535.W",,false,
25657,"UKM,01.0241599.R",,false,
25658,"UKM,01.0241607.D",,false,
25659,"UKM,01.0241631.L",,false,
25660,"UKM,01.0241649.Q",,false,
25661,"UKM,01.0241682.M",,false,
25662,"UKM,01.0241704.K",,false,
25663,"UKM,01.0241713.G",,false,
25664,"UKM,01.0241727.D",,false,
25665,"UKM,01.0241743.K",,false,
25666,"UKM,01.0241758.T",,false,
25667,"UKM,01.0241769.Q",,false,
25668,"UKM,01.0241795.P",,false,
25669,"UKM,01.0241823.C",,false,
25670,"UKM,01.0241856.W",,false,
25671,"UKM,01.0241876.P",,false,
25672,"UKM,01.0241904.C",,false,
25673,"UKM,01.0241919.F",,false,
25674,"UKM,01.0241948.L",,false,
25675,"UKM,01.0241958.F",,false,
25676,"UKM,01.0241973.Z",,false,
25677,"UKM,01.0242015.D",,false,
25678,"UKM,01.0242028.J",,false,
25679,"UKM,01.0242067.J",,false,
25680,"UKM,01.0242077.E",,false,
25681,"UKM,01.0242091.V",,false,
25682,"UKM,01.0242144.W",,false,
25683,"UKM,01.0242160.G",,false,
25684,"UKM,01.0242208.T",,false,
25685,"UKM,01.0242229.J",,false,
25686,"UKM,01.0242281.N",,false,
25687,"UKM,01.0242293.R",,false,
25688,"UKM,01.0242302.S",,false,
25689,"UKM,01.0242442.G",,false,
25690,"UKM,01.0242476.L",,false,
25691,"UKM,01.0242498.Q",,false,
25692,"UKM,01.0242508.A",,false,
25693,"UKM,01.0242527.P",,false,
25694,"UKM,01.0242541.D",,false,
25695,"UKM,01.0242554.J",,false,
25696,"UKM,01.0242570.P",,false,
25697,"UKM,01.0242584.H",,false,
25698,"UKM,01.0242598.N",,false,
25699,"UKM,01.0242612.P",,false,
25700,"UKM,01.0242623.S",,false,
25701,"UKM,01.0242639.G",,false,
25702,"UKM,01.0242657.D",,false,
25703,"UKM,01.0242666.W",,false,
25704,"UKM,01.0242685.Y",,false,
25705,"UKM,01.0242715.K",,false,
25706,"UKM,01.0242729.F",,false,
25707,"UKM,01.0242745.Q",,false,
25708,"UKM,01.0242752.A",,false,
25709,"UKM,01.0242765.E",,false,
25710,"UKM,01.0242794.J",,false,
25711,"UKM,01.0242805.G",,false,
25712,"UKM,02.0240000.Y",,false,
25713,"UKM,02.0240008.S",,false,
25714,"UKM,02.0240019.K",,false,
25715,"UKM,02.0240027.L",,false,
25716,"UKM,02.0240043.M",,false,
25717,"UKM,02.0240058.K",,false,
25718,"UKM,02.0240067.G",,false,
25719,"UKM,02.0240081.T",,false,
25720,"UKM,02.0240101.W",,false,
25721,"UKM,02.0240116.Y",,false,
25722,"UKM,02.0240138.C",,false,
25723,"UKM,02.0240158.T",,false,
25724,"UKM,02.0240173.Q",,false,
25725,"UKM,02.0240208.D",,false,
25726,"UKM,02.0240220.H",,false,
25727,"UKM,02.0240229.G",,false,
25728,"UKM,02.0240256.W",,false,
25729,"UKM,02.0240262.C",,false,
25730,"UKM,02.0240276.P",,false,
25731,"UKM,02.0240285.R",,false,
25732,"UKM,02.0240298.K",,false,
25733,"UKM,02.0240310.J",,false,
25734,"UKM,02.0240328.D",,false,
25735,"UKM,02.0240345.J",,false,
25736,"UKM,02.0240363.T",,false,
25737,"UKM,02.0240377.A",,false,
25738,"UKM,02.0240388.G",,false,
25739,"UKM,02.0240408.R",,false,
25740,"UKM,02.0240428.X",,false,
25741,"UKM,02.0240439.F",,false,
25742,"UKM,02.0240457.W",,false,
25743,"UKM,02.0240475.E",,false,
25744,"UKM,02.0240488.S",,false,
25745,"UKM,02.0240496.W",,false,
25746,"UKM,02.0240507.J",,false,
25747,"UKM,02.0240517.E",,false,
25748,"UKM,02.0240525.T",,false,
25749,"UKM,02.0240534.S",,false,
25750,"UKM,02.0240564.T",,false,
25751,"UKM,02.0240586.B",,false,
25752,"UKM,02.0240604.P",,false,
25753,"UKM,02.0240613.R",,false,
25754,"UKM,02.0240622.H",,false,
25755,"UKM,02.0240629.X",,false,
25756,"UKM,02.0240635.G",,false,
25757,"UKM,02.0240658.W",,false,
25758,"UKM,02.0240674.G",,false,
25759,"UKM,02.0240691.R",,false,
25760,"UKM,02.0240702.Q",,false,
25761,"UKM,02.0240718.E",,false,
25762,"UKM,02.0240732.V",,false,
25763,"UKM,02.0240738.H",,false,
25764,"UKM,02.0240752.B",,false,
25765,"UKM,02.0240774.S",,false,
25766,"UKM,02.0240792.X",,false,
25767,"UKM,02.0240825.A",,false,
25768,"UKM,02.0240847.M",,false,
25769,"UKM,02.0240864.A",,false,
25770,"UKM,02.0240892.R",,false,
25771,"UKM,02.0240911.C",,false,
25772,"UKM,02.0240930.F",,false,
25773,"UKM,02.0240947.K",,false,
25774,"UKM,02.0240964.P",,false,
25775,"UKM,02.0240976.Z",,false,
25776,"UKM,02.0240990.K",,false,
25777,"UKM,02.0241001.B",,false,
25778,"UKM,02.0241044.N",,false,
25779,"UKM,02.0241086.P",,false,
25780,"UKM,02.0241100.M",,false,
25781,"UKM,02.0241103.D",,false,
25782,"UKM,02.0241119.L",,false,
25783,"UKM,02.0241293.T",,false,
25784,"UKM,02.0241318.B",,false,
25785,"UKM,02.0241329.P",,false,
25786,"UKM,02.0241346.Q",,false,
25787,"UKM,02.0241367.Y",,false,
25788,L-MG684,,false,
25789,L-MG686,,false,
25790,L-MG687,,false,
25791,L-MG688,,false,
25792,L-MG690,,false,
25793,L-MG717,,false,
25794,L-MG733,,false,
25795,L-MG841,,false,
25796,L-MG845,,false,
25797,L-MG905,,false,
25798,L-MG919,,false,
25799,L-MG927,,false,
25800,L-MG935,,false,
25801,L-MG936,,false,
25802,L-MG946,,false,
25803,L-MG953,,false,
25804,L-MG955,,false,
25805,L-MG963,,false,
25806,L-MG975,,false,
25807,L-MG977,,false,
25808,L-MG978,,false,
25809,L-MG979,,false,
25810,6680,,false,
25811,11823,,false,
25812,3594,,false,
25813,11083,,false,
25814,8154,,false,
25815,13522,,false,
25816,753,,false,
25817,10526,,false,
25818,14770,,false,
25819,12850,,false,
25820,9263,,false,
25821,11075,,false,
25822,16570,1,false,
25823,677,1,false,
25824,10128,,false,
25825,3216,,false,
25826,8465,1,false,
25827,10643,,false,
25828,2060,,false,
25829,8246,1,false,
25830,8983,,false,
25831,3612,,false,
25832,3909,,false,
25833,7446,,false,
25834,13160,1,false,
25835,15241,,false,
25836,1757,,false,
25837,3141,,false,
25838,4697,,false,
25839,09650,,false,
25840,11244,1,false,
25841,10208,,false,
25842,12486,,false,
25843,14559,,false,
25844,16013,,false,
25845,2457,,false,
25846,09457,,false,
25847,12870,1,false,
25848,11617,,false,
25849,11917,,false,
25850,16691,,false,
25851,17485,,false,
25852,1026,1,false,
25853,4145,,false,
25854,8926,,false,
25855,11940,,false,
25856,14862,,false,
25857,17737,,false,
25858,1311,,false,
25859,2113,,false,
25860,3616,,false,
25861,5599,,false,
25862,12738,,false,
25863,17194,,false,
25864,7824,,false,
25865,9669,,false,
25866,11311,,false,
25867,14762,,false,
25868,15055,,false,
25869,2823,,false,
25870,17199,,false,
25871,974,,false,
25872,9371,1,false,
25873,2079,,false,
25874,9558,1007,false,
25875,16339,,false,
25876,7135,,false,
25877,16249,,false,
25878,7745,,false,
25879,10852,,false,
25880,1746,,false,
25881,16092,,false,
25882,5787,,false,
25883,2353,,false,
25884,11011,,false,
25885,4770,,false,
25886,2559,,false,
25887,16470,,false,
25888,12721,,false,
25889,3029,,false,
25890,14008,,false,
25891,14061,,false,
25892,5786,,false,
25893,14615,,false,
25894,6749,,false,
25895,4268,,false,
25896,09801,,false,
25897,16103,,false,
25898,13617,,false,
25899,3542,,false,
25900,11903,,false,
25901,13226,,false,
25902,13317,,false,
25903,681,,false,
25904,13759,,false,
25905,12851,,false,
25906,16134,,false,
25907,508,,false,
25908,3370,,false,
25909,15537,,false,
25910,8904,,false,
25911,12875,,false,
25912,15716,,false,
25913,10209,,false,
25914,14279,,false,
25915,11404,,false,
25916,15098,,false,
25917,44,,false,
25918,8603,,false,
25919,13736,,false,
25920,14837,,false,
25921,09565,,false,
25922,15661,,false,
25923,16258,,false,
25924,2729,,false,
25925,10494,,false,
25926,8427,,false,
25927,15406,,false,
25928,13328,,false,
25929,14265,,false,
25930,12829,,false,
25931,16951,,false,
25932,17794,,false,
25933,6301,,false,
25934,11068,,false,
25935,2252,,false,
25936,16003,,false,
25937,1336,,false,
25938,2959,,false,
25939,5857,,false,
25940,12524,,false,
25941,12828,,false,
25942,13000,,false,
25943,6653,,false,
25944,8012,,false,
25945,6357,,false,
25946,9505,,false,
25947,3199,,false,
25948,13098,,false,
25949,11424,,false,
25950,16238,,false,
25951,11348,,false,
25952,11856,,false,
25953,3075,,false,
25954,12995,,false,
25955,14163,,false,
25956,8880,,false,
25957,6936,,false,
25958,16831,,false,
25959,842,,false,
25960,391,,false,
25961,1988,,false,
25962,12041,,false,
25963,10495,,false,
25964,09716,,false,
25965,14535,,false,
25966,93,,false,
25967,2868,,false,
25968,13544,,false,
25969,2242,,false,
25970,709,,false,
25971,1833,,false,
25972,10368,,false,
25973,13075,,false,
25974,10152,,false,
25975,11753,,false,
25976,1325,,false,
25977,6403,,false,
25978,15171,,false,
25979,13223,,false,
25980,9598,,false,
25981,2672,,false,
25982,10268,,false,
25983,7408,,false,
25984,13860,,false,
25985,12367,,false,
25986,10035,,false,
25987,14899,,false,
25988,10943,,false,
25989,10361,,false,
25990,09966,,false,
25991,5626,,false,
25992,17621,,false,
25993,13000,,false,
25994,17734,,false,
25995,14368,,false,
25996,14302,,false,
25997,14091,,false,
25998,14465,,false,
25999,13319,,false,
26000,8248,,false,
26001,15327,,false,
26002,12505,,false,
26003,11071,,false,
26004,11523,,false,
26005,12267,,false,
26006,642,,false,
26007,9120,,false,
26008,8882,,false,
26009,3702,,false,
26010,13278,,false,
26011,13967,,false,
26012,15104,,false,
26013,15844,,false,
26014,16703,,false,
26015,6834,,false,
26016,16845,,false,
26017,3217,,false,
26018,3275,,false,
26019,3366,,false,
26020,3367,,false,
26021,5442,,false,
26022,5629,,false,
26023,6746,,false,
26024,58,3,false,
26025,86,3,false,
26026,277,3,false,
26027,350,3,false,
26028,2645,70,false,
26029,8733,3,false,
26030,79694,3,false,
26031,82238,3,false,
26032,96038,3,false,
26033,25/76,3,false,
26034,27/86,71,false,
26035,270/94,3,false,
26036,70/92,3,false,
26037,71/87,3,false,
26038,84/89,72,false,
26039,92/30,3,false,
26040,93-N213,69,false,
26041,AO5,3,false,
26042,H1100/87,73,false,
26043,H172,3,false,
26044,H355,3,false,
26045,M1037,3,false,
26046,M2528,3,false,
26047,M50,3,false,
26048,M64,3,false,
26049,MA5587,3,false,
26050,MA5873,3,false,
26051,MK521/99,3,false,
26052,N20/08,74,false,
26053,N24/99,3,false,
26054,N71/00,3,false,
26055,Nimitpol,3,false,
26056,P15,3,false,
26057,P28,3,false,
26058,S2-06-28,,false,
26059,L-MG948,,false,
26060,L-MG949,,false,
26061,372,,false,
26062,690,,false,
26063,896,,false,
26064,959000008,142,false,
26065,959000051,62,false,
26066,959000086,141,false,
26067,959000095,68,false,
26068,959000134,62,false,
26069,959000158,62,false,
26070,969000034,142,false,
26071,969000049,,false,
26072,969000094,62,false,
26073,969000110,141,false,
26074,969000117,143,false,
26075,969000149,141,false,
26076,969000174,144,false,
26077,969000194,62,false,
26078,979000003,142,false,
26079,979000009,141,false,
26080,979000072,62,false,
26081,979000092,144,false,
26082,979000100,3,false,
26083,979000137,141,false,
26084,989000045,62,false,
26085,989000182,62,false,
26086,989000183,62,false,
26087,989000258,62,false,
26088,999000171,145,false,
26089,999000187,62,false,
26090,999000271,141,false,
26091,999000279,,false,
26092,999000287,141,false,
26093,999000288,141,false,
26094,999000316,142,false,
26095,0059000110,141,false,
26096,0159000102,68,false,
26097,0159000130,141,false,
26098,0159000154,62,false,
26099,0159000193,62,false,
26100,0159000233,141,false,
26101,0159000276,141,false,
26102,0159000325,146,false,
26103,0159000341,141,false,
26104,0259000097,147,false,
26105,0259000124,141,false,
26106,0259000162,144,false,
26107,0259000200,142,false,
26108,0359000020,68,false,
26109,0359000325,142,false,
26110,0459000094,62,false,
26111,0459000114,148,false,
26112,0459000172,62,false,
26113,0459000257,62,false,
26114,0459000264,141,false,
26115,0459000272,142,false,
26116,0559000042,142,false,
26117,0559000076,62,false,
26118,0559000115,62,false,
26119,0559000233,62,false,
26120,0659000022,141,false,
26121,0659000033,62,false,
26122,0659000056,149,false,
26123,0659000178,62,false,
26124,0659000451,62,false,
26125,0759000014,141,false,
26126,0759000039,62,false,
26127,0759000110,62,false,
26128,0759000187,141,false,
26129,0759000255,150,false,
26130,0759000265,62,false,
26131,0759000266,62,false,
26132,0759000283,62,false,
26133,0859000405,62,false,
26134,0959000020,151,false,
26135,0959000031,141,false,
26136,0859000221,62,false,
26137,0859000290,62,false,
26138,0859000328,62,false,
26139,0859000330,62,false,
26140,0859000352,68,false,
26141,0759000291,62,false,
26142,0859000043,141,false,
26143,0859000189,62,false,
26144,0959000057,141,false,
26145,0959000069,62,false,
26146,0959000072,62,false,
26147,0959000089,62,false,
26148,0959000139,62,false,
26149,0959000157,62,false,
26150,0959000162,152,false,
26151,0959000170,62,false,
26152,0959000172,62,false,
26153,0959000183,62,false,
26154,0959000184,147,false,
26155,0959000187,62,false,
26156,0959000222,62,false,
26157,0959000281,141,false,
26158,0959000292,62,false,
26159,1059000040,141,false,
26160,1059000042,62,false,
26161,1059000055,62,false,
26162,1059000105,141,false,
26163,1059000129,62,false,
26164,1059000130,141,false,
26165,1059000134,62,false,
26166,1059000140,62,false,
26167,1059000145,62,false,
26168,1059000175,62,false,
26169,1059000183,62,false,
26170,1059000188,62,false,
26171,1059000205,153,false,
26172,1059000206,154,false,
26173,1059000264,62,false,
26174,1059000277,62,false,
26175,1059000280,62,false,
26176,1059000301,62,false,
26177,1059000324,62,false,
26178,1059000328,62,false,
26179,1059000365,62,false,
26180,1059000388,62,false,
26181,1159000004,62,false,
26182,1159000007,62,false,
26183,1159000014,62,false,
26184,1159000024,62,false,
26185,1159000038,62,false,
26186,1159000040,62,false,
26187,1159000054,,false,
26188,1159000065,141,false,
26189,1159000075,62,false,
26190,1159000079,62,false,
26191,1159000143,62,false,
26192,1159000152,141,false,
26193,1159000177,62,false,
26194,1159000182,62,false,
26195,1159000212,62,false,
26196,1159000225,62,false,
26197,1159000233,62,false,
26198,1159000240,62,false,
26199,1159000252,62,false,
26200,1159000264,155,false,
26201,1159000285,62,false,
26202,1159000308,62,false,
26203,1159000356,141,false,
26204,1159000367,144,false,
26205,1159000368,62,false,
26206,1159000369,62,false,
26207,1159000384,62,false,
26208,1159000388,62,false,
26209,1159000428,62,false,
26210,1159000442,62,false,
26211,1159000468,62,false,
26212,1259000006,151,false,
26213,1259000015,62,false,
26214,1259000018,62,false,
26215,1259000023,62,false,
26216,1259000027,62,false,
26217,1259000029,141,false,
26218,1259000060,62,false,
26219,1259000080,62,false,
26220,1259000112,62,false,
26221,1259000116,141,false,
26222,1259000119,156,false,
26223,1259000126,62,false,
26224,1259000136,141,false,
26225,1259000159,62,false,
26226,1259000168,151,false,
26227,1259000176,62,false,
26228,1259000179,62,false,
26229,1259000181,62,false,
26230,1259000194,62,false,
26231,1259000215,62,false,
26232,1259000221,62,false,
26233,1259000243,62,false,
26234,1259000256,141,false,
26235,1259000264,62,false,
26236,1259000265,49,false,
26237,1259000287,141,false,
26238,1259000295,151,false,
26239,1259000330,62,false,
26240,1259000345,62,false,
26241,1259000373,105,false,
26242,1259000390,62,false,
26243,1259000430,62,false,
26244,1259000431,62,false,
26245,1259000434,62,false,
26246,1259000435,,false,
26247,1259000443,153,false,
26248,1259000444,151,false,
26249,1259000464,151,false,
26250,1259000495,157,false,
26251,1259000500,141,false,
26252,BB276,87,false,
26253,T97,333,false,
26254,BB123,127,false,
26255,X59,97,false,
26256,T45,49,false,
26257,BB150,250,false,
26258,X128,137,false,
26259,T288,334,false,
26260,T9,288,false,
26261,T232,50,false,
26262,R274,335,false,
26263,V259,259,false,
26264,V302,104,false,
26265,T250,336,false,
26266,T141,,false,
26267,T98,259,false,
26268,BB77,337,false,
26269,BB98,62,false,
26270,V145,87,false,
26271,BB66,259,false,
26272,T276,87,false,
26273,BB58,338,false,
26274,v191,259,false,
26275,BB242,68,false,
26276,V51,211,false,
26277,T219,279,false,
26278,BB122,104,false,
26279,BB55,97,false,
26280,BB43,,false,
26281,BB306,93,false,
26282,BB215,97,false,
26283,R121,339,false,
26284,T248,340,false,
26285,T150,250,false,
26286,H18-H18 WT,3,false,
26287,V129,68,false,
26288,BB89,49,false,
26289,R150,250,false,
26290,T200,292,false,
26291,BB14,62,false,
26292,BB60,120,false,
26293,BB238,,false,
26294,T236,250,false,
26295,R234,87,false,
26296,BB126,,false,
26297,T36,,false,
26298,z77,337,false,
26299,x54,87,false,
26300,V268,57,false,
26301,T193,272,false,
26302,R62,93,false,
26303,T287,68,false,
26304,x301,62,false,
26305,T62,93,false,
26306,R279,,false,
26307,BB46,62,false,
26308,x268,104,false,
26309,BB128,137,false,
26310,V234,87,false,
26311,V57,341,false,
26312,R46,62,false,
26313,R283,97,false,
26314,z54,104,false,
26315,X241,,false,
26316,R242,342,false,
26317,R34,87,false,
26318,BB301,,false,
26319,v59,97,false,
26320,R136,259,false,
26321,z43,62,false,
26322,R49,67,false,
26323,T59,97,false,
26324,R22,343,false,
26325,x83,259,false,
26326,T304,259,false,
26327,R122,104,false,
26328,BB156,65,false,
26329,BB130,104,false,
26330,BB117,29,false,
26331,BB44,49,false,
26332,BB111,150,false,
26333,R176,,false,
26334,V196,344,false,
26335,R310,211,false,
26336,v216,259,false,
26337,BB62,93,false,
26338,T142,87,false,
26339,BB241,1,false,
26340,V128,137,false,
26341,BB185,345,false,
26342,V34,,false,
26343,BB85,62,false,
26344,R243,259,false,
26345,T66,141,false,
26346,BB148,62,false,
26347,R3,,false,
26348,R92,93,false,
26349,BB279,104,false,
26350,T3,259,false,
26351,BB107,95,false,
26352,BB36,346,false,
26353,BB64,49,false,
26354,T117,62,false,
26355,R263,24,false,
26356,T234,87,false,
26357,T233,65,false,
26358,T242,342,false,
26359,R146,62,false,
26360,R221,104,false,
26361,BB45,49,false,
26362,R156,65,false,
26363,T79,141,false,
26364,BB196,344,false,
26365,z191,259,false,
26366,R128,137,false,
26367,BB51,87,false,
26368,BB298,97,false,
26369,T274,335,false,
26370,R129,68,false,
26371,R10,62,false,
26372,V304,259,false,
26373,R145,87,false,
26374,Z126,3,false,
26375,R236,250,false,
26376,R44,65,false,
26377,BB255,87,false,
26378,BB291,45,false,
26379,R193,272,false,
26380,T148,62,false,
26381,R210,347,false,
26382,X136,259,false,
26383,R216,259,false,
26384,BB262,62,false,
26385,BB176,97,false,
26386,X309,62,false,
26387,Z242,342,false,
26388,V242,342,false,
26389,X43,62,false,
26390,BB210,347,false,
26391,R186,87,false,
26392,T56,66,false,
26393,v18,279,false,
26394,T121,339,false,
26395,R196,344,false,
26396,T300,62,false,
26397,T5,97,false,
26398,R104,,false,
26399,R155,,false,
26400,R39,62,false,
26401,V54,87,false,
26402,R83,259,false,
26403,z10,62,false,
26404,BB18,348,false,
26405,BB232,50,false,
26406,T122,104,false,
26407,BB49,349,false,
26408,BB287,68,false,
26409,R222,104,false,
26410,R306,,false,
26411,R36,346,false,
26412,BB219,279,false,
26413,V79,141,false,
26414,R4,104,false,
26415,T191,259,false,
26416,T306,93,false,
26417,R105,93,false,
26418,x222,104,false,
26419,T119,259,false,
26420,z49,349,false,
26421,X22,24,false,
26422,T107,95,false,
26423,R141,62,false,
26424,T310,211,false,
26425,R256,104,false,
26426,T130,148,false,
26427,T298,97,false,
26428,T22,343,false,
26429,Z301,62,false,
26430,T39,62,false,
26431,R300,62,false,
26432,T210,347,false,
26433,T57,341,false,
26434,T302,104,false,
26435,R200,292,false,
26436,BB56,66,false,
26437,BB204,62,false,
26438,BB24,350,false,
26439,BB5,97,false,
26440,X18,49,false,
26441,BB59,97,false,
26442,Z270,62,false,
26443,R142,87,false,
26444,R97,333,false,
26445,Z119,259,false,
26446,T270,62,false,
26447,R5,97,false,
26448,R148,62,false,
26449,Z55,97,false,
26450,BB159,104,false,
26451,r119,259,false,
26452,H18-H18-01,3,false,
26453,z146,62,false,
26454,R233,65,false,
26455,C2,3,false,
26456,BB22,24,false,
26457,R191,259,false,
26458,BB233,65,false,
26459,T128,137,false,
26460,T196,344,false,
26461,Z300,62,false,
26462,BB141,62,false,
26463,R291,45,false,
26464,Z221,104,false,
26465,R248,24,false,
26466,X119,259,false,
26467,BB202,,false,
26468,Z234,87,false,
26469,BB52,45,false,
26470,z196,344,false,
26471,T179,62,false,
26472,BB9,288,false,
26473,R45,49,false,
26474,T216,259,false,
26475,R59,97,false,
26476,R58,338,false,
26477,X234,87,false,
26478,BB97,96,false,
26479,NL-Y92-1009-1,96,false,
26480,z59,97,false,
26481,T44,65,false,
26482,BB90,137,false,
26483,BB136,65,false,
26484,R89,49,false,
26485,R304,45,false,
26486,BB274,335,false,
26487,X270,62,false,
26488,R276,87,false,
26489,R167,141,false,
26490,z64,49,false,
26491,v306,93,false,
26492,T291,45,false,
26493,z34,87,false,
26494,R255,,false,
26495,BB218,65,false,
26496,R262,62,false,
26497,z139,50,false,
26498,T279,104,false,
26499,V22,24,false,
26500,BB83,259,false,
26501,BB186,211,false,
26502,BB3,351,false,
26503,R54,87,false,
26504,V125,57,false,
26505,R123,62,false,
26506,BB34,87,false,
26507,Z46,62,false,
26508,R66,141,false,
26509,Z255,87,false,
26510,R117,62,false,
26511,x210,62,false,
26512,V241,1,false,
26513,BB283,97,false,
26514,BB195,352,false,
26515,BB54,104,false,
26516,R79,141,false,
26517,X300,62,false,
26518,v119,259,false,
26519,T53,104,false,
26520,T4,104,false,
26521,BB234,87,false,
26522,x121,339,false,
26523,T156,65,false,
26524,BB181,348,false,
26525,BB110,211,false,
26526,z18,348,false,
26527,BB39,62,false,
26528,R270,62,false,
26529,BB228,259,false,
26530,V210,347,false,
26531,NL-Y92-1009-2,96,false,
26532,ITOH27,,false,
26533,FC007,,false,
26534,FC061,,false,
26535,HI019,,false,
26536,893,,false,
26537,12016/13,,false,
26538,12005/13,,false,
26539,837,,false,
26540,I-03-60,,false,
26541,2851,3,false,
26542,3043,3,false,
26543,3207,3,false,
26544,3311,3,false,
26545,3312,3,false,
26548,I-01-44,,false,
26549,M-076-13,,false,
26550,M-136-13,,false,
26551,M-001-13,,false,
26552,M-044-13,,false,
26553,23465,,false,
26554,23497,,false,
26555,23508,,false,
26556,12010/13,,false,
26557,12014/13,,false,
26558,12018/13,,false,
26559,12024/13,,false,
26560,MK8/13,,false,
26561,2013-010,,false,
26562,2013-020,,false,
26563,2013-031,,false,
26564,2013-060,,false,
26565,2013-080,,false,
26566,27186,,false,
26567,27191,,false,
26568,27196,,false,
26569,27209,,false,
26570,27218,,false,
26571,27213,,false,
26572,27219,,false,
26573,27221,,false,
26574,L3555,,false,
26575,27180,,false,
26577,GT4A_CT1,,false,
26578,M-013-13,,false,
26583,2013-136,,false,
26584,2471,,false,
26585,2449,,false,
26586,P14,,false,
26587,P23,,false,
26588,P67,,false,
26589,P24,,false,
26590,N.413/07,,false,
26591,N.399/08,,false,
26592,L3586,,false,
26593,P71,,false,
26594,M.12.240873,,false,
26595,M-172-13,,false,
26596,M15144,,false,
26597,Rio8,,false,
26598,Rio90,,false,
26599,Rio133,,false,
26600,Rio148,,false,
26601,Rio205,,false,
26602,N.534/10,,false,
26603,M-255-13,,false,
26604,Nm100,1,false,
26611,Nm143,1816,false,
26620,Nm168,1,false,
26650,Nm246,1,false,
26668,M13.13,,false,
26669,M-168-13,,false,
26670,N688/09,,false,
26671,N747/09,,false,
26672,N178/10,,false,
26673,2012-132,,false,
26674,847,,false,
26675,M-468-13,,false,
26676,M-521-13,,false,
26677,M-525-13,,false,
26678,2013X-ZJ,,false,
26679,538/13,,false,
26680,1032/13,,false,
26681,1386/13,,false,
26682,1618/13,,false,
26683,2064/13,,false,
26684,2182/13,,false,
26685,Belgorod518/12,5033,false,
26686,Irkutsk468/12,1,false,
26687,MariEl306/12,,false,
26688,MariEl517/12,49,false,
26689,Voronezh444/12,,false,
26690,Yekaterinburg61/11,,false,
26691,Yekaterinburg78/11,,false,
26692,Yekaterinburg421/11,,false,
26693,Yekaterinburg431/11,,false,
26694,Yekaterinburg17/12,,false,
26695,Yekaterinburg105/12,,false,
26696,Yekaterinburg225/12,,false,
26697,Yekaterinburg340/12,,false,
26698,Yekaterinburg926/12,,false,
26699,Yekaterinburg735/12,,false,
26700,M483/11,,false,
26701,M487/11,,false,
26702,M413/12,,false,
26703,M519/12,,false,
26704,M397/12,,false,
26705,M511/12,,false,
26706,M520/12,,false,
26707,M-214-13,,false,
26708,M-273-13,,false,
26709,M-302,,false,
26710,M-317-13,,false,
26711,630806,,false,
26712,NM233,62,false,
26713,NM220,141,false,
26714,BL13002,,false,
26715,M-372-13,,false,
26717,M-406,,false,
26718,M-419-13,,false,
26719,M-420-13,,false,
26721,M-047-13,,false,
26723,M-053-13,,false,
26724,M-072-13,,false,
26725,M-059-13,,false,
26726,M-063-13,,false,
26727,M-456,,false,
26728,130925,,false,
26729,370505,,false,
26730,2392/10,,false,
26731,M13 240559,2,false,
26732,M13 240559,2,false,
26733,LNP27256,2,false,
26734,M-110-13,,false,
26735,ERR026908,96,false,
26736,ERR026909,96,false,
26737,ERR026910,96,false,
26738,ERR026911,96,false,
26739,ERR026912,96,false,
26740,ERR026913,96,false,
26741,ERR026914,96,false,
26742,ERR026915,96,false,
26743,ERR026916,96,false,
26744,ERR026917,96,false,
26745,ERR026919,96,false,
26746,ERR026920,96,false,
26747,ERR026921,96,false,
26748,ERR026922,96,false,
26749,ERR026923,96,false,
26750,ERR026924,96,false,
26751,ERR026925,96,false,
26752,ERR026926,96,false,
26753,ERR026927,96,false,
26754,ERR026928,96,false,
26755,ERR028518,96,false,
26756,ERR028519,96,false,
26757,ERR028520,96,false,
26758,ERR028521,96,false,
26759,ERR028522,96,false,
26760,ERR028523,96,false,
26761,ERR028524,96,false,
26762,ERR028525,96,false,
26763,ERR028526,96,false,
26764,ERR028527,96,false,
26765,ERR028528,96,false,
26766,ERR028530,96,false,
26767,ERR028531,96,false,
26768,ERR028532,96,false,
26769,ERR028533,,false,
26770,ERR028534,96,false,
26771,ERR028537,96,false,
26772,ERR028538,96,false,
26773,ERR028539,96,false,
26774,ERR028540,96,false,
26775,ERR028542,96,false,
26776,ERR028543,96,false,
26777,ERR028544,353,false,
26778,ERR028545,96,false,
26779,ERR028546,96,false,
26780,ERR028547,96,false,
26781,ERR028548,96,false,
26782,ERR028549,96,false,
26783,ERR028550,96,false,
26784,ERR028551,96,false,
26785,ERR028552,96,false,
26786,ERR028554,96,false,
26787,ERR028555,96,false,
26788,ERR028556,354,false,
26789,ERR028557,96,false,
26790,ERR028558,96,false,
26791,ERR028559,96,false,
26792,ERR028560,96,false,
26793,ERR028561,96,false,
26794,ERR028562,96,false,
26795,ERR028563,96,false,
26796,ERR028564,96,false,
26797,ERR028566,96,false,
26798,ERR028567,96,false,
26799,ERR028568,96,false,
26800,ERR028569,96,false,
26801,ERR028570,96,false,
26802,ERR028571,96,false,
26803,ERR028572,96,false,
26804,ERR028573,96,false,
26805,ERR028574,96,false,
26806,ERR028575,96,false,
26807,ERR028535,96,false,
26808,ERR028536,96,false,
26809,WCB1,96,false,
26810,WCB2,96,false,
26811,WCB3,96,false,
26812,WCB4,96,false,
26813,WCB5,96,false,
26814,WCB6,96,false,
26815,WCB7,96,false,
26816,WCB8,96,false,
26817,WCB9,96,false,
26818,WCB10,96,false,
26820,M-147-13,,false,
26821,LNP27257,2,false,
26822,LNP26948,257,false,
26823,IE10Nm24,127,false,
26824,IE10Nm25,2,false,
26825,IE10Nm26,352,false,
26826,IE10Nm27,87,false,
26827,12028_2010,18,false,
26828,12029_2010,3,false,
26829,IE10Nm30,49,false,
26830,IE10Nm31,1225,false,
26831,IE10Nm32,355,false,
26832,IE10Nm33,45,false,
26833,12034_2010,45,false,
26834,IE10Nm35,45,false,
26835,IE11Nm01,,false,
26836,IE11Nm03,45,false,
26837,IE11Nm02,356,false,
26838,IE11Nm04,45,false,
26839,IE11Nm05,150,false,
26840,IE11Nm06,45,false,
26841,12007_2011,357,false,
26842,IE11Nm08,45,false,
26843,IE11Nm09,45,false,
26844,IE11Nm10,358,false,
26845,IE11Nm16,57,false,
26846,IE11Nm17,355,false,
26847,12018_2011,150,false,
26848,IE11Nm19,45,false,
26849,IE11Nm20,127,false,
26850,IE11Nm21,359,false,
26851,IE11Nm22,93,false,
26852,IE11Nm11,93,false,
26853,IE11Nm23,93,false,
26854,IE11Nm24,93,false,
26855,IE11Nm25,41,false,
26856,12026_2011,360,false,
26857,IE11Nm27,57,false,
26858,IE11Nm28,1228,false,
26859,IE11Nm29,1,false,
26860,IE11Nm30,33,false,
26861,IE11Nm31,66,false,
26862,IE11Nm32,45,false,
26863,IE11Nm33,9,false,
26864,IE12Nm01,110,false,
26865,IE12Nm02,45,false,
26866,IE12Nm03,49,false,
26867,IE12Nm04,50,false,
26868,IE12Nm05,361,false,
26869,IE12Nm06,93,false,
26870,12007_2012,,false,
26871,12008_2012,5045,false,
26872,IE12Nm09,120,false,
26873,1294,,false,
26874,IE12Nm11,3,false,
26875,IE12Nm12,80,false,
26876,12013_2012,2480,false,
26877,12014-2012,9,false,
26878,IE12Nm18,120,false,
26879,IE12Nm19,288,false,
26880,IE12Nm20,87,false,
26881,IE12Nm21,1229,false,
26882,12022_2012,1229,false,
26883,12023_2012,62,false,
26884,IE12Nm24,45,false,
26885,IE12Nm25,93,false,
26886,IE12Nm26,45,false,
26887,IE12Nm28,67,false,
26888,IE12Nm29,68,false,
26889,IE12Nm30,330,false,
26890,IE12Nm31,45,false,
26891,12032_2012,280,false,
26892,IE12Nm33,62,false,
26893,IE12Nm36,45,false,
26894,IE12Nm37,97,false,
26895,IE12Nm40,93,false,
26896,IE12Nm41,87,false,
26897,IE13Nm01,45,false,
26898,IE13Nm02,1,false,
26899,12003_2013,1,false,
26900,IE13Nm04,68,false,
26901,IE13Nm05,45,false,
26902,IE13Nm06,120,false,
26903,IE13Nm07,33,false,
26904,IE13Nm08,127,false,
26905,IE13Nm09,358,false,
26906,12010_2013,57,false,
26907,12011_2013,87,false,
26908,12012_2013,362,false,
26909,IE13Nm13,127,false,
26910,12014_2013,97,false,
26911,IE13Nm15,93,false,
26912,IE13Nm16,93,false,
26913,12017_2013,87,false,
26914,IE13Nm18,1,false,
26915,IE13Nm19,355,false,
26916,12055_2009,363,false,
26917,12049_2008,93,false,
26918,10007v1,1,false,
26919,10117v2,1,false,
26920,10117v3,1,false,
26921,10117v4,1,false,
26922,10215v3,68,false,
26923,10215v4,68,false,
26924,10215v5,68,false,
26925,10507v4,1,false,
26926,10507v5,1,false,
26927,10551v1,68,false,
26928,10551v2,68,false,
26929,10551v3,68,false,
26930,10569v5,1,false,
26931,40118v3,259,false,
26932,40118v4,259,false,
26933,40161v1,1,false,
26934,40161v2,1,false,
26935,40161v3,1,false,
26936,40161v4,1,false,
26937,40161v5,1,false,
26938,60153v1,68,false,
26939,60153v2b,68,false,
26940,60153v3,68,false,
26941,60153v4,68,false,
26942,60153v5b,68,false,
26943,60153v6,,false,
26944,70045v4b,1,false,
26945,70306v6,1,false,
26946,70322v3,1,false,
26947,70322v4,1,false,
26948,70322v5,1,false,
26949,80046v4b,1,false,
26950,80046v5,1,false,
26951,80046v6,1,false,
26952,80164v1,1,false,
26953,80164v2,1,false,
26954,80241v5,68,false,
26955,80305v4,68,false,
26956,80305v5,68,false,
26957,90021v3,1,false,
26958,90021v4,1,false,
26959,90022v2,1,false,
26960,90022v3,1,false,
26961,90022v4,1,false,
26962,90028v1,1,false,
26963,90034v4,1,false,
26964,90034v6,1,false,
26965,90058v2,1,false,
26966,90058v3,1,false,
26967,90058v4,1,false,
26968,90066v1,1,false,
26969,90075v3,1,false,
26970,90092v1,1,false,
26971,90092v2,1,false,
26972,90092v5,1,false,
26973,90092v6,1,false,
26974,90102v3,1,false,
26975,90102v4,1,false,
26976,90104v5,248,false,
26977,90111v3,,false,
26978,90111v4,,false,
26979,90111v5,1,false,
26980,90119v2,1,false,
26981,90119v3,1,false,
26982,90119v4,1,false,
26983,90119v5,1,false,
26984,90124v4,1,false,
26985,90130v1,68,false,
26986,90130v2,68,false,
26987,90130v5b,68,false,
26988,90130v6,68,false,
26989,90136v3,1,false,
26990,90136v4,1,false,
26991,90130v3,1,false,
26992,90142v1,1,false,
26993,90149v1,1,false,
26994,90174v1,1,false,
26995,90182v1,1,false,
26996,70306v1,148,false,
26997,90075v2,1,false,
26998,90142v2,345,false,
26999,90142v3,345,false,
27000,90142v4,364,false,
27001,90142v5,364,false,
27002,Nov-A173,,false,
27003,Nov-A353,,false,
27004,Nov-A33,,false,
27005,Nov-A245,,false,
27006,Nov-A260,,false,
27007,Nov-A31,,false,
27008,Nov-A262,,false,
27009,Nov-A110,,false,
27010,Nov-A96,,false,
27011,Nov-A113,,false,
27012,Nov-A133,,false,
27013,Nov-A115,,false,
27014,Nov-A276,,false,
27015,Nov-A187,,false,
27016,Nov-A239,,false,
27017,Nov-A71,,false,
27018,Nov-A199,,false,
27019,Nov-A357,,false,
27020,Nov-A149,,false,
27021,Nov-A3,,false,
27022,Nov-A55,,false,
27023,Nov-A56,,false,
27024,Nov-A48,,false,
27025,Nov-A163,,false,
27026,Nov-A283,,false,
27027,Nov-A180,,false,
27028,Nov-A263,,false,
27029,Nov-A235,,false,
27030,Nov-A139,,false,
27031,Nov-A47,,false,
27032,Nov-A88,,false,
27033,Nov-A123,,false,
27034,Nov-A117,,false,
27035,Nov-A105,,false,
27036,Nov-A62,,false,
27037,Nov-A293,,false,
27038,Nov-A244,,false,
27039,Nov-A340,,false,
27040,Nov-A60,,false,
27041,Nov-A255,,false,
27042,M-249-13,,false,
27043,M-294-13,,false,
27044,M-336-13,,false,
27045,M-226-13,,false,
27046,M-377-13,,false,
27047,M-382-13,,false,
27048,M-388-13,,false,
27049,0019/13,,false,
27050,0021/13,,false,
27051,0022/13,,false,
27052,0024/13,,false,
27053,0025/13,,false,
27054,0026/13,,false,
27055,0028/13,,false,
27056,0029/13,,false,
27057,0036/13,,false,
27058,0038/13,,false,
27059,0033/15,1928,false,
27060,0044/13,,false,
27061,0050/13,,false,
27063,0056/13,,false,
27064,0039/15,1928,false,
27065,0060/13,,false,
27066,0061/13,,false,
27067,0065/13,,false,
27068,0066/13,,false,
27069,M-441-13,,false,
27070,M-475-13,,false,
27071,M-476-13,,false,
27072,Nov-A4,,false,
27073,Nov-A18,,false,
27074,Nov-A70,,false,
27075,Nov-A77,,false,
27076,Nov-A90,,false,
27077,Nov-A100,,false,
27078,Nov-A121,,false,
27079,Nov-A191,,false,
27080,Nov-A197,,false,
27081,Nov-A220,,false,
27082,Nov-A289,,false,
27083,Nov-A295,,false,
27084,Nov-A351,,false,
27085,Nov-A361,,false,
27086,2767/12,,false,
27087,LNP19995,1,false,
27088,LNP21362,3,false,
27089,LNP24198,2,false,
27090,S339,167,false,
27091,S405,167,false,
27092,S364,167,false,
27093,S359,167,false,
27094,S349,167,false,
27095,S492,167,false,
27096,S461,167,false,
27097,S511,167,false,
27098,NS028,167,false,
27099,ERR029268,167,false,
27100,S346,167,false,
27101,ERR049036,167,false,
27102,S465,167,false,
27103,S366,167,false,
27104,S526,167,false,
27105,S330,167,false,
27106,S343,167,false,
27107,ERR049034,167,false,
27108,S203,167,false,
27109,S491,167,false,
27110,S493,167,false,
27111,S329,167,false,
27112,S358,167,false,
27113,S449,167,false,
27114,S105,167,false,
27115,S361,167,false,
27116,S319,167,false,
27117,S453,167,false,
27118,S158,167,false,
27119,S276,167,false,
27120,NS008,167,false,
27121,S206,167,false,
27122,S092,167,false,
27123,NS031,167,false,
27124,S283,167,false,
27125,S280,167,false,
27126,S292,167,false,
27127,NS056,167,false,
27128,S096,167,false,
27129,S509,167,false,
27130,S320,167,false,
27131,S079,167,false,
27132,S446,167,false,
27133,S081,167,false,
27134,S448,167,false,
27135,S488,167,false,
27136,S481,167,false,
27137,S427,167,false,
27138,S352,167,false,
27139,S278,167,false,
27140,S058,167,false,
27141,S041,167,false,
27142,S207,167,false,
27143,ERR029248,167,false,
27144,S458,167,false,
27145,S377,167,false,
27146,S474,167,false,
27147,S350,167,false,
27148,S151,167,false,
27149,S310,167,false,
27150,S106,167,false,
27151,S360,167,false,
27152,S153a,167,false,
27153,S201,167,false,
27154,S281,167,false,
27155,NS105,167,false,
27156,S302,167,false,
27157,S135,167,false,
27158,S464,167,false,
27159,S073,167,false,
27160,S515,167,false,
27161,S353,167,false,
27162,S006,167,false,
27163,S293,167,false,
27164,S524,167,false,
27165,ERR049035,167,false,
27166,S217,167,false,
27167,S508,365,false,
27168,ERR049044,167,false,
27169,S441,167,false,
27170,S255,167,false,
27171,S289,167,false,
27172,S163,167,false,
27173,S387,167,false,
27174,S141,167,false,
27175,S316,167,false,
27176,S155,167,false,
27177,S478,167,false,
27178,S142,167,false,
27179,ERR049033,167,false,
27180,NS055,167,false,
27181,NS101,167,false,
27182,S517,167,false,
27183,S368,167,false,
27184,S290,167,false,
27185,S306,167,false,
27186,S256,167,false,
27187,S152,167,false,
27188,S149,167,false,
27189,S311,167,false,
27190,S100,167,false,
27191,S466,167,false,
27192,S184,167,false,
27193,S078,167,false,
27194,S525,,false,
27195,S308,167,false,
27196,S373,167,false,
27197,S241,167,false,
27198,S257,167,false,
27199,S522,167,false,
27200,S098,167,false,
27201,S463,167,false,
27202,S253,167,false,
27203,S514,167,false,
27204,S415,167,false,
27205,S154,167,false,
27206,S317,167,false,
27207,S407,167,false,
27208,S414,167,false,
27209,S438,167,false,
27210,S423,167,false,
27211,S425,167,false,
27212,S417,167,false,
27213,S424,167,false,
27214,S399,167,false,
27215,S378,167,false,
27216,S401,167,false,
27217,S430,167,false,
27218,S380,167,false,
27219,S416,167,false,
27220,S419,167,false,
27221,S397,167,false,
27222,S418,167,false,
27223,S382,167,false,
27224,S406,167,false,
27225,S433,167,false,
27226,S288,167,false,
27227,ERR049024,366,false,
27228,MS11,,false,
27230,GCGS0010,18,false,
27231,GCGS0062,367,false,
27232,GCGS0138,1008,false,
27233,GCGS0198,1006,false,
27234,GCGS0144,18,false,
27235,GCGS0074,367,false,
27236,GCGS0230,1006,false,
27237,GCGS0038,1008,false,
27238,GCGS0018,1006,false,
27239,GCGS0226,1006,false,
27240,GCGS0098,1006,false,
27241,GCGS0126,1006,false,
27242,GCGS0128,1008,false,
27243,GCGS0174,1006,false,
27244,GCGS0204,1006,false,
27245,GCGS0083,368,false,
27246,ERR173150,,false,
27247,GCGS0228,,false,
27248,GCGS0176,1006,false,
27249,GCGS0224,1006,false,
27250,GCGS0156,1006,false,
27251,GCGS0084,368,false,
27252,GCGS0202,1006,false,
27253,GCGS0136,1008,false,
27254,GCGS0092,367,false,
27255,GCGS0118,1006,false,
27256,GCGS0009,369,false,
27257,GCGS0192,1009,false,
27258,GCGS0110,1006,false,
27259,GCGS0032,21,false,
27260,GCGS0096,1006,false,
27261,GCGS0120,1006,false,
27262,ERR173152,,false,
27263,GCGS0218,1006,false,
27264,GCGS0060,21,false,
27265,GCGS0044,21,false,
27266,GCGS0172,18,false,
27267,GCGS0208,18,false,
27268,GCGS0180,18,false,
27269,GCGS0188,18,false,
27270,GCGS0200,370,false,
27271,GCGS0064,371,false,
27272,GCGS0212,18,false,
27273,GCGS0142,18,false,
27274,GCGS0112,18,false,
27275,GCGS0210,18,false,
27276,GCGS0008,372,false,
27277,GCGS0186,18,false,
27278,GCGS0216,18,false,
27279,GCGS0090,18,false,
27280,GCGS154,373,false,
27281,GCGS0146,18,false,
27282,GCGS0242,16,false,
27283,ERR191744,374,false,
27284,GCGS0117,16,false,
27285,GCGS0082,375,false,
27286,GCGS222,16,false,
27287,GCGS0113,16,false,
27288,GCGS0102,16,false,
27289,GCGS0179,16,false,
27290,GCGS0199,18,false,
27291,GCGS029,16,false,
27292,GCGS0050,367,false,
27293,GCGS0170,21,false,
27294,GCGS0223,18,false,
27295,GCGS0114,16,false,
27296,GCGS0237,16,false,
27297,GCGS0168,21,false,
27298,GCGS0063,16,false,
27299,GCGS0105,16,false,
27300,GCGS0152,376,false,
27301,GCGS0027,16,false,
27302,GCGS0238,377,false,
27303,GCGS0164,21,false,
27304,GCGS0175,18,false,
27305,GCGS0219,18,false,
27306,GCGS0043,16,false,
27307,GCGS0040,21,false,
27308,GCGS239,16,false,
27309,GCGS0143,16,false,
27310,GCGS0093,16,false,
27311,GCGS0169,18,false,
27312,GCGS0047,16,false,
27313,GCGS0046,16,false,
27314,GCGS0137,16,false,
27315,GCGS0003,16,false,
27316,GCGS0091,16,false,
27317,GCGS0135,16,false,
27318,GCGS0005,16,false,
27319,GCGS0030,16,false,
27320,GCGS0054,16,false,
27321,GCGS0217,18,false,
27322,ERR191742,18,false,
27323,GCGS0163,16,false,
27324,GCGS0129,16,false,
27325,GCGS0022,21,false,
27326,GCGS0051,16,false,
27327,GCGS0116,21,false,
27328,GCGS0069,16,false,
27329,GCGS0157,16,false,
27330,GCGS0048,16,false,
27331,GCGS0127,16,false,
27332,GCGS0209,18,false,
27333,GCGS0196,16,false,
27334,GCGS148,16,false,
27335,GCGS0187,16,false,
27336,GCGS0045,16,false,
27337,ERR191754,,false,
27338,GCGS0173,18,false,
27339,GCGS0167,18,false,
27340,GCGS0134,21,false,
27341,GCGS0039,16,false,
27342,GCGS0132,16,false,
27343,GCGS0024,21,false,
27344,GCGS0197,18,false,
27345,GCGS0107,16,false,
27346,GCGS0087,16,false,
27347,GCGS0194,16,false,
27348,GCGS0191,18,false,
27349,GCGS0234,16,false,
27350,GCGS0231,16,false,
27351,GCGS0171,18,false,
27352,GCGS0115,16,false,
27353,GCGS0214,16,false,
27354,GCGS0207,18,false,
27355,GCGS0119,16,false,
27356,GCGS0049,16,false,
27357,GCGS0035,16,false,
27358,GCGS0055,16,false,
27359,GCGS0065,16,false,
27360,GCGS0124,16,false,
27361,GCGS0100,16,false,
27362,GCGS0227,16,false,
27363,GCGS133,16,false,
27364,GCGS0184,18,false,
27365,GCGS0080,16,false,
27366,GCGS0206,21,false,
27367,GCGS0007,16,false,
27368,GCGS0121,16,false,
27369,GCGS0233,16,false,
27370,GCGS0059,16,false,
27371,GCGS0071,18,false,
27372,GCGS0220,,false,
27373,GCGS0097,16,false,
27374,GCGS0031,16,false,
27375,GCGS0017,16,false,
27376,GCGS0225,18,false,
27377,GCGS0221,18,false,
27378,GCGS0211,18,false,
27379,GCGS0019,16,false,
27380,GCGS0042,16,false,
27381,GCGS0104,16,false,
27382,GCGS0147,16,false,
27383,GCGS0078,21,false,
27384,GCGS0190,21,false,
27385,GCGS0079,16,false,
27386,GCGS0145,16,false,
27387,GCGS0125,16,false,
27388,GCGS0141,16,false,
27389,GCGS0075,16,false,
27390,GCGS0053,16,false,
27391,GCGS0023,16,false,
27392,GCGS0181,16,false,
27393,GCGS159,16,false,
27394,GCGS0235,16,false,
27395,GCGS0076,,false,
27396,GCGS0149,18,false,
27397,GCGS0229,16,false,
27398,GCGS0139,16,false,
27399,GCGS0185,16,false,
27400,GCGS0081,16,false,
27401,GCGS0077,16,false,
27402,GCGS0201,18,false,
27403,GCGS0213,18,false,
27404,GCGS0028,16,false,
27405,GCGS0020,16,false,
27406,GCGS0067,16,false,
27407,GCGS0203,18,false,
27408,GCGS0161,18,false,
27409,GCGS0215,18,false,
27410,GCGS0058,16,false,
27411,GCGS0012,16,false,
27412,GCGS0153,18,false,
27413,GCGS0131,16,false,
27414,GCGS0021,16,false,
27415,GCGS0066,16,false,
27416,GCGS0189,16,false,
27417,GCGS0183,16,false,
27418,GCGS0057,16,false,
27419,GCGS0073,18,false,
27420,GCGS0236,16,false,
27421,GCGS0109,16,false,
27422,GCGS0004,16,false,
27423,GCGS0195,16,false,
27424,GCGS140,16,false,
27425,GCGS0158,16,false,
27426,GCGS0160,16,false,
27427,GCGS0151,16,false,
27428,GCGS0122,16,false,
27429,GCGS0001,16,false,
27430,GCGS0155,16,false,
27431,GCGS011,16,false,
27432,GCGS0014,16,false,
27433,GCGS0111,16,false,
27434,GCGS0232,16,false,
27435,GCGS0086,16,false,
27436,GCGS0193,18,false,
27437,GCGS0056,21,false,
27438,GCGS0123,16,false,
27439,GCGS0182,16,false,
27440,GCGS0099,16,false,
27441,GCGS0130,16,false,
27442,GCGS0052,16,false,
27443,GCGS0089,16,false,
27444,GCGS0037,16,false,
27445,GCGS0178,16,false,
27446,GCGS0205,16,false,
27447,GCGS061,16,false,
27448,GCGS0241,16,false,
27449,GCGS0088,16,false,
27450,GCGS0106,369,false,
27451,GCGS0165,16,false,
27452,GCGS0085,16,false,
27453,GCGS0095,16,false,
27454,GCGS0177,16,false,
27455,GCGS0026,21,false,
27456,GCGS0036,378,false,
27457,GCGS0002,16,false,
27458,GCGS0166,16,false,
27459,GCGS0016,16,false,
27460,GCGS0070,16,false,
27461,GCGS0094,16,false,
27462,GCGS0103,16,false,
27463,GCGS0108,16,false,
27464,GCGS0240,21,false,
27465,ERR173153,379,false,
27466,GCGS0034,21,false,
27467,GCGS0006,16,false,
27468,ERR173151,21,false,
27469,GCGS0041,16,false,
27470,GCGS0101,16,false,
27471,GCGS0072,380,false,
27472,GCGS0162,16,false,
27473,GCGS0033,16,false,
27474,GCGS0150,18,false,
27475,GCGS0068,16,false,
27476,M-206-13,,false,
27477,M-224-13,,false,
27478,M-279-13,,false,
27479,M-389-13,,false,
27480,M-398-13,,false,
27481,L-MG758,,false,
27482,L-MG836,,false,
27483,L-MG887,,false,
27484,L-MG925,,false,
27485,L-MG954,,false,
27486,M-205-13,,false,
27487,M-444-13,,false,
27488,B18,68,false,
27489,C75,141,false,
27490,D13,62,false,
27491,D56,68,false,
27492,N111,141,false,
27493,DX477,141,false,
27494,NO0010230,141,false,
27495,NO0010442,141,false,
27496,NO0010581,62,false,
27497,NO0011039,120,false,
27498,NO0011106,62,false,
27499,NO01020675,105,false,
27500,NO01020703,105,false,
27501,NO01021203,62,false,
27502,NO01021276,105,false,
27503,NO01021285,105,false,
27504,20107,141,false,
27505,20112,62,false,
27506,20132,120,false,
27507,20142,105,false,
27508,20562,62,false,
27509,20578,62,false,
27510,20588,77,false,
27511,20601,62,false,
27512,21168,62,false,
27513,21243,62,false,
27514,21251,141,false,
27515,21258,68,false,
27516,21265,383,false,
27517,21292,120,false,
27518,21329,141,false,
27519,21330,62,false,
27520,21596,141,false,
27521,21619,62,false,
27522,21745,62,false,
27523,21789,120,false,
27524,20663,67,false,
27525,20916,326,false,
27526,20951,120,false,
27527,20984,384,false,
27528,21023,,false,
27529,21089,67,false,
27530,21092,120,false,
27531,21104,141,false,
27532,21107,62,false,
27533,21134,62,false,
27534,21154,62,false,
27535,21402,62,false,
27536,21813,62,false,
27537,21839,62,false,
27538,21888,120,false,
27539,22007,120,false,
27540,22008,120,false,
27541,22014,120,false,
27542,22154,62,false,
27543,22238,62,false,
27544,20373,62,false,
27545,20374,62,false,
27546,20812,141,false,
27547,22374,259,false,
27548,22449,62,false,
27549,22623,62,false,
27550,22667,68,false,
27551,22678,62,false,
27552,22693,62,false,
27553,22698,62,false,
27554,22715,62,false,
27555,22908,148,false,
27556,22933,120,false,
27557,22940,62,false,
27558,22964,248,false,
27559,23009,248,false,
27560,23104,141,false,
27561,23153,62,false,
27562,23312,248,false,
27563,23470,62,false,
27564,20338,62,false,
27565,20393,331,false,
27566,20398,62,false,
27567,20411,67,false,
27568,20804,62,false,
27569,20821,62,false,
27570,20824,62,false,
27571,21513,248,false,
27572,21570,,false,
27573,21963,62,false,
27574,21978,385,false,
27575,22656,141,false,
27576,23099,141,false,
27577,23195,62,false,
27578,23214,120,false,
27579,23264,386,false,
27580,23283,120,false,
27581,23326,120,false,
27582,23384,62,false,
27583,23407,62,false,
27584,M-413-13,,false,
27585,2012ji20,,false,
27586,M27482,127,false,
27587,Nov-A195,,false,
27588,457/470-07,,false,
27589,387/97,,false,
27590,3163/07,,false,
27591,N.01-12,,false,
27592,N.85-12,,false,
27593,N.583-12,,false,
27594,Nov-WA30,,false,
27595,Nov-WA22,,false,
27596,FF0090,,false,
27597,FF0182,,false,
27598,FF0312,,false,
27599,FF0325,,false,
27600,FF0328,,false,
27601,FF0601,,false,
27602,FF0618,,false,
27603,7/13,,false,
27604,539/13,,false,
27605,1030/13,,false,
27606,1814/13,,false,
27607,2908/13,,false,
27608,N.558-12,,false,
27609,FF0148,,false,
27610,FF0759,,false,
27611,2013-155,,false,
27612,2013-173,,false,
27632,CCUG 805,188,false,
27633,2013-172,,false,
27634,M13.25,,false,
27636,2013-015,,false,
27637,2013-149,,false,
27638,2011-202,,false,
27639,2011-298,,false,
27640,12200062,,false,
27641,21300231,,false,
27642,23420040,,false,
27643,23440011,,false,
27644,L-39-22,,false,
27645,R-40-70,,false,
27646,L-32-64,,false,
27647,S2-02-52,,false,
27648,S1-03-44,,false,
27649,S1-14-65,,false,
27650,R-40-94,,false,
27651,S1-14-101,,false,
27652,L-34-25,,false,
27653,L-35-40,,false,
27654,T1-24-44,,false,
27655,O-O-12,,false,
27656,S1-18-59,,false,
27657,22300024,,false,
27658,DE13066,,false,
27659,BL13003,,false,
27660,13280003P2,,false,
27661,M27488,,false,
27662,13420069,,false,
27663,22300151,,false,
27664,0096/07,,false,
27665,0026/08,,false,
27666,0027/08,,false,
27667,0028/08,,false,
27668,0030/08,,false,
27669,0031/08,,false,
27670,0033/08,,false,
27671,0034/08,,false,
27672,0035/08,,false,
27673,0036/08,,false,
27674,0037/08,,false,
27675,0038/08,,false,
27676,0039/08,,false,
27677,0040/08,,false,
27678,0041/08,,false,
27679,0042/08,,false,
27680,0049/08,,false,
27681,0050/08,,false,
27682,0053/08,,false,
27683,0056/08,,false,
27684,0058/08,,false,
27685,0060/08,,false,
27686,0065/08,,false,
27687,0120/08,,false,
27688,0030/13,,false,
27690,0033/13,,false,
27691,0039/13,,false,
27692,0041/13,,false,
27693,0054/13,,false,
27694,0062/13,,false,
27695,0063/13,,false,
27696,0064/13,,false,
27697,0071/13,,false,
27698,0073/13,,false,
27699,0074/13,,false,
27700,0077/13,,false,
27701,0079/13,,false,
27702,0083/13,,false,
27703,0084/13,,false,
27704,11300031,,false,
27705,23300073,,false,
27706,22300045,,false,
27707,2013-206,,false,
27708,13280003P1,,false,
27709,2013-201,,false,
27710,M13.37,,false,
27711,13280009P,,false,
27712,98-119,,false,
27713,98-127,,false,
27714,11-43,,false,
27715,11-44,,false,
27716,11-60,,false,
27717,11-59,,false,
27718,11-50,,false,
27719,11-27,,false,
27720,11-28,,false,
27721,13-103,,false,
27722,13-114,,false,
27723,13-23,,false,
27724,13-89,,false,
27725,4047/13,,false,
27726,4056/13,,false,
27727,4167/13,,false,
27728,4249/13,,false,
27729,4286/13,,false,
27730,4342/13,,false,
27731,4860/13,,false,
27732,5366/13,,false,
27733,R-40-75,,false,
27735,340/13,,false,
27736,4827/13,,false,
27737,5616/13,,false,
27738,2012jk52,,false,
27739,2012jk53,,false,
27740,2012jk54,,false,
27741,2012jk23,,false,
27742,2012jk12,,false,
27743,2012jk46,,false,
27744,SK-NM001,,false,
27745,MK6/13,,false,
27746,MK13/13,,false,
27747,MK14/13,,false,
27748,MK16/13,,false,
27749,MK18/13,,false,
27750,MK1/14,,false,
27751,2014-005,,false,
27752,2014-011,,false,
27753,M16.1/13,,false,
27754,2013035034,,false,
27755,485,,false,
27756,488,,false,
27757,490,,false,
27760,959000134,62,false,
27761,1259000330,62,false,
27762,S1-13-23,,false,
27763,S2-06-19,,false,
27764,T2-28-31,,false,
27765,S2-04-40,,false,
27766,R-40-110,,false,
27767,L-35-49,,false,
27768,S2-06-52,,false,
27769,T2-20-72,,false,
27770,S1-16-74,,false,
27771,S2-08-30,,false,
27772,R-40-122,,false,
27773,L-37-57,,false,
27774,S1-16-28,,false,
27775,DE12841,,false,
27776,DE12900,,false,
27777,DE12999,,false,
27778,M12 240336,45,false,
27779,M12 240338,49,false,
27780,M12 240340,87,false,
27781,M12 240341,120,false,
27782,M12 240347,150,false,
27783,M12 240349,49,false,
27784,M12 240644,255,false,
27785,M12 240647,387,false,
27786,M12 240650,45,false,
27787,M12 240651,127,false,
27788,M12 240652,388,false,
27789,M12 240653,120,false,
27790,M12 240654,45,false,
27791,M12 240656,45,false,
27792,M12 240658,198,false,
27793,M12 240659,68,false,
27794,M12 240664,45,false,
27795,M12 240667,127,false,
27796,M12 240668,45,false,
27797,M12 240669,93,false,
27798,M12 240672,49,false,
27799,M12 240674,120,false,
27800,M12 240675,389,false,
27801,M12 240678,288,false,
27802,M12 240681,217,false,
27803,M12 240682,97,false,
27804,M12 240683,93,false,
27805,M12 240684,93,false,
27806,M12 240685,49,false,
27807,M12 240688,120,false,
27808,M12 240691,120,false,
27809,M12 240693,265,false,
27810,M12 240694,93,false,
27811,M12 240697,128,false,
27812,M12 240699,390,false,
27813,M12 240703,87,false,
27814,M12 240704,150,false,
27815,M12 240705,68,false,
27816,M12 240706,45,false,
27817,M12 240707,93,false,
27818,M12 240712,45,false,
27819,M12 240714,3,false,
27820,M12 240718,93,false,
27821,M12 240719,120,false,
27822,M12 240720,128,false,
27823,M12 240724,87,false,
27824,M12 240725,57,false,
27825,M12 240729,93,false,
27826,M12 240730,391,false,
27827,M12 240732,3,false,
27828,M12 240733,392,false,
27829,M12 240735,3,false,
27830,M12 240736,9,false,
27831,M12 240737,93,false,
27832,M12 240739,9,false,
27833,M12 240741,393,false,
27834,M12 240745,65,false,
27835,M12 240749,120,false,
27836,M12 240750,45,false,
27837,M12 240752,45,false,
27838,M12 240758,394,false,
27839,M12 240763,150,false,
27840,M12 240765,395,false,
27841,M12 240769,396,false,
27842,M12 240773,93,false,
27843,M12 240778,150,false,
27844,M12 240781,93,false,
27845,M12 240782,87,false,
27846,M12 240783,397,false,
27847,M12 240785,45,false,
27848,M12 240786,398,false,
27849,M12 240787,150,false,
27850,M12 240790,3,false,
27851,M12 240793,120,false,
27852,M12 240794,57,false,
27853,M12 240803,3,false,
27854,M12 240805,396,false,
27855,M12 240806,399,false,
27856,M12 240807,45,false,
27857,M12 240808,47,false,
27858,M12 240809,276,false,
27859,M12 240810,288,false,
27860,M12 240812,93,false,
27861,M12 240814,93,false,
27862,M12 240817,260,false,
27863,M12 240818,3,false,
27864,M12 240819,150,false,
27865,M12 240825,45,false,
27866,M12 240827,120,false,
27867,M12 240831,93,false,
27868,M12 240834,93,false,
27869,M12 240842,120,false,
27870,M12 240843,45,false,
27871,M12 240844,103,false,
27872,M12 240846,45,false,
27873,M12 240847,45,false,
27874,M12 240848,87,false,
27875,M12 240849,45,false,
27876,M12 240850,127,false,
27877,M12 240851,93,false,
27878,M12 240852,93,false,
27879,M12 240853,93,false,
27880,M12 240858,256,false,
27881,M12 240861,250,false,
27882,M12 240865,400,false,
27883,M12 240866,87,false,
27884,M12 240867,93,false,
27885,M12 240868,45,false,
27886,M12 240872,49,false,
27887,M12 240873,150,false,
27888,M12 240874,3,false,
27889,M12 240876,45,false,
27890,M12 240877,,false,
27891,M12 240878,49,false,
27892,M12 240879,120,false,
27893,M12 240880,15,false,
27894,M12 240884,3,false,
27895,M12 240887,401,false,
27896,M12 240893,256,false,
27897,M12 240896,387,false,
27898,M12 240899,87,false,
27899,M12 240900,93,false,
27900,M12 240901,402,false,
27901,M12 240902,45,false,
27902,M13 240000,93,false,
27903,M13 240001,45,false,
27904,M13 240003,93,false,
27905,M13 240004,93,false,
27906,M13 240005,288,false,
27907,M13 240006,150,false,
27908,M13 240007,,false,
27909,M13 240009,45,false,
27910,M13 240012,45,false,
27911,M13 240014,120,false,
27912,M13 240017,3,false,
27913,M13 240019,403,false,
27914,M13 240021,150,false,
27915,M13 240023,57,false,
27916,M13 240029,87,false,
27917,M13 240030,120,false,
27918,M13 240031,404,false,
27919,M13 240032,57,false,
27920,M13 240033,120,false,
27921,M13 240036,120,false,
27922,M13 240039,93,false,
27923,M13 240040,93,false,
27924,M13 240041,405,false,
27925,M13 240042,49,false,
27926,M13 240043,93,false,
27927,M13 240045,150,false,
27928,M13 240046,93,false,
27929,M13 240047,,false,
27930,M13 240048,120,false,
27931,M13 240051,93,false,
27932,M13 240054,65,false,
27933,M13 240057,406,false,
27934,M13 240063,150,false,
27935,M13 240067,93,false,
27936,M13 240069,120,false,
27937,M13 240072,93,false,
27938,M13 240074,150,false,
27939,M13 240075,93,false,
27940,M13 240076,407,false,
27941,M13 240078,408,false,
27942,M13 240081,,false,
27943,M13 240084,45,false,
27944,M13 240085,45,false,
27945,M13 240086,352,false,
27946,M13 240088,,false,
27947,M13 240090,295,false,
27948,M13 240091,9,false,
27949,M13 240095,93,false,
27950,M13 240097,49,false,
27951,M13 240098,49,false,
27952,M13 240105,396,false,
27953,M13 240106,3,false,
27954,M13 240111,127,false,
27955,M13 240112,93,false,
27956,M13 240115,127,false,
27957,M13 240118,3,false,
27958,M13 240120,,false,
27959,M13 240121,120,false,
27960,M13 240123,45,false,
27961,M13 240124,120,false,
27962,M13 240125,409,false,
27963,M13 240127,87,false,
27964,M13 240130,3,false,
27965,M13 240132,87,false,
27966,M13 240135,127,false,
27967,M13 240142,49,false,
27968,M13 240143,9,false,
27969,M13 240145,47,false,
27970,M13 240147,93,false,
27971,M13 240148,410,false,
27972,M13 240150,93,false,
27973,M13 240153,68,false,
27974,M13 240157,45,false,
27975,M13 240160,93,false,
27976,M13 240161,57,false,
27977,M13 240164,93,false,
27978,M13 240166,127,false,
27979,M13 240167,93,false,
27980,M13 240170,87,false,
27981,M13 240171,45,false,
27982,M13 240172,93,false,
27983,M13 240173,45,false,
27984,M13 240174,45,false,
27985,M13 240175,199,false,
27986,M13 240181,45,false,
27987,M13 240183,3,false,
27988,M13 240187,1,false,
27989,M13 240191,93,false,
27990,M13 240192,93,false,
27991,M13 240197,93,false,
27992,M13 240199,97,false,
27993,M13 240202,259,false,
27994,M13 240204,127,false,
27995,M13 240205,45,false,
27996,M13 240206,411,false,
27997,M13 240207,120,false,
27998,M13 240210,45,false,
27999,M13 240211,120,false,
28000,M13 240212,49,false,
28001,M13 240213,93,false,
28002,M13 240216,3,false,
28003,M13 240217,127,false,
28004,M13 240224,120,false,
28005,M13 240227,120,false,
28006,M13 240228,45,false,
28007,M13 240229,387,false,
28008,M13 240230,3,false,
28009,M13 240231,137,false,
28010,M13 240232,412,false,
28011,M13 240233,93,false,
28012,M13 240234,45,false,
28013,M13 240235,45,false,
28014,M13 240237,45,false,
28015,M13 240239,45,false,
28016,M13 240245,93,false,
28017,M13 240248,150,false,
28018,M13 240249,87,false,
28019,M13 240250,67,false,
28020,M13 240255,120,false,
28021,M13 240256,93,false,
28022,M13 240257,93,false,
28023,M13 240258,87,false,
28024,M13 240261,45,false,
28025,M13 240262,3,false,
28026,M13 240263,,false,
28027,M13 240264,97,false,
28028,M13 240271,,false,
28029,M13 240272,9,false,
28030,M13 240273,127,false,
28031,M13 240274,93,false,
28032,M13 240275,45,false,
28033,M13 240277,,false,
28034,M13 240281,87,false,
28035,M13 240289,288,false,
28036,M13 240292,45,false,
28037,M13 240294,93,false,
28038,M13 240384,3,false,
28039,M13 240385,45,false,
28040,M13 240386,93,false,
28041,M13 240397,1228,false,
28042,M13 240400,288,false,
28043,M13 240406,150,false,
28044,M13 240409,45,false,
28045,M13 240411,93,false,
28046,M13 240413,45,false,
28047,M13 240414,9,false,
28048,M13 240417,104,false,
28049,M13 240418,197,false,
28050,M13 240421,93,false,
28051,M13 240422,93,false,
28052,M13 240424,220,false,
28053,M13 240426,120,false,
28054,M13 240427,87,false,
28055,M13 240428,413,false,
28056,M13 240429,93,false,
28057,M13 240434,50,false,
28058,M13 240437,87,false,
28059,M13 240438,49,false,
28060,M13 240448,67,false,
28061,M13 240449,45,false,
28062,M13 240450,120,false,
28063,M13 240451,87,false,
28064,M13 240452,45,false,
28065,M13 240453,93,false,
28066,M13 240455,93,false,
28067,M13 240458,,false,
28068,M13 240461,93,false,
28069,M13 240463,120,false,
28070,M13 240466,93,false,
28071,M13 240468,9,false,
28072,M13 240472,45,false,
28073,M13 240475,45,false,
28074,M13 240476,120,false,
28075,M13 240478,120,false,
28076,M13 240479,45,false,
28077,M13 240481,414,false,
28078,M13 240483,415,false,
28079,M12 240345,67,false,
28080,M12 240639,416,false,
28081,M12 240655,288,false,
28082,M12 240679,2,false,
28083,M12 240698,257,false,
28084,M12 240716,1,false,
28085,M12 240776,257,false,
28086,M12 240854,120,false,
28087,M12 240855,120,false,
28088,M13 240002,87,false,
28089,M13 240008,1,false,
28090,M13 240022,97,false,
28091,M13 240026,288,false,
28092,M13 240068,1,false,
28093,M13 240155,257,false,
28094,M13 240162,257,false,
28095,M13 240189,2,false,
28096,M13 240201,417,false,
28097,M13 240254,259,false,
28098,M13 240280,2,false,
28099,M13 240282,257,false,
28100,M13 240295,257,false,
28101,M13 240398,67,false,
28102,M13 240401,1,false,
28103,M13 240402,257,false,
28104,M13 240405,,false,
28105,M13 240440,257,false,
28106,M13 240460,,false,
28107,M12 240641,97,false,
28108,M12 240756,120,false,
28109,M13 240134,65,false,
28110,M13 240198,45,false,
28111,M13 240240,87,false,
28112,M13 240399,45,false,
28113,M13 240410,97,false,
28114,M12 240337,1,false,
28115,M12 240640,1,false,
28116,M12 240657,1,false,
28117,M12 240663,1,false,
28118,M12 240671,418,false,
28119,M12 240702,1,false,
28120,M12 240734,68,false,
28121,M12 240751,1,false,
28122,M12 240754,1,false,
28123,M12 240762,68,false,
28124,M12 240772,68,false,
28125,M12 240774,1,false,
28126,M12 240789,67,false,
28127,M12 240823,68,false,
28128,M12 240826,1,false,
28129,M12 240862,68,false,
28130,M12 240881,62,false,
28131,M12 240895,1,false,
28132,M12 240898,,false,
28133,M13 240013,68,false,
28134,M13 240015,1,false,
28135,M13 240025,1,false,
28136,M13 240028,1,false,
28137,M13 240056,1,false,
28138,M13 240066,,false,
28139,M13 240077,1,false,
28140,M13 240089,320,false,
28141,M13 240109,1,false,
28142,M13 240114,1,false,
28143,M13 240158,1,false,
28144,M13 240168,1,false,
28145,M13 240176,68,false,
28146,M13 240185,1,false,
28147,M13 240223,1,false,
28148,M13 240225,1,false,
28149,M13 240238,1,false,
28150,M13 240246,1,false,
28151,M13 240247,1,false,
28152,M13 240251,1,false,
28153,M13 240269,1,false,
28154,M13 240283,1,false,
28155,M13 240431,68,false,
28156,M13 240436,1,false,
28157,M13 240446,1,false,
28158,M13 240457,1,false,
28159,M13 240464,1,false,
28160,M13 240465,68,false,
28161,M13 240467,1,false,
28162,M13 240469,1,false,
28163,M13 240473,1,false,
28164,M13 240482,1,false,
28165,M12 240342,211,false,
28166,M12 240343,62,false,
28167,M12 240643,62,false,
28168,M12 240646,62,false,
28169,M12 240661,419,false,
28170,M12 240701,211,false,
28171,M12 240713,62,false,
28172,M12 240715,62,false,
28173,M12 240717,120,false,
28174,M12 240728,211,false,
28175,M12 240746,420,false,
28176,M12 240748,67,false,
28177,M12 240760,62,false,
28178,M12 240767,62,false,
28179,M12 240779,62,false,
28180,M12 240784,2311,false,
28181,M12 240788,331,false,
28182,M12 240791,62,false,
28183,M12 240796,104,false,
28184,M12 240797,292,false,
28185,M12 240799,141,false,
28186,M12 240801,62,false,
28187,M12 240802,68,false,
28188,M12 240816,141,false,
28189,M12 240821,421,false,
28190,M12 240822,141,false,
28191,M12 240840,141,false,
28192,M12 240857,62,false,
28193,M12 240885,62,false,
28194,M12 240886,141,false,
28195,M12 240888,62,false,
28196,M12 240894,62,false,
28197,M12 240897,141,false,
28198,M13 240011,62,false,
28199,M13 240020,68,false,
28200,M13 240035,,false,
28201,M13 240044,62,false,
28202,M13 240053,422,false,
28203,M13 240055,68,false,
28204,M13 240059,292,false,
28205,M13 240064,62,false,
28206,M13 240073,62,false,
28207,M13 240087,62,false,
28208,M13 240099,62,false,
28209,M13 240102,62,false,
28210,M13 240116,62,false,
28211,M13 240126,292,false,
28212,M13 240131,62,false,
28213,M13 240136,148,false,
28214,M13 240144,62,false,
28215,M13 240146,62,false,
28216,M13 240154,62,false,
28217,M13 240165,62,false,
28218,M13 240184,62,false,
28219,M13 240188,62,false,
28220,M13 240194,62,false,
28221,M13 240200,62,false,
28222,M13 240203,62,false,
28223,M13 240218,62,false,
28224,M13 240220,62,false,
28225,M13 240226,49,false,
28226,M13 240242,141,false,
28227,M13 240244,62,false,
28228,M13 240265,423,false,
28229,M13 240267,62,false,
28230,M13 240268,62,false,
28231,M13 240381,211,false,
28232,M13 240383,424,false,
28233,M13 240396,425,false,
28234,M13 240407,62,false,
28235,M13 240439,62,false,
28236,13250021,,false,
28237,12024,,false,
28238,70131/13,,false,
28239,12002,,false,
28240,12006,,false,
28241,20060053,,false,
28242,DE13102,,false,
28243,L3770,,false,
28244,27486,,false,
28245,27508,,false,
28246,27527,,false,
28247,N241.1,120,false,
28248,N51.1,120,false,
28249,N52.1,120,false,
28250,N54.1,120,false,
28251,N58.1,120,false,
28252,N59.1,120,false,
28253,N88.1,120,false,
28254,N138.1,120,false,
28255,N64.1,121,false,
28256,N117.1,121,false,
28257,N124.1,121,false,
28258,N128.1,121,false,
28259,N258.1,62,false,
28260,N264.1,62,false,
28261,N259.1,62,false,
28262,N222.1,62,false,
28263,N114.1,104,false,
28264,N134.1,104,false,
28265,N185.1,104,false,
28266,N185.2,104,false,
28267,N262.1,97,false,
28268,N73.1,97,false,
28269,N188.1,141,false,
28270,N199.1,93,false,
28271,N176.1,3,false,
28272,N86.1,427,false,
28273,N349.1,222,false,
28274,N424.1,120,false,
28275,N342.1,120,false,
28276,N343.1,120,false,
28277,N429.1,120,false,
28278,N438.1,120,false,
28279,N449.1,120,false,
28280,N331.1,120,false,
28281,N348.1,121,false,
28282,N417.1,121,false,
28283,N336.1,121,false,
28284,N420.1,121,false,
28285,N431.1,62,false,
28286,N359.1,62,false,
28287,N445.1,62,false,
28288,N459.1,62,false,
28289,N330.1,104,false,
28290,N333.1,104,false,
28291,N456.1,104,false,
28292,N456.2,104,false,
28293,N446.1,97,false,
28294,N450.1,97,false,
28295,N462.1,141,false,
28296,N378.1,93,false,
28297,N408.1,3,false,
28298,N447.1,427,false,
28299,N59.1.1,120,false,
28300,N59.3,120,false,
28301,N59.4,120,false,
28302,N59.5,,false,
28303,N59.6,120,false,
28304,N59.7,120,false,
28305,N59.8,120,false,
28306,N59.9,120,false,
28307,N59.10,120,false,
28308,N59.11,120,false,
28309,N253.1,120,false,
28310,N253.2,120,false,
28311,N253.3,120,false,
28312,N253.4,120,false,
28313,N253.5,120,false,
28314,N253.6,120,false,
28315,N253.7,120,false,
28316,N253.8,120,false,
28317,N253.9,120,false,
28318,N253.10,120,false,
28319,N352.1,120,false,
28320,N352.2,120,false,
28321,N352.3,120,false,
28322,N352.4,120,false,
28323,N352.5,120,false,
28324,N352.6,120,false,
28325,N352.7,120,false,
28326,N352.8,120,false,
28327,N352.9,120,false,
28328,N352.10,120,false,
28329,N438.1.1,120,false,
28330,N438.2,120,false,
28331,N438.3,120,false,
28332,N438.4,120,false,
28333,N438.5,120,false,
28334,N438.6,120,false,
28335,N438.7,120,false,
28336,N438.8,120,false,
28337,N438.9,120,false,
28338,N438.10,120,false,
28339,20140227-57,,false,
28340,20140227-61,,false,
28757,2009-054,,false,
28758,m21577,,false,
28759,0034/13,,false,
28760,0035/13,,false,
28761,0045/13,,false,
28762,0052/13,,false,
28763,0076/13,,false,
28764,0078/13,,false,
28765,0080/13,,false,
28766,0081/13,,false,
28767,0082/13,,false,
28768,0085/13,,false,
28769,0086/13,,false,
28770,0087/13,,false,
28771,0001/14,,false,
28772,0002/14,,false,
28773,0003/14,,false,
28774,0004/14,,false,
28775,0005/14,,false,
28776,0006/14,,false,
28777,0007/14,,false,
28778,0008/14,,false,
28779,0009/14,,false,
28780,0010/14,,false,
28781,0011/14,,false,
28782,0013/14,,false,
28783,0012/14,,false,
28784,0014/14,,false,
28785,0015/14,,false,
28786,M23896,3,false,
28787,M22296,,false,
28788,M22553,,false,
28789,M22568,9,false,
28790,1015,,false,
28791,1017/07,,false,
28792,20060005,,false,
28793,20060032,,false,
28794,20060049,,false,
28795,20120011,,false,
28796,20120003,,false,
28797,20120026,,false,
28798,M-614-13,,false,
28799,M-616-13,,false,
28800,LNP27366,,false,
28801,M27997,,false,
28802,421011,,false,
28803,421104,,false,
28804,N.325/07,,false,
28805,N.750/09,,false,
28806,N.50/10,,false,
28807,N.82/10,,false,
28808,N.267/11,,false,
28809,N.595/11,,false,
28810,N.520/09,,false,
28811,N.357/11,,false,
28812,130935,,false,
28814,11410088-2,,false,
28815,PMB4929,,false,
28816,PMB5295,,false,
28817,PMB5296,,false,
28818,PMB5297,,false,
28819,PMB4661,,false,
28820,PMB4689,,false,
28821,PMB4684,,false,
28822,PMB5298,,false,
28823,PMB4749,,false,
28824,PMB4757,,false,
28825,PMB4791,,false,
28826,PMB4727,,false,
28827,PMB4796,,false,
28828,PMB4651,,false,
28829,PMB4677,,false,
28830,PMB4679,,false,
28831,PMB4701,,false,
28832,PMB5299,,false,
28833,PMB5300,,false,
28834,2014-055,,false,
28835,P3396,,false,
28836,P3776,,false,
28837,P3778,,false,
28838,P3800,,false,
28839,P3841,,false,
28840,P3842,,false,
28841,P3843,,false,
28842,P3883,,false,
28843,P3941,,false,
28844,P3942,,false,
28845,P3994,,false,
28846,P4006,,false,
28847,P4325,,false,
28848,73-2011,,false,
28849,83-2011,,false,
28850,OX9930030,45,false,
28851,OX9930099,49,false,
28852,OX9930434,45,false,
28853,OX9930486,93,false,
28854,OX9930499,113,false,
28855,OX9930539,49,false,
28856,OX9930579,49,false,
28857,OX9930716,,false,
28858,OX9930765,114,false,
28859,OX9930826,45,false,
28860,OX9930864,49,false,
28861,OX9930906,45,false,
28862,OX9930945,45,false,
28863,OX9930951,49,false,
28864,OX9930963,86,false,
28865,OX9930970,114,false,
28866,OX9930996,49,false,
28867,OX9931018,45,false,
28868,OX9931037,49,false,
28869,OX9931039,45,false,
28870,OX9931049,67,false,
28871,OX9931066,45,false,
28872,OX9931111,55,false,
28873,OX9931152,45,false,
28874,OX9931165,45,false,
28876,OX9931218,45,false,
28878,OX9931242,49,false,
28879,OX9931249,49,false,
28880,OX9931268,49,false,
28881,OX9931283,49,false,
28882,OX9931352,77,false,
28883,OX9931550,49,false,
28884,OX9931553,49,false,
28885,OX9931715,45,false,
28886,OX9931875,45,false,
28887,OX9931911,45,false,
28889,OX9931967,77,false,
28890,OX9931990,45,false,
28891,OX9932003,49,false,
28892,OX9932015,3,false,
28893,OX9932020,45,false,
28894,OX9932093,45,false,
28895,OX9932180,75,false,
28898,OX9932389,49,false,
28899,OX0050007,51,false,
28900,OX0050057,77,false,
28901,OX0050209,45,false,
28902,OX0050225,53,false,
28903,OX0050304,45,false,
28904,OX0050570,45,false,
28905,OX0050677,55,false,
28906,OX0050872,45,false,
28907,OX0050873,45,false,
28908,OX0050898,49,false,
28909,OX0050926,49,false,
28911,OX0050941,75,false,
28912,OX0051021,24,false,
28913,OX0051136,49,false,
28914,OX0051387,49,false,
28915,OX0051404,49,false,
28916,OX0051423,45,false,
28917,OX0052019,45,false,
28919,OX0052120,49,false,
28920,OX0052129,77,false,
28921,OX0052162,45,false,
28922,OX0052296,49,false,
28923,OX0052474,49,false,
28924,OX0052529,45,false,
28925,OX0052958,45,false,
28926,OX01060046,45,false,
28927,OX01060062,77,false,
28929,OX01060279,78,false,
28930,OX01060297,77,false,
28932,OX01060472,45,false,
28933,OX01060561,45,false,
28934,OX01060596,76,false,
28935,OX01060652,49,false,
28936,OX01060915,75,false,
28937,OX01060954,2,false,
28938,OX01060960,106,false,
28939,OX01061044,49,false,
28940,OX01061115,49,false,
28941,OX01061123,49,false,
28942,OX01061131,45,false,
28944,OX01061328,45,false,
28945,OX01061416,45,false,
28946,OX01061431,49,false,
28947,OX01061451,77,false,
28948,OX01061511,45,false,
28950,OX01061587,45,false,
28951,OX01061635,80,false,
28952,OX01061707,45,false,
28953,OX01061748,45,false,
28954,OX01061840,49,false,
28955,OX01062035,55,false,
28956,OX01062098,45,false,
28957,OX01062156,45,false,
28958,OX01062220,112,false,
28959,OX01062252,45,false,
28960,OX01062298,45,false,
28961,OX01062341,45,false,
28962,OX01062350,113,false,
28963,OX01062357,45,false,
28964,OX01062462,75,false,
28966,OX9930855,49,false,
28967,0016/14,,false,
28968,0017/14,,false,
28969,0018/14,,false,
28974,0028/14,,false,
28975,20038,,false,
28976,20051-11,,false,
28977,20078-11,,false,
28978,20100,,false,
28979,20131-11,,false,
28980,20171,,false,
28981,20264,,false,
28982,20326,,false,
28983,20399,,false,
28984,IBD-611,62,false,
28985,IBD-612,469,false,
28986,IBD-613,470,false,
28987,IBD-614,67,false,
28988,IBD-615,49,false,
28989,IBD-616,471,false,
28990,IBD-617,67,false,
28991,IBD-618,67,false,
28992,IBD-619,472,false,
28993,IBD-620,473,false,
28994,IBD-621,444,false,
28995,IBD-622,3,false,
28996,IBD-623,67,false,
28997,IBD-624,124,false,
28998,IBD-625,260,false,
28999,IBD-626,474,false,
29000,IBD-627,431,false,
29001,IBD-628,42,false,
29002,IBD-629,150,false,
29003,IBD-630,45,false,
29004,IBD-631,475,false,
29005,IBD-632,260,false,
29006,IBD-633,260,false,
29007,IBD-634,93,false,
29008,IBD-635,49,false,
29010,IBD-637,274,false,
29011,IBD-638,,false,
29012,IBD-639,,false,
29013,IBD-640,442,false,
29014,IBD-641,476,false,
29015,IBD-642,49,false,
29016,IBD-643,93,false,
29017,IBD-644,274,false,
29018,IBD-645,444,false,
29019,IBD-646,477,false,
29020,IBD-647,120,false,
29021,IBD-648,87,false,
29022,IBD-649,124,false,
29024,IBD-651,49,false,
29025,IBD-652,220,false,
29026,IBD-653,478,false,
29027,IBD-654,67,false,
29028,IBD-655,124,false,
29029,IBD-656,,false,
29030,IBD-657,45,false,
29031,IBD-658,62,false,
29032,IBD-659,479,false,
29033,IBD-660,45,false,
29034,IBD-661,260,false,
29035,IBD-662,118,false,
29036,IBD-663,410,false,
29037,IBD-664,67,false,
29040,IBD-667,105,false,
29041,IBD-668,431,false,
29042,IBD-669,67,false,
29044,IBD-671,87,false,
29045,IBD-672,67,false,
29046,IBD-673,62,false,
29047,IBD-674,124,false,
29048,IBD-675,217,false,
29049,IBD-676,67,false,
29050,IBD-677,67,false,
29051,IBD-678,481,false,
29052,IBD-679,137,false,
29053,IBD-680,482,false,
29054,IBD-681,62,false,
29055,IBD-682,260,false,
29056,IBD-683,9,false,
29057,IBD-684,45,false,
29058,IBD-685,49,false,
29059,IBD-686,274,false,
29060,IBD-688,67,false,
29061,IBD-689,431,false,
29062,IBD-690,483,false,
29063,IBD-691,67,false,
29064,IBD-692,49,false,
29065,IBD-693,68,false,
29066,IBD-694,49,false,
29067,IBD-695,68,false,
29068,IBD-696,484,false,
29069,IBD-697,3,false,
29070,IBD-698,9,false,
29071,IBD-699,3,false,
29072,IBD-700,49,false,
29073,IBD-701,485,false,
29074,IBD-702,260,false,
29075,IBD-703,220,false,
29076,IBD-704,49,false,
29077,IBD-705,43,false,
29078,IBD-706,3,false,
29079,IBD-707,49,false,
29080,IBD-708,67,false,
29081,IBD-709,1,false,
29082,IBD-710,87,false,
29083,IBD-711,274,false,
29084,IBD-712,93,false,
29085,IBD-713,65,false,
29086,IBD-714,,false,
29087,IBD-715,3,false,
29088,IBD-716,67,false,
29089,IBD-717,49,false,
29090,IBD-718,67,false,
29091,IBD-719,475,false,
29092,IBD-720,67,false,
29093,IBD-721,486,false,
29094,IBD-722,67,false,
29095,IBD-723,424,false,
29096,IBD-724,487,false,
29097,IBD-725,41,false,
29098,IBD-726,3,false,
29099,IBD-727,3,false,
29100,IBD-728,488,false,
29101,IBD-729,408,false,
29102,IBD-730,489,false,
29103,IBD-731,424,false,
29104,IBD-732,87,false,
29105,IBD-733,28,false,
29106,IBD-734,490,false,
29107,IBD-735,67,false,
29108,IBD-736,124,false,
29109,IBD-738,491,false,
29110,IBD-739,492,false,
29111,IBD-740,87,false,
29113,IBD-742,471,false,
29114,IBD-743,260,false,
29115,IBD-744,9,false,
29116,IBD-745,484,false,
29118,IBD-747,220,false,
29119,IBD-748,49,false,
29120,IBD-749,274,false,
29121,IBD-750,1,false,
29122,IBD-751,67,false,
29123,IBD-752,260,false,
29124,IBD-753,262,false,
29125,IBD-754,494,false,
29127,IBD-756,43,false,
29128,IBD-757,67,false,
29129,IBD-800,28,false,
29130,IBD-801,262,false,
29131,IBD-802,45,false,
29134,IBD-805,45,false,
29135,IBD-806,141,false,
29136,IBD-807,141,false,
29137,IBD-808,104,false,
29138,IBD-809,93,false,
29139,IBD-810,208,false,
29140,IBD-811,3,false,
29141,IBD-812,3,false,
29142,IBD-813,93,false,
29143,IBD-814,49,false,
29144,IBD-815,3,false,
29145,IBD-816,495,false,
29146,IBD-817,97,false,
29147,IBD-818,,false,
29148,IBD-819,496,false,
29149,IBD-820,496,false,
29150,IBD-821,45,false,
29151,IBD-822,68,false,
29152,IBD-823,497,false,
29153,IBD-824,120,false,
29154,IBD-825,45,false,
29155,IBD-826,498,false,
29156,IBD-827,499,false,
29157,IBD-828,87,false,
29159,IBD-830,68,false,
29160,IBD-831,87,false,
29161,IBD-832,103,false,
29162,IBD-833,500,false,
29163,IBD-834,93,false,
29164,IBD-835,87,false,
29165,IBD-836,501,false,
29166,IBD-837,87,false,
29167,IBD-838,87,false,
29168,IBD-839,3,false,
29169,IBD-840,3,false,
29170,IBD-841,67,false,
29171,IBD-842,259,false,
29172,IBD-687,66,false,
29174,IBD-417,435,false,
29175,IBD-418,3,false,
29176,IBD-419,1,false,
29177,IBD-420,436,false,
29178,IBD-421,45,false,
29179,IBD-422,9,false,
29180,IBD-423,45,false,
29181,IBD-424,45,false,
29182,IBD-425,45,false,
29183,IBD-426,436,false,
29184,IBD-427,49,false,
29185,IBD-428,45,false,
29186,IBD-416,260,false,
29187,IBD-430,396,false,
29188,IBD-431,9,false,
29189,IBD-432,257,false,
29190,IBD-433,396,false,
29191,IBD-737,42,false,
29192,IBD-436,62,false,
29193,IBD-437,437,false,
29194,IBD-438,45,false,
29196,IBD-440,45,false,
29197,IBD-441,141,false,
29198,IBD-442,45,false,
29199,IBD-443,47,false,
29200,IBD-444,332,false,
29201,IBD-445,87,false,
29202,IBD-446,62,false,
29203,IBD-447,332,false,
29204,IBD-448,310,false,
29205,IBD-449,396,false,
29206,IBD-450,,false,
29207,IBD-510,438,false,
29209,IBD-512,1,false,
29213,IBD-516,62,false,
29214,IBD-517,257,false,
29215,IBD-518,439,false,
29217,IBD-520,148,false,
29218,IBD-521,68,false,
29219,IBD-522,45,false,
29220,IBD-523,13,false,
29221,IBD-524,141,false,
29222,IBD-525,141,false,
29223,IBD-526,45,false,
29224,IBD-527,257,false,
29225,IBD-528,257,false,
29227,IBD-530,141,false,
29229,IBD-532,3,false,
29230,IBD-533,141,false,
29231,IBD-534,,false,
29233,IBD-536,3,false,
29234,IBD-577,441,false,
29235,IBD-578,68,false,
29236,IBD-579,,false,
29237,IBD-580,442,false,
29239,IBD-582,67,false,
29240,IBD-583,260,false,
29241,IBD-584,67,false,
29243,IBD-586,443,false,
29245,IBD-588,87,false,
29246,IBD-589,260,false,
29247,IBD-590,67,false,
29248,IBD-591,274,false,
29249,IBD-592,14,false,
29250,IBD-593,288,false,
29251,IBD-594,260,false,
29252,IBD-595,444,false,
29253,IBD-596,67,false,
29254,IBD-597,260,false,
29255,IBD-598,445,false,
29256,IBD-599,87,false,
29257,IBD-600,67,false,
29258,IBD-601,260,false,
29259,IBD-602,5157,false,
29260,IBD-603,260,false,
29261,IBD-604,49,false,
29262,IBD-605,93,false,
29263,IBD-606,502,false,
29265,IBD-608,475,false,
29266,IBD-609,,false,
29267,IBD-610,220,false,
29268,27531,,false,
29269,27589,,false,
29270,27616,,false,
29271,BM35a,207,false,
29272,BM35b,466,false,
29273,BM49,,false,
29274,BM68a,465,false,
29275,W72c,1,false,
29276,11258,136,false,
29277,8942,136,false,
29278,13779,136,false,
29279,16618,,false,
29280,13361,136,false,
29281,38277,137,false,
29282,13611,136,false,
29283,14563,,false,
29284,12633,136,false,
29285,15280,136,false,
29286,11233,,false,
29287,2666,1,false,
29288,11100,136,false,
29289,14525,,false,
29290,9267,136,false,
29291,15003,,false,
29292,17342,136,false,
29293,10890,136,false,
29294,8683,,false,
29295,14745,136,false,
29296,10352,136,false,
29297,10914,136,false,
29298,17718,136,false,
29299,16440,136,false,
29300,30407,,false,
29301,16158,136,false,
29302,8828,136,false,
29303,9246,136,false,
29304,27937,29,false,
29305,37724,1,false,
29306,27150,138,false,
29307,16618_2,136,false,
29312,5957,24,false,
29313,39319,1,false,
29314,39619,1,false,
29315,16661,1,false,
29316,13283,1,false,
29317,20033,1,false,
29318,40328,1,false,
29319,35477,1,false,
29320,5453,1,false,
29321,14493,,false,
29322,12198,1,false,
29323,37252,1,false,
29324,11361,1,false,
29325,11665,1,false,
29326,2266,1,false,
29327,14983,,false,
29328,30301,1,false,
29329,17690,1,false,
29330,15984,1,false,
29331,4846,1,false,
29332,30147,1,false,
29333,11924,1,false,
29334,11009,1,false,
29335,10384,136,false,
29336,29572,1,false,
29337,1356,,false,
29338,8881,1,false,
29339,21313,1,false,
29340,17548,1,false,
29341,10012,1,false,
29342,15736,1,false,
29343,32375,62,false,
29344,38107,,false,
29345,28535,332,false,
29346,35813,1,false,
29347,24836,1,false,
29348,25348,1,false,
29349,28444,1,false,
29350,40923,68,false,
29351,5855,1,false,
29352,40932,68,false,
29353,19309,3,false,
29354,17851,,false,
29355,25472,1,false,
29356,21974,1,false,
29357,15279,1,false,
29358,15512,1,false,
29359,18470,1,false,
29360,35487,1,false,
29361,33281,1,false,
29362,10114,1,false,
29363,34709,,false,
29364,33509,1,false,
29365,26619,,false,
29366,10992,1,false,
29367,24204,1,false,
29368,31847,1,false,
29369,34873,1,false,
29370,5032,1,false,
29371,2725,1,false,
29372,38108,503,false,
29373,36146,1,false,
29374,7764,1,false,
29375,15766,504,false,
29376,24581,503,false,
29377,14395,1,false,
29378,15781,68,false,
29379,24845,1,false,
29380,9262,1,false,
29381,16187,1,false,
29382,3390,,false,
29383,16486,1,false,
29384,4844,1,false,
29385,21296,1,false,
29386,28517,1,false,
29387,41003,1,false,
29388,30494,1,false,
29389,35371,1,false,
29390,37450,,false,
29391,23212,505,false,
29392,35915,,false,
29393,19208,506,false,
29394,14673,1,false,
29395,17195,1,false,
29396,40559,1,false,
29397,7313,1,false,
29398,10093,,false,
29399,24344,503,false,
29400,34047,1,false,
29401,3308,1,false,
29402,40498,,false,
29403,15642,68,false,
29404,16059,1,false,
29405,36527,1,false,
29406,15823,1,false,
29407,33822,503,false,
29408,21822,1,false,
29409,12782,1,false,
29410,15783,1,false,
29411,16421,1,false,
29412,28319,1,false,
29413,5523,1,false,
29414,28189,1,false,
29415,17561,1,false,
29416,19923,1,false,
29417,29246,1,false,
29418,34455,504,false,
29419,13719,,false,
29420,31810,1,false,
29421,8373,1,false,
29422,3025,1,false,
29423,41043,503,false,
29424,15663,,false,
29425,26790,1,false,
29426,7720,503,false,
29427,7789,507,false,
29428,33702,1,false,
29429,1237,136,false,
29430,54,,false,
29431,16619,136,false,
29432,11178,136,false,
29433,15883,136,false,
29434,139,29,false,
29435,22774,1,false,
29436,16539,446,false,
29437,6993,1,false,
29438,14301,1,false,
29439,10803,1,false,
29440,10378,1,false,
29441,19733,1,false,
29442,1178,136,false,
29444,NIID543,,false,
29445,NIID541,,false,
29453,S4,448,false,
29454,S4B1,2,false,
29455,S4B2,2,false,
29456,S4B3,2,false,
29457,S4Sm1,2,false,
29458,S4Sm2,2,false,
29459,S4Sm3,2,false,
29460,GRW135_strC,447,false,
29461,OX0053039,97,false,
29462,OX0053048,24,false,
29463,OX01061541,111,false,
29464,OX01062316,,false,
29465,MK 89/99,,false,
29466,16238,,false,
29467,2725,25,false,
29469,2730,29,false,
29470,2748,3,false,
29478,T2-29-55,,false,
29479,T1-21-96,,false,
29480,2013035030,,false,
29481,MK4/14,,false,
29482,NM898,,false,
29484,M-024-14,,false,
29485,M21264,,false,
29486,M21281,45,false,
29487,M21465,292,false,
29488,M21525,,false,
29489,M21548,3551,false,
29490,M21879,,false,
29491,M22151,262,false,
29492,M22339,57,false,
29493,M22341,45,false,
29494,M22950,,false,
29495,M22989,141,false,
29496,M22991,3,false,
29497,M22992,3,false,
29498,M23003,804,false,
29500,M23009,62,false,
29501,M23010,3,false,
29502,M23017,,false,
29503,M23025,,false,
29504,M23028,57,false,
29505,M23210,292,false,
29506,M24043,,false,
29508,M24061,,false,
29509,M24063,62,false,
29510,M24202,62,false,
29511,S1-16-23,,false,
29512,S1-16-55,,false,
29551,M483LII/13,,false,
29552,M487LII/13,,false,
29553,M538LII/13,,false,
29554,M557LII/13,,false,
29555,M571LII/13,,false,
29556,M580LII/13,,false,
29557,M599LII/13,,false,
29558,M708LII/13,,false,
29559,M748LII/13,,false,
29560,M753LII/13,,false,
29561,M501LII/13,,false,
29562,M814LII/13,,false,
29563,M27489,1469,false,
29564,P63,,false,
29565,M23353,,false,
29566,2570,,false,
29567,2705,,false,
29568,3310,,false,
29569,3399,,false,
29570,3474,,false,
29571,M04 240932,116,false,
29572,M04 240003,2,false,
29573,M04 240019,2,false,
29574,M04 240020,2,false,
29575,M04 240029,518,false,
29576,M04 240065,1,false,
29577,M04 240078,1,false,
29578,M04 240129,13,false,
29579,M04 240207,103,false,
29580,M04 240235,2,false,
29581,M04 240259,2,false,
29582,M04 240323,2,false,
29583,M04 240335,2,false,
29584,M04 240348,,false,
29585,M04 240594,2,false,
29586,M04 240752,2,false,
29587,M04 240931,2,false,
29588,M04 241124,2,false,
29589,M04 241156,,false,
29590,M04 241209,1,false,
29591,M04 241276,2,false,
29592,M04 241501,1,false,
29593,M04 241542,2,false,
29594,M04 241591,2,false,
29595,M04 241722,2,false,
29596,M05 240080,1,false,
29597,M05 240211,2,false,
29598,M05 240258,1,false,
29599,M05 240314,2,false,
29600,M05 240316,2,false,
29601,M05 240490,2,false,
29602,M05 240553,2,false,
29604,M05 240747,2,false,
29605,M05 240920,1,false,
29606,M05 240972,1,false,
29607,M05 240990,2,false,
29608,M05 241164,2,false,
29609,M05 241241,1,false,
29610,M05 241361,1,false,
29611,M06 240019,1,false,
29612,M06 240067,1,false,
29613,M06 240167,2,false,
29614,M06 240854,24,false,
29615,M06 240183,2,false,
29617,M06 240375,1,false,
29618,M06 240493,2,false,
29619,M06 240536,2,false,
29620,M06 240537,2,false,
29621,M06 240625,24,false,
29622,M06 240671,2,false,
29623,M06 241012,2,false,
29624,M06 240168,2,false,
29625,M07 240006,2,false,
29626,M07 240686,1,false,
29627,M07 240723,257,false,
29628,M07 240924,2,false,
29630,M07 241045,,false,
29631,M07 241093,2,false,
29632,M07 240172,,false,
29633,M07 240210,2,false,
29634,M07 240276,2,false,
29635,M07 240351,2,false,
29636,M07 240541,2,false,
29637,M07 240593,2,false,
29638,M08 240026,,false,
29639,M08 240185,257,false,
29640,M08 240201,2,false,
29641,M08 240231,345,false,
29642,M08 240270,519,false,
29643,M97 253597,13,false,
29644,M98 250473,2,false,
29645,M98 251974,14,false,
29646,M98 253000,1,false,
29647,M98 252341,2,false,
29648,M98 252422,1,false,
29649,M98 252412,1,false,
29650,M98 252490,520,false,
29651,M98 252407,1,false,
29652,M98 252491,,false,
29653,M98 252431,1,false,
29654,M99 240321,2,false,
29655,M99 241273,1,false,
29656,M99 241594,1,false,
29657,M99 241396,104,false,
29658,M99 241667,,false,
29659,M99 242350,2,false,
29660,M99 243338,,false,
29661,M99 243927,1,false,
29662,M00 240085,14,false,
29663,M00 240609,2,false,
29664,M00 240972,2,false,
29665,M00 241315,1,false,
29666,M00 241348,,false,
29667,M00 241657,2,false,
29668,M00 241980,2,false,
29669,M00 242028,2,false,
29670,M00 243009,2,false,
29671,M00 243130,521,false,
29672,M01 240219,1,false,
29673,M01 241306,1,false,
29674,M01 241431,1,false,
29675,M97 252080,,false,
29676,M01 241826,,false,
29677,M01 242608,1,false,
29678,M01 242544,2,false,
29679,M01 242679,1,false,
29680,M01 242591,,false,
29681,M01 242700,,false,
29682,M02 240026,,false,
29683,M02 240124,1,false,
29684,M01 242717,1,false,
29685,M02 240248,2,false,
29686,M02 240227,1,false,
29687,M02 240235,68,false,
29688,M02 240422,1,false,
29689,M02 240440,1,false,
29690,M02 240609,1,false,
29691,M02 240704,,false,
29692,M02 240839,1,false,
29693,M02 241029,1,false,
29694,M02 241321,522,false,
29695,M02 241603,1,false,
29696,M02 241666,1,false,
29697,M02 241746,1,false,
29698,M02 242123,523,false,
29699,M03 240692,1,false,
29700,M03 240696,1,false,
29701,M03 241647,,false,
29702,M04 240429,1,false,
29703,M04 240435,1,false,
29704,M05 241067,1,false,
29705,M06 240459,1,false,
29706,M07 240001,68,false,
29707,M07 240118,1,false,
29708,M07 240469,,false,
29709,M07 240774,1,false,
29710,M07 240922,1,false,
29711,M07 240489,524,false,
29712,M09 240368,68,false,
29713,M09 240316,68,false,
29714,M10 240005,1,false,
29715,M09 240862,1,false,
29716,M09 240900,1,false,
29717,M10 240134,104,false,
29718,M10 240389,1,false,
29719,M10 240452,1,false,
29720,M10 240696,1,false,
29721,M13 240491,1,false,
29722,M13 240530,1,false,
29723,M13 240555,1,false,
29724,M13 240591,1,false,
29725,M13 240603,1,false,
29726,M13 240604,1,false,
29727,M13 240545,1,false,
29728,M13 240558,1,false,
29729,M13 240594,1,false,
29730,M13 240583,1,false,
29731,M13 240510,,false,
29732,M13 240633,1,false,
29733,M13 240634,1,false,
29734,M13 240538,1,false,
29735,M13 240515,1,false,
29736,M13 240600,1,false,
29737,M13 240553,1,false,
29738,PM7B,1,false,
29739,PM7CSF,,false,
29740,PM7TS,1,false,
29741,PM64CSF,45,false,
29742,PM64B,45,false,
29743,PM64TS,45,false,
29744,PM73CSF,45,false,
29745,PM73B,,false,
29746,PM73TS,45,false,
29747,PM53TS,3,false,
29748,PM53CSF,3,false,
29749,PM53B,3,false,
29750,PM8CSF,,false,
29751,PM8NS,1,false,
29752,PM8TS,1,false,
29753,PM85B,68,false,
29754,PM85NS,68,false,
29755,PM85TS,68,false,
29756,PM23B,87,false,
29757,PM79CSF,49,false,
29758,PM79B,49,false,
29759,PM79TS,49,false,
29760,PM14CSF,13,false,
29761,PM14B,13,false,
29762,PM14TS,13,false,
29763,PM82B,525,false,
29764,PM65CSF,439,false,
29765,PM65NS,,false,
29766,PM65TS,439,false,
29767,PM66NS,,false,
29768,PM66TS,,false,
29769,PM66B,45,false,
29770,PM74CSF,45,false,
29771,PM74B,45,false,
29772,PM74TS,45,false,
29773,PM67B,45,false,
29774,PM67CSF,45,false,
29775,M00 241395,1,false,
29776,PM9TS,1,false,
29777,PM45B,93,false,
29778,PM9CSF,1,false,
29779,PM45NS,93,false,
29780,PM45TS,93,false,
29781,PM10Jo,2,false,
29782,PM10B1,,false,
29783,PM10B2,2,false,
29784,PM5B,,false,
29785,PM5NS1,1,false,
29786,PM5NS2,1,false,
29787,PM25B,68,false,
29788,PM25TS,68,false,
29789,PM11CSF,1,false,
29790,PM11B,1,false,
29791,PM11TS,1,false,
29792,PM29B,93,false,
29793,PM29CSF,93,false,
29794,PM29BM,93,false,
29795,PM35NS,93,false,
29796,PM17TS,,false,
29797,PM17NS,41,false,
29798,PM17B,41,false,
29799,M03 240608,,false,
29800,PM68CSF1,45,false,
29801,PM68B,,false,
29802,PM68CSF2,45,false,
29803,PM28TS1,,false,
29804,PM28NS,62,false,
29805,PM28TS2,,false,
29806,PM46TS2,,false,
29807,PM55TS1,,false,
29808,PM55B,3,false,
29809,PM55TS2,3,false,
29810,PM54NS,3,false,
29811,PM54TS,,false,
29812,PM54B,3,false,
29813,PM12B,1,false,
29814,PM12TS,1,false,
29815,M12 240182,,false,
29816,PM16NS,329,false,
29817,PM57B,526,false,
29818,PM57TS,526,false,
29819,PM57TS,526,false,
29820,PM13B,1,false,
29821,PM13TS1,1,false,
29822,PM13TS2,1,false,
29823,PM69CSF,45,false,
29824,PM69B,45,false,
29825,PM69TS,45,false,
29826,PM3NS,527,false,
29827,PM3TS,527,false,
29828,PM3CSF,527,false,
29829,PM87CSF,528,false,
29830,PM87TS1,528,false,
29831,M98 252173,,false,
29832,M00 240186,,false,
29833,M00 240320,1,false,
29834,M00 240543,1,false,
29835,M00 240680,1,false,
29836,M00 240845,1,false,
29837,M00 240963,,false,
29838,M00 241306,1,false,
29839,M00 241621,,false,
29840,M00 241761,529,false,
29841,M00 242236,288,false,
29842,M00 242404,1,false,
29843,M00 243016,1,false,
29845,M00 243298,,false,
29846,M01 240426,1,false,
29847,M01 240526,2,false,
29848,M01 240581,,false,
29849,M01 240493,1,false,
29850,M01 240514,530,false,
29851,M01 240850,2,false,
29852,M01 241047,,false,
29853,M01 241276,1,false,
29854,M01 241130,,false,
29855,M01 241612,2,false,
29856,M01 241620,2,false,
29857,M01 242315,2,false,
29858,M01 242751,,false,
29859,M01 242752,116,false,
29860,M02 240005,1,false,
29861,M02 240131,1,false,
29862,M02 240335,2,false,
29863,M02 240385,1,false,
29864,M02 240281,2,false,
29865,M02 240206,1,false,
29866,M02 240525,2,false,
29867,M02 240843,2,false,
29868,M02 240945,1,false,
29869,M02 240972,2,false,
29870,M02 241124,1,false,
29871,M02 241652,,false,
29872,M02 241949,2,false,
29873,M02 242246,87,false,
29874,M03 240651,2,false,
29875,M03 240453,1,false,
29876,M03 240982,2,false,
29877,M03 241704,1,false,
29878,M08 240284,2,false,
29879,M08 240142,1,false,
29880,M08 240459,,false,
29881,M08 240682,,false,
29882,M08 240409,257,false,
29883,M08 240875,2,false,
29884,M09 240132,2,false,
29885,M09 240171,,false,
29886,M08 240954,24,false,
29887,M08 240767,723,false,
29888,M09 240249,2,false,
29890,M10 240001,,false,
29891,M10 240229,1,false,
29892,M10 240014,2,false,
29893,M09 240796,2,false,
29894,M09 240826,,false,
29895,M13 240496,1,false,
29897,M13 240500,724,false,
29898,M13 240514,1,false,
29899,M98 250423,,false,
29900,M98 250842,2,false,
29901,M98 250863,,false,
29902,M98 251032,1,false,
29903,M98 251459,2,false,
29904,M98 251593,1,false,
29905,M98 252366,1,false,
29906,M98 252388,2,false,
29907,M98 252898,1,false,
29908,M98 252918,1,false,
29909,M98 253307,,false,
29910,M98 253743,2,false,
29911,M98 253745,2,false,
29912,M98 253765,1,false,
29913,M99 240197,725,false,
29914,M99 240413,,false,
29915,M99 240568,2,false,
29916,M99 240746,,false,
29917,M99 241004,2,false,
29918,M99 241412,1,false,
29919,M99 241431,725,false,
29920,M99 242207,1,false,
29921,M99 242251,2,false,
29922,M99 242522,,false,
29923,M99 242630,2,false,
29924,M99 243272,1,false,
29925,M99 243601,,false,
29926,M99 243956,14,false,
29927,M99 243969,2,false,
29928,M00 241341,,false,
29929,M00 241352,1,false,
29930,M00 241357,1,false,
29931,M00 241362,1,false,
29932,M00 241380,1,false,
29933,M00 241396,1,false,
29934,M00 241401,1,false,
29935,M00 241408,1,false,
29936,M00 241420,1,false,
29937,M00 241430,1,false,
29938,M00 241431,1,false,
29939,M00 241432,1,false,
29940,M00 241433,1,false,
29941,M00 241435,1,false,
29942,M00 241445,1,false,
29943,M00 241447,1,false,
29944,M00 241491,1,false,
29945,M00 241510,1,false,
29946,M00 241511,1,false,
29947,M00 241557,1,false,
29948,M00 241578,1,false,
29949,M00 241620,1,false,
29950,M00 241645,1,false,
29951,M00 241655,1,false,
29952,M00 241673,1,false,
29953,M00 241674,1,false,
29954,M00 241675,1,false,
29955,M00 241704,1,false,
29956,M00 241759,1,false,
29957,M00 241760,1,false,
29958,M00 241800,1,false,
29959,M00 241833,1,false,
29960,M00 241894,1,false,
29961,M00 241957,1,false,
29962,M00 241978,,false,
29963,M00 241986,1,false,
29964,M00 242029,1,false,
29965,M00 242295,1,false,
29966,M00 242531,1,false,
29967,M00 242667,1,false,
29968,M00 242770,1,false,
29969,M00 242916,1,false,
29970,M00 242974,1,false,
29971,M03 240109,2,false,
29972,M03 240483,2,false,
29973,M03 240588,1,false,
29974,M03 240642,2,false,
29975,M03 240862,2,false,
29976,M03 241118,1,false,
29977,M03 241273,2,false,
29978,M03 241465,1,false,
29979,M03 241792,1,false,
29980,M97 253146,,false,
29981,M98 251264,,false,
29982,M98 251316,87,false,
29983,M98 251614,2,false,
29984,M99 240124,1,false,
29985,M99 240362,,false,
29986,M99 241503,2,false,
29987,M99 243153,87,false,
29988,M00 240440,1,false,
29989,M00 240519,1,false,
29990,M00 240815,2,false,
29991,M00 243175,1,false,
29992,M00 243297,1,false,
29993,M01 240025,116,false,
29994,M01 240028,1,false,
29995,M01 240168,1,false,
29996,M01 240240,1,false,
29997,M01 240241,1,false,
29998,M01 240244,1,false,
29999,M01 240354,1,false,
30000,M01 240622,2,false,
30001,M01 240634,1,false,
30002,M01 240659,1,false,
30003,M01 240663,2,false,
30004,M01 240759,1,false,
30005,M01 240760,1,false,
30006,M01 240801,1,false,
30007,M01 240807,1,false,
30008,M01 240808,1,false,
30009,M01 240839,1,false,
30010,M01 240840,1,false,
30011,M01 240859,1,false,
30012,M01 240887,1,false,
30013,M01 240900,1,false,
30014,M01 240902,1,false,
30015,M01 240913,1,false,
30016,M01 240915,1,false,
30017,M01 240916,1,false,
30018,M01 240921,1,false,
30019,M01 240949,1,false,
30020,M01 240953,1,false,
30021,M01 240956,1,false,
30022,M01 240959,1,false,
30023,M01 240967,1,false,
30024,M01 240978,,false,
30025,M01 240979,1,false,
30026,M01 240989,1,false,
30027,M01 240990,,false,
30028,M01 241031,1,false,
30029,M01 241052,1,false,
30030,M01 241064,1,false,
30031,M01 241093,1,false,
30032,M01 241097,1,false,
30033,M01 241098,1,false,
30034,M01 241133,1,false,
30035,M01 241213,1,false,
30036,M01 241214,1,false,
30037,M01 241368,1,false,
30038,M01 241396,1,false,
30039,M01 241454,1,false,
30040,M01 241494,1,false,
30041,M01 241950,1,false,
30042,M01 242003,2,false,
30043,M01 242084,1,false,
30044,M01 242511,,false,
30045,M01 242572,45,false,
30046,M02 240038,531,false,
30047,M02 240690,2,false,
30048,M02 241095,2,false,
30049,M02 241729,2,false,
30050,M03 240750,2,false,
30051,M03 241710,2,false,
30052,M04 240245,2,false,
30053,M04 241052,2,false,
30054,M05 240518,2,false,
30055,M06 240679,316,false,
30056,M07 240239,97,false,
30057,M08 240033,527,false,
30058,M08 240227,2,false,
30059,M08 240819,2,false,
30060,M09 240026,1,false,
30061,M14 240063,33,false,
30062,M14 240064,58,false,
30063,M14 240065,58,false,
30064,M14 240066,532,false,
30065,M14 240067,,false,
30066,M14 240068,1,false,
30067,M14 240069,1,false,
30068,M14 240070,120,false,
30069,M12 240156 b,1,false,
30070,M12 240160 b,1,false,
30071,M12 240196 b,1,false,
30072,M11 240099 b,1,false,
30073,96057,1,false,
30074,2001001,,false,
30075,2000081,1,false,
30076,2000175,533,false,
30077,2000176,1,false,
30078,2002011,1,false,
30079,2000058,1,false,
30080,2001076,1,false,
30081,2002015,1,false,
30082,2002016,1,false,
30083,2002021,1,false,
30084,2002022,,false,
30085,2002029,1,false,
30086,2001068,1,false,
30087,2002018,1,false,
30088,2002019,1,false,
30089,2002039,1,false,
30090,2002040,1,false,
30091,2002058,1,false,
30092,2002059,1,false,
30093,2003019,1,false,
30094,2003034,1,false,
30095,2003035,1,false,
30096,2003054,1,false,
30097,2003055,1,false,
30098,2004264,1,false,
30099,2004265,138,false,
30100,2004267,1,false,
30101,2004268,138,false,
30102,96062,68,false,
30103,2001004,50,false,
30104,2001213,1,false,
30105,2001214,1,false,
30106,2001215,1,false,
30107,2001069,1,false,
30108,PM87TS2,528,false,
30109,PM2CSF,45,false,
30110,PM2B,45,false,
30111,PM2NS,45,false,
30112,PM80NS,45,false,
30113,PM80TS,45,false,
30114,PM80B,45,false,
30115,PM70B,45,false,
30116,PM70CSF,45,false,
30117,PM70TS,45,false,
30118,PM61CSF,47,false,
30119,PM61TS,47,false,
30120,PM82CSF,,false,
30121,PM82NS,525,false,
30122,M00 241434,1,false,
30123,M00 241979,1,false,
30124,PM26B,68,false,
30125,PM26Jo,68,false,
30126,M05 240853,2,false,
30127,M05 240854,2,false,
30128,M05 240855,2,false,
30129,M05 240856,2,false,
30130,M05 240857,2,false,
30131,M05 240858,2,false,
30132,M05 240859,2,false,
30133,M05 240860,,false,
30134,M05 240861,2,false,
30135,M05 240121,534,false,
30136,M13 240635,1,false,
30137,M13 240637,1,false,
30138,M13 240649,1,false,
30139,M13 240655,,false,
30140,M13 240657,1,false,
30141,M13 240664,1,false,
30142,M13 240666,1,false,
30143,M13 240667,1,false,
30144,M13 240668,1,false,
30145,M13 240672,1,false,
30146,M13 240678,1,false,
30147,M13 240680,535,false,
30148,M13 240681,1,false,
30149,M13 240704,,false,
30150,M13 240724,1,false,
30151,M13 240726,1,false,
30152,M13 240730,,false,
30153,M13 240732,1,false,
30154,M14 240001,1,false,
30155,M14 240002,1,false,
30156,M14 240007,1,false,
30157,M14 240013,1,false,
30158,M14 240019,1,false,
30159,M14 240022,1,false,
30160,M14 240026,1,false,
30161,M14 240029,1,false,
30162,M14 240031,1,false,
30163,M14 240042,1,false,
30164,M14 240043,1,false,
30165,M14 240052,1,false,
30166,M14 240053,1,false,
30167,M14 240054,1,false,
30168,M14 240072,1,false,
30169,M14 240082,1,false,
30170,M14 240086,1,false,
30171,M98 252111,1,false,
30172,M02 240630,276,false,
30174,M97 250455,,false,
30175,M97 250650,536,false,
30176,M97 251635,1,false,
30177,M97 252137,537,false,
30178,M98 250031,1,false,
30179,M98 251039,1,false,
30180,M98 251534,1,false,
30181,M98 253527,1,false,
30182,M99 240896,68,false,
30185,M96 255770,2,false,
30186,M96 255772,2,false,
30187,M96 255773,2,false,
30188,M96 255774,2,false,
30189,M96 255775,,false,
30190,M96 255863,,false,
30191,M96 255864,1,false,
30192,M96 255871,1,false,
30193,M96 255976,1,false,
30194,M99 240591,2,false,
30195,M99 240592,,false,
30196,M99 240595,538,false,
30197,M99 240706,2,false,
30198,M99 240707,2,false,
30199,M99 240708,2,false,
30200,M99 240718,2,false,
30201,M99 240719,2,false,
30202,M99 240747,1,false,
30203,M99 240748,,false,
30204,M99 240770,2,false,
30205,M99 240771,2,false,
30206,M99 240772,2,false,
30207,M99 240773,2,false,
30208,M99 240776,,false,
30209,M13 240628,257,false,
30210,M13 240691,257,false,
30211,M13 240735,68,false,
30212,M14 240004,,false,
30213,M14 240094,257,false,
30214,M14 240100,1,false,
30215,M14 240107,,false,
30216,76067,120,false,
30217,76536,68,false,
30218,78693,14,false,
30219,78786,14,false,
30220,82231,68,false,
30221,82417,726,false,
30222,86276,68,false,
30223,C M-137,,false,
30224,M03 240641,1,false,
30225,M03 240792,,false,
30226,M03 241190,539,false,
30227,M03 241322,2,false,
30228,M03 241594,93,false,
30229,M03 241630,,false,
30230,M04 240391,87,false,
30231,M04 241279,93,false,
30232,M96 252550,1,false,
30233,M96 252591,,false,
30234,M96 252316,1,false,
30235,M96 253521,,false,
30236,M96 255203,1,false,
30237,M96 255688,540,false,
30238,M96 256246,,false,
30239,F85 0000001,,false,
30240,F85 0000045,,false,
30241,F85 0000076,1,false,
30242,F85 0000171,1,false,
30243,F85 0000671,,false,
30244,F85 0000704,1,false,
30245,F85 0000746,541,false,
30246,E84 000091,68,false,
30247,E84 000967,68,false,
30248,F85 000311,120,false,
30249,F85 001122,120,false,
30250,G86 000031,68,false,
30251,H87 000098,1,false,
30252,H87 002642,68,false,
30253,K89 000575,1,false,
30254,L90 001901,571,false,
30255,L90 002191,1,false,
30256,L91 000268,68,false,
30257,M02 242016,542,false,
30258,M02 242019,,false,
30259,M02 242030,,false,
30260,M02 242007,1,false,
30261,M02 242014,1,false,
30262,M02 242025,1,false,
30263,M02 242035,1,false,
30264,M02 242062,1,false,
30265,M01 242103,,false,
30266,M01 242502,1,false,
30267,M01 242503,1,false,
30268,M05 240852,543,false,
30269,M99 243594,544,false,
30271,M03 241125,1,false,
30272,M09 240651,,false,
30273,M01 240101,,false,
30274,M01 240185,,false,
30275,M07 240108,727,false,
30276,M01 240364,1,false,
30277,M00 242922,45,false,
30278,2012 96,,false,
30279,2012 107,49,false,
30280,2012 151,97,false,
30281,2012 167,77,false,
30282,2012 253,545,false,
30283,2012 493,68,false,
30284,M14 240181,1,false,
30285,M14 240182,,false,
30287,M14 240184,546,false,
30288,M14 240185,2,false,
30289,M14 240186,2,false,
30290,M14 240187,2,false,
30292,M14 240189,2,false,
30293,M14 240190,2,false,
30295,M14 240192,547,false,
30296,M14 240193,548,false,
30297,M14 240194,,false,
30298,M14 240195,548,false,
30299,M14 240196,548,false,
30300,M14 240197,548,false,
30301,M14 240198,548,false,
30302,OVG_12,458,false,
30304,OVG_14,458,false,
30305,OVG_11,57,false,
30306,OVG_7,1,false,
30345,3148-11,,false,
30346,29025,,false,
30347,29032,,false,
30348,29040,,false,
30349,29704,,false,
30350,N6/14,,false,
30351,Gaza27/14,,false,
30352,EXNM379,45,false,
30353,EXNM426,,false,
30354,EXNM431,,false,
30355,EXNM476,2922,false,
30356,EXNM486,,false,
30357,EXNM499,45,false,
30358,IBD-843,467,false,
30359,IBD-844,199,false,
30360,IBD-845,199,false,
30361,IBD-846,9,false,
30362,IBD-847,45,false,
30363,IBD-848,97,false,
30364,IBD-849,62,false,
30365,IBD-850,124,false,
30366,IBD-851,45,false,
30368,IBD-853,3,false,
30369,IBD-854,549,false,
30370,IBD-855,45,false,
30371,IBD-856,45,false,
30372,IBD-857,87,false,
30373,IBD-858,45,false,
30374,IBD-859,217,false,
30375,IBD-860,550,false,
30376,IBD-861,550,false,
30377,IBD-862,551,false,
30378,IBD-863,45,false,
30379,IBD-864,105,false,
30380,IBD-865,45,false,
30382,IBD-867,93,false,
30383,IBD-868,3,false,
30384,IBD-869,3,false,
30385,IBD-870,49,false,
30386,IBD-871,,false,
30387,IBD-872,552,false,
30388,IBD-873,93,false,
30389,IBD-874,553,false,
30390,IBD-875,49,false,
30391,IBD-876,102,false,
30392,IBD-877,3,false,
30393,IBD-878,63,false,
30394,IBD-879,120,false,
30395,IBD-880,45,false,
30397,IBD-883,444,false,
30398,IBD-884,68,false,
30399,IBD-885,68,false,
30400,IBD-886,3,false,
30401,IBD-887,3,false,
30402,IBD-888,127,false,
30403,IBD-889,313,false,
30404,IBD-890,3,false,
30405,IBD-891,3,false,
30406,IBD-892,62,false,
30407,IBD-893,62,false,
30408,IBD-894,87,false,
30409,IBD-895,97,false,
30410,IBD-896,63,false,
30411,IBD-897,442,false,
30412,IBD-899,104,false,
30413,IBD-900,45,false,
30414,IBD-758,554,false,
30415,IBD-759,148,false,
30416,IBD-760,2,false,
30417,IBD-761,45,false,
30418,IBD-762,555,false,
30419,IBD-763,3,false,
30420,IBD-764,141,false,
30421,IBD-765,3,false,
30422,IBD-766,87,false,
30423,IBD-767,15,false,
30424,IBD-768,3,false,
30425,IBD-769,87,false,
30426,IBD-770,68,false,
30427,IBD-771,1,false,
30428,IBD-772,68,false,
30429,IBD-773,150,false,
30430,IBD-774,198,false,
30431,IBD-775,62,false,
30432,IBD-776,554,false,
30433,IBD-777,141,false,
30434,IBD-778,3,false,
30435,IBD-779,257,false,
30436,IBD-780,3,false,
30437,IBD-781,45,false,
30438,IBD-782,2,false,
30439,IBD-783,104,false,
30440,IBD-784,685,false,
30441,IBD-785,1,false,
30442,IBD-786,15,false,
30443,IBD-787,556,false,
30444,IBD-788,1,false,
30445,IBD-789,3,false,
30446,IBD-790,93,false,
30447,IBD-791,93,false,
30448,IBD-792,150,false,
30449,IBD-793,557,false,
30450,IBD-794,87,false,
30452,IBD-882,49,false,
30453,IBD-898,45,false,
30454,2093-13,,false,
30455,951-12,,false,
30456,M-063-14,,false,
30457,OVG_MenP1_1,3,false,
30458,2014-095,,false,
30459,29022,,false,
30460,29044,,false,
30461,29047,,false,
30462,DE13208,,false,
30463,20140717-03,,false,
30464,12020/14,,false,
30465,MK6/14,,false,
30466,NMA510612,29,false,
30467,NG194,,false,
30468,NG486,,false,
30469,NG693,,false,
30470,NG2232,,false,
30471,NG2308,,false,
30472,NG3339,,false,
30473,NG3375,,false,
30474,NG3533,,false,
30475,NG3836,,false,
30476,NG4275,,false,
30477,NG4322,,false,
30478,NG4685,,false,
30479,NG6057,,false,
30480,NG8473,,false,
30481,NG8870,,false,
30482,M-074-14,,false,
30483,NG2399,,false,
30484,816/14,,false,
30485,1828/14,,false,
30486,183/14,,false,
30487,1695/14,,false,
30488,1753/14,,false,
30489,2190/14,,false,
30490,3278/14,,false,
30491,4543/13,,false,
30492,4653/13,,false,
30493,2012-122,,false,
30494,0029/14,,false,
30495,0030/14,,false,
30496,0031/14,,false,
30497,0032/14,,false,
30498,0033/14,,false,
30499,0034/14,,false,
30500,0036/14,,false,
30501,0038/14,4760,false,
30502,M05799,,false,
30503,M06395,141,false,
30504,M07825,,false,
30505,M20889,,false,
30506,IBD-901,564,false,
30507,IBD-902,3,false,
30508,IBD-903,,false,
30509,IBD-904,444,false,
30511,IBD-906,118,false,
30512,IBD-907,274,false,
30513,IBD-908,62,false,
30514,IBD-909,104,false,
30515,IBD-910,45,false,
30516,IBD-911,62,false,
30517,IBD-912,288,false,
30518,IBD-913,45,false,
30519,IBD-914,87,false,
30520,IBD-915,565,false,
30521,IBD-916,1,false,
30522,IBD-917,3,false,
30523,IBD-918,257,false,
30525,IBD-920,3,false,
30526,IBD-921,566,false,
30527,IBD-922,1,false,
30528,IBD-923,3,false,
30529,IBD-924,45,false,
30530,IBD-925,45,false,
30531,IBD-926,62,false,
30532,IBD-927,45,false,
30533,IBD-928,567,false,
30534,IBD-929,68,false,
30535,IBD-930,3,false,
30536,IBD-931,93,false,
30537,IBD-932,3,false,
30538,IBD-933,257,false,
30539,IBD-934,62,false,
30540,IBD-935,3,false,
30541,IBD-936,3,false,
30542,IBD-937,3,false,
30543,IBD-938,150,false,
30544,IBD-939,127,false,
30545,IBD-940,568,false,
30546,IBD-941,49,false,
30547,IBD-942,62,false,
30548,IBD-943,288,false,
30549,IBD-944,569,false,
30550,IBD-945,28,false,
30551,IBD-946,49,false,
30552,IBD-947,3,false,
30553,IBD-948,3,false,
30554,IBD-949,569,false,
30555,IBD-950,49,false,
30556,IBD-951,118,false,
30557,IBD-952,570,false,
30558,IBD-953,2,false,
30559,IBD-954,120,false,
30560,IBD-955,571,false,
30562,IBD-957,9,false,
30563,IBD-958,45,false,
30564,IBD-959,45,false,
30565,IBD-960,262,false,
30566,IBD-961,1,false,
30568,IBD-963,572,false,
30569,IBD-964,573,false,
30570,IBD-965,45,false,
30571,IBD-966,3,false,
30572,IBD-967,1,false,
30573,IBD-968,1,false,
30574,IBD-969,570,false,
30575,IBD-970,570,false,
30576,IBD-971,93,false,
30577,IBD-972,574,false,
30578,IBD-973,575,false,
30579,IBD-974,576,false,
30581,IBD-976,1,false,
30582,IBD-977,,false,
30583,IBD-978,564,false,
30584,IBD-979,,false,
30585,IBD-980,15,false,
30586,IBD-981,2,false,
30587,IBD-982,67,false,
30588,IBD-983,93,false,
30589,IBD-984,,false,
30590,IBD-985,105,false,
30591,IBD-986,3,false,
30592,IBD-987,57,false,
30593,IBD-988,45,false,
30594,IBD-989,577,false,
30595,IBD-990,3,false,
30596,IBD-991,578,false,
30597,IBD-992,45,false,
30598,IBD-993,45,false,
30599,IBD-994,196,false,
30600,IBD-995,3,false,
30601,IBD-996,45,false,
30602,IBD-462,49,false,
30603,IBD-463,,false,
30605,IBD-465,65,false,
30606,IBD-466,3,false,
30608,IBD-468,45,false,
30609,IBD-469,,false,
30611,IBD-471,260,false,
30612,IBD-472,1,false,
30613,IBD-473,45,false,
30614,IBD-474,262,false,
30615,IBD-475,1,false,
30617,IBD-477,68,false,
30618,IBD-478,580,false,
30619,IBD-479,,false,
30620,IBD-480,62,false,
30622,IBD-482,,false,
30624,IBD-484,560,false,
30629,IBD-489,560,false,
30631,IBD-491,560,false,
30634,IBD-494,558,false,
30635,IBD-495,106,false,
30638,IBD-498,3,false,
30640,IBD-500,106,false,
30641,IBD-502,582,false,
30642,IBD-504,,false,
30643,IBD-505,47,false,
30646,IBD-508,2,false,
30648,IBD-537,49,false,
30649,IBD-538,583,false,
30650,IBD-539,,false,
30651,IBD-541,584,false,
30654,IBD-545,585,false,
30655,IBD-546,3,false,
30656,IBD-548,49,false,
30657,IBD-549,,false,
30658,IBD-550,262,false,
30659,IBD-551,47,false,
30660,IBD-552,586,false,
30662,IBD-554,587,false,
30663,IBD-555,87,false,
30664,IBD-556,259,false,
30665,IBD-557,588,false,
30666,IBD-558,106,false,
30667,IBD-439,62,false,
30668,IBD-429,45,false,
30670,IBD-511,62,false,
30671,IBD-513,62,false,
30672,IBD-514,62,false,
30673,IBD-529,57,false,
30675,IBD-585,57,false,
30678,IBD-501,589,false,
30680,IE10Nm01,93,false,
30681,IE14Nm01,93,false,
30682,IE10Nm02,93,false,
30683,IE10Nm03,93,false,
30684,IE14Nm03,45,false,
30685,IE10Nm04,93,false,
30686,IE14Nm04,77,false,
30687,IE10Nm05,66,false,
30688,IE14Nm05,686,false,
30689,IE14Nm06,45,false,
30690,IE10Nm07,,false,
30691,IE14Nm07,45,false,
30692,IE14Nm08,45,false,
30693,IE10Nm09,45,false,
30694,IE14Nm09,,false,
30695,1064/14,,false,
30696,12011-09,45,false,
30697,IE10Nm11,,false,
30698,12011-14,259,false,
30699,IE10Nm12,9,false,
30701,IE10Nm15,45,false,
30702,IE10Nm16,50,false,
30703,IE10Nm17,93,false,
30704,IE10Nm18,120,false,
30705,12707,,false,
30706,IE10Nm20,45,false,
30707,IE10Nm21,45,false,
30708,IE13Nm21,150,false,
30709,IE10Nm22,127,false,
30710,IE13Nm22,93,false,
30711,IE10Nm23,,false,
30712,IE13Nm24,,false,
30713,IE13Nm25,,false,
30714,IE13Nm27,113,false,
30715,12028-13,87,false,
30716,IE13Nm29,45,false,
30718,IE13Nm31,,false,
30719,IE13Nm32,45,false,
30720,12033-13,45,false,
30721,12034-13,87,false,
30722,IE13Nm43,45,false,
30723,IE13Nm36,93,false,
30724,12037-09,93,false,
30725,IE13Nm37,93,false,
30726,12038-09,9,false,
30727,12038-13,1,false,
30728,12039-09,,false,
30729,IE13Nm39,87,false,
30730,12040-09,66,false,
30731,IE13Nm40,,false,
30732,12041-09,66,false,
30733,IE13Nm41,,false,
30734,12042-13,57,false,
30735,12043-09,93,false,
30736,IE13Nm35,272,false,
30737,12044-09,45,false,
30738,IE13Nm44,,false,
30739,12045-09,45,false,
30740,12045-13,97,false,
30741,12046-09,590,false,
30742,IE13Nm46,,false,
30743,IE13Nm47,591,false,
30744,12708,2256,false,
30745,12050-09,,false,
30746,12051-09,45,false,
30747,12343,,false,
30748,12054-09,9,false,
30749,IE13Nm54,,false,
30750,IE13Nm55,87,false,
30751,12056-09,,false,
30752,IE13Nm56,9,false,
30753,12057-09,87,false,
30754,12059-09,3,false,
30755,12060-09,,false,
30756,12087-06,45,false,
30757,3193-99,,false,
30758,M1.1,,false,
30759,M13.1,45,false,
30760,M14.1,592,false,
30761,M16.1,93,false,
30762,M2.1,45,false,
30763,M20.1,93,false,
30764,M30.1,68,false,
30765,M31.1,45,false,
30766,M32.1,93,false,
30767,M34.1,45,false,
30768,M35.1,45,false,
30769,M42.1,,false,
30770,M45.1,563,false,
30771,M46.2,563,false,
30772,M46.3,45,false,
30773,IBD-607,9,false,
30870,IBD-997,569,false,
30871,IBD-998,3,false,
30872,IBD-999,45,false,
30873,IBD-1000,45,false,
30874,IBD-1001,45,false,
30875,IBD-1002,118,false,
30877,IBD-1004,569,false,
30878,IBD-1005,598,false,
30879,IBD-1006,3,false,
30880,IBD-1007,66,false,
30881,IBD-1008,64,false,
30882,IBD-1009,87,false,
30883,IBD-1010,1,false,
30884,IBD-1011,68,false,
30885,IBD-1012,599,false,
30886,IBD-1013,569,false,
30887,IBD-1014,,false,
30888,IBD-1015,127,false,
30889,IBD-1016,45,false,
30890,IBD-1017,3,false,
30891,IBD-1018,45,false,
30892,IBD-1019,62,false,
30893,IBD-1020,62,false,
30894,IBD-1021,45,false,
30896,IBD-1023,1,false,
30897,IBD-1024,24,false,
30898,IBD-1025,,false,
30899,IBD-1026,45,false,
30900,IBD-1027,3,false,
30901,IBD-1028,600,false,
30902,IBD-1029,45,false,
30903,IBD-1030,104,false,
30904,IBD-1031,104,false,
30905,IBD-1032,127,false,
30906,IBD-1033,3,false,
30907,IBD-1034,1,false,
30908,IBD-1035,1,false,
30909,IBD-1036,1,false,
30910,IBD-1037,43,false,
30911,IBD-1038,13,false,
30912,IBD-1039,,false,
30913,IBD-1040,39,false,
30914,IBD-1041,63,false,
30915,IBD-1042,569,false,
30916,IBD-1043,62,false,
30917,IBD-1044,45,false,
30918,IBD-1045,2,false,
30919,IBD-1046,601,false,
30920,IBD-1047,601,false,
30922,IBD-1049,572,false,
30925,IBD-1052,602,false,
30926,IBD-1053,3,false,
30927,IBD-1054,3,false,
30928,IBD-1055,127,false,
30929,IBD-1056,569,false,
30930,IBD-1057,1,false,
30931,IBD-1058,68,false,
30932,IBD-1059,62,false,
30933,IBD-1060,64,false,
30934,IBD-1061,49,false,
30935,IBD-1062,120,false,
30936,IBD-1063,45,false,
30937,IBD-1064,49,false,
30938,IBD-1065,603,false,
30939,IBD-1066,1,false,
30940,IBD-1067,127,false,
30941,IBD-1068,3,false,
30942,IBD-1069,3,false,
30943,IBD-1070,257,false,
30946,IBD-1073,3,false,
30947,IBD-1074,93,false,
30948,IBD-1075,62,false,
30949,IBD-1076,49,false,
30950,IBD-1077,220,false,
30951,IBD-1078,5787,false,
30952,IBD-1079,1,false,
30953,IBD-1080,1,false,
30954,IBD-1081,604,false,
30955,IBD-1082,104,false,
30957,IBD-1084,1,false,
30958,IBD-1085,93,false,
30959,IBD-1086,64,false,
30960,IBD-1087,87,false,
30961,IBD-1088,274,false,
30962,IBD-1089,67,false,
30963,IBD-1090,45,false,
30964,IBD-1091,93,false,
30965,IBD-1092,605,false,
30966,IBD-1130,606,false,
30967,IBD-1131,1,false,
30968,IBD-1132,57,false,
30969,IBD-1133,601,false,
30970,IBD-1134,1,false,
30971,IBD-1135,1,false,
30972,IBD-1136,93,false,
30973,IBD-1137,68,false,
30974,IBD-1138,607,false,
30975,IBD-1139,1,false,
30976,IBD-1140,1,false,
30977,IBD-1141,2,false,
30979,IBD-1143,87,false,
30980,IBD-1144,68,false,
30981,IBD-1145,3,false,
30982,IBD-376,120,false,
30983,IBD-377,119,false,
30984,IBD-378,445,false,
30985,IBD-379,608,false,
30986,IBD-380,609,false,
30987,IBD-381,2,false,
30988,IBD-382,428,false,
30989,IBD-383,41,false,
30990,IBD-384,610,false,
30991,IBD-385,611,false,
30992,IBD-386,57,false,
30993,IBD-387,57,false,
30994,IBD-388,93,false,
30995,IBD-389,148,false,
30996,IBD-390,93,false,
30997,IBD-391,68,false,
30998,IBD-392,288,false,
30999,IBD-394,57,false,
31000,IBD-395,9,false,
31001,IBD-396,612,false,
31002,IBD-397,613,false,
31003,IBD-398,45,false,
31004,IBD-399,614,false,
31005,IBD-400,288,false,
31006,IBD-401,57,false,
31007,IBD-402,3,false,
31008,IBD-403,97,false,
31009,IBD-404,615,false,
31010,IBD-405,3,false,
31011,IBD-406,104,false,
31012,IBD-407,445,false,
31013,IBD-409,616,false,
31014,IBD-410,5774,false,
31015,IBD-411,67,false,
31016,IBD-412,57,false,
31017,IBD-414,104,false,
31019,IBD-362,3,false,
31022,IBD-365,617,false,
31025,IBD-368,120,false,
31026,IBD-369,1,false,
31027,IBD-370,3,false,
31028,IBD-371,257,false,
31029,IBD-372,3,false,
31030,IBD-373,120,false,
31032,IBD-375,618,false,
31034,IBD-451,3,false,
31035,IBD-452,2,false,
31036,IBD-453,3,false,
31037,IBD-454,3,false,
31038,IBD-455,87,false,
31039,IBD-456,3,false,
31041,IBD-458,1,false,
31042,IBD-459,93,false,
31043,IBD-460,1,false,
31044,IBD-461,141,false,
31046,IBD-540,619,false,
31049,2141507,,false,
31050,IBD-560,3,false,
31053,IBD-563,3,false,
31055,IBD-565,3,false,
31056,IBD-566,93,false,
31057,IBD-567,3,false,
31059,IBD-569,93,false,
31060,IBD-570,93,false,
31061,IBD-571,3,false,
31062,IBD-572,93,false,
31066,IBD-576,3,false,
31067,IBD-1093,68,false,
31068,IBD-1094,104,false,
31069,IBD-1095,87,false,
31070,IBD-1096,5157,false,
31071,IBD-1097,45,false,
31072,IBD-1098,45,false,
31073,IBD-1099,45,false,
31077,IBD-1103,620,false,
31078,IBD-1104,45,false,
31080,IBD-1106,262,false,
31082,IBD-1108,3,false,
31083,IBD-1109,1,false,
31085,IBD-1111,,false,
31086,IBD-1112,274,false,
31087,IBD-1113,274,false,
31088,IBD-1114,274,false,
31089,IBD-1115,87,false,
31090,IBD-1116,62,false,
31091,IBD-1117,1,false,
31093,IBD-1119,257,false,
31094,IBD-1120,68,false,
31095,IBD-1121,257,false,
31096,IBD-1122,569,false,
31097,IBD-1123,67,false,
31098,IBD-1124,1,false,
31099,IBD-1125,274,false,
31100,IBD-1126,127,false,
31101,IBD-1127,67,false,
31103,IBD-1129,622,false,
31105,IBD-797,262,false,
31106,IBD-798,2,false,
31107,IBD-799,68,false,
31114,ALB0403,,false,
31115,ATL0103,,false,
31116,ATL0117,,false,
31117,ATL0105,,false,
31118,MIA0202,,false,
31119,MIA0309,,false,
31120,NYC0507,,false,
31121,NYC0513,,false,
31122,NG14,,false,
31123,NG18,,false,
31124,NG19,,false,
31125,MU_NG1,640,false,
31126,NG20,,false,
31127,NG8,,false,
31128,SK1902,367,false,
31129,SK12684,16,false,
31130,NG4,,false,
31131,DE12817,,false,
31132,DE12820,,false,
31133,DE12835,,false,
31134,DE12844,,false,
31135,DE12848,,false,
31136,DE12899,,false,
31137,DE12912,,false,
31138,DE12916,,false,
31139,DE12922,,false,
31140,DE12930,,false,
31141,DE12936,,false,
31142,DE12941,,false,
31143,DE12945,,false,
31144,DE12947,,false,
31145,DE12960,,false,
31146,DE12992,,false,
31147,M23675,108,false,
31148,M14 240411,1,false,
31149,M14 240412,1,false,
31150,M14 240413,1,false,
31151,M14 240414,1,false,
31152,M14 240415,1,false,
31154,DE13236,,false,
31155,M14 240416,1,false,
31156,M14 240417,1,false,
31157,M14 240418,1,false,
31158,M14 240419,1,false,
31159,M14 240420,1,false,
31160,M14 240421,1,false,
31161,M14 240422,1,false,
31162,M14 240329,2,false,
31163,M14 240380,45,false,
31164,M14 240443,1,false,
31165,M14 240444,1,false,
31166,M14 240445,,false,
31167,M14 240446,1,false,
31168,M14 240447,1,false,
31169,M14 240448,,false,
31170,M14 240449,45,false,
31171,2014-073,,false,
31172,2014-074,,false,
31173,2014-136,,false,
31174,NIID575,,false,
31175,2014-034,,false,
31176,NM8250,208,false,
31177,NM8307,95,false,
31178,NM8365,16,false,
31179,NM8468,454,false,
31180,NM8525,93,false,
31181,NM8558,455,false,
31182,NM8572,396,false,
31183,NM8583,454,false,
31184,NM8602,65,false,
31185,NM8633,2,false,
31186,NM8652,407,false,
31187,NM8674,95,false,
31188,NM8726,,false,
31189,NM8736,49,false,
31190,NM9062,196,false,
31191,NM9071,,false,
31192,NM9124,65,false,
31193,NM9396,367,false,
31195,NM9658,407,false,
31196,NM9853,45,false,
31197,NM9905,45,false,
31198,NM9954,97,false,
31199,NM10052,120,false,
31200,NM10053,,false,
31201,NM10313,62,false,
31202,NM10364,407,false,
31203,NM10421,68,false,
31204,NM10492,65,false,
31205,NM10762,,false,
31206,NM10763,457,false,
31207,NM10833,45,false,
31208,NM10853,33,false,
31209,NM10863,45,false,
31210,NM10864,45,false,
31211,NM10989,97,false,
31212,NM11067,49,false,
31213,NM11099,87,false,
31214,LIM707,310,false,
31215,LIM534,29,false,
31216,AÑ1569,,false,
31217,AÑ1571,,false,
31218,AÑ1576,,false,
31219,AÑ1574,,false,
31220,AÑ1579,,false,
31221,AÑ1582,,false,
31222,AÑ1585,,false,
31223,AÑ1586,,false,
31224,AÑ1594,,false,
31225,AÑ1595,,false,
31226,AO1598,,false,
31227,AO1602,,false,
31228,AO1605,,false,
31229,AO1610,,false,
31230,AO1613,,false,
31231,AO1627,,false,
31232,AO1632,,false,
31233,AO1634,,false,
31234,AO1635,,false,
31235,AP1637,,false,
31236,AP1638,,false,
31237,AP1640,,false,
31238,AP1655,,false,
31239,AP1664,,false,
31240,AP1665,,false,
31241,AP1666,,false,
31242,AQ1668,,false,
31243,AQ1669,,false,
31244,AQ1672,,false,
31245,AQ1674,,false,
31246,AQ1678,,false,
31247,AQ1684,,false,
31248,AQ1686,,false,
31249,AQ1688,,false,
31250,AQ1693,,false,
31251,AQ1694,,false,
31252,AQ1696,,false,
31253,AQ1698,,false,
31254,AQ1700,,false,
31255,AQ1702,,false,
31256,AQ1704,,false,
31257,AQ1705,,false,
31258,AQ1706,,false,
31259,AQ1707,,false,
31260,AQ1718,,false,
31261,AQ1719,,false,
31262,AQ1730,,false,
31263,AS1757,,false,
31264,AS1759,,false,
31265,AS1760,,false,
31266,AS1765,,false,
31267,AS1769,,false,
31268,AS1770,,false,
31269,AS1177,,false,
31270,AS1778,,false,
31271,AS1786,,false,
31272,AT1800,,false,
31273,AT1806,,false,
31274,AT1808,,false,
31275,AT1809,,false,
31276,AT1820,,false,
31277,AT1822,,false,
31278,AT1824,,false,
31279,AT1834,,false,
31280,AU1840,,false,
31281,AU1841,,false,
31282,AU1852,,false,
31283,AU1875,,false,
31284,AU1883,,false,
31285,AV1889,,false,
31286,AV1901,,false,
31287,AV1906,,false,
31288,AV1945,,false,
31289,AV1947,,false,
31290,AV1956,,false,
31291,AV1963,,false,
31292,AX2022,,false,
31293,AY2056,,false,
31294,AZ2081,,false,
31295,AZ2083,,false,
31296,0035/14,,false,
31297,0037/14,,false,
31298,0039/14,,false,
31299,0040/14,,false,
31300,0047/14,,false,
31301,0048/14,,false,
31302,0050/14,,false,
31303,0051/14,,false,
31304,0052/14,,false,
31305,0053/14,,false,
31306,13515,2256,false,
31307,12714,,false,
31308,14-8701672,,false,
31309,M-116-14,,false,
31310,NM174,1,false,
31311,NM3147,,false,
31312,2001072,1,false,
31313,2001073,1,false,
31314,2005079,1,false,
31315,2005040,,false,
31316,2002004,1,false,
31317,NM3686,1,false,
31318,NM3682,1,false,
31319,M10208,1,false,
31320,NM3687,1,false,
31321,NM3681,1,false,
31322,M20599,623,false,
31323,M1412,1,false,
31324,M12611,,false,
31325,NM3680,,false,
31326,NM3684,,false,
31327,NM3685,,false,
31328,NM3688,,false,
31329,12010/01,,false,
31330,12036/01,,false,
31331,12041/01,,false,
31332,NM3683,1,false,
31333,W0306,21,false,
31334,W0322,21,false,
31335,W0362,21,false,
31336,W0370,21,false,
31337,W0420,21,false,
31338,W0492,21,false,
31339,W0550,21,false,
31340,W0560,21,false,
31341,W0561,21,false,
31342,W0563,21,false,
31343,W0564,21,false,
31344,W0569,21,false,
31345,W0587,21,false,
31346,W0592,21,false,
31347,W0603,21,false,
31348,W0604,21,false,
31349,W0611,21,false,
31350,W0613,21,false,
31351,W0618,21,false,
31352,W0627,21,false,
31353,W0725,21,false,
31354,W0749,21,false,
31355,W0751,21,false,
31356,W0761,21,false,
31357,W0762,21,false,
31358,W0782,21,false,
31359,W0789,21,false,
31360,W0818,21,false,
31361,W0885,21,false,
31362,LG0186,21,false,
31363,LG0394,21,false,
31364,LG0671,21,false,
31365,LG1091,21,false,
31366,LG1291,21,false,
31367,LG1515,21,false,
31368,LG1721,21,false,
31369,LG1851,21,false,
31370,LG0199,21,false,
31371,LG0458,21,false,
31372,LG0674,21,false,
31373,LG1094,21,false,
31374,LG1295,21,false,
31375,LG1548,21,false,
31376,LG1736,21,false,
31377,LG1861,21,false,
31378,LG0205,21,false,
31379,LG0463,21,false,
31380,LG0675,21,false,
31381,LG1114,624,false,
31382,LG1342,21,false,
31383,LG1580,21,false,
31384,LG1737,21,false,
31385,LG1865,21,false,
31386,LG0211,21,false,
31387,LG0465,21,false,
31388,LG0689,21,false,
31389,LG1126,21,false,
31390,LG1346,21,false,
31391,LG1619,21,false,
31392,LG1739,21,false,
31393,W0065,21,false,
31394,LG0241,21,false,
31395,LG0493,21,false,
31396,LG0735,21,false,
31397,LG1132,625,false,
31398,LG1347,21,false,
31399,LG1628,21,false,
31400,LG1740,21,false,
31401,W0185,21,false,
31402,LG0261,21,false,
31403,LG0516,21,false,
31404,LG0751,21,false,
31405,LG1133,21,false,
31406,LG1349,21,false,
31407,LG1630,21,false,
31408,LG1745,21,false,
31409,W0204,21,false,
31410,LG0273,21,false,
31411,LG0541,21,false,
31412,LG0790,21,false,
31413,LG1137,21,false,
31414,LG1365,21,false,
31415,LG1635,21,false,
31416,LG1757,21,false,
31417,W0239,21,false,
31418,LG0285,21,false,
31419,LG0571,21,false,
31420,LG0795,21,false,
31421,LG1197,21,false,
31422,LG1375,21,false,
31423,LG1636,21,false,
31424,LG1781,21,false,
31425,W0251,21,false,
31426,LG0311,21,false,
31427,LG0621,21,false,
31428,LG0910,21,false,
31429,LG1244,21,false,
31430,LG1423,21,false,
31431,LG1644,21,false,
31432,LG1799,21,false,
31433,W0255,21,false,
31434,LG0353,21,false,
31435,LG0633,21,false,
31436,LG0931,21,false,
31437,LG1248,21,false,
31438,LG1456,21,false,
31439,LG1685,21,false,
31440,LG1810,21,false,
31441,W0264,21,false,
31442,LG0355,21,false,
31443,LG0640,21,false,
31444,LG0989,21,false,
31445,LG1274,21,false,
31446,LG1477,21,false,
31447,LG1687,21,false,
31448,LG1834,21,false,
31449,W0296,21,false,
31450,LG0383,21,false,
31451,LG0660,21,false,
31452,LG1009,21,false,
31453,LG1289,21,false,
31454,LG1512,21,false,
31455,LG1719,21,false,
31456,LG1850,21,false,
31457,POL_12_153,,false,
31458,NO_09_3569,16,false,
31459,SI12-21,,false,
31460,GC_0808699,1006,false,
31461,WHO_O,21,false,
31462,GC_10775,16,false,
31463,590_4,21,false,
31464,590_10,18,false,
31465,590_68,367,false,
31466,GC_0811053,16,false,
31467,GC_0817358,626,false,
31468,NO_09_O1,21,false,
31469,BEL_09_4,627,false,
31470,BEL_09_12,16,false,
31471,10868_8_44,628,false,
31472,BEL_09_43,18,false,
31473,BEL_09_44,16,false,
31474,BEL_09_45,16,false,
31475,BEL_09_8,16,false,
31476,BEL_09_28,629,false,
31477,BEL_09_37,369,false,
31478,SI09_08,18,false,
31479,EST_10_6,630,false,
31480,EST_10_11TK,631,false,
31481,EST_10_16,1011,false,
31482,EST_10_18,628,false,
31483,EST_10_22,18,false,
31484,EST_10_25,16,false,
31485,BEL_10_6,16,false,
31486,BEL_10_46M,16,false,
31487,BEL_10_59M,629,false,
31488,BEL_10_66M,16,false,
31489,POL_10_1,367,false,
31490,POL_10_11,21,false,
31491,POL_10_24,18,false,
31492,POL_10_29,21,false,
31493,POL_10_31,626,false,
31494,SI10_15,16,false,
31495,SI10_21,16,false,
31496,SI10_28,630,false,
31497,EST_11_8,18,false,
31498,EST_11_14,18,false,
31499,EST_11_17,630,false,
31500,EST_11_24,628,false,
31501,BEL_11_103,16,false,
31502,BEL_11_154,632,false,
31503,BEL_11_163,16,false,
31504,316/-11,16,false,
31505,WHO_Y,16,false,
31506,POL_11_54,21,false,
31507,POL_11_89,18,false,
31508,POL_11_139,16,false,
31509,POL_11_148,633,false,
31510,SI11-15,21,false,
31511,EST_12_19,631,false,
31512,EST_12_26,634,false,
31513,POL_12_167,16,false,
31514,POL_12_197,16,false,
31515,POL_12_B2a,16,false,
31516,POL_12_B3a,16,false,
31517,SI12-18,367,false,
31518,SI12-32,18,false,
31519,SI12-44,18,false,
31520,NG9701,16,false,
31521,NG9803,16,false,
31522,989000018,16,false,
31523,989000168,16,false,
31524,989000300,21,false,
31525,989000443,635,false,
31526,989000163,23,false,
31527,989000076,18,false,
31528,989000021,636,false,
31529,989000027,18,false,
31530,989000038,18,false,
31531,989000039,18,false,
31532,989000375,373,false,
31533,989000070,18,false,
31534,989000077,18,false,
31535,989000080,637,false,
31536,989000438,23,false,
31537,NG9914,16,false,
31538,999000076,18,false,
31539,999000079,367,false,
31540,999000049,375,false,
31541,999000099,18,false,
31542,999000013,636,false,
31543,999000020,18,false,
31544,IN_09_3306,638,false,
31545,IN_10_167,18,false,
31546,IN_10_1094,18,false,
31547,IN_10_1148,18,false,
31548,IN_10_104,367,false,
31549,IN_10_116,367,false,
31550,BX4109,18,false,
31551,989000164,18,false,
31552,999000004,18,false,
31553,989000034,367,false,
31554,989000209,367,false,
31555,989000277,367,false,
31556,989000371,16,false,
31557,989000062,367,false,
31558,989000310,636,false,
31559,GC_0809944,639,false,
31560,GC_0817560,16,false,
31561,14_358,367,false,
31562,WHO_F,640,false,
31563,989000059,18,false,
31564,989000236,18,false,
31565,989000408,367,false,
31566,WHO_P,641,false,
31567,359000082,16,false,
31568,259000214,367,false,
31569,259000217,642,false,
31570,259000218,167,false,
31571,259000220,22,false,
31572,259000216,17,false,
31573,259000213,373,false,
31574,259000221,643,false,
31575,259000222,18,false,
31576,259000223,16,false,
31577,259000224,18,false,
31578,989000124,18,false,
31579,989000439,16,false,
31580,989000145,21,false,
31581,989000146,21,false,
31582,989000120,644,false,
31583,989000133,627,false,
31584,989000170,18,false,
31585,989000352,21,false,
31586,989000380,16,false,
31587,989000257,21,false,
31588,989000326,627,false,
31589,989000089,367,false,
31590,989000404,378,false,
31591,989000419,18,false,
31592,989000026,18,false,
31593,999000071,18,false,
31594,999000056,,false,
31595,05_590_385,645,false,
31596,05_590_246,16,false,
31597,05_590_269,16,false,
31598,05_590_290,367,false,
31599,02801,16,false,
31600,01902,16,false,
31601,02201,16,false,
31602,GC_0806956,627,false,
31603,590_344,16,false,
31604,590_163,16,false,
31605,590_318,16,false,
31606,590_345,18,false,
31607,590_2,18,false,
31608,590_277,367,false,
31609,590_267,367,false,
31610,GC_0818546,1006,false,
31611,GC_0804060,21,false,
31612,590_302,632,false,
31613,590_319,636,false,
31614,590_174,636,false,
31615,SI08_01,1006,false,
31616,SI08_05,369,false,
31617,SI08_07,626,false,
31618,SI08_22,16,false,
31619,SI08_26,16,false,
31620,NO_09_3580,21,false,
31621,NO_09_3583,367,false,
31622,NO_09_3595,16,false,
31623,NO_09_3612,16,false,
31624,NO_09_3616,16,false,
31625,NO_09_S4,21,false,
31626,NO_09_HUS20,18,false,
31627,EST_09_5,646,false,
31628,10868_8_49,16,false,
31629,SI09_04,369,false,
31630,SI09_11,18,false,
31631,SI09_12,21,false,
31632,BEL_10_33,628,false,
31633,BEL_10_41,16,false,
31634,10_590_246,16,false,
31635,POL_10_5,633,false,
31636,POL_10_12,22,false,
31637,POL_10_17,18,false,
31638,POL_10_21,21,false,
31639,POL_10_22,18,false,
31640,SI10_05,18,false,
31641,SI10_13,647,false,
31642,BEL_11_116,16,false,
31643,BEL_11_126,16,false,
31644,75/-12,21,false,
31645,POL_11_79,16,false,
31646,POL_11_80,1006,false,
31647,POL_11_116,16,false,
31648,POL_11_129,16,false,
31649,POL_11_131,16,false,
31650,POL_11_133,21,false,
31651,SI11-10,21,false,
31652,SI11-14,16,false,
31653,EST_12_20,630,false,
31654,EST_12_21,18,false,
31655,EST_12_23,627,false,
31656,POL_12_154,16,false,
31657,POL_12_159,633,false,
31658,POL_12_170,16,false,
31659,POL_12_187,16,false,
31660,POL_12_214,16,false,
31661,SI12-08,18,false,
31662,215/-02,18,false,
31663,WHO_M,16,false,
31664,WHO_L,375,false,
31665,WHO_J,16,false,
31666,WHO_I,375,false,
31667,NG9712,16,false,
31668,NG9811,16,false,
31669,989000269,635,false,
31670,989000050,16,false,
31671,989000181,18,false,
31672,989000294,378,false,
31673,989000441,636,false,
31674,989000019,21,false,
31675,989000060,21,false,
31676,989000091,18,false,
31677,989000103,18,false,
31678,989000104,18,false,
31679,989000142,21,false,
31680,989000176,16,false,
31681,NG9901,22,false,
31682,KN11-32,16,false,
31683,999000133,635,false,
31684,999000023,18,false,
31685,GCGS0013,18,false,
31686,GCGS0015,374,false,
31687,999000027,375,false,
31688,999000072,18,false,
31689,999000085,18,false,
31690,999000116,18,false,
31691,NG0031,16,false,
31692,NG0047,16,false,
31693,NG0002,16,false,
31694,NG0005,,false,
31695,WHO_K,16,false,
31696,05_590_12,367,false,
31697,05_590_11,367,false,
31698,05_590_29,18,false,
31699,NG0526,16,false,
31700,IN_07_1574,18,false,
31701,IN_07_1808,18,false,
31702,08_590_281,16,false,
31703,08_590_382,21,false,
31704,08_590_411,16,false,
31705,08_590_215,648,false,
31706,08_590_61,18,false,
31707,08_590_372,367,false,
31708,08_590_8,18,false,
31709,IN_09_3090,375,false,
31710,IN_09_2806,18,false,
31711,IN_09_3293,18,false,
31712,IN_09_3501,18,false,
31713,IN_09_3782,18,false,
31714,IN_09_5163,16,false,
31715,BX5602,649,false,
31716,BX6956,18,false,
31717,BX7087,18,false,
31718,W8934,18,false,
31719,IN_10_449,18,false,
31720,IN_10_1457,23,false,
31721,IN_10_1412,650,false,
31722,IN_10_1221,16,false,
31723,IN_10_1820,651,false,
31724,IN_10_1832,367,false,
31725,IN_10_1877,650,false,
31726,IN_10_95,16,false,
31727,IN_10_195,16,false,
31728,IN_10_151,367,false,
31729,IN_10_152,367,false,
31730,IN_10_145,367,false,
31731,BX3450,18,false,
31732,BX4094,18,false,
31733,10_590_272,16,false,
31734,10_590_244,16,false,
31735,BX2715,21,false,
31736,SI11-01,18,false,
31737,GC0801038,652,false,
31738,989000202,16,false,
31739,NG0109,16,false,
31740,KN13_110,16,false,
31741,NG0035,16,false,
31742,989000022,16,false,
31743,SI11-06,1006,false,
31744,989000161,17,false,
31745,989000243,375,false,
31746,989000127,375,false,
31747,03_590_188,375,false,
31748,08_590_278,18,false,
31749,999000022,627,false,
31750,NO_09_3581,653,false,
31751,999000113,21,false,
31752,999000098,18,false,
31753,08_590_57,18,false,
31754,08_590_271,373,false,
31755,05_590_10,18,false,
31756,NG0106,18,false,
31757,08_590_48,367,false,
31758,WHO_G,18,false,
31759,BEL_10_23,627,false,
31760,08_590_210,18,false,
31761,05_590_342,21,false,
31762,989000383,18,false,
31763,989000201,18,false,
31764,WHO_N,654,false,
31765,989000432,21,false,
31766,08_590_82,18,false,
31767,08_590_64,18,false,
31768,05_590_264,16,false,
31769,08_590_55,654,false,
31770,989000138,18,false,
31771,989000213,18,false,
31772,EST_11_1,628,false,
31773,KN13_16,16,false,
31774,989000054,367,false,
31775,NG0102,16,false,
31776,229/-12,16,false,
31777,NG0521,16,false,
31778,KN13_24,16,false,
31779,08_590_79,16,false,
31780,08_590_93,373,false,
31781,EST_09_10,646,false,
31782,989000075,626,false,
31783,989000040,22,false,
31784,SI09_19,16,false,
31785,BEL_11_147,632,false,
31786,999000015,367,false,
31787,989000377,367,false,
31788,989000285,367,false,
31789,989000395,367,false,
31790,989000378,367,false,
31791,989000325,367,false,
31792,IN_07_114,18,false,
31793,05_590_8,367,false,
31794,989000284,367,false,
31795,05_590_371,367,false,
31796,08_590_193,367,false,
31797,05_590_35,367,false,
31798,989000355,644,false,
31799,05_590_339,367,false,
31800,04_590_58,367,false,
31801,590_44,18,false,
31802,05_590_374,636,false,
31803,BX8371,21,false,
31804,03_590_99,367,false,
31805,05_590_249,375,false,
31806,05_590_281,16,false,
31807,05_590_37,367,false,
31808,989000335,16,false,
31809,03_590_96,367,false,
31810,08_590_231,18,false,
31811,08_590_81,23,false,
31812,05_590_273,655,false,
31813,IN_09_2768,23,false,
31814,IN_08_1570,23,false,
31815,989000114,367,false,
31816,999000135,18,false,
31817,989000407,643,false,
31834,999000076,18,false,
31835,999000049,375,false,
31836,999000020,18,false,
31837,999000023,18,false,
31846,999000013,636,false,
31848,999000133,635,false,
31852,999000099,18,false,
31865,POL_12_214,16,false,
31867,BEL_10_73,16,false,
31881,BEL_09_44,16,false,
31883,999000079,367,false,
31896,989000114,367,false,
31905,590_302,632,false,
31906,590_319,636,false,
31908,SI08_01,1006,false,
31917,BEL_11_163,16,false,
31931,WHO_M,16,false,
31941,KN11-32,16,false,
31942,BX2887,367,false,
31943,BX1589,656,false,
31944,BX290,18,false,
31945,BX1099,18,false,
31946,BX596,367,false,
31947,BX1275,18,false,
31948,BX3301,18,false,
31949,BX3245,18,false,
31950,BA4664,372,false,
31951,01_30,18,false,
31952,03_87,375,false,
31953,09_11,21,false,
31954,05_96,21,false,
31955,05_200,657,false,
31956,05_227,18,false,
31957,06_07,21,false,
31958,06_197,21,false,
31959,09_18,21,false,
31960,08_125,16,false,
31961,FC052,16,false,
31962,FC029,16,false,
31963,FC024,16,false,
31964,FC039,16,false,
31965,07_302,636,false,
31966,02_225,658,false,
31967,02_227,21,false,
31968,02_228,659,false,
31969,02_229,660,false,
31970,02_230,640,false,
31971,989000020,16,false,
31972,989000035,16,false,
31973,989000005,644,false,
31974,989000046,644,false,
31975,989000266,644,false,
31976,989000418,16,false,
31977,989000421,18,false,
31978,989000016,367,false,
31979,999000083,661,false,
31980,999000018,367,false,
31981,999000055,367,false,
31982,999000051,16,false,
31983,999000073,636,false,
31984,08_590_00123,367,false,
31985,08_590_125,367,false,
31986,08_590_00126,662,false,
31987,08_590_00127,367,false,
31988,08_590_00128,16,false,
31989,08_590_00129,367,false,
31990,08_590_00130,367,false,
31991,08_590_00131,636,false,
31992,08_590_00132,16,false,
31993,08_590_00133,367,false,
31994,08_590_00134,16,false,
31995,08_590_00135,16,false,
31996,08_590_00136,663,false,
31997,08_590_00141,18,false,
31998,08_590_00142,636,false,
31999,08_590_00143,664,false,
32000,08_590_00144,632,false,
32001,08_590_00145,644,false,
32002,08_590_00146,663,false,
32003,08_590_00147,664,false,
32004,08_590_00148,18,false,
32005,08_590_00149,367,false,
32006,08_590_00150,367,false,
32007,08_590_00153,664,false,
32008,08_590_00154,367,false,
32009,08_590_00156,657,false,
32010,08_590_00157,665,false,
32011,08_590_00138_pg_r,632,false,
32012,08_590_00124,16,false,
32013,08_590_00159,665,false,
32014,590_313,18,false,
32015,590_105,666,false,
32016,GC_0803959,667,false,
32017,GC_10265,668,false,
32018,GC_10643,669,false,
32019,GC_12463,22,false,
32020,02_226,670,false,
32021,989000246,21,false,
32022,590_275,18,false,
32023,JP_r_41,16,false,
32024,Fr_r_89,16,false,
32025,JP_r_41_GM,16,false,
32026,K_GM,16,false,
32027,Fr_r_89d,16,false,
32028,02_232,366,false,
32029,DO29809,17,false,
32030,DO29810,23,false,
32031,DO29811,671,false,
32032,DO32188,671,false,
32033,DO32189,671,false,
32034,DO33763,671,false,
32035,DO31423,378,false,
32036,DO32692,378,false,
32037,DO102,672,false,
32038,DO66,673,false,
32039,DOGK18,674,false,
32040,DO187,658,false,
32041,DO347,675,false,
32042,DO876,676,false,
32043,DO2997,676,false,
32044,DO9901,676,false,
32045,DO13283,367,false,
32046,DO17769,677,false,
32047,DO17941,678,false,
32048,DO6784,378,false,
32049,DO7764,632,false,
32050,DO18273,378,false,
32051,DO31956,378,false,
32052,DO32052,378,false,
32053,DO38932,378,false,
32054,DO68169,18,false,
32055,DOP1,671,false,
32056,DO17717,679,false,
32057,DO27234,671,false,
32058,DO44229,632,false,
32059,DO15174,367,false,
32060,DO261,17,false,
32061,DO303,21,false,
32062,DO313,680,false,
32063,DO418,378,false,
32064,DO427,681,false,
32065,DO438,636,false,
32066,DO442,378,false,
32067,DO445,681,false,
32068,DO451,682,false,
32069,DO462,681,false,
32070,DO65984,678,false,
32071,DO45045,677,false,
32072,DO45046,677,false,
32073,989000348,378,false,
32074,989000093,375,false,
32075,12_308,16,false,
32076,02_231,366,false,
32079,GC_11312,683,false,
32080,DOGK13,678,false,
32081,DO17810,677,false,
32082,0054/14,,false,
32083,0055/14,,false,
32084,0056/14,,false,
32085,0058/14,,false,
32086,0059/14,,false,
32088,2014-161,,false,
32089,DE13015,,false,
32090,DE13025,,false,
32091,DE13032,,false,
32092,DE13058,,false,
32093,DE13061,,false,
32094,DE13083,,false,
32095,DE13086,,false,
32096,NIID576,,false,
32097,DE12852,,false,
32098,DE12872,,false,
32099,DE13070,,false,
32100,DE13077,,false,
32101,27846,,false,
32102,0057/14,,false,
32103,0061/14,,false,
32104,0062/14,,false,
32105,0063/14,,false,
32106,0064/14,,false,
32107,0065/14,,false,
32108,0066/14,,false,
32109,72-00345,,false,
32110,72-00346,,false,
32111,72-01861,,false,
32112,72-04299,,false,
32113,72-05695,,false,
32114,72-06631,,false,
32115,72-08570,,false,
32116,72-10856,,false,
32117,72-13086,,false,
32118,72-16662,,false,
32119,72-26835,,false,
32120,72-27128,,false,
32121,72-27539,,false,
32122,72-32590,,false,
32123,72-38408,,false,
32124,72-42657,,false,
32125,72-45184,,false,
32126,72-45418,,false,
32127,73-00619,,false,
32128,73-01247,,false,
32129,73-02373,,false,
32130,73-02977,,false,
32131,73-03908,,false,
32132,73-05015,,false,
32133,73-08187,,false,
32134,73-10281,,false,
32135,73-10702,,false,
32136,73-11424,,false,
32137,73-14369,,false,
32138,73-14828,,false,
32139,73-15683,,false,
32140,73-20146,,false,
32141,73-21274,,false,
32142,73-21421,,false,
32143,73-21422,,false,
32144,73-21508,,false,
32145,73-21867,,false,
32146,73-22295,,false,
32147,73-24869,,false,
32148,73-24953,,false,
32149,73-25171,,false,
32150,73-25307,,false,
32151,73-27028,,false,
32152,73-28957,,false,
32153,73-30518,,false,
32154,73-31222,,false,
32155,73-33182,,false,
32156,73-34259,,false,
32157,73-34508,,false,
32158,73-34612,,false,
32159,73-36271,,false,
32160,73-36979,,false,
32161,73-37220,,false,
32162,73-38241,,false,
32163,73-38696,,false,
32164,73-38697,,false,
32165,73-39958,,false,
32166,73-40288,,false,
32167,73-40667,,false,
32168,74-00140,,false,
32169,74-00163,,false,
32170,74-00303,,false,
32171,74-00304,,false,
32172,74-00522,,false,
32173,74-00523,,false,
32174,74-01187,,false,
32175,74-01188,,false,
32176,74-01189,,false,
32177,74-02118,,false,
32178,74-03631,,false,
32179,74-03632,,false,
32180,74-03633,,false,
32181,74-03724,,false,
32182,74-03725,,false,
32183,74-05158,,false,
32184,74-05263,,false,
32185,74-05612,,false,
32186,74-06023,,false,
32187,74-06024,,false,
32188,74-06086,,false,
32189,74-06594,,false,
32190,74-06597,,false,
32191,74-06783,,false,
32192,74-06784,,false,
32193,74-07605,,false,
32194,74-07858,,false,
32195,74-08270,,false,
32196,74-08271,,false,
32197,74-09241,,false,
32198,74-09246,,false,
32199,74-10322,,false,
32200,74-10851,,false,
32201,74-10997,,false,
32202,74-10998,,false,
32203,74-11104,,false,
32204,74-11154,,false,
32205,74-11818,,false,
32206,74-12154,,false,
32207,74-12224,,false,
32208,74-12593,,false,
32209,74-12730,,false,
32210,74-12731,,false,
32211,74-13464,,false,
32212,74-13524,,false,
32213,74-14224,,false,
32214,74-14829,,false,
32215,74-15113,,false,
32216,74-15255,,false,
32217,74-16117,,false,
32218,74-16163,,false,
32219,74-16275,,false,
32220,74-16495,,false,
32221,74-17291,,false,
32222,74-17506,,false,
32223,74-18223,,false,
32224,74-18646,,false,
32225,74-19360,,false,
32226,74-19517,,false,
32227,74-20322,,false,
32228,74-20324,,false,
32229,74-20326,,false,
32230,74-20389,,false,
32231,74-20461,,false,
32232,74-20462,,false,
32233,74-21735,,false,
32234,74-21883,,false,
32235,74-22222,,false,
32236,74-22293,,false,
32237,74-22451,,false,
32238,74-22712,,false,
32239,74-22752,,false,
32240,74-23310,,false,
32241,74-23912,,false,
32242,74-24502,,false,
32243,74-24890,,false,
32244,74-25337,,false,
32245,74-25676,,false,
32246,74-26580,,false,
32247,74-27582,,false,
32248,74-28000,,false,
32249,74-29258,,false,
32250,74-29567,,false,
32251,74-31511,,false,
32252,74-31582,,false,
32253,74-32039,,false,
32254,74-32175,,false,
32255,74-32176,,false,
32256,74-32455,,false,
32257,74-33355,,false,
32258,74-34587,,false,
32259,74-34817,,false,
32260,74-35380,,false,
32261,74-35994,,false,
32262,74-36297,,false,
32263,74-36332,,false,
32264,74-36874,,false,
32265,74-37045,,false,
32266,74-37298,,false,
32267,74-37377,,false,
32268,74-39068,,false,
32269,74-39223,,false,
32270,74-42041,,false,
32271,75-00019,,false,
32272,75-00590,,false,
32273,75-00592,,false,
32274,75-00835,,false,
32275,75-01328,,false,
32276,75-01425,,false,
32277,75-01577,,false,
32278,75-01967,,false,
32279,75-02729,,false,
32280,75-03016,,false,
32281,75-03118,,false,
32282,75-04167,,false,
32283,75-05429,,false,
32284,75-05529,,false,
32285,75-05621,,false,
32286,75-06968,,false,
32287,75-07646,,false,
32288,75-08192,,false,
32289,75-08345,,false,
32290,75-08736,,false,
32291,75-08941,,false,
32292,75-09725,,false,
32293,75-09953,,false,
32294,75-11543,,false,
32295,75-11616,,false,
32296,75-12037,,false,
32297,75-12156,,false,
32298,75-12744,,false,
32299,75-13005,,false,
32300,75-13006,,false,
32301,75-13008,,false,
32302,75-13640,,false,
32303,75-14739,,false,
32304,75-14740,,false,
32305,75-14742,,false,
32306,75-14821,,false,
32307,75-14976,,false,
32308,75-14977,,false,
32309,75-15001,,false,
32310,75-15711,,false,
32311,75-15735,,false,
32312,75-16061,,false,
32313,75-16419,,false,
32314,75-17598,,false,
32315,75-18078,,false,
32316,75-18079,,false,
32317,75-18080,,false,
32318,75-18461,,false,
32319,75-20196,,false,
32320,75-20902,,false,
32321,75-21007,,false,
32322,75-21310,,false,
32323,75-21311,,false,
32324,75-21427,,false,
32325,75-22186,,false,
32326,75-22566,,false,
32327,75-23047,,false,
32328,75-23148,,false,
32329,75-23676,,false,
32330,75-24575,,false,
32331,75-25589,,false,
32332,75-26164,,false,
32333,75-26501,,false,
32334,75-27229,,false,
32335,75-28301,,false,
32336,75-29269,,false,
32337,75-29270,,false,
32338,75-29964,,false,
32339,75-30113,,false,
32340,75-30191,,false,
32341,75-32480,,false,
32342,75-32578,,false,
32343,75-33633,,false,
32344,75-34332,,false,
32345,75-35150,,false,
32346,75-35248,,false,
32347,75-35416,,false,
32348,75-35726,,false,
32349,75-36962,,false,
32350,76-00228,,false,
32351,76-00401,,false,
32352,76-00482,,false,
32353,76-00488,,false,
32354,76-00788,,false,
32355,76-01029,,false,
32356,76-01151,,false,
32357,76-01318,,false,
32358,76-01474,,false,
32359,76-01703,,false,
32360,76-01726,,false,
32361,76-03110,,false,
32362,76-03476,,false,
32363,76-03907,,false,
32364,76-04065,,false,
32365,76-04535,,false,
32366,76-04606,,false,
32367,76-04837,,false,
32368,76-05035,,false,
32369,76-05649,,false,
32370,76-05862,,false,
32371,76-05959,,false,
32372,76-05960,,false,
32373,76-06923,,false,
32374,76-07041,,false,
32375,76-07041,,false,
32376,76-07233,,false,
32377,76-08234,,false,
32378,76-08248,,false,
32379,76-08269,,false,
32380,76-08426,,false,
32381,76-08846,,false,
32382,76-09037,,false,
32383,76-09193,,false,
32384,76-09884,,false,
32385,76-10092,,false,
32386,76-10114,,false,
32387,76-10452,,false,
32388,76-10790,,false,
32389,76-10977,,false,
32390,76-11046,,false,
32391,76-11386,,false,
32392,76-12357,,false,
32393,76-12614,,false,
32394,76-12672,,false,
32395,76-13030,,false,
32396,76-13829,,false,
32397,76-13996,,false,
32398,76-14103,,false,
32399,76-14104,,false,
32400,76-14190,,false,
32401,76-14513,,false,
32402,76-14834,,false,
32403,76-14942,,false,
32404,76-15294,,false,
32405,76-16004,,false,
32406,76-16794,,false,
32407,76-16837,,false,
32408,76-17631,,false,
32409,76-18003,,false,
32410,76-18468,,false,
32411,76-18588,,false,
32412,76-18752,,false,
32413,76-19474,,false,
32414,76-19794,,false,
32415,76-20107,,false,
32416,76-20651,,false,
32417,76-21187,,false,
32418,76-21568,,false,
32419,76-21742,,false,
32420,76-22017,,false,
32421,76-22592,,false,
32422,76-23611,,false,
32423,76-23762,,false,
32424,76-24754,,false,
32425,76-25576,,false,
32426,76-25589,,false,
32427,76-25835,,false,
32428,76-25870,,false,
32429,76-26037,,false,
32430,76-26075,,false,
32431,76-26335,,false,
32432,76-26566,,false,
32433,76-27192,,false,
32434,76-27569,,false,
32435,76-28273,,false,
32436,76-28473,,false,
32437,76-28474,,false,
32438,76-28723,,false,
32439,76-29518,,false,
32440,76-30178,,false,
32441,76-30908,,false,
32442,76-31229,,false,
32443,76-31396,,false,
32444,76-31536,,false,
32445,76-31903,,false,
32446,76-33492,,false,
32447,76-33635,,false,
32448,76-33774,,false,
32449,76-34007,,false,
32450,76-34609,,false,
32451,76-35134,,false,
32452,76-36294,,false,
32453,76-36485,,false,
32454,76-36890,,false,
32455,76-37165,,false,
32456,76-37812,,false,
32457,76-38107,,false,
32458,76-38120,,false,
32459,76-38279,,false,
32460,76-38333,,false,
32461,77-00278,,false,
32462,77-00458,,false,
32463,77-00459,,false,
32464,77-01053,,false,
32465,77-02336,,false,
32466,77-02407,,false,
32467,77-02450,,false,
32468,77-02697,,false,
32469,77-02868,,false,
32470,77-03090,,false,
32471,77-03242,,false,
32472,77-05065,,false,
32473,77-05508,,false,
32474,77-05611,,false,
32475,77-06292,,false,
32476,77-06449,,false,
32477,77-06565,,false,
32478,77-07111,,false,
32479,77-07113,,false,
32480,77-07590,,false,
32481,77-08106,,false,
32482,77-09450,,false,
32483,77-09697,,false,
32484,77-09960,,false,
32485,77-10644,,false,
32486,77-10829,,false,
32487,77-11299,,false,
32488,77-11591,,false,
32489,77-11627,,false,
32490,77-11772,,false,
32491,77-12108,,false,
32492,77-12656,,false,
32493,77-13048,,false,
32494,77-13197,,false,
32495,77-13415,,false,
32496,77-14143,,false,
32497,77-15285,,false,
32498,77-15286,,false,
32499,77-15495,,false,
32500,77-16487,,false,
32501,77-17409,,false,
32502,77-19275,,false,
32503,77-19462,,false,
32504,77-20054,,false,
32505,77-20187,,false,
32506,77-20761,,false,
32507,77-20764,,false,
32508,77-21000,,false,
32509,77-22406,,false,
32510,77-22407,,false,
32511,77-23572,,false,
32512,77-23573,,false,
32513,77-23574,,false,
32514,77-24357,,false,
32515,77-26163,,false,
32516,77-27720,,false,
32517,77-28773,,false,
32518,77-30096,,false,
32519,77-31834,,false,
32520,77-33110,,false,
32521,77-34345,,false,
32522,77-35642,,false,
32523,77-35979,,false,
32524,77-37079,,false,
32525,77-37251,,false,
32526,77-37255,,false,
32527,77-37288,,false,
32528,77-37815,,false,
32529,77-37816,,false,
32530,77-37830,,false,
32531,77-38564,,false,
32532,77-38865,,false,
32533,77-39896,,false,
32534,77-40254,,false,
32535,77-40384,,false,
32536,77-41038,,false,
32537,78-00413,,false,
32538,78-00935,,false,
32539,78-00936,,false,
32540,78-00937,,false,
32541,78-01795,,false,
32542,78-02486,,false,
32543,78-03350,,false,
32544,78-03640,,false,
32545,78-04097,,false,
32546,78-04550,,false,
32547,78-04551,,false,
32548,78-04711,,false,
32549,78-05434,,false,
32550,78-05436,,false,
32551,78-06143,,false,
32552,78-06305,,false,
32553,78-06407,,false,
32554,78-06436,,false,
32555,78-06437,,false,
32556,78-07115,,false,
32557,78-07662,,false,
32558,78-07663,,false,
32559,78-08175,,false,
32560,78-08537,,false,
32561,78-08693,,false,
32562,78-08988,,false,
32563,78-09700,,false,
32564,78-09993,,false,
32565,78-11473,,false,
32566,78-11631,,false,
32567,78-12327,,false,
32568,78-12936,,false,
32569,78-13512,,false,
32570,78-13840,,false,
32571,78-14074,,false,
32572,78-14493,,false,
32573,78-15245,,false,
32574,78-15277,,false,
32575,78-15953,,false,
32576,78-15954,,false,
32577,78-16445,,false,
32578,78-16855,,false,
32579,78-16923,,false,
32580,78-17892,,false,
32581,78-18982,,false,
32582,78-19106,,false,
32583,78-19251,,false,
32584,78-19562,,false,
32585,78-19644,,false,
32586,78-19724,,false,
32587,78-20443,,false,
32588,78-20704,,false,
32589,78-21117,,false,
32590,78-22318,,false,
32591,78-23022,,false,
32592,78-23260,,false,
32593,78-23855,,false,
32594,78-25404,,false,
32595,78-26599,,false,
32596,78-26779,,false,
32597,78-26780,,false,
32598,78-27275,,false,
32599,78-27829,,false,
32600,78-27830,,false,
32601,78-27994,,false,
32602,78-28210,,false,
32603,78-29065,,false,
32604,78-29740,,false,
32605,78-32951,,false,
32606,78-32952,,false,
32607,78-34331,,false,
32608,78-35435,,false,
32609,78-35437,,false,
32610,78-35740,,false,
32611,78-35755,,false,
32612,78-35917,,false,
32613,78-35918,,false,
32614,78-35919,,false,
32615,78-36049,,false,
32616,78-36448,,false,
32617,78-37057,,false,
32618,78-38341,,false,
32619,79-00146,,false,
32620,79-00278,,false,
32621,79-01408,,false,
32622,79-03277,,false,
32623,79-03543,,false,
32624,79-03900,,false,
32625,79-03901,,false,
32626,79-04196,,false,
32627,79-06581,,false,
32628,79-06697,,false,
32629,79-06698,,false,
32630,79-07718,,false,
32631,79-07745,,false,
32632,79-08655,,false,
32633,79-08862,,false,
32634,79-08928,,false,
32635,79-09267,,false,
32636,79-09635,,false,
32637,79-09805,,false,
32638,79-10353,,false,
32639,79-10524,,false,
32640,79-10641,,false,
32641,79-10709,,false,
32642,79-10968,,false,
32643,79-11005,,false,
32644,79-12031,,false,
32645,79-12051,,false,
32646,79-12077,,false,
32647,79-12767,,false,
32648,79-13077,,false,
32649,79-13433,,false,
32650,79-13760,,false,
32651,79-13760,,false,
32652,79-14673,,false,
32653,79-14805,,false,
32654,79-15308,,false,
32655,79-15309,,false,
32656,79-15972,,false,
32657,79-15973,,false,
32658,79-16753,,false,
32659,79-17068,,false,
32660,79-17168,,false,
32661,79-17355,,false,
32662,79-17395,,false,
32663,79-17494,,false,
32664,79-17515,,false,
32665,79-18089,,false,
32666,79-18256,,false,
32667,79-18753,,false,
32668,79-18754,,false,
32669,79-18819,,false,
32670,79-20154,,false,
32671,79-20847,,false,
32672,79-21509,,false,
32673,79-23734,,false,
32674,79-23735,,false,
32675,79-25151,,false,
32676,79-26332,,false,
32677,79-26992,,false,
32678,79-28710,,false,
32679,79-29692,,false,
32680,79-31174,,false,
32681,79-32314,,false,
32682,79-32315,,false,
32683,79-32595,,false,
32684,79-32711,,false,
32685,79-34935,,false,
32686,79-35572,,false,
32687,79-37638,,false,
32688,79-38653,,false,
32689,80-00399,,false,
32690,80-00960,,false,
32691,80-01216,,false,
32692,80-01617,,false,
32693,80-01950,,false,
32694,80-02542,,false,
32695,80-03345,,false,
32696,80-03847,,false,
32697,80-03964,,false,
32698,80-04985,,false,
32699,80-04992,,false,
32700,80-05462,,false,
32701,80-05589,,false,
32702,80-05963,,false,
32703,80-06107,,false,
32704,80-06170,,false,
32705,80-06340,,false,
32706,80-06786,,false,
32707,80-07501,,false,
32708,80-07502,,false,
32709,80-07504,,false,
32710,80-08611,,false,
32711,80-08663,,false,
32712,80-09001,,false,
32713,80-09161,,false,
32714,80-09861,,false,
32715,80-11137,,false,
32716,80-11138,,false,
32717,80-11324,,false,
32718,80-11468,,false,
32719,80-11599,,false,
32720,80-12975,,false,
32721,80-13636,,false,
32722,80-13730,,false,
32723,80-13897,,false,
32724,80-13929,,false,
32725,80-15929,,false,
32726,80-16112,,false,
32727,80-16281,,false,
32728,80-17206,,false,
32729,80-17671,,false,
32730,80-18168,,false,
32731,80-18850,,false,
32732,80-19239,,false,
32733,80-20012,,false,
32734,80-20179,,false,
32735,80-20274,,false,
32736,80-21808,,false,
32737,80-21810,,false,
32738,80-23038,,false,
32739,80-23039,,false,
32740,80-23582,,false,
32741,80-26774,,false,
32742,80-28600,,false,
32743,80-32427,,false,
32744,80-32467,,false,
32745,80-33121,,false,
32746,80-33424,,false,
32747,80-33517,,false,
32748,80-33585,,false,
32749,80-34921,,false,
32750,80-37433,,false,
32751,80-37763,,false,
32752,80-38433,,false,
32753,80-38681,,false,
32754,80-38869,,false,
32755,80-39056,,false,
32756,80-39159,,false,
32757,80-39742,,false,
32758,80-39811,,false,
32759,80-39945,,false,
32760,81-00333,,false,
32761,81-00509,,false,
32762,81-01214,,false,
32763,81-01215,,false,
32764,81-01299,,false,
32765,81-01374,,false,
32766,81-01800,,false,
32767,81-03053,,false,
32768,81-03309,,false,
32769,81-03882,,false,
32770,81-04028,,false,
32771,81-04205,,false,
32772,81-04369,,false,
32773,81-05084,,false,
32774,81-05350,,false,
32775,81-05437,,false,
32776,81-05787,,false,
32777,81-05979,,false,
32778,81-06491,,false,
32779,81-07534,,false,
32780,81-07730,,false,
32781,81-07894,,false,
32782,81-08532,,false,
32783,81-09733,,false,
32784,81-11857,,false,
32785,81-12366,,false,
32786,81-12730,,false,
32787,81-14026,,false,
32788,81-14386,,false,
32789,81-14463,,false,
32790,81-14746,,false,
32791,81-14747,,false,
32792,81-18158,,false,
32793,81-20610,,false,
32794,81-22254,,false,
32795,81-24034,,false,
32796,81-25596,,false,
32797,81-26539,,false,
32798,81-26540,,false,
32799,81-27203,,false,
32800,81-27840,,false,
32801,81-28512,,false,
32802,81-29685,,false,
32803,81-29986,,false,
32804,81-30696,,false,
32805,81-32798,,false,
32806,81-32799,,false,
32807,81-33359,,false,
32808,81-34041,,false,
32809,81-34700,,false,
32810,81-34898,,false,
32811,81-36693,,false,
32812,81-37389,,false,
32813,81-38919,,false,
32814,81-38972,,false,
32815,81-39526,,false,
32816,81-40104,,false,
32817,81-40488,,false,
32818,81-40488,,false,
32819,81-43476,,false,
32820,81-43515,,false,
32821,81-45118,,false,
32822,82-01330,,false,
32823,82-01508,,false,
32824,82-02201,,false,
32825,82-02876,,false,
32826,82-04682,,false,
32827,82-04725,,false,
32828,82-04738,,false,
32829,82-05425,,false,
32830,82-05733,,false,
32831,82-06662,,false,
32832,82-07414,,false,
32833,82-07415,,false,
32834,82-08380,,false,
32835,82-09876,,false,
32836,82-10285,,false,
32837,82-11266,,false,
32838,82-13594,,false,
32839,82-18726,,false,
32840,82-19192,,false,
32841,82-22414,,false,
32842,82-24468,,false,
32843,82-25815,,false,
32844,82-25816,,false,
32845,82-26956,,false,
32846,82-29511,,false,
32847,82-29722,,false,
32848,82-30167,,false,
32849,82-33311,,false,
32850,82-43080,,false,
32851,82-43351,,false,
32852,82-43511,,false,
32853,83-04050,,false,
32854,83-06293,,false,
32855,83-08782,,false,
32856,83-11690,,false,
32857,83-17974,,false,
32858,83-18156,,false,
32859,83-21473,,false,
32860,83-24430,,false,
32861,83-25088,,false,
32862,83-33138,,false,
32863,83-37389,,false,
32864,83-41404,,false,
32865,83-41453,,false,
32866,84-00235,,false,
32867,84-00657,,false,
32868,84-00705,,false,
32869,84-02269,,false,
32870,84-03552,,false,
32871,84-05219,,false,
32872,84-07728,,false,
32873,84-10361,,false,
32874,84-10597,,false,
32875,84-11545,,false,
32876,84-13036,,false,
32877,84-13873,,false,
32878,84-14362,,false,
32879,84-15522,,false,
32880,84-17253,,false,
32881,84-18641,,false,
32882,84-23540,,false,
32883,84-23541,,false,
32884,84-25338,,false,
32885,84-26868,,false,
32886,84-30232,,false,
32887,84-31416,,false,
32888,84-32474,,false,
32889,84-33592,,false,
32890,84-35046,,false,
32891,84-36302,,false,
32892,84-38975,,false,
32893,84-39183,,false,
32894,84-39517,,false,
32895,84-42218,,false,
32896,84-43199,,false,
32897,84-46364,,false,
32898,84-46371,,false,
32899,84-46820,,false,
32900,84-49694,,false,
32901,84-50515,,false,
32902,84-51325,,false,
32903,84-51327,,false,
32904,84-52778,,false,
32905,85-00158,,false,
32906,85-00160,,false,
32907,85-00306,,false,
32908,85-00344,,false,
32909,85-00633,,false,
32910,85-00829,,false,
32911,85-01054,,false,
32912,85-01268,,false,
32913,85-02053,,false,
32914,85-03136,,false,
32915,85-03538,,false,
32916,85-03698,,false,
32917,85-04505,,false,
32918,85-04723,,false,
32919,85-04737,,false,
32920,85-04786,,false,
32921,85-04798,,false,
32922,85-04973,,false,
32923,85-05730,,false,
32924,85-05989,,false,
32925,85-06000,,false,
32926,85-08430,,false,
32927,85-08431,,false,
32928,85-08641,,false,
32929,85-08771,,false,
32930,85-09664,,false,
32931,85-09820,,false,
32932,85-10046,,false,
32933,85-10379,,false,
32934,85-10380,,false,
32935,85-15351,,false,
32936,85-16038,,false,
32937,85-16260,,false,
32938,85-33515,,false,
32939,85-36084,,false,
32940,85-38938,,false,
32941,85-40946,,false,
32942,85-41161,,false,
32943,85-41832,,false,
32944,85-42146,,false,
32945,85-44900,,false,
32946,85-46371,,false,
32947,85-46732,,false,
32948,85-49688,,false,
32949,86-00596,,false,
32950,86-00649,,false,
32951,86-00871,,false,
32952,86-01384,,false,
32953,86-01607,,false,
32954,86-02140,,false,
32955,86-02487,,false,
32956,86-02909,,false,
32957,86-02910,,false,
32958,86-03641,,false,
32959,86-03932,,false,
32960,86-03970,,false,
32961,86-04077,,false,
32962,86-04078,,false,
32963,86-04556,,false,
32964,86-04661,,false,
32965,86-04821,,false,
32966,86-05460,,false,
32967,86-05625,,false,
32968,86-06112,,false,
32969,86-08199,,false,
32970,86-09559,,false,
32971,86-09626,,false,
32972,86-09627,,false,
32973,86-09887,,false,
32974,86-10086,,false,
32975,86-10551,,false,
32976,86-10636,,false,
32977,86-10657,,false,
32978,86-10658,,false,
32979,86-11424,,false,
32980,86-13081,,false,
32981,86-13195,,false,
32982,86-13844,,false,
32983,86-14252,,false,
32984,86-14549,,false,
32985,86-14553,,false,
32986,86-15126,,false,
32987,86-15333,,false,
32988,86-15451,,false,
32989,86-16913,,false,
32990,86-17314,,false,
32991,86-17745,,false,
32992,86-18132,,false,
32993,86-18359,,false,
32994,86-18587,,false,
32995,86-18747,,false,
32996,86-19456,,false,
32997,86-19640,,false,
32998,86-20214,,false,
32999,86-20253,,false,
33000,86-20957,,false,
33001,86-21053,,false,
33002,86-21054,,false,
33003,86-21274,,false,
33004,86-21434,,false,
33005,86-21636,,false,
33006,86-21815,,false,
33007,86-22003,,false,
33008,86-22806,,false,
33009,86-22907,,false,
33010,86-23108,,false,
33011,86-26378,,false,
33012,86-29439,,false,
33013,86-30479,,false,
33014,86-31290,,false,
33015,86-31794,,false,
33016,86-33146,,false,
33017,86-33637,,false,
33018,86-34094,,false,
33019,86-34966,,false,
33020,86-35935,,false,
33021,86-36109,,false,
33022,86-36219,,false,
33023,86-36820,,false,
33024,86-37499,,false,
33025,86-37584,,false,
33026,86-38304,,false,
33027,86-39195,,false,
33028,86-39200,,false,
33029,86-39410,,false,
33030,86-39801,,false,
33031,86-40192,,false,
33032,86-41141,,false,
33033,86-42412,,false,
33034,86-42835,,false,
33035,86-43042,,false,
33036,86-43045,,false,
33037,86-43875,,false,
33038,86-43876,,false,
33039,86-43877,,false,
33040,86-44919,,false,
33041,86-45733,,false,
33042,86-46263,,false,
33043,86-46471,,false,
33044,86-46930,,false,
33045,86-46931,,false,
33046,86-47430,,false,
33047,86-47539,,false,
33048,86-47548,,false,
33049,86-47803,,false,
33050,86-48763,,false,
33051,86-49530,,false,
33052,86-50401,,false,
33053,86-51655,,false,
33054,86-52359,,false,
33055,86-52573,,false,
33056,86-53202,,false,
33057,86-53453,,false,
33058,86-53728,,false,
33059,86-54126,,false,
33060,86-54127,,false,
33061,86-54620,,false,
33062,86-55334,,false,
33063,87-00407,,false,
33064,87-00565,,false,
33065,87-00567,,false,
33066,87-01658,,false,
33067,87-01678,,false,
33068,87-01679,,false,
33069,87-01938,,false,
33070,87-01939,,false,
33071,87-01940,,false,
33072,87-02386,,false,
33073,87-02614,,false,
33074,87-02897,,false,
33075,87-03183,,false,
33076,87-03184,,false,
33077,87-03960,,false,
33078,87-04834,,false,
33079,87-06665,,false,
33080,87-07168,,false,
33081,87-07170,,false,
33082,87-07171,,false,
33083,87-07770,,false,
33084,87-07773,,false,
33085,87-08020,,false,
33086,87-08026,,false,
33087,87-08436,,false,
33088,87-08485,,false,
33089,87-08588,,false,
33090,87-08746,,false,
33091,87-08918,,false,
33092,87-09120,,false,
33093,87-09432,,false,
33094,87-09764,,false,
33095,87-10077,,false,
33096,87-10751,,false,
33097,87-11400,,false,
33098,87-11401,,false,
33099,87-11402,,false,
33100,87-11613,,false,
33101,87-11775,,false,
33102,87-12031,,false,
33103,87-12032,,false,
33104,87-12154,,false,
33105,87-12335,,false,
33106,87-12336,,false,
33107,87-12506,,false,
33108,87-12686,,false,
33109,87-14739,,false,
33110,87-14981,,false,
33111,87-15350,,false,
33112,87-16423,,false,
33113,87-16631,,false,
33114,87-16707,,false,
33115,87-17616,,false,
33116,87-17622,,false,
33117,87-17679,,false,
33118,87-18969,,false,
33119,87-18970,,false,
33120,87-19033,,false,
33121,87-19204,,false,
33122,87-19205,,false,
33123,87-19396,,false,
33124,87-19400,,false,
33125,87-19637,,false,
33126,87-20103,,false,
33127,87-20875,,false,
33128,87-20912,,false,
33129,87-21296,,false,
33130,87-21297,,false,
33131,87-21783,,false,
33132,87-22355,,false,
33133,87-22748,,false,
33134,87-23590,,false,
33135,87-23617,,false,
33136,87-23642,,false,
33137,87-24115,,false,
33138,87-26009,,false,
33139,87-26136,,false,
33140,87-26168,,false,
33141,87-27198,,false,
33142,87-28698,,false,
33143,87-28754,,false,
33144,87-28888,,false,
33145,87-28953,,false,
33146,87-28954,,false,
33147,87-30494,,false,
33148,87-30495,,false,
33149,87-31874,,false,
33150,87-32056,,false,
33151,87-35067,,false,
33152,87-36662,,false,
33153,87-37421,,false,
33154,87-38924,,false,
33155,87-39331,,false,
33156,87-39592,,false,
33157,87-40956,,false,
33158,87-41693,,false,
33159,87-41767,,false,
33160,87-42033,,false,
33161,87-42747,,false,
33162,87-43017,,false,
33163,87-43942,,false,
33164,87-44171,,false,
33165,87-44521,,false,
33166,87-44820,,false,
33167,87-44865,,false,
33168,87-45296,,false,
33169,87-45823,,false,
33170,87-46306,,false,
33171,87-46425,,false,
33172,87-47100,,false,
33173,87-47634,,false,
33174,87-47889,,false,
33175,87-47940,,false,
33176,87-47982,,false,
33177,87-48191,,false,
33178,87-48626,,false,
33179,87-48988,,false,
33180,88-00839,,false,
33181,88-00840,,false,
33182,88-01036,,false,
33183,88-01869,,false,
33184,88-03081,,false,
33185,88-03415,,false,
33186,88-03453,,false,
33187,88-03454,,false,
33188,88-03945,,false,
33189,88-04056,,false,
33190,88-04091,,false,
33191,88-04361,,false,
33192,88-04362,,false,
33193,88-04470,,false,
33194,88-04911,,false,
33195,88-05339,,false,
33196,88-06514,,false,
33197,88-06937,,false,
33198,88-07615,,false,
33199,88-07728,,false,
33200,88-07846,,false,
33201,88-08198,,false,
33202,88-08491,,false,
33203,88-08897,,false,
33204,88-11398,,false,
33205,88-11418,,false,
33206,88-11419,,false,
33207,88-11421,,false,
33208,88-11773,,false,
33209,88-11787,,false,
33210,88-11837,,false,
33211,88-12554,,false,
33212,88-12555,,false,
33213,88-12556,,false,
33214,88-12742,,false,
33215,88-13207,,false,
33216,88-14449,,false,
33217,88-14619,,false,
33218,88-15683,,false,
33219,88-16201,,false,
33220,88-16856,,false,
33221,88-16857,,false,
33222,88-17552,,false,
33223,88-17746,,false,
33224,88-18124,,false,
33225,88-18189,,false,
33226,88-18339,,false,
33227,88-18479,,false,
33228,88-19357,,false,
33229,88-19572,,false,
33230,88-19730,,false,
33231,88-20392,,false,
33232,88-21337,,false,
33233,88-21651,,false,
33234,88-22274,,false,
33235,88-23317,,false,
33236,88-23526,,false,
33237,88-24042,,false,
33238,88-24265,,false,
33239,88-24266,,false,
33240,88-25066,,false,
33241,88-25115,,false,
33242,88-25268,,false,
33243,88-26761,,false,
33244,88-26772,,false,
33245,88-26946,,false,
33246,88-27405,,false,
33247,88-28173,,false,
33248,88-30232,,false,
33249,88-30640,,false,
33250,88-30906,,false,
33251,88-32245,,false,
33252,88-32249,,false,
33253,88-32522,,false,
33254,88-33811,,false,
33255,88-34525,,false,
33256,88-34708,,false,
33257,88-34743,,false,
33258,88-34957,,false,
33259,88-35299,,false,
33260,88-35353,,false,
33261,88-39017,,false,
33262,88-41766,,false,
33263,88-42008,,false,
33264,88-42124,,false,
33265,88-42774,,false,
33266,88-43261,,false,
33267,88-44349,,false,
33268,88-44604,,false,
33269,88-45069,,false,
33270,88-45260,,false,
33271,88-45718,,false,
33272,88-46001,,false,
33273,88-46876,,false,
33274,88-46877,,false,
33275,88-48855,,false,
33276,88-49435,,false,
33277,88-49582,,false,
33278,88-49586,,false,
33279,88-49962,,false,
33280,88-50152,,false,
33281,88-50281,,false,
33282,88-50373,,false,
33283,88-50634,,false,
33284,88-51118,,false,
33285,88-51119,,false,
33286,88-52119,,false,
33287,88-52120,,false,
33288,88-52466,,false,
33289,88-52570,,false,
33290,88-52571,,false,
33291,88-52591,,false,
33292,88-52593,,false,
33293,88-52841,,false,
33294,88-52866,,false,
33295,88-52867,,false,
33296,88-52949,,false,
33297,88-52950,,false,
33298,88-52952,,false,
33299,88-52954,,false,
33300,88-52955,,false,
33301,88-52956,,false,
33302,88-52965,,false,
33303,88-53464,,false,
33304,88-53691,,false,
33305,88-53694,,false,
33306,89-00184,,false,
33307,89-00651,,false,
33308,89-00653,,false,
33309,89-01465,,false,
33310,89-01468,,false,
33311,89-01545,,false,
33312,89-02119,,false,
33313,89-02238,,false,
33314,89-02671,,false,
33315,89-03658,,false,
33316,89-03952,,false,
33317,89-04904,,false,
33318,89-05277,,false,
33319,89-05318,,false,
33320,89-06525,,false,
33321,89-07579,,false,
33322,89-09414,,false,
33323,89-09415,,false,
33324,89-10543,,false,
33325,89-10561,,false,
33326,89-10988,,false,
33327,89-10990,,false,
33328,89-11985,,false,
33329,89-12105,,false,
33330,89-12493,,false,
33331,89-12929,,false,
33332,89-12933,,false,
33333,89-13139,,false,
33334,89-13223,,false,
33335,89-13485,,false,
33336,89-13494,,false,
33337,89-13658,,false,
33338,89-14158,,false,
33339,89-14364,,false,
33340,89-14365,,false,
33341,89-15262,,false,
33342,89-16213,,false,
33343,89-17045,,false,
33344,89-17046,,false,
33345,89-17834,,false,
33346,89-18235,,false,
33347,89-18336,,false,
33348,89-18527,,false,
33349,89-19170,,false,
33350,89-19171,,false,
33351,89-19325,,false,
33352,89-19326,,false,
33353,89-20210,,false,
33354,89-20211,,false,
33355,89-21588,,false,
33356,89-22193,,false,
33357,89-22258,,false,
33358,89-23107,,false,
33359,89-25387,,false,
33360,89-26963,,false,
33361,89-27458,,false,
33362,89-28036,,false,
33363,89-28930,,false,
33364,89-31472,,false,
33365,89-31536,,false,
33366,89-32264,,false,
33367,89-32468,,false,
33368,89-34169,,false,
33369,89-35450,,false,
33370,89-37960,,false,
33371,89-38688,,false,
33372,89-39217,,false,
33373,89-39280,,false,
33374,89-39281,,false,
33375,89-39539,,false,
33376,89-39731,,false,
33377,89-40004,,false,
33378,89-40153,,false,
33379,89-40640,,false,
33380,89-40877,,false,
33381,89-40878,,false,
33382,89-41377,,false,
33383,89-42099,,false,
33384,89-42318,,false,
33385,89-42641,,false,
33386,89-44668,,false,
33387,89-44669,,false,
33388,89-45442,,false,
33389,89-45639,,false,
33390,89-46398,,false,
33391,89-46835,,false,
33392,89-47778,,false,
33393,89-47870,,false,
33394,89-47875,,false,
33395,89-48712,,false,
33396,89-48991,,false,
33397,89-49237,,false,
33398,89-49304,,false,
33399,89-49583,,false,
33400,89-49584,,false,
33401,89-49959,,false,
33402,89-50087,,false,
33403,89-50245,,false,
33404,89-50256,,false,
33405,89-50457,,false,
33406,89-50458,,false,
33407,89-50459,,false,
33408,89-50562,,false,
33409,89-50563,,false,
33410,90-00246,,false,
33411,90-00247,,false,
33412,90-00408,,false,
33413,90-00451,,false,
33414,90-01038,,false,
33415,90-01054,,false,
33416,90-01071,,false,
33417,90-01072,,false,
33418,90-01073,,false,
33419,90-01074,,false,
33420,90-01478,,false,
33421,90-01500,,false,
33422,90-01501,,false,
33423,90-01631,,false,
33424,90-01687,,false,
33425,90-01688,,false,
33426,90-01953,,false,
33427,90-02054,,false,
33428,90-02356,,false,
33429,90-02514,,false,
33430,90-02549,,false,
33431,90-02550,,false,
33432,90-02551,,false,
33433,90-03009,,false,
33434,90-03077,,false,
33435,90-03161,,false,
33436,90-03163,,false,
33437,90-03302,,false,
33438,90-03303,,false,
33439,90-03642,,false,
33440,90-04078,,false,
33441,90-04449,,false,
33442,90-04765,,false,
33443,90-04780,,false,
33444,90-04790,,false,
33445,90-04946,,false,
33446,90-05083,,false,
33447,90-06228,,false,
33448,90-06436,,false,
33449,90-06777,,false,
33450,90-07127,,false,
33451,90-07511,,false,
33452,90-08181,,false,
33453,90-08334,,false,
33454,90-08512,,false,
33455,90-09557,,false,
33456,90-09583,,false,
33457,90-09825,,false,
33458,90-10432,,false,
33459,90-11657,,false,
33460,90-12074,,false,
33461,90-12075,,false,
33462,90-12634,,false,
33463,90-12847,,false,
33464,90-13054,,false,
33465,90-13240,,false,
33466,90-13241,,false,
33467,90-13954,,false,
33468,90-14273,,false,
33469,90-15078,,false,
33470,90-15190,,false,
33471,90-15675,,false,
33472,90-15676,,false,
33473,90-16096,,false,
33474,90-16178,,false,
33475,90-17084,,false,
33476,90-17085,,false,
33477,90-17101,,false,
33478,90-17494,,false,
33479,90-17879,,false,
33480,90-18311,,false,
33481,90-18314,,false,
33482,90-19155,,false,
33483,90-19692,,false,
33484,90-20065,,false,
33485,90-20166,,false,
33486,90-20205,,false,
33487,90-21133,,false,
33488,90-21331,,false,
33489,90-21666,,false,
33490,90-23010,,false,
33491,90-23505,,false,
33492,90-24369,,false,
33493,90-25886,,false,
33494,90-27312,,false,
33495,90-27558,,false,
33496,90-28883,,false,
33497,90-28920,,false,
33498,90-29623,,false,
33499,90-29772,,false,
33500,90-30620,,false,
33501,90-30823,,false,
33502,90-32076,,false,
33503,90-32406,,false,
33504,90-34339,,false,
33505,90-35926,,false,
33506,90-36033,,false,
33507,90-36034,,false,
33508,90-37019,,false,
33509,90-37220,,false,
33510,90-37433,,false,
33511,90-38766,,false,
33512,90-38833,,false,
33513,90-39091,,false,
33514,90-40205,,false,
33515,90-41426,,false,
33516,90-41521,,false,
33517,90-41522,,false,
33518,90-41850,,false,
33519,90-42832,,false,
33520,90-42903,,false,
33521,90-43487,,false,
33522,90-43664,,false,
33523,90-43836,,false,
33524,90-44396,,false,
33525,90-44453,,false,
33526,90-45443,,false,
33527,90-45821,,false,
33528,90-46801,,false,
33529,90-47955,,false,
33530,90-48158,,false,
33531,90-49000,,false,
33532,90-50471,,false,
33533,90-50472,,false,
33534,90-50473,,false,
33535,90-51430,,false,
33536,90-51662,,false,
33537,91-00361,,false,
33538,91-00529,,false,
33539,91-01046,,false,
33540,91-01047,,false,
33541,91-01048,,false,
33542,91-01050,,false,
33543,91-01051,,false,
33544,91-01052,,false,
33545,91-01053,,false,
33546,91-01054,,false,
33547,91-01055,,false,
33548,91-01056,,false,
33549,91-01057,,false,
33550,91-01058,,false,
33551,91-01287,,false,
33552,91-01676,,false,
33553,91-01948,,false,
33554,91-02237,,false,
33555,91-02241,,false,
33556,91-02433,,false,
33557,91-03050,,false,
33558,91-03504,,false,
33559,91-03538,,false,
33560,91-03998,,false,
33561,91-04158,,false,
33562,91-04266,,false,
33563,91-04896,,false,
33564,91-05100,,false,
33565,91-05944,,false,
33566,91-06111,,false,
33567,91-06112,,false,
33568,91-06340,,false,
33569,91-06536,,false,
33570,91-06797,,false,
33571,91-06886,,false,
33572,91-06970,,false,
33573,91-07445,,false,
33574,91-07753,,false,
33575,91-07785,,false,
33576,91-08905,,false,
33577,91-09778,,false,
33578,91-09860,,false,
33579,91-09918,,false,
33580,91-10024,,false,
33581,91-10654,,false,
33582,91-11754,,false,
33583,91-11921,,false,
33584,91-11986,,false,
33585,91-12170,,false,
33586,91-12357,,false,
33587,91-13083,,false,
33588,91-13158,,false,
33589,91-13159,,false,
33590,91-13397,,false,
33591,91-13586,,false,
33592,91-13846,,false,
33593,91-13895,,false,
33594,91-14126,,false,
33595,91-14527,,false,
33596,91-14979,,false,
33597,91-14981,,false,
33598,91-15028,,false,
33599,91-15292,,false,
33600,91-15312,,false,
33601,91-15439,,false,
33602,91-16071,,false,
33603,91-16266,,false,
33604,91-16321,,false,
33605,91-16322,,false,
33606,91-16429,,false,
33607,91-16540,,false,
33608,91-16719,,false,
33609,91-16956,,false,
33610,91-17326,,false,
33611,91-17657,,false,
33612,91-17752,,false,
33613,91-17936,,false,
33614,91-17972,,false,
33615,91-18238,,false,
33616,91-18392,,false,
33617,91-18521,,false,
33618,91-18581,,false,
33619,91-18831,,false,
33620,91-18957,,false,
33621,91-19122,,false,
33622,91-19123,,false,
33623,91-19124,,false,
33624,91-19142,,false,
33625,91-19304,,false,
33626,91-19353,,false,
33627,91-19678,,false,
33628,91-19886,,false,
33629,91-20107,,false,
33630,91-20142,,false,
33631,91-20195,,false,
33632,91-20850,,false,
33633,91-21188,,false,
33634,91-21189,,false,
33635,91-21216,,false,
33636,91-21613,,false,
33637,91-21772,,false,
33638,91-22225,,false,
33639,91-22266,,false,
33640,91-22511,,false,
33641,91-22512,,false,
33642,91-22596,,false,
33643,91-22604,,false,
33644,91-22658,,false,
33645,91-22800,,false,
33646,91-22926,,false,
33647,91-23082,,false,
33648,91-23174,,false,
33649,91-23415,,false,
33650,91-23416,,false,
33651,91-23604,,false,
33652,91-23605,,false,
33653,91-24296,,false,
33654,91-24361,,false,
33655,91-24495,,false,
33656,91-24512,,false,
33657,91-24634,,false,
33658,91-24635,,false,
33659,91-24637,,false,
33660,91-24638,,false,
33661,91-24705,,false,
33662,91-24706,,false,
33663,91-24825,,false,
33664,91-24891,,false,
33665,91-24958,,false,
33666,91-24988,,false,
33667,91-25243,,false,
33668,91-25348,,false,
33669,91-25398,,false,
33670,91-25556,,false,
33671,91-25772,,false,
33672,91-25900,,false,
33673,91-25992,,false,
33674,91-26110,,false,
33675,91-26194,,false,
33676,91-26276,,false,
33677,91-26448,,false,
33678,91-26610,,false,
33679,92-00032,,false,
33680,92-00044,,false,
33681,92-00173,,false,
33682,92-00177,,false,
33683,92-00225,,false,
33684,92-00226,,false,
33685,92-00254,,false,
33686,92-00255,,false,
33687,92-00263,,false,
33688,92-00460,,false,
33689,92-00502,,false,
33690,92-00570,,false,
33691,92-00700,,false,
33692,92-00702,,false,
33693,92-00756,,false,
33694,92-00826,,false,
33695,92-00855,,false,
33696,92-00986,,false,
33697,92-01003,,false,
33698,92-01005,,false,
33699,92-01006,,false,
33700,92-01064,,false,
33701,92-01078,,false,
33702,92-01158,,false,
33703,92-01159,,false,
33704,92-01377,,false,
33705,92-01466,,false,
33706,92-01492,,false,
33707,92-01507,,false,
33708,92-01654,,false,
33709,92-02106,,false,
33710,92-02123,,false,
33711,92-02299,,false,
33712,92-02363,,false,
33713,92-02364,,false,
33714,92-02393,,false,
33715,92-02491,,false,
33716,92-02690,,false,
33717,92-02794,,false,
33718,92-02907,,false,
33719,92-03297,,false,
33720,92-03548,,false,
33721,92-03647,,false,
33722,92-03735,,false,
33723,92-03736,,false,
33724,92-03876,,false,
33725,92-03916,,false,
33726,92-04229,,false,
33727,92-04322,,false,
33728,92-04585,,false,
33729,92-04627,,false,
33730,92-04804,,false,
33731,92-04875,,false,
33732,92-05013,,false,
33733,92-05162,,false,
33734,92-05163,,false,
33735,92-05164,,false,
33736,92-05289,,false,
33737,92-05296,,false,
33738,92-05297,,false,
33739,92-05465,,false,
33740,92-05613,,false,
33741,92-05717,,false,
33742,92-05824,,false,
33743,92-05839,,false,
33744,92-06080,,false,
33745,92-06081,,false,
33746,92-06565,,false,
33747,92-06566,,false,
33748,92-06635,,false,
33749,92-06722,,false,
33750,92-06912,,false,
33751,92-06914,,false,
33752,92-07299,,false,
33753,92-07385,,false,
33754,92-07386,,false,
33755,92-07436,,false,
33756,92-07466,,false,
33757,92-07468,,false,
33758,92-07545,,false,
33759,92-07740,,false,
33760,92-07864,,false,
33761,92-08021,,false,
33762,92-08085,,false,
33763,92-08241,,false,
33764,92-08620,,false,
33765,92-08629,,false,
33766,92-08827,,false,
33767,92-09272,,false,
33768,92-09329,,false,
33769,92-09402,,false,
33770,92-09602,,false,
33771,92-09892,,false,
33772,92-09893,,false,
33773,92-09950,,false,
33774,92-10048,,false,
33775,92-10683,,false,
33776,92-10740,,false,
33777,92-10897,,false,
33778,92-10935,,false,
33779,92-10957,,false,
33780,92-11296,,false,
33781,92-11297,,false,
33782,92-11365,,false,
33783,92-11528,,false,
33784,92-11529,,false,
33785,92-11648,,false,
33786,92-11885,,false,
33787,92-12178,,false,
33788,92-12550,,false,
33789,92-12692,,false,
33790,92-12827,,false,
33791,92-12833,,false,
33792,92-13012,,false,
33793,92-13473,,false,
33794,92-14281,,false,
33795,92-14445,,false,
33796,92-14479,,false,
33797,92-14638,,false,
33798,92-14800,,false,
33799,92-14855,,false,
33800,92-15311,,false,
33801,92-15395,,false,
33802,92-15680,,false,
33803,92-15681,,false,
33804,92-16129,,false,
33805,92-16264,,false,
33806,92-16329,,false,
33807,92-16397,,false,
33808,92-16921,,false,
33809,92-17031,,false,
33810,92-17104,,false,
33811,92-17387,,false,
33812,93-00180,,false,
33813,93-00181,,false,
33814,93-00183,,false,
33815,93-00184,,false,
33816,93-00237,,false,
33817,93-00545,,false,
33818,93-00846,,false,
33819,93-00866,,false,
33820,93-00913,,false,
33821,93-00937,,false,
33822,93-01035,,false,
33823,93-01208,,false,
33824,93-01400,,false,
33825,93-01577,,false,
33826,93-01752,,false,
33827,93-01796,,false,
33828,93-01797,,false,
33829,93-02405,,false,
33830,93-02525,,false,
33831,93-02701,,false,
33832,93-02983,,false,
33833,93-02984,,false,
33834,93-03554,,false,
33835,93-03608,,false,
33836,93-03609,,false,
33837,93-03610,,false,
33838,93-03624,,false,
33839,93-03819,,false,
33840,93-03939,,false,
33841,93-04214,,false,
33842,93-04435,,false,
33843,93-04437,,false,
33844,93-04438,,false,
33845,93-04621,,false,
33846,93-04622,,false,
33847,93-04785,,false,
33848,93-04813,,false,
33849,93-04846,,false,
33850,93-05218,,false,
33851,93-05654,,false,
33852,93-05655,,false,
33853,93-05664,,false,
33854,93-05688,,false,
33855,93-05743,,false,
33856,93-05744,,false,
33857,93-05996,,false,
33858,93-06092,,false,
33859,93-06345,,false,
33860,93-06606,,false,
33861,93-06687,,false,
33862,93-06789,,false,
33863,93-07068,,false,
33864,93-07371,,false,
33865,93-07423,,false,
33866,93-07475,,false,
33867,93-07687,,false,
33868,93-07770,,false,
33869,93-07921,,false,
33870,93-08096,,false,
33871,93-08689,,false,
33872,93-09009,,false,
33873,93-09044,,false,
33874,93-09222,,false,
33875,93-09239,,false,
33876,93-09697,,false,
33877,93-10044,,false,
33878,93-10120,,false,
33879,93-10161,,false,
33880,93-10312,,false,
33881,93-10313,,false,
33882,93-10697,,false,
33883,93-10859,,false,
33884,93-10860,,false,
33885,93-11007,,false,
33886,93-11067,,false,
33887,93-11227,,false,
33888,93-11230,,false,
33889,93-11282,,false,
33890,93-11407,,false,
33891,93-11408,,false,
33892,93-11437,,false,
33893,93-11701,,false,
33894,93-11837,,false,
33895,93-11975,,false,
33896,93-12015,,false,
33897,93-12148,,false,
33898,93-12158,,false,
33899,93-12163,,false,
33900,93-12219,,false,
33901,93-12335,,false,
33902,93-12810,,false,
33903,93-12911,,false,
33904,93-13382,,false,
33905,93-13411,,false,
33906,93-13499,,false,
33907,93-13500,,false,
33908,93-13512,,false,
33909,93-13513,,false,
33910,93-13771,,false,
33911,93-13773,,false,
33912,93-13866,,false,
33913,93-13916,,false,
33914,93-13918,,false,
33915,93-13947,,false,
33916,93-13982,,false,
33917,93-13998,,false,
33918,93-14048,,false,
33919,93-14201,,false,
33920,93-14443,,false,
33921,93-14554,,false,
33922,93-14678,,false,
33923,93-14783,,false,
33924,93-14932,,false,
33925,93-15115,,false,
33926,93-15210,,false,
33927,93-15224,,false,
33928,93-15346,,false,
33929,93-15425,,false,
33930,93-15585,,false,
33931,93-15587,,false,
33932,93-15635,,false,
33933,93-15744,,false,
33934,94-16220,,false,
33935,94-16221,,false,
33936,94-16223,,false,
33937,94-16321,,false,
33938,94-16650,,false,
33939,94-16685,,false,
33940,94-16696,,false,
33941,94-16838,,false,
33942,94-16926,,false,
33943,94-17044,,false,
33944,94-17149,,false,
33945,94-17197,,false,
33946,94-17269,,false,
33947,94-17341,,false,
33948,94-17431,,false,
33949,94-17432,,false,
33950,94-17888,,false,
33951,94-17930,,false,
33952,94-17996,,false,
33953,94-18051,,false,
33954,94-18293,,false,
33955,94-18346,,false,
33956,94-18456,,false,
33957,94-18847,,false,
33958,94-18988,,false,
33959,94-19045,,false,
33960,94-19122,,false,
33961,94-19124,,false,
33962,94-19176,,false,
33963,94-19387,,false,
33964,94-19480,,false,
33965,94-19640,,false,
33966,94-19738,,false,
33967,94-19741,,false,
33968,94-19790,,false,
33969,94-20004,,false,
33970,94-20061,,false,
33971,94-21018,,false,
33972,94-21143,,false,
33973,94-21207,,false,
33974,94-21218,,false,
33975,94-21326,,false,
33976,94-21430,,false,
33977,94-21463,,false,
33978,94-21464,,false,
33979,94-21483,,false,
33980,94-22049,,false,
33981,94-22227,,false,
33982,94-22229,,false,
33983,94-22366,,false,
33984,94-22383,,false,
33985,94-22420,,false,
33986,94-22683,,false,
33987,94-22762,,false,
33988,94-23026,,false,
33989,94-23331,,false,
33990,94-23405,,false,
33991,94-23610,,false,
33992,94-23626,,false,
33993,94-24003,,false,
33994,94-24042,,false,
33995,94-24045,,false,
33996,94-24078,,false,
33997,94-24144,,false,
33998,94-24262,,false,
33999,94-24322,,false,
34000,94-24523,,false,
34001,94-24545,,false,
34002,94-24547,,false,
34003,94-24548,,false,
34004,94-24630,,false,
34005,94-24722,,false,
34006,94-24723,,false,
34007,94-24780,,false,
34008,94-24781,,false,
34009,94-25100,,false,
34010,94-25276,,false,
34011,94-25434,,false,
34012,94-25435,,false,
34013,94-25563,,false,
34014,94-25909,,false,
34015,94-25946,,false,
34016,94-26164,,false,
34017,94-26167,,false,
34018,94-26181,,false,
34019,94-26691,,false,
34020,94-26832,,false,
34021,94-27175,,false,
34022,94-27176,,false,
34023,94-27336,,false,
34024,94-27571,,false,
34025,94-27656,,false,
34026,94-27657,,false,
34027,94-27825,,false,
34028,94-28195,,false,
34029,94-28260,,false,
34030,94-28369,,false,
34031,94-28513,,false,
34032,94-28861,,false,
34033,94-28964,,false,
34034,94-29011,,false,
34035,94-29059,,false,
34036,94-29179,,false,
34037,94-29327,,false,
34038,94-29348,,false,
34039,94-29349,,false,
34040,94-29516,,false,
34041,94-29518,,false,
34042,94-29519,,false,
34043,94-29888,,false,
34044,94-51508,,false,
34045,94-51523,,false,
34046,94-51800,,false,
34047,94-51989,,false,
34048,95-00018,,false,
34049,95-00227,,false,
34050,95-00435,,false,
34051,95-00610,,false,
34052,95-00948,,false,
34053,95-00949,,false,
34054,95-00988,,false,
34055,95-01073,,false,
34056,95-01496,,false,
34057,95-01661,,false,
34058,95-01796,,false,
34059,95-01797,,false,
34060,95-02056,,false,
34061,95-02104,,false,
34062,95-02272,,false,
34063,95-02361,,false,
34064,95-02535,,false,
34065,95-02580,,false,
34066,95-02596,,false,
34067,95-02846,,false,
34068,95-03428,,false,
34069,95-03449,,false,
34070,95-03802,,false,
34071,95-03976,,false,
34072,95-03989,,false,
34073,95-03992,,false,
34074,95-04018,,false,
34075,95-04211,,false,
34076,95-04423,,false,
34077,95-04424,,false,
34078,95-04577,,false,
34079,95-04881,,false,
34080,95-04937,,false,
34081,95-05216,,false,
34082,95-05269,,false,
34083,95-05426,,false,
34084,95-05881,,false,
34085,95-06013,,false,
34086,95-06554,,false,
34087,95-06642,,false,
34088,95-06766,,false,
34089,95-06873,,false,
34090,95-07083,,false,
34091,95-07084,,false,
34092,95-07295,,false,
34093,95-07391,,false,
34094,95-07400,,false,
34095,95-07481,,false,
34096,95-07683,,false,
34097,95-07760,,false,
34098,95-08076,,false,
34099,95-08589,,false,
34100,95-08590,,false,
34101,95-09033,,false,
34102,95-09107,,false,
34103,95-09299,,false,
34104,95-09537,,false,
34105,95-09816,,false,
34106,95-10011,,false,
34107,95-10078,,false,
34108,95-10250,,false,
34109,95-10663,,false,
34110,95-11013,,false,
34111,95-11116,,false,
34112,95-11300,,false,
34113,95-11328,,false,
34114,95-11367,,false,
34115,95-11479,,false,
34116,95-11955,,false,
34117,95-12195,,false,
34118,95-12299,,false,
34119,95-12426,,false,
34120,95-12450,,false,
34121,95-12460,,false,
34122,95-53422,,false,
34123,95-53425,,false,
34124,95-53445,,false,
34125,95-53447,,false,
34126,95-53458,,false,
34127,95-53469,,false,
34128,95-53486,,false,
34129,95-53712,,false,
34130,95-53803,,false,
34131,95-53809,,false,
34132,95-53882,,false,
34133,95-54080,,false,
34134,95-54085,,false,
34135,95-55001,,false,
34136,96-0219,,false,
34137,96-0270,,false,
34138,96-0303,,false,
34139,96-0351,,false,
34140,96-0401,,false,
34141,96-0450,,false,
34142,96-0490,,false,
34143,96-0554,,false,
34144,96-0653,,false,
34145,96-0658,,false,
34146,96-0697,,false,
34147,96-0754,,false,
34148,96-0834,,false,
34149,96-0835,,false,
34150,96-1078,,false,
34151,96-1200,,false,
34152,96-1298,,false,
34153,96-1339,,false,
34154,96-1407,,false,
34155,96-1835,,false,
34156,96-1836,,false,
34157,96-1993,,false,
34158,96-2039,,false,
34159,96-2092,,false,
34160,96-2098,,false,
34161,96-2100,,false,
34162,96-2136,,false,
34163,96-2161,,false,
34164,96-2247,,false,
34165,96-2281,,false,
34166,96-2330,,false,
34167,96-2334,,false,
34168,96-2430,,false,
34169,96-2431,,false,
34170,96-2439,,false,
34171,96-2479,,false,
34172,96-2531,,false,
34173,96-2532,,false,
34174,96-2586,,false,
34175,96-2594,,false,
34176,96-2685,,false,
34177,96-2722,,false,
34178,96-2764,,false,
34179,96-2908,,false,
34180,96-2909,,false,
34181,96-2922,,false,
34182,96-3006,,false,
34183,96-3066,,false,
34184,96-3075,,false,
34185,96-3084,,false,
34186,96-3198,,false,
34187,96-3199,,false,
34188,96-3276,,false,
34189,96-3427,,false,
34190,96-3511,,false,
34191,96-3616,,false,
34192,96-3698,,false,
34193,96-3718,,false,
34194,96-3731,,false,
34195,96-3764,,false,
34196,96-4137,,false,
34197,96-4249,,false,
34198,96-4447,,false,
34199,96-4488,,false,
34200,96-4521,,false,
34201,96-4529,,false,
34202,96-4530,,false,
34203,96-4598,,false,
34204,96-4682,,false,
34205,96-4957,,false,
34206,96-4961,,false,
34207,96-5064,,false,
34208,96-5166,,false,
34209,96-5270,,false,
34210,96-5274,,false,
34211,96-5279,,false,
34212,96-5282,,false,
34213,96-5544,,false,
34214,96-5567,,false,
34215,96-5609,,false,
34216,96-5870,,false,
34217,96-5888,,false,
34218,96-5889,,false,
34219,96-5916,,false,
34220,96-6031,,false,
34221,96-6049,,false,
34222,96-6230,,false,
34223,96-6298,,false,
34224,96-6309,,false,
34225,96-6417,,false,
34226,96-6436,,false,
34227,96-7084,,false,
34228,96-7089,,false,
34229,96-7200,,false,
34230,96-7240,,false,
34231,96-7396,,false,
34232,96-7420,,false,
34233,96-7453,,false,
34234,96-7502,,false,
34235,96-7541,,false,
34236,96-7599,,false,
34237,96-7705,,false,
34238,96-7736,,false,
34239,96-7811,,false,
34240,96-7861,,false,
34241,97-0189,,false,
34242,97-0242,,false,
34243,97-0248,,false,
34244,97-0371,,false,
34245,97-0377,,false,
34246,97-0378,,false,
34247,97-0463,,false,
34248,97-0464,,false,
34249,97-0546,,false,
34250,97-0549,,false,
34251,97-0572,,false,
34252,97-0588,,false,
34253,97-0742,,false,
34254,97-0743,,false,
34255,97-0768,,false,
34256,97-0769,,false,
34257,97-0854,,false,
34258,97-0855,,false,
34259,97-0935,,false,
34260,97-0975,,false,
34261,97-1008,,false,
34262,97-1035,,false,
34263,97-1443,,false,
34264,97-1457,,false,
34265,97-1547,,false,
34266,97-1696,,false,
34267,97-1786,,false,
34268,97-1819,,false,
34269,97-1822,,false,
34270,97-1823,,false,
34271,97-1885,,false,
34272,97-1901,,false,
34273,97-2022,,false,
34274,97-2060,,false,
34275,97-2061,,false,
34276,97-2145,,false,
34277,97-2199,,false,
34278,97-2207,,false,
34279,97-2243,,false,
34280,97-2258,,false,
34281,97-2289,,false,
34282,97-2373,,false,
34283,97-2509,,false,
34284,97-2544,,false,
34285,97-2546,,false,
34286,97-2581,,false,
34287,97-2639,,false,
34288,97-2692,,false,
34289,97-2923,,false,
34290,97-2927,,false,
34291,97-2942,,false,
34292,97-3042,,false,
34293,97-3115,,false,
34294,97-3131,,false,
34295,97-3208,,false,
34296,97-3239,,false,
34297,97-3476,,false,
34298,97-3493,,false,
34299,97-3600,,false,
34300,97-3697,,false,
34301,97-3759,,false,
34302,97-3946,,false,
34303,97-4189,,false,
34304,97-4247,,false,
34305,97-4268,,false,
34306,97-4272,,false,
34307,97-4524,,false,
34308,97-4559,,false,
34309,97-4604,,false,
34310,97-4606,,false,
34311,97-4866,,false,
34312,97-4869,,false,
34313,97-4872,,false,
34314,97-4998,,false,
34315,97-5063,,false,
34316,97-5346,,false,
34317,97-5444,,false,
34318,97-5445,,false,
34319,97-5555,,false,
34320,97-5690,,false,
34321,97-5694,,false,
34322,97-5774,,false,
34323,97-5799,,false,
34324,97-5942,,false,
34325,97-5944,,false,
34326,97-6011,,false,
34327,97-6111,,false,
34328,97-6113,,false,
34329,97-6304,,false,
34330,97-6368,,false,
34331,97-6388,,false,
34332,97-6420,,false,
34333,97-6486,,false,
34334,97-6619,,false,
34335,97-6705,,false,
34336,97-6826,,false,
34337,97-6878,,false,
34338,97-6921,,false,
34339,97-6979,,false,
34340,97-7018,,false,
34341,97-7131,,false,
34342,97-7182,,false,
34343,97-7206,,false,
34344,97-7273,,false,
34345,97-7353,,false,
34346,98-0059,,false,
34347,98-0061,,false,
34348,98-0229,,false,
34349,98-0230,,false,
34350,98-0327,,false,
34351,98-0350,,false,
34352,98-0362,,false,
34353,98-0366,,false,
34354,98-0434,,false,
34355,98-0444,,false,
34356,98-0494,,false,
34357,98-0604,,false,
34358,98-0615,,false,
34359,98-0638,,false,
34360,98-0639,,false,
34361,98-0767,,false,
34362,98-1000,,false,
34363,98-1036,,false,
34364,98-1111,,false,
34365,98-1112,,false,
34366,98-1171,,false,
34367,98-1195,,false,
34368,98-1272,,false,
34369,98-1428,,false,
34370,98-1429,,false,
34371,98-1431,,false,
34372,98-1437,,false,
34373,98-1445,,false,
34374,98-1476,,false,
34375,98-1606,,false,
34376,98-1911,,false,
34377,98-1995,,false,
34378,98-2027,,false,
34379,98-2076,,false,
34380,98-2079,,false,
34381,98-2085,,false,
34382,98-2129,,false,
34383,98-2139,,false,
34384,98-2157,,false,
34385,98-2358,,false,
34386,98-2374,,false,
34387,98-2455,,false,
34388,98-2509,,false,
34389,98-2583,,false,
34390,98-2600,,false,
34391,98-2638(L),,false,
34392,98-2638(S),,false,
34393,98-2850,,false,
34394,98-2871,,false,
34395,98-2925,,false,
34396,98-3026,,false,
34397,98-3027,,false,
34398,98-3035,,false,
34399,98-3197,,false,
34400,98-3232,,false,
34401,98-3293,,false,
34402,98-3359,,false,
34403,98-3375,,false,
34404,98-3395,,false,
34405,98-3401,,false,
34406,98-3804,,false,
34407,98-3889,,false,
34408,98-3962,,false,
34409,98-3963,,false,
34410,98-3995,,false,
34411,98-4005,,false,
34412,98-4315,,false,
34413,98-4363,,false,
34414,98-4524,,false,
34415,98-4540,,false,
34416,98-4679,,false,
34417,98-4884,,false,
34418,98-4943,,false,
34419,98-4946,,false,
34420,98-4961,,false,
34421,98-5094,,false,
34422,98-5306,,false,
34423,98-5553,,false,
34424,98-5810,,false,
34425,98-5874,,false,
34426,98-5925,,false,
34427,98-6011,,false,
34428,98-6046,,false,
34429,98-6090,,false,
34430,98-6110,,false,
34431,98-6115,,false,
34432,98-6253,,false,
34433,98-6263,,false,
34434,98-6361,,false,
34435,98-6404,,false,
34436,98-6429,,false,
34437,98-6469,,false,
34438,98-6658,,false,
34439,98-6818,,false,
34440,98-6964,,false,
34441,98-7031,,false,
34442,98-7033,,false,
34443,98-7163,,false,
34444,98-7250,,false,
34445,98-7502,,false,
34446,98-7714,,false,
34447,98-7715,,false,
34448,98-7716,,false,
34449,98-7794,,false,
34450,98-7875,,false,
34451,98-7995,,false,
34452,98-7996,,false,
34453,98-8131,,false,
34454,98-8198,,false,
34455,98-8333,,false,
34456,98-8502,,false,
34457,98-8539,,false,
34458,98-8731,,false,
34459,98-8788,,false,
34460,98-8789,,false,
34461,201406xh,,false,
34463,Nm400,407,false,
34468,0068/14,,false,
34469,0069/14,,false,
34470,7747,,false,
34471,7787,,false,
34472,8088,,false,
34473,2014-179,,false,
34474,M14.21,,false,
34475,NG0330,,false,
34480,12039/14,,false,
34481,991679,,false,
34482,992010,,false,
34483,992172,,false,
34484,2000298,,false,
34485,2000945,,false,
34486,2001701,,false,
34487,2002137,,false,
34488,2010331,,false,
34489,2010441,,false,
34490,2010498,,false,
34491,2091785,,false,
34492,2091826,,false,
34493,2093112,,false,
34494,2094424,,false,
34495,2100383,87,false,
34496,2103604,,false,
34497,2110364,,false,
34498,5588,,false,
34499,6766,,false,
34500,DE13232,,false,
34501,DE13248,,false,
34502,M13 240484,279,false,
34503,M13 240485,62,false,
34504,M13 240486,256,false,
34505,M13 240488,3,false,
34506,M13 240490,728,false,
34507,M13 240495,45,false,
34508,M13 240497,49,false,
34509,M13 240499,93,false,
34510,M13 240501,127,false,
34511,M13 240502,3,false,
34512,M13 240503,68,false,
34513,M13 240507,729,false,
34514,M13 240508,93,false,
34515,M13 240516,3,false,
34516,M13 240519,730,false,
34517,M13 240525,45,false,
34518,M-152-14,,false,
34519,29400,,false,
34520,29806,,false,
34521,29105,,false,
34522,29403,,false,
34523,29818,,false,
34524,29301,,false,
34525,29304,,false,
34526,29058,,false,
34527,29034,,false,
34528,Nm377,1820,false,
34529,34315,,false,
34530,0070/14,,false,
34531,0071/14,,false,
34532,0072/14,,false,
34533,0074/14,,false,
34534,0075/14,,false,
34535,0078/14,,false,
34536,14.8707534,,false,
34537,M14.20,,false,
34538,M-159-14,,false,
34539,29002,,false,
34540,M07 240954,2,false,
34541,M00 243289,2,false,
34542,NZ98/254,,false,
34543,M01 240070,532,false,
34544,M14 240183,1,false,
34545,M14 240188,24,false,
34546,M14 240191,,false,
34547,4119,3,false,
34548,9506,3,false,
34549,9757,3,false,
34550,12888,3,false,
34551,61103,731,false,
34552,61106,732,false,
34553,63006,25,false,
34554,63023,28,false,
34555,63041,25,false,
34556,63049,733,false,
34557,64182,25,false,
34558,65012,25,false,
34559,65014,25,false,
34560,68094,28,false,
34561,69096,28,false,
34562,69100,,false,
34563,69155,28,false,
34564,69166,28,false,
34565,69176,28,false,
34566,70012,28,false,
34567,70021,28,false,
34568,70030,28,false,
34569,70082,28,false,
34570,73696,67,false,
34571,73704,59,false,
34572,75643,29,false,
34573,75689,29,false,
34574,77221,734,false,
34575,80179,348,false,
34576,81858,735,false,
34577,87255,37,false,
34578,88050,29,false,
34579,92045,120,false,
34580,93003,9,false,
34581,93004,10,false,
34582,94018,29,false,
34583,96023,29,false,
34584,96024,29,false,
34585,96037,49,false,
34586,96060,28,false,
34587,97008,29,false,
34588,97014,57,false,
34589,97018,29,false,
34590,97020,29,false,
34591,97021,57,false,
34592,97027,25,false,
34593,98002,57,false,
34594,98005,29,false,
34595,98008,736,false,
34596,98080,1,false,
34597,2000063,29,false,
34598,2000080,737,false,
34599,2001212,29,false,
34600,2002007,29,false,
34601,2002020,3,false,
34602,2002030,3,false,
34603,2002038,57,false,
34604,2003022,29,false,
34605,2003051,105,false,
34606,2004085,,false,
34607,2004090,29,false,
34608,2005172,57,false,
34609,2006087,57,false,
34610,2007056,29,false,
34612,2008223,57,false,
34613,M13255,3,false,
34614,M13265,3,false,
34615,NM003,49,false,
34616,NM045,49,false,
34617,NM0552,45,false,
34618,NM115,141,false,
34619,NM126,1,false,
34620,NM133,1,false,
34621,NM134,120,false,
34622,NM140,67,false,
34623,NM1476,3,false,
34624,NM1482,1,false,
34625,NM1495,1,false,
34626,NM151,45,false,
34627,NM165,62,false,
34628,NM183,67,false,
34629,NM23,739,false,
34630,NM255,68,false,
34631,NM2657,104,false,
34632,NM27,141,false,
34633,NM271,141,false,
34634,NM2781,67,false,
34635,NM2795,65,false,
34636,NM2866,,false,
34637,NM3001,97,false,
34638,NM3042,62,false,
34639,NM3081,740,false,
34640,NM313,1,false,
34641,NM3131,141,false,
34642,NM3139,198,false,
34643,NM3141,3,false,
34644,NM3144,141,false,
34645,NM3158,141,false,
34646,NM3164,141,false,
34647,NM3173,3,false,
34648,NM32,1,false,
34649,NM3222,741,false,
34650,NM3223,62,false,
34651,NM3230,45,false,
34652,NM35,1,false,
34653,NM36,1,false,
34654,NM3642,29,false,
34655,NM3652,29,false,
34656,NM418,3,false,
34657,NM422,3,false,
34658,NM43,742,false,
34659,NM477,3,false,
34660,NM51,62,false,
34661,NM518,49,false,
34662,NM576,67,false,
34663,NM604,29,false,
34664,NM606,29,false,
34665,NM607,29,false,
34666,NM80,62,false,
34667,NM82,1,false,
34668,NM90,141,false,
34669,NM94,1,false,
34670,NM95,1,false,
34671,N13/13,,false,
34672,27908,,false,
34673,27909,,false,
34713,MK7/14,,false,
34715,14.8707535,,false,
34727,N10/09,,false,
34728,M14.27,,false,
34729,VP2756,,false,
34730,24,,false,
34731,LNP13407,57,false,
34732,LNP14354,57,false,
34733,LNP15075,744,false,
34734,LNP23552,57,false,
34735,LNP23557,57,false,
34736,LNP19504,352,false,
34737,LNP24196,66,false,
34738,LNP24287,66,false,
34739,2008112,57,false,
34740,2005166,57,false,
34741,2006100,57,false,
34742,LNP27821,2,false,
34744,LNP27572,257,false,
34745,2008223B,57,false,
34746,CH811,18,false,
34747,GC1-182,745,false,
34748,SK708,22,false,
34749,SK6987,18,false,
34750,SK7461,21,false,
34751,SK7842,18,false,
34752,SK13777,380,false,
34753,SK14515,16,false,
34754,SK15454,367,false,
34755,SK16259,16,false,
34756,SK16942,16,false,
34757,SK17973,16,false,
34758,SK22871,367,false,
34759,SK23020,16,false,
34760,SK25532,,false,
34761,SK28355,746,false,
34762,SK29344,18,false,
34763,SK29471,16,false,
34764,SK36809,369,false,
34765,SK32402,16,false,
34766,SK33414,747,false,
34767,SK39420,367,false,
34768,ALB_2011_03_03,18,false,
34769,ALB_2011_04_03,16,false,
34770,ATL_2011_01_03,18,false,
34771,ATL_2011_01_05,18,false,
34772,ATL_2011_01_08,367,false,
34773,ATL_2011_01_17,633,false,
34774,ATL_2011_01-21,21,false,
34775,ATL_2011_01-25,16,false,
34776,ATL_2011_05-08,367,false,
34777,ATL_2011_05-13,16,false,
34778,MIA_2011_02_02,21,false,
34779,MIA_2011_03-09,367,false,
34780,MIA_2011_03-10,367,false,
34781,MIA_2011_05-15,16,false,
34782,MIA_2011_05-16,21,false,
34783,MIA_2011_05-10,16,false,
34784,NOR_2011_03-06,654,false,
34785,NYC_2011_05_07,16,false,
34786,NYC_2011_05_13,21,false,
34787,MU_NG3,16,false,
34788,MU_NG4,375,false,
34789,MU_NG5,16,false,
34790,MU_NG6,640,false,
34791,MU_NG8,641,false,
34792,MU_NG9,16,false,
34793,MU_NG12,,false,
34794,MU_NG14,16,false,
34795,MU_NG15,16,false,
34796,MU_NG17,627,false,
34797,MU_NG18,16,false,
34798,MU_NG19,18,false,
34799,MU_NG20,16,false,
34800,MU_NG21,21,false,
34801,MU_NG23,367,false,
34802,MU_NG25,378,false,
34803,MU_NG26,367,false,
34804,ALB_2011_01-02,378,false,
34805,ERR051676,,false,
34806,ERR051677,,false,
34807,ERR051678,,false,
34808,ERR052799,29,false,
34809,ERR052812,29,false,
34810,ERR052817,29,false,
34811,ERR052816,29,false,
34812,ERR052813,29,false,
34813,ERR052829,29,false,
34814,ERR052831,29,false,
34815,ERR052822,29,false,
34816,ERR052826,29,false,
34817,ERR052811,29,false,
34818,ERR052800,29,false,
34819,ERR052821,29,false,
34820,ERR052795,29,false,
34821,ERR052823,29,false,
34822,ERR052787,29,false,
34823,ERR052828,29,false,
34824,ERR052792,29,false,
34825,ERR052767,29,false,
34826,ERR052775,29,false,
34827,ERR052754,29,false,
34828,ERR052768,29,false,
34829,ERR052746,29,false,
34830,ERR052814,29,false,
34831,ERR052819,29,false,
34832,ERR052827,29,false,
34833,ERR052825,29,false,
34834,ERR052796,29,false,
34835,ERR052820,29,false,
34836,ERR052737,29,false,
34837,ERR052779,29,false,
34838,ERR052793,29,false,
34839,ERR052824,29,false,
34840,ERR052747,29,false,
34841,ERR052807,29,false,
34842,ERR052806,29,false,
34843,ERR052789,29,false,
34844,ERR052739,29,false,
34845,ERR052763,29,false,
34846,ERR052832,29,false,
34847,ERR052790,29,false,
34848,ERR052764,29,false,
34849,ERR052781,29,false,
34850,ERR052749,29,false,
34851,ERR052818,29,false,
34852,ERR052750,29,false,
34853,ERR052766,29,false,
34854,ERR052815,29,false,
34855,ERR052751,29,false,
34856,ERR052808,29,false,
34857,ERR052738,29,false,
34858,ERR052758,29,false,
34859,ERR052743,29,false,
34860,ERR052757,29,false,
34861,ERR052745,29,false,
34862,ERR052774,29,false,
34863,ERR052791,29,false,
34864,ERR052810,29,false,
34865,ERR052778,29,false,
34866,ERR052804,29,false,
34867,ERR052771,29,false,
34868,ERR052765,29,false,
34869,ERR052741,29,false,
34870,ERR052786,29,false,
34871,ERR052752,29,false,
34872,ERR052805,29,false,
34873,ERR052780,29,false,
34874,ERR052782,29,false,
34875,ERR052744,29,false,
34876,ERR052809,29,false,
34877,ERR052802,29,false,
34878,ERR052759,29,false,
34879,ERR052773,29,false,
34880,ERR052740,29,false,
34881,ERR052756,29,false,
34882,ERR052830,29,false,
34883,ERR052794,29,false,
34884,ERR052755,29,false,
34885,ERR052784,29,false,
34886,ERR052761,29,false,
34887,ERR052753,29,false,
34888,ERR052801,29,false,
34889,ERR052783,29,false,
34890,ERR052798,29,false,
34891,ERR052770,29,false,
34892,ERR052788,29,false,
34893,ERR052803,29,false,
34894,ERR052797,29,false,
34895,ERR052760,29,false,
34896,ERR052777,29,false,
34897,ERR052785,29,false,
34898,ERR052776,29,false,
34899,ERR052762,29,false,
34900,ERR052742,29,false,
34901,ERR052772,29,false,
34902,ERR052748,29,false,
34903,2596,,false,
34904,N13/14,,false,
34905,IBD-636,,false,
34906,IBD-650,,false,
34907,IBD-665,480,false,
34908,IBD-666,260,false,
34909,IBD-670,,false,
34910,IBD-741,493,false,
34911,IBD-746,748,false,
34912,IBD-755,,false,
34913,IBD-803,141,false,
34914,IBD-804,45,false,
34915,IBD-829,3,false,
34916,IBD-515,141,false,
34917,IBD-519,62,false,
34918,IBD-531,45,false,
34919,IBD-581,49,false,
34920,IBD-587,87,false,
34921,IBD-852,120,false,
34922,IBD-866,45,false,
34923,IBD-881,49,false,
34924,IBD-795,554,false,
34925,IBD-905,147,false,
34926,IBD-919,127,false,
34927,IBD-956,45,false,
34928,IBD-962,,false,
34929,IBD-975,,false,
34930,IBD-464,62,false,
34931,IBD-467,579,false,
34932,IBD-470,1,false,
34933,IBD-476,1,false,
34934,IBD-481,257,false,
34935,IBD-483,560,false,
34936,IBD-485,558,false,
34937,IBD-486,560,false,
34938,IBD-487,558,false,
34939,IBD-488,,false,
34940,IBD-490,560,false,
34941,IBD-492,558,false,
34942,IBD-493,560,false,
34943,IBD-496,2,false,
34944,IBD-497,,false,
34945,IBD-499,49,false,
34946,IBD-506,749,false,
34947,IBD-507,120,false,
34948,IBD-509,1,false,
34949,IBD-542,49,false,
34950,IBD-544,93,false,
34951,IBD-553,3,false,
34952,IBD-435,,false,
34953,IBD-535,62,false,
34954,IBD-547,68,false,
34955,IBD-1003,127,false,
34956,IBD-1022,45,false,
34957,IBD-1048,45,false,
34958,IBD-1050,45,false,
34959,IBD-1051,1,false,
34960,IBD-1071,1,false,
34961,IBD-1072,49,false,
34962,IBD-1083,262,false,
34963,IBD-1142,,false,
34964,IBD-361,93,false,
34965,IBD-363,3,false,
34966,IBD-364,3,false,
34967,IBD-366,750,false,
34968,IBD-367,62,false,
34969,IBD-374,345,false,
34970,IBD-415,,false,
34971,IBD-457,15,false,
34972,IBD-503,,false,
34973,IBD-559,,false,
34974,IBD-561,1,false,
34975,IBD-562,501,false,
34976,IBD-568,751,false,
34977,IBD-564,93,false,
34978,IBD-573,93,false,
34979,IBD-574,,false,
34980,IBD-575,57,false,
34981,IBD-1100,49,false,
34982,IBD-1101,424,false,
34983,IBD-1102,,false,
34984,IBD-1105,45,false,
34985,IBD-1107,621,false,
34986,IBD-1110,,false,
34987,IBD-1118,570,false,
34988,IBD-1128,68,false,
34989,IBD-796,15,false,
34990,Tchad54/11,29,false,
34991,Tchad78/11,29,false,
34992,Tchad95/11,29,false,
34994,Tchad106/11,29,false,
34995,8-2011,29,false,
34996,10-2011,29,false,
34997,39-2011,29,false,
34998,59-2011,29,false,
34999,63-2011,29,false,
35000,75-2011,,false,
35001,76-2011,29,false,
35002,120-2011,29,false,
35003,403-2011,29,false,
35004,12-15398-XS2-1,29,false,
35005,12-13952-XS2-1,29,false,
35006,12-15317-XS2-1,29,false,
35007,12-15047-XS2-1,29,false,
35008,12-15661-XS2-1,29,false,
35009,12-15657-XS2-1,29,false,
35010,12-17186-XS2-1,29,false,
35011,12-17194-XS2-1,29,false,
35012,12-17009-XS2-1,,false,
35013,12-14973-XS2-1,,false,
35025,Niga1-14,33,false,
35036,Niga10-14,33,false,
35047,Niga17-14,33,false,
35056,Niga8-13,33,false,
35066,Niga13-13,33,false,
35072,Niga21-13,33,false,
35075,IBD-1166,757,false,
35076,IBD-1167,3,false,
35077,IBD-1168,1,false,
35078,IBD-1169,1,false,
35079,IBD-1170,3,false,
35080,IBD-1171,3,false,
35081,IBD-1172,3,false,
35082,IBD-1173,87,false,
35083,IBD-1174,45,false,
35084,IBD-1175,1,false,
35085,IBD-1176,1,false,
35086,IBD-1177,1,false,
35087,IBD-1178,1,false,
35088,IBD-1179,1,false,
35089,IBD-1180,1,false,
35090,IBD-1181,758,false,
35091,IBD-1182,1,false,
35092,IBD-1183,1,false,
35093,IBD-1184,,false,
35094,ERR051675,,false,
35095,ERR052769,29,false,
35096,OX0052328,105,false,
35097,OX9930110,57,false,
35098,878,,false,
35099,1351-11,,false,
35100,2618,,false,
35101,M09.02,,false,
35102,M13.06,,false,
35103,0079/14,,false,
35104,0001/15,,false,
35105,0002/15,2,false,
35106,0003/15,,false,
35107,0004/15,9,false,
35108,0005/15,,false,
35109,0007/15,,false,
35110,0008/15,,false,
35111,29808,,false,
35112,GC-1228,,false,
35114,0009/15,,false,
35115,0010/15,,false,
35116,0011/15,,false,
35117,15.8701117,,false,
35118,2015-014,,false,
35119,2614,,false,
35120,0001/84,1,false,
35121,0016/84,1,false,
35122,0364/95,2,false,
35123,0448/95,2,false,
35124,0501/95,2,false,
35125,0018/99,2,false,
35126,0287/99,2,false,
35127,0010/00,2,false,
35128,0138/00,2,false,
35129,0010/01,2,false,
35130,0046/02,2,false,
35131,0039/96,1,false,
35132,NMB004,,false,
35133,4053,,false,
35134,4773,,false,
35135,4836,,false,
35136,6052,,false,
35137,6550,,false,
35138,6793,,false,
35139,7030,,false,
35140,1103,,false,
35141,1391,,false,
35142,3412,,false,
35143,5326,,false,
35144,7271,,false,
35145,8494,,false,
35146,14MQA02,,false,
35147,14MQA03,,false,
35148,6766,,false,
35149,8309,,false,
35150,MK1/15,,false,
35151,LN011,,false,
35152,P75,,false,
35153,P83,,false,
35154,P90,,false,
35155,P97,,false,
35156,P104,,false,
35157,P120,,false,
35188,13M1787,,false,
35206,LN008,,false,
35207,GR-W-5070_Str_14,,false,
35208,GR-W-5272_Str_14,,false,
35209,0012/15,,false,
35210,0013/15,,false,
35211,0016/15,,false,
35212,0017/15,,false,
35213,0018/15,,false,
35214,0020/15,,false,
35215,0021/15,2,false,
35216,GR-W-5048_Str_14,,false,
35217,M15.08,,false,
35219,12M0648,,false,
35220,12M7471,,false,
35221,P80,,false,
35222,P81,,false,
35223,P95,,false,
35224,P115,,false,
35225,P118,,false,
35226,13M0729,,false,
35227,09.1126.Y,120,false,
35228,09.1208.P,9,false,
35229,09.1211.Y,93,false,
35230,09.1292.T,9,false,
35231,09.1331.Y,128,false,
35232,09.1368.F,45,false,
35233,09.1385.H,62,false,
35234,09.1402.B,87,false,
35235,09.1453.F,45,false,
35236,09.1507.Q,45,false,
35237,09.1514.A,93,false,
35238,09.1557.B,87,false,
35239,09.1580.V,,false,
35240,09.1595.J,57,false,
35241,09.1619.R,45,false,
35242,09.1857.M,97,false,
35243,09.1858.V,93,false,
35244,09.1893.P,93,false,
35245,09.1976.T,93,false,
35246,09.1999.X,9,false,
35247,09.2014.G,49,false,
35248,09.2045.J,45,false,
35249,09.2061.P,62,false,
35250,09.2082.C,55,false,
35251,09.2204.A,775,false,
35252,09.2270.V,45,false,
35253,09.2386.V,45,false,
35254,09.2439.W,776,false,
35255,09.2522.Q,45,false,
35256,09.2622.N,93,false,
35257,09.2658.E,45,false,
35258,09.2799.W,68,false,
35259,09.2935.B,67,false,
35260,09.2939.N,87,false,
35261,09.2961.S,200,false,
35262,09.3026.N,93,false,
35263,09.3029.P,93,false,
35264,09.3063.L,9,false,
35265,09.3091.W,93,false,
35266,09.3167.H,120,false,
35267,09.3271.E,45,false,
35268,09.3302.K,120,false,
35269,09.3351.N,93,false,
35270,09.3368.H,45,false,
35271,10.1171.X,62,false,
35272,10.1177.P,777,false,
35273,10.1199.K,93,false,
35274,10.1352.R,87,false,
35275,10.1430.T,3,false,
35276,10.1516.S,93,false,
35277,10.1718.Z,68,false,
35278,10.1746.F,93,false,
35279,10.1962.Z,93,false,
35280,10.2012.H,393,false,
35281,10.2126.Z,93,false,
35282,10.2240.T,120,false,
35283,10.2273.P,68,false,
35284,10.2289.A,120,false,
35285,10.2352.E,120,false,
35286,10.2397.V,132,false,
35287,10.2422.K,45,false,
35288,10.2509.N,93,false,
35289,10.2631.L,305,false,
35290,10.2763.M,137,false,
35291,10.2850.R,45,false,
35292,10.2854.Q,778,false,
35293,10.2884.V,93,false,
35294,10.3051.M,49,false,
35295,10.3134.R,68,false,
35296,11.1071.G,45,false,
35297,11.1190.L,127,false,
35298,11.1286.D,127,false,
35299,11.1312.X,45,false,
35300,11.1376.W,,false,
35301,11.1392.G,93,false,
35302,11.1426.J,45,false,
35303,11.1479.T,45,false,
35304,11.1489.Z,133,false,
35305,11.1575.Q,499,false,
35306,11.1688.D,779,false,
35307,11.1709.B,87,false,
35308,11.1825.A,139,false,
35309,11.1826.C,139,false,
35310,11.2087.F,349,false,
35311,11.2169.T,93,false,
35312,11.2463.D,45,false,
35313,11.2525.L,120,false,
35314,11.2909.Z,62,false,
35315,11.3133.X,9,false,
35316,11.3808.A,780,false,
35317,11.3888.K,62,false,
35318,11.4891.D,120,false,
35319,11.4999.T,45,false,
35320,11.5380.D,569,false,
35321,11.5384.H,93,false,
35322,11.5445.E,97,false,
35323,11.5563.G,338,false,
35324,11.5842.B,781,false,
35325,11.5915.A,87,false,
35326,11.6644.A,120,false,
35327,11.6835.D,1,false,
35328,11.7141.B,93,false,
35329,12.1092.Y,305,false,
35330,12.1192.H,150,false,
35331,12.1222.T,104,false,
35332,12.1512.D,62,false,
35333,12.1555.H,68,false,
35334,SMG-19-1098,93,false,
35335,12.8534.X,45,false,
35336,12.8840.D,62,false,
35337,13.1012.H,120,false,
35338,13.1296.J,62,false,
35339,SMG-19-1068,93,false,
35340,13.1370.Z,87,false,
35341,13.1395.T,120,false,
35342,13.1396.M,93,false,
35343,13.1682.M,120,false,
35344,13.2342.Z,120,false,
35345,13.2973.F,782,false,
35346,13.3065.D,150,false,
35347,13.3207.X,87,false,
35348,13.3348.S,62,false,
35349,13.3789.S,62,false,
35350,13.3813.B,93,false,
35351,13.3867.V,120,false,
35352,SMG-19-1077,93,false,
35353,13.4142.L,93,false,
35354,13.4278.S,45,false,
35355,13.4514.P,3,false,
35356,12.1860.E,93,false,
35357,12.1954.S,783,false,
35358,12.2326.H,49,false,
35359,12.2412.W,141,false,
35360,12.2589.T,9,false,
35361,12.2953.Y,49,false,
35362,12.3021.W,45,false,
35363,12.3084.V,68,false,
35364,12.4811.X,93,false,
35365,12.4819.T,93,false,
35366,12.4885.X,784,false,
35367,12.4886.L,784,false,
35368,12.6364.V,49,false,
35369,12.6501.H,87,false,
35370,12.7012.F,62,false,
35371,12.7350.H,1,false,
35372,12.7377.D,93,false,
35373,12.7548.W,93,false,
35374,12.8180.Y,93,false,
35375,SMG-19-1089,93,false,
35376,12.8408.J,62,false,
35377,12.8444.A,1229,false,
35378,09.1936.F,45,false,
35379,09.2807.A,87,false,
35380,12.3882.E,68,false,
35381,13.4765.S,45,false,
35382,13.4767.Q,62,false,
35383,13.5135.Z,785,false,
35384,13.5154.G,62,false,
35385,13.5226.K,93,false,
35386,13.5556.G,87,false,
35387,13.5557.N,87,false,
35388,13.6067.H,45,false,
35389,13.6117.K,97,false,
35390,13.6161.J,45,false,
35391,13.6352.Q,62,false,
35392,13.6756.W,786,false,
35393,13.7214.J,68,false,
35394,13.7552.F,45,false,
35395,13.7896.B,41,false,
35396,13.8092.Q,97,false,
35397,13.8552.X,1,false,
35398,2549,,false,
35400,M28331,292,false,
35401,M28532,292,false,
35402,M25887,292,false,
35403,15.8702256,,false,
35404,M07 240834,93,false,
35405,M07 241002,233,false,
35406,M07 241143,93,false,
35407,M08 240183,93,false,
35408,M08 240430,309,false,
35409,M08 240363,93,false,
35410,M07 240836,120,false,
35411,M07 240904,120,false,
35412,M07 240980,120,false,
35413,M08 240017,120,false,
35414,M08 240056,120,false,
35415,M08 240234,120,false,
35416,M03 240924,138,false,
35417,M03 240926,138,false,
35418,M04 241084,138,false,
35419,M04 241036,138,false,
35420,M14 240366,68,false,
35421,M13 240557,87,false,
35422,M13 240526,308,false,
35423,M13 240528,68,false,
35424,M13 240529,62,false,
35425,M13 240531,1,false,
35426,M13 240532,45,false,
35427,M13 240534,150,false,
35428,M13 240535,787,false,
35429,M13 240536,93,false,
35430,M13 240540,93,false,
35431,M13 240542,87,false,
35432,M13 240543,62,false,
35434,M13 240548,209,false,
35435,M13 240549,62,false,
35436,M13 240554,150,false,
35437,M13 240560,49,false,
35438,M13 240561,45,false,
35439,M13 240562,93,false,
35440,M13 240564,200,false,
35441,M13 240565,93,false,
35442,M13 240566,87,false,
35443,M13 240568,93,false,
35444,M13 240572,93,false,
35445,M13 240573,62,false,
35446,M13 240574,62,false,
35447,M13 240579,93,false,
35448,M13 240581,150,false,
35449,M13 240588,292,false,
35450,M13 240590,62,false,
35451,M13 240592,120,false,
35452,M13 240593,9,false,
35453,M13 240595,68,false,
35454,M13 240596,93,false,
35456,M13 240599,62,false,
35457,M13 240601,45,false,
35458,M13 240605,120,false,
35459,M13 240608,45,false,
35460,M13 240610,788,false,
35461,M13 240611,93,false,
35462,M13 240613,45,false,
35463,M13 240614,45,false,
35464,M13 240615,45,false,
35465,M13 240618,93,false,
35466,M13 240619,87,false,
35467,M13 240620,127,false,
35468,M13 240622,62,false,
35469,M13 240623,57,false,
35470,M13 240624,45,false,
35471,M13 240626,45,false,
35472,M13 240627,292,false,
35473,M13 240632,789,false,
35474,M13 240636,45,false,
35475,M13 240638,93,false,
35477,M13 240640,120,false,
35478,M13 240641,45,false,
35480,M13 240644,150,false,
35481,M13 240646,93,false,
35482,M13 240647,128,false,
35483,M13 240648,45,false,
35484,M13 240652,62,false,
35485,M13 240658,120,false,
35486,M13 240662,45,false,
35487,M13 240663,62,false,
35488,M13 240665,87,false,
35489,M13 240670,45,false,
35491,M13 240673,211,false,
35492,M13 240675,45,false,
35493,M13 240677,49,false,
35494,M13 240684,93,false,
35495,M13 240686,93,false,
35496,M13 240690,45,false,
35497,M13 240692,790,false,
35498,M13 240693,791,false,
35499,M13 240694,62,false,
35500,M13 240695,2,false,
35501,M13 240696,108,false,
35502,M13 240697,15,false,
35503,M13 240698,45,false,
35504,M13 240699,45,false,
35505,M13 240702,57,false,
35506,M13 240703,93,false,
35507,M13 240705,1,false,
35508,M13 240706,211,false,
35509,M13 240708,45,false,
35510,M13 240709,49,false,
35511,M13 240710,130,false,
35512,M13 240715,87,false,
35513,M13 240716,211,false,
35514,M13 240717,,false,
35515,M13 240718,93,false,
35516,M13 240719,87,false,
35517,M13 240720,68,false,
35518,M13 240721,62,false,
35519,M13 240723,3,false,
35520,M13 240725,62,false,
35521,M13 240729,87,false,
35522,M13 240731,87,false,
35523,M13 240733,148,false,
35524,M13 240734,50,false,
35525,M13 240737,792,false,
35526,M13 240738,45,false,
35527,M13 240739,9,false,
35528,M13 240740,67,false,
35529,M13 240742,120,false,
35530,M13 240743,97,false,
35531,M13 240744,62,false,
35532,M13 240745,45,false,
35533,M13 240746,793,false,
35534,M13 240748,609,false,
35535,M13 240749,62,false,
35536,M13 240750,62,false,
35537,M13 240751,62,false,
35538,M13 240752,794,false,
35539,M13 240753,127,false,
35540,M13 240755,795,false,
35541,M14 240003,49,false,
35542,M14 240008,796,false,
35543,M14 240010,211,false,
35544,M14 240011,120,false,
35545,M14 240012,62,false,
35546,M14 240014,3,false,
35547,M14 240015,292,false,
35548,M14 240016,45,false,
35549,M14 240017,45,false,
35550,M14 240018,45,false,
35551,M14 240020,67,false,
35552,M14 240021,128,false,
35553,M14 240023,62,false,
35554,M14 240024,3,false,
35555,M14 240025,120,false,
35556,M14 240027,45,false,
35557,M14 240028,797,false,
35558,M14 240030,87,false,
35559,M14 240037,93,false,
35560,M14 240038,68,false,
35561,M14 240039,45,false,
35562,M14 240045,45,false,
35563,M14 240046,45,false,
35564,M14 240048,3,false,
35565,M14 240049,279,false,
35566,M14 240055,45,false,
35567,M14 240056,62,false,
35568,M14 240059,120,false,
35569,M14 240060,62,false,
35570,M14 240061,93,false,
35571,M14 240062,3,false,
35572,M14 240073,93,false,
35573,M14 240074,45,false,
35574,M14 240075,62,false,
35575,M14 240077,550,false,
35576,M14 240078,,false,
35577,M14 240083,150,false,
35578,M14 240085,45,false,
35579,M14 240087,87,false,
35580,M14 240088,150,false,
35581,M14 240090,1,false,
35582,M14 240091,62,false,
35583,M14 240093,41,false,
35584,M14 240095,840,false,
35585,M14 240096,198,false,
35586,M14 240098,45,false,
35587,M14 240099,93,false,
35588,M14 240101,,false,
35589,M14 240103,3,false,
35590,M14 240104,211,false,
35591,M14 240105,62,false,
35592,M14 240108,62,false,
35593,M14 240109,68,false,
35594,M14 240110,45,false,
35595,M14 240111,62,false,
35596,M14 240112,62,false,
35597,M14 240114,45,false,
35598,M14 240116,1,false,
35599,M14 240117,279,false,
35600,M14 240118,62,false,
35601,M14 240119,47,false,
35602,M14 240120,148,false,
35603,M14 240121,87,false,
35604,M14 240122,3,false,
35605,M14 240123,68,false,
35606,M14 240124,45,false,
35607,M14 240125,68,false,
35608,M14 240126,1,false,
35609,M14 240127,45,false,
35610,M14 240129,68,false,
35611,M14 240130,,false,
35612,M14 240133,150,false,
35613,M14 240134,128,false,
35614,M14 240135,798,false,
35615,M14 240136,62,false,
35616,M14 240140,211,false,
35617,M14 240141,,false,
35618,M14 240142,1,false,
35619,M14 240143,3,false,
35620,M14 240144,62,false,
35621,M14 240145,1,false,
35622,M14 240147,1,false,
35623,M14 240149,799,false,
35624,M14 240150,1,false,
35625,M14 240153,45,false,
35626,M14 240154,45,false,
35627,M14 240157,62,false,
35628,M14 240168,1,false,
35629,M14 240174,45,false,
35630,M14 240175,93,false,
35631,M14 240177,120,false,
35632,M14 240178,1,false,
35633,M14 240179,288,false,
35634,M14 240180,1,false,
35635,M14 240199,1,false,
35636,M14 240201,65,false,
35637,M14 240202,62,false,
35638,M14 240204,1,false,
35639,M14 240205,87,false,
35640,M14 240206,120,false,
35641,M14 240208,97,false,
35642,M14 240210,211,false,
35643,M14 240211,1,false,
35644,M14 240213,97,false,
35645,M14 240215,800,false,
35646,M14 240217,49,false,
35647,M14 240218,262,false,
35648,M14 240220,62,false,
35649,M14 240221,211,false,
35650,M14 240222,257,false,
35651,M14 240223,1,false,
35652,M14 240224,45,false,
35653,M14 240225,62,false,
35654,M14 240226,62,false,
35655,M14 240227,3,false,
35656,M14 240232,77,false,
35657,M14 240233,198,false,
35658,M14 240234,93,false,
35659,M14 240236,257,false,
35660,M14 240237,62,false,
35661,M14 240238,68,false,
35662,M14 240241,93,false,
35663,M14 240242,9,false,
35664,M14 240245,1,false,
35665,M14 240246,62,false,
35666,M14 240248,3,false,
35667,M14 240249,97,false,
35668,M14 240251,9,false,
35669,M14 240252,120,false,
35670,M14 240253,1,false,
35671,M14 240254,,false,
35672,M14 240255,1,false,
35673,M14 240256,127,false,
35674,M14 240257,1,false,
35675,M14 240258,1,false,
35676,M14 240259,9,false,
35677,M14 240261,120,false,
35678,M14 240264,,false,
35679,M14 240265,93,false,
35680,M14 240266,783,false,
35681,M14 240267,45,false,
35682,M14 240271,3,false,
35683,M14 240273,387,false,
35684,M14 240276,62,false,
35685,M14 240277,105,false,
35686,M14 240278,1,false,
35687,M14 240279,1,false,
35688,M14 240280,1,false,
35689,M14 240282,1,false,
35690,M14 240283,801,false,
35691,M14 240284,62,false,
35692,M14 240285,62,false,
35693,M14 240286,257,false,
35694,M14 240287,62,false,
35695,M14 240289,62,false,
35696,M14 240291,62,false,
35697,M14 240293,68,false,
35698,M14 240295,49,false,
35699,M14 240296,3,false,
35700,M14 240299,1,false,
35701,M14 240300,93,false,
35702,M14 240304,1,false,
35703,M14 240305,349,false,
35704,M14 240306,45,false,
35705,M14 240309,45,false,
35706,M14 240310,1,false,
35707,M14 240311,64,false,
35708,M14 240312,198,false,
35709,M14 240313,62,false,
35710,M14 240314,802,false,
35711,M14 240315,39,false,
35712,M14 240316,87,false,
35713,M14 240317,150,false,
35714,M14 240319,803,false,
35715,M14 240321,49,false,
35716,M14 240325,120,false,
35717,M14 240327,804,false,
35718,M14 240328,805,false,
35719,M14 240331,128,false,
35720,M14 240333,806,false,
35721,M14 240335,62,false,
35722,M14 240337,1,false,
35723,M14 240338,,false,
35724,M14 240342,3,false,
35725,M14 240343,1,false,
35726,M14 240344,93,false,
35727,M14 240345,150,false,
35728,M14 240346,1,false,
35729,M14 240347,49,false,
35730,M14 240350,3,false,
35731,M14 240351,1,false,
35732,M14 240353,127,false,
35733,M14 240354,87,false,
35734,M14 240356,103,false,
35735,M14 240357,45,false,
35736,M14 240359,807,false,
35737,M14 240360,93,false,
35738,M14 240361,68,false,
35739,M14 240365,150,false,
35740,M14 240367,93,false,
35741,M14 240368,45,false,
35742,M14 240369,808,false,
35743,M14 240372,87,false,
35744,M14 240374,809,false,
35745,M14 240377,1,false,
35746,M14 240378,62,false,
35747,M14 240379,87,false,
35748,M14 240382,93,false,
35749,M14 240383,3,false,
35750,M14 240384,150,false,
35751,M14 240386,67,false,
35752,M14 240387,810,false,
35753,M14 240388,45,false,
35754,M14 240389,,false,
35755,M14 240390,120,false,
35756,M14 240391,1,false,
35757,M14 240393,87,false,
35758,M14 240396,45,false,
35759,M14 240400,127,false,
35760,M14 240403,62,false,
35761,M14 240404,,false,
35762,M14 240405,1,false,
35763,M14 240406,1,false,
35764,M14 240407,45,false,
35765,M14 240408,93,false,
35766,M14 240410,45,false,
35767,M14 240423,811,false,
35768,M14 240425,,false,
35769,M14 240426,45,false,
35770,M14 240428,120,false,
35771,M14 240429,45,false,
35772,M14 240431,62,false,
35773,M14 240432,141,false,
35774,M14 240434,93,false,
35775,M14 240436,1,false,
35776,M14 240437,97,false,
35777,M14 240441,573,false,
35778,M14 240451,93,false,
35779,M14 240452,24,false,
35780,M14 240455,812,false,
35781,M14 240456,150,false,
35782,M14 240463,1,false,
35783,M14 240465,120,false,
35784,M14 240466,93,false,
35785,M14 240467,3,false,
35786,M14 240468,1,false,
35787,M14 240469,813,false,
35788,M14 240470,1,false,
35789,M14 240471,,false,
35790,M14 240472,45,false,
35791,M14 240473,68,false,
35792,M14 240474,1,false,
35793,M14 240475,49,false,
35794,M14 240476,45,false,
35795,M14 240477,45,false,
35796,M14 240478,1,false,
35797,M14 240480,3,false,
35798,M14 240481,9,false,
35799,M14 240482,1,false,
35800,M14 240485,1,false,
35801,M14 240486,1,false,
35802,M14 240487,62,false,
35803,M14 240488,49,false,
35804,M14 240489,62,false,
35805,M14 240490,45,false,
35806,M14 240491,1,false,
35807,M14 240492,1,false,
35808,M14 240494,1,false,
35809,M14 240495,1,false,
35810,M14 240496,1,false,
35811,M14 240500,1,false,
35812,L4066,,false,
35814,74-14,,false,
35819,1126,,false,
35820,2963,,false,
35821,3141,,false,
35822,3644,,false,
35823,1483,,false,
35824,2018,,false,
35825,11M6110,,false,
35826,14M1562,,false,
35827,14M2317,,false,
35828,14M2986,,false,
35829,M01 240100,93,false,
35830,M13 240674,,false,
35841,11M7614,,false,
35842,2015-051,,false,
35843,19652-B,,false,
35844,M15.12,,false,
35845,12M0320,,false,
35846,12M1268,,false,
35847,12M2182,,false,
35848,12M2429,,false,
35849,12M4151,,false,
35850,12M5716,,false,
35851,12M6808,,false,
35852,13M0055,,false,
35853,13M0782,,false,
35854,13M1641,,false,
35855,13M1942,,false,
35856,13M2836,,false,
35857,14M10273,,false,
35858,DE12158,,false,
35859,DE12223,,false,
35860,NIID583,,false,
35885,OX9932169,85,false,
35886,OX9931422,50,false,
35887,OX9930244,,false,
35888,OX9932212,,false,
35889,OX9931942,,false,
35890,OX9930103,88,false,
35891,OX9930387,68,false,
35892,OX9930617,68,false,
35893,OX9930530,68,false,
35894,OX9930296,90,false,
35895,OX9931193,91,false,
35896,OX9932322,91,false,
35897,OX9930886,92,false,
35898,OX9931800,93,false,
35899,OX0050049,93,false,
35900,OX0050081,95,false,
35901,OX0050092,68,false,
35902,OX0050158,,false,
35903,OX0050185,,false,
35904,OX0050256,57,false,
35905,OX0050268,50,false,
35906,OX0050325,87,false,
35907,OX0050360,3,false,
35908,OX0050377,88,false,
35909,OX0050393,93,false,
35910,OX0050468,,false,
35911,OX0050574,68,false,
35912,OX0050607,,false,
35913,OX0050776,68,false,
35914,OX0050781,68,false,
35915,OX0050852,,false,
35916,OX0050858,97,false,
35917,OX0050902,101,false,
35918,OX0050946,68,false,
35919,OX0050965,68,false,
35920,OX0051080,24,false,
35921,OX0051099,87,false,
35922,OX0051106,24,false,
35923,OX0051114,87,false,
35924,OX0051148,,false,
35925,OX0051153,90,false,
35926,OX0051189,103,false,
35927,OX0051290,9,false,
35928,OX0051317,9,false,
35929,OX0051410,104,false,
35930,OX0051415,68,false,
35931,OX0052051,68,false,
35932,OX0052158,97,false,
35933,OX0052813,24,false,
35934,OX0052881,93,false,
35935,OX01060129,104,false,
35936,OX01060268,97,false,
35937,OX01060273,104,false,
35938,OX01060284,102,false,
35939,OX01060373,101,false,
35940,OX01060380,3,false,
35941,OX01060426,87,false,
35942,OX01060508,68,false,
35943,OX01060686,87,false,
35944,OX01060731,93,false,
35945,OX01060795,106,false,
35946,OX01060836,103,false,
35947,OX01060852,65,false,
35948,OX01061080,93,false,
35949,OX01061099,57,false,
35950,OX01061117,95,false,
35951,OX01061128,9,false,
35952,OX01061141,107,false,
35953,OX01061379,68,false,
35954,OX01061911,24,false,
35955,OX01061948,,false,
35956,255,25,false,
35957,890326,67,false,
35958,BZ 133,11,false,
35959,EG 328,508,false,
35960,F1576,1,false,
35961,NG E28,,false,
35962,NG H41,46,false,
35963,NG P20,1,false,
35964,SWZ107,57,false,
36059,M22276,28,false,
36124,M15.11,,false,
36125,M15.20,,false,
36126,7/15,,false,
36127,IE15Nm00,148,false,
36128,IE15Nm01,87,false,
36129,12002_2015,93,false,
36130,IE15Nm03,93,false,
36131,IE15Nm04,1,false,
36132,IE15Nm05,93,false,
36133,12006_2015,95,false,
36134,IE10Nm10,45,false,
36135,12010_2012,820,false,
36136,IE14Nm10,,false,
36137,IE14Nm13,3,false,
36138,IE14Nm14,68,false,
36139,IE10Nm14,45,false,
36140,12015_2014,1893,false,
36141,12016_2014,288,false,
36142,12017_2014,1894,false,
36143,12018_2014,120,false,
36144,IE10Nm19,45,false,
36145,IE14Nm19,45,false,
36146,IE14Nm20,45,false,
36147,IE14Nm23,15,false,
36148,12024_2014,1895,false,
36149,IE14Nm25,,false,
36150,IE13Nm26,87,false,
36151,12026_2014,120,false,
36152,12030_2013,97,false,
36153,12030_2014,1896,false,
36154,IE14Nm31,3,false,
36155,IE14Nm33,1227,false,
36156,IE14Nm34,1,false,
36157,12035_2014,1,false,
36158,IE14Nm37,104,false,
36159,IE14Nm38,150,false,
36160,12039_2014,460,false,
36161,12040_2014,5046,false,
36162,IE14Nm41,45,false,
36163,12042_2014,,false,
36164,IE14Nm43,93,false,
36165,IE14Nm44,45,false,
36166,12045_2014,150,false,
36167,12046_2014,1897,false,
36168,IE14Nm47,,false,
36169,IE14Nm48,49,false,
36170,12049_2009,33,false,
36171,12053_2009,93,false,
36172,M10.1,821,false,
36173,M11.1,821,false,
36174,M15.1,822,false,
36175,M17.1,563,false,
36176,M18.1,563,false,
36177,M21.1,563,false,
36178,M22.1,563,false,
36179,M23.1,563,false,
36180,M24.1,563,false,
36181,M26.1,563,false,
36182,M27.1,563,false,
36183,M28.1,563,false,
36184,M33.1,563,false,
36185,M4.1,563,false,
36186,M43.1,563,false,
36187,M45.1b,45,false,
36188,M45.2,45,false,
36189,M5.1,563,false,
36190,M7.1,563,false,
36192,L4098,,false,
36193,2591,1846,false,
36194,2617-IT,42,false,
36195,2623,198,false,
36196,2633,,false,
36197,M1201 173,,false,
36198,M4453,,false,
36199,5299/14,,false,
36200,3412/14,,false,
36201,4033/14,,false,
36202,BM48,1,false,
36203,BM48a,1,false,
36204,BM59,45,false,
36205,BM59a,45,false,
36206,BM59b,45,false,
36207,BM59c,45,false,
36208,BM65,460,false,
36209,BM65a,460,false,
36210,BM65b,460,false,
36211,BM65c,460,false,
36212,OX0050940,45,false,
36213,OX0052076,49,false,
36214,OX01060217,,false,
36215,OX01060367,,false,
36216,OX01060896,110,false,
36217,OX01061140,49,false,
36218,OX01061310,45,false,
36219,OX01061577,45,false,
36220,OX01061579,,false,
36221,OX01062311,45,false,
36222,OX01062468,49,false,
36223,OX9931197,49,false,
36224,OX9931238,49,false,
36225,OX9931966,45,false,
36226,OX9932316,45,false,
36227,OX9932386,,false,
36238,51212,378,false,
36239,T004,367,false,
36240,52262,823,false,
36241,T006,367,false,
36242,T007,18,false,
36243,57547,683,false,
36244,56873,683,false,
36245,44568,18,false,
36246,61467,683,false,
36247,62017,824,false,
36248,43305,683,false,
36249,51451,683,false,
36250,58767,,false,
36251,63179,825,false,
36252,T032,367,false,
36253,61450,683,false,
36254,T034,18,false,
36255,45453,683,false,
36256,45676,683,false,
36257,51960,669,false,
36258,T041,,false,
36259,61580,683,false,
36260,T047,367,false,
36261,48871,683,false,
36262,T049,,false,
36263,48501,683,false,
36264,T052,367,false,
36265,T053,683,false,
36266,60096,826,false,
36267,55496,18,false,
36268,T060,,false,
36269,52263,683,false,
36270,59688,654,false,
36271,50659,827,false,
36272,T064,826,false,
36273,55798,683,false,
36274,63518,824,false,
36275,51468,826,false,
36276,51645,18,false,
36277,59012,824,false,
36278,T071,18,false,
36279,60243,,false,
36280,47956,683,false,
36281,47686,683,false,
36282,45029,,false,
36283,47147,683,false,
36284,44593,683,false,
36285,43346,18,false,
36286,T083,18,false,
36287,43781,18,false,
36288,T087,826,false,
36289,42974,,false,
36290,47983,18,false,
36291,60755,18,false,
36292,60709,18,false,
36293,43000,18,false,
36294,43038,18,false,
36295,46146,18,false,
36296,44569,18,false,
36297,52492,18,false,
36298,T101,18,false,
36299,46445,683,false,
36300,T104,683,false,
36301,T105,18,false,
36302,T106,824,false,
36310,M-076-15,,false,
36314,1459000516,1,false,
36315,1459000524,93,false,
36316,1459000337,62,false,
36318,0023/15,,false,
36319,0026/15,,false,
36320,0028/15,,false,
36321,0029/15,,false,
36322,0032/15,,false,
36323,0042/13,62,false,
36324,0034/15,,false,
36325,0036/15,127,false,
36326,0038/15,,false,
36327,0057/13,62,false,
36328,0040/15,,false,
36329,0042/15,119,false,
36330,0045/15,49,false,
36331,340/14,,false,
36332,1937/14,,false,
36333,2636/14,,false,
36334,3308/14,,false,
36335,3969/14,,false,
36336,5131/14,,false,
36337,5149/14,,false,
36338,5200/14,,false,
36339,5303/14,,false,
36340,7/11,,false,
36341,5190/14,,false,
36342,1504/14,,false,
36343,945/14,,false,
36344,341/14,,false,
36345,259/14,,false,
36346,1134/14,,false,
36386,2654,257,false,
36402,2669,257,false,
36444,2417,257,false,
36445,2418,257,false,
36446,2419,257,false,
36447,2420,257,false,
36448,2636,257,false,
36449,2639,829,false,
36450,2644,257,false,
36451,2652,257,false,
36452,2664,257,false,
36453,2665,257,false,
36454,1982,2,false,
36455,1983,2,false,
36456,1984,2,false,
36457,1985,2,false,
36458,1986,2,false,
36459,1987,2,false,
36460,2421,257,false,
36461,2560,257,false,
36462,1981,2,false,
36463,2380,1,false,
36464,2411,1,false,
36465,2387,259,false,
36466,2415,2,false,
36467,2393,2,false,
36468,2405,2,false,
36469,2433,2,false,
36470,2394,2,false,
36471,2436,2,false,
36472,2437,2,false,
36473,2444,2,false,
36664,EXNM394,1,false,
36665,EXNM612,1,false,
36666,EXNM652,1,false,
36668,09.1347.W,93,false,
36669,11.2796.K,782,false,
36670,2670,257,false,
36671,0047/15,,false,
36672,0049/15,,false,
36673,0050/15,1,false,
36674,0051/15,1883,false,
36675,P9-17,18,false,
36676,IL121929,,false,
36677,IL121931,,false,
36678,IL091918,,false,
36679,IL09192,,false,
36680,IL091940,,false,
36681,2015-080,,false,
36682,AR01788,,false,
36683,5919/13,,false,
36684,SM-3,16,false,
36685,2015-089,,false,
36686,2015312D,,false,
36687,2015-071,,false,
36688,DE13424,,false,
36689,M25543,1,false,
36690,M23347,150,false,
36691,M24555,1615,false,
36692,M25331,1615,false,
36693,M25530,1,false,
36694,M26038,1,false,
36695,M26446,1,false,
36696,M26506,,false,
36697,M26516,1615,false,
36698,M27464,68,false,
36699,M27940,1,false,
36700,P93,,false,
36701,P73,,false,
36702,P76,,false,
36753,M37345,1859,false,
36754,M37194,104,false,
36755,M36497,,false,
36756,M36970,,false,
36757,M36847,,false,
36758,M36902,,false,
36759,M36977,,false,
36760,M36959,,false,
36761,M36923,,false,
36762,M36952,,false,
36763,M36936,,false,
36764,2506,2,false,
36765,2569,257,false,
36766,2662,257,false,
36767,2691,257,false,
36768,2690,257,false,
36769,2656,257,false,
36770,2646,257,false,
36771,IT2632,257,false,
36772,IT2625,2,false,
36773,IT2592,2,false,
36774,IT2580,2,false,
36775,IT2577,2,false,
36776,IT2576,2,false,
36777,IT2561,2,false,
36778,SS15M6300,,false,
36779,107507,1,false,
36780,107499,1,false,
36781,107497,1,false,
36782,2677,2,false,
36783,2640,64,false,
36784,2701,257,false,
36814,12005_2015b,93,false,
36815,12006_2015b,95,false,
36816,IE15Nm07,150,false,
36817,IE15Nm08,1,false,
36818,IE15Nm09,45,false,
36819,IE15Nm10,93,false,
36820,IE15Nm11,3,false,
36821,IE14Nm12,259,false,
36822,IE15Nm14,1,false,
36823,IE15Nm16,257,false,
36824,IE15Nm18,831,false,
36825,IE15Nm17,1,false,
36826,IE15Nm20,45,false,
36827,IE15Nm21,1,false,
36828,IE15Nm12,1,false,
36829,IE15Nm15,62,false,
36830,IE14Nm28,2,false,
36831,N626/08,,false,
36832,N300/02,,false,
36833,N673/08,,false,
36834,N11/05,,false,
36835,N120/10,,false,
36836,N138/03,,false,
36844,2670,257,false,
36845,2685,1,false,
36846,2692,1,false,
36847,2693,1,false,
36848,2593,1,false,
36849,2585,1,false,
36850,2435,14,false,
36851,2157,1,false,
36852,2020,14,false,
36853,1953,14,false,
36854,Q68,832,false,
36855,Q36,833,false,
36856,S291,834,false,
36857,S68,832,false,
36858,Q118,835,false,
36859,S104,96,false,
36860,S258,96,false,
36861,S300,96,false,
36862,S36,833,false,
36863,S201,96,false,
36864,S244,96,false,
36865,S290,96,false,
36866,S114,96,false,
36867,S207,96,false,
36868,S108,96,false,
36869,U291,834,false,
36870,S190,96,false,
36871,U68,96,false,
36872,S118,832,false,
36873,S279,96,false,
36874,U36,833,false,
36875,S259,96,false,
36876,S82,96,false,
36877,S166,96,false,
36878,S181,96,false,
36879,S284,96,false,
36880,Q139,,false,
36881,S264,96,false,
36882,S221,96,false,
36883,S64,96,false,
36884,S63,96,false,
36885,S113,96,false,
36886,S289,96,false,
36887,S260,96,false,
36888,W68,832,false,
36889,W258,96,false,
36890,W207,96,false,
36891,W114,96,false,
36892,S293,96,false,
36893,S315,96,false,
36894,S112,96,false,
36895,S170,96,false,
36896,S313,96,false,
36897,W118,835,false,
36898,W72,96,false,
36899,S158,96,false,
36900,S303,96,false,
36901,S139,4253,false,
36902,W88,96,false,
36903,S253,96,false,
36904,W290,96,false,
36905,W201,96,false,
36906,S255,96,false,
36907,W190,96,false,
36908,W36,833,false,
36909,S227,96,false,
36910,S222,96,false,
36911,W279,96,false,
36912,U160,96,false,
36913,W38,,false,
36914,W172,96,false,
36915,W181,96,false,
36916,W82,96,false,
36917,U101,96,false,
36918,U255,96,false,
36919,U170,96,false,
36920,U227,96,false,
36921,W64,96,false,
36922,W264,96,false,
36923,W77,96,false,
36924,W113,96,false,
36925,W260,96,false,
36926,W63,96,false,
36927,W139,4253,false,
36928,W158,96,false,
36929,W170,96,false,
36930,W227,96,false,
36931,W309,96,false,
36932,W312,96,false,
36933,W303,836,false,
36934,W59,832,false,
36935,W93,96,false,
36936,W222,96,false,
36937,Y315,96,false,
36938,Y291,834,false,
36939,W293,96,false,
36940,W284,96,false,
36941,Y688,832,false,
36942,Y104,96,false,
36943,W253,96,false,
36944,Y88,96,false,
36945,Y72,96,false,
36946,Y36,833,false,
36947,Y244,96,false,
36948,Y290,96,false,
36949,Y201,96,false,
36950,Y190,96,false,
36951,Y264,96,false,
36952,Y172,96,false,
36953,Y38,96,false,
36954,Y221,96,false,
36955,Y64,96,false,
36956,Y316,96,false,
36957,Y93,96,false,
36958,Y227,96,false,
36959,Y313,96,false,
36960,Y253,96,false,
36961,Y312,96,false,
36962,Y170,96,false,
36963,Y77,96,false,
36964,Y113,96,false,
36965,AA72,96,false,
36966,AA290,96,false,
36967,AA172,96,false,
36968,CC68,832,false,
36969,AA36,833,false,
36970,AA201,96,false,
36971,AA82,96,false,
36972,AA118,96,false,
36973,CC290,96,false,
36974,CC287,96,false,
36975,CC298,96,false,
36976,AA63,96,false,
36977,AA244,96,false,
36978,CC291,,false,
36979,AA121,837,false,
36980,CC21,838,false,
36981,AA221,96,false,
36982,AA64,96,false,
36983,CC201,96,false,
36984,AA181,96,false,
36985,AA160,96,false,
36986,AA158,96,false,
36987,AA93,96,false,
36988,CC38,96,false,
36989,CC172,96,false,
36990,AA101,96,false,
36991,AA260,96,false,
36992,CC121,837,false,
36993,AA227,96,false,
36994,AA166,96,false,
36995,AA113,96,false,
36996,AA139,4253,false,
36997,AA170,96,false,
36998,AA313,96,false,
36999,CC63,96,false,
37000,CC213,96,false,
37001,CC279,96,false,
37002,CC160,96,false,
37003,CC166,96,false,
37004,CC313,96,false,
37005,CC260,96,false,
37006,CC227,96,false,
37007,CC77,96,false,
37008,CC315,96,false,
37009,CC113,96,false,
37010,CC170,96,false,
37011,CC309,96,false,
37012,CC182,96,false,
37013,DZER0,96,false,
37014,CC295,96,false,
37015,CC118,96,false,
37016,S160,96,false,
37017,S213,96,false,
37018,Y260,96,false,
37019,2571,257,false,
37020,2605,2,false,
37021,M25097,,false,
37022,GCGS0907,21,false,
37023,GCGS0920,16,false,
37024,GCGS0944,16,false,
37025,GCGS0861,16,false,
37026,GCGS1015,21,false,
37027,GCGS0930,841,false,
37028,GCGS1042,16,false,
37029,GCGS1029,375,false,
37030,GCGS1036,21,false,
37031,GCGS1035,21,false,
37032,GCGS1024,21,false,
37033,GCGS1061,21,false,
37034,GCGS1057,16,false,
37035,GCGS1078,16,false,
37036,GCGS0558,16,false,
37037,GCGS0877,16,false,
37038,GCGS0906,16,false,
37039,GCGS0927,16,false,
37040,GCGS0881,16,false,
37041,GCGS0887,16,false,
37042,GCGS1006,16,false,
37043,GCGS0922,16,false,
37044,GCGS0943,16,false,
37045,GCGS1095,16,false,
37046,GCGS0879,16,false,
37047,GCGS0880,16,false,
37048,GCGS0961,16,false,
37049,GCGS0244,678,false,
37050,GCGS0985,16,false,
37051,GCGS0984,842,false,
37052,GCGS0960,16,false,
37053,GCGS0894,16,false,
37054,GCGS0875,16,false,
37055,GCGS0932,16,false,
37056,GCGS0905,16,false,
37057,GCGS0929,16,false,
37058,GCGS0863,16,false,
37059,GCGS0912,16,false,
37060,GCGS0962,16,false,
37061,GCGS0997,842,false,
37062,GCGS0864,16,false,
37063,GCGS0876,16,false,
37064,GCGS0915,842,false,
37065,GCGS0872,16,false,
37066,GCGS0446,16,false,
37067,GCGS0979,16,false,
37068,GCGS0938,16,false,
37069,GCGS0933,16,false,
37070,GCGS0959,16,false,
37071,GCGS0982,16,false,
37072,GCGS0986,842,false,
37073,GCGS0914,16,false,
37074,GCGS0983,16,false,
37075,GCGS0990,16,false,
37076,GCGS0998,842,false,
37077,GCGS1007,16,false,
37078,GCGS0878,16,false,
37079,GCGS0862,16,false,
37080,GCGS0981,16,false,
37081,GCGS0883,16,false,
37082,GCGS0996,842,false,
37083,GCGS0903,16,false,
37084,GCGS0917,16,false,
37085,GCGS0989,16,false,
37086,GCGS1011,16,false,
37087,GCGS0940,16,false,
37088,GCGS0935,16,false,
37089,GCGS0916,16,false,
37090,GCGS0934,16,false,
37091,GCGS0868,16,false,
37092,GCGS0882,16,false,
37093,GCGS0313,657,false,
37094,GCGS0545,1006,false,
37095,GCGS0551,16,false,
37096,GCGS0552,1006,false,
37097,GCGS0335,16,false,
37098,GCGS0560,1006,false,
37099,GCGS0732,1006,false,
37100,GCGS0347,371,false,
37101,GCGS0571,371,false,
37102,GCGS0348,22,false,
37103,GCGS0349,371,false,
37104,GCGS0572,371,false,
37105,GCGS0350,908,false,
37106,GCGS0740,16,false,
37107,GCGS0376,636,false,
37108,GCGS0377,367,false,
37109,GCGS0378,1006,false,
37110,GCGS0379,1006,false,
37111,GCGS0395,367,false,
37112,GCGS0396,18,false,
37113,GCGS0397,18,false,
37114,GCGS0398,18,false,
37115,GCGS0399,18,false,
37116,GCGS0758,18,false,
37117,GCGS0542,18,false,
37118,GCGS0381,16,false,
37119,GCGS0633,16,false,
37120,GCGS0756,21,false,
37121,GCGS0393,371,false,
37122,GCGS0292,843,false,
37123,GCGS1058,16,false,
37124,GCGS1065,21,false,
37125,GCGS1076,18,false,
37126,GCGS1091,16,false,
37127,GCGS1092,16,false,
37128,GCGS1073,16,false,
37129,GCGS0543,16,false,
37130,11CFX_C_002,16,false,
37131,GCGS0548,16,false,
37132,GCGS0549,16,false,
37133,GCGS0319,16,false,
37134,GCGS0320,16,false,
37135,GCGS0321,18,false,
37136,GCGS0331,18,false,
37137,GCGS0333,16,false,
37138,GCGS0334,18,false,
37139,GCGS0731,16,false,
37140,GCGS0346,18,false,
37141,GCGS0739,18,false,
37142,GCGS0353,824,false,
37143,GCGS0369,18,false,
37144,11CFX_C_016,18,false,
37145,GCGS0383,18,false,
37146,GCGS0384,16,false,
37147,GCGS0593,1006,false,
37148,GCGS0754,,false,
37149,GCGS0755,18,false,
37150,GCGS0594,18,false,
37151,GCGS0757,16,false,
37152,GCGS0428,633,false,
37153,GCGS0639,16,false,
37154,GCGS0640,18,false,
37155,GCGS0450,367,false,
37156,GCGS0656,16,false,
37157,GCGS0451,16,false,
37158,GCGS0312,367,false,
37159,GCGS0730,18,false,
37160,GCGS0559,21,false,
37161,GCGS0370,23,false,
37162,GCGS0375,367,false,
37163,GCGS0592,16,false,
37164,GCGS0603,18,false,
37165,GCGS0764,18,false,
37166,GCGS0767,,false,
37167,GCGS0768,16,false,
37168,GCGS0779,16,false,
37169,GCGS0437,16,false,
37170,GCGS0641,1012,false,
37171,GCGS0449,844,false,
37172,GCGS0452,16,false,
37173,GCGS0465,678,false,
37174,GCGS0466,16,false,
37175,GCGS0667,18,false,
37176,GCGS0469,18,false,
37177,GCGS0675,16,false,
37178,GCGS0483,16,false,
37179,GCGS0794,18,false,
37180,GCGS0494,18,false,
37181,GCGS0806,21,false,
37182,GCGS0808,18,false,
37183,GCGS0809,18,false,
37184,GCGS0700,21,false,
37185,GCGS0615,18,false,
37186,GCGS0423,167,false,
37187,GCGS0429,633,false,
37188,GCGS0769,18,false,
37189,GCGS0430,21,false,
37190,GCGS0431,844,false,
37191,GCGS0453,451,false,
37192,GCGS0454,824,false,
37193,GCGS0658,3353,false,
37194,GCGS0787,1006,false,
37195,GCGS0456,16,false,
37196,GCGS0457,16,false,
37197,GCGS0471,642,false,
37198,GCGS0668,18,false,
37199,GCGS0472,371,false,
37200,GCGS0479,18,false,
37201,GCGS0488,626,false,
37202,GCGS0489,824,false,
37203,GCGS0678,16,false,
37204,GCGS0495,18,false,
37205,GCGS0496,18,false,
37206,GCGS0553,16,false,
37207,GCGS0336,845,false,
37208,GCGS0337,,false,
37209,GCGS0643,1006,false,
37210,GCGS0679,18,false,
37211,GCGS0811,16,false,
37212,GCGS0311,367,false,
37213,GCGS0257,824,false,
37214,GCGS0247,846,false,
37215,05AZI_T_004,16,false,
37216,GCGS0267,18,false,
37217,GCGS0327,21,false,
37218,GCGS0328,16,false,
37219,GCGS0329,18,false,
37220,GCGS0556,678,false,
37221,GCGS0567,18,false,
37222,05AZI_T_011,,false,
37223,GCGS0271,18,false,
37224,GCGS0272,18,false,
37225,05AZI_T_014,18,false,
37226,GCGS0751,18,false,
37227,GCGS0380,18,false,
37228,GCGS0391,18,false,
37229,GCGS0392,18,false,
37230,GCGS0284,367,false,
37231,GCGS0416,369,false,
37232,GCGS0417,18,false,
37233,GCGS0289,18,false,
37234,GCGS0653,16,false,
37235,GCGS0296,,false,
37236,GCGS0297,,false,
37237,GCGS0298,,false,
37238,GCGS0691,18,false,
37239,GCGS0299,18,false,
37240,GCGS0254,18,false,
37241,GCGS0713,18,false,
37242,GCGS0352,847,false,
37243,GCGS0586,848,false,
37244,GCGS0591,16,false,
37245,GCGS0285,18,false,
37246,GCGS0290,,false,
37247,06AZI_T_006,16,false,
37248,GCGS0435,18,false,
37249,GCGS0382,16,false,
37250,GCGS0447,18,false,
37251,GCGS0246,678,false,
37252,GCGS0300,369,false,
37253,GCGS1018,16,false,
37254,GCGS1022,18,false,
37255,GCGS1025,369,false,
37256,GCGS1030,18,false,
37257,GCGS1031,18,false,
37258,GCGS1032,18,false,
37259,GCGS1033,18,false,
37260,GCGS0140,16,false,
37261,07AZI_T_009,1511,false,
37262,GCGS1043,18,false,
37263,GCGS1044,18,false,
37264,GCGS1045,18,false,
37265,GCGS1047,18,false,
37266,GCGS0836,16,false,
37267,GCGS1049,16,false,
37268,GCGS1051,16,false,
37269,GCGS1052,16,false,
37270,GCGS1054,16,false,
37271,GCGS1055,18,false,
37272,GCGS1056,16,false,
37273,GCGS0841,16,false,
37274,GCGS1082,18,false,
37275,GCGS1083,18,false,
37276,GCGS1087,16,false,
37277,GCGS1026,16,false,
37278,GCGS1039,849,false,
37279,GCGS1040,849,false,
37280,GCGS1077,16,false,
37281,GCGS1081,18,false,
37282,GCGS0330,850,false,
37283,GCGS0844,16,false,
37284,GCGS0665,,false,
37285,GCGS0609,16,false,
37286,GCGS0610,369,false,
37287,GCGS0401,1006,false,
37288,GCGS0763,369,false,
37289,10AZI_T_005,1006,false,
37290,GCGS0481,1751,false,
37291,GCGS0332,1006,false,
37292,GCGS0363,633,false,
37293,GCGS0394,367,false,
37294,GCGS0842,378,false,
37295,GCGS0467,1006,false,
37296,GCGS0852,18,false,
37297,GCGS0468,1006,false,
37298,GCGS0470,18,false,
37299,GCGS0482,1006,false,
37300,GCGS0856,16,false,
37301,GCGS0484,1006,false,
37302,GCGS0696,1009,false,
37303,GCGS0698,1009,false,
37304,GCGS0708,21,false,
37305,GCGS0516,1006,false,
37306,GCGS0823,18,false,
37307,GCGS0262,367,false,
37308,GCGS0263,451,false,
37309,GCGS0828,18,false,
37310,GCGS0326,18,false,
37311,GCGS0568,16,false,
37312,GCGS0585,21,false,
37313,GCGS0250,626,false,
37314,GCGS0590,16,false,
37315,GCGS0752,21,false,
37316,GCGS0601,18,false,
37317,GCGS0608,16,false,
37318,GCGS0418,371,false,
37319,GCGS0419,16,false,
37320,GCGS0420,18,false,
37321,GCGS0421,21,false,
37322,GCGS0617,16,false,
37323,GCGS0632,16,false,
37324,GCGS0776,16,false,
37325,GCGS0785,16,false,
37326,GCGS0786,18,false,
37327,GCGS0445,678,false,
37328,GCGS0463,16,false,
37329,GCGS0493,16,false,
37330,GCGS0800,21,false,
37331,GCGS0801,21,false,
37332,GCGS0802,21,false,
37333,GCGS0803,21,false,
37334,GCGS0690,16,false,
37335,GCGS0712,16,false,
37336,GCGS0510,16,false,
37337,GCGS0368,16,false,
37338,GCGS0753,21,false,
37339,GCGS0596,16,false,
37340,GCGS0243,626,false,
37341,GCGS0618,371,false,
37342,GCGS0634,21,false,
37343,GCGS0778,21,false,
37344,GCGS0636,16,false,
37345,GCGS0464,16,false,
37346,GCGS0674,21,false,
37347,06AZI_C_011,851,false,
37348,GCGS0511,16,false,
37349,GCGS1019,17,false,
37350,GCGS1020,21,false,
37351,GCGS1021,21,false,
37352,GCGS1023,16,false,
37353,GCGS1028,378,false,
37354,GCGS1037,16,false,
37355,GCGS1041,16,false,
37356,07AZI_C_008,633,false,
37357,GCGS1046,18,false,
37358,GCGS1050,21,false,
37359,GCGS1053,678,false,
37360,GCGS1059,21,false,
37361,GCGS1060,16,false,
37362,GCGS1066,21,false,
37363,GCGS1067,21,false,
37364,GCGS1070,16,false,
37365,GCGS1071,16,false,
37366,GCGS1072,16,false,
37367,GCGS1074,21,false,
37368,GCGS1075,371,false,
37369,GCGS1084,16,false,
37370,GCGS1085,16,false,
37371,GCGS1086,16,false,
37372,GCGS1088,16,false,
37373,GCGS1089,16,false,
37374,GCGS1027,21,false,
37375,GCGS1063,21,false,
37376,GCGS1064,21,false,
37377,GCGS1068,16,false,
37378,GCGS1069,16,false,
37379,GCGS1079,16,false,
37380,GCGS0025,16,false,
37381,GCGS0029,16,false,
37382,GCGS0835,16,false,
37383,GCGS1093,21,false,
37384,GCGS0762,21,false,
37385,GCGS0222,16,false,
37386,GCGS0654,16,false,
37387,GCGS0847,852,false,
37388,GCGS0851,16,false,
37389,GCGS0061,16,false,
37390,GCGS0154,373,false,
37391,GCGS0148,16,false,
37392,GCGS0820,18,false,
37393,GCGS0725,16,false,
37394,GCGS0557,16,false,
37395,GCGS0344,16,false,
37396,GCGS0345,367,false,
37397,GCGS0742,16,false,
37398,GCGS0743,16,false,
37399,GCGS0744,16,false,
37400,GCGS0133,16,false,
37401,GCGS1090,16,false,
37402,GCGS1080,16,false,
37403,GCGS0817,18,false,
37404,GCGS0816,18,false,
37405,GCGS0515,367,false,
37406,GCGS0815,18,false,
37407,GCGS0517,373,false,
37408,GCGS0717,21,false,
37409,GCGS0514,18,false,
37410,GCGS0818,18,false,
37411,11CFX_C_065,18,false,
37412,GCGS0716,16,false,
37413,GCGS0714,18,false,
37414,GCGS0487,16,false,
37415,GCGS0805,18,false,
37416,GCGS0697,853,false,
37417,GCGS0814,18,false,
37418,GCGS0715,16,false,
37419,GCGS0513,378,false,
37420,GCGS0512,,false,
37421,GCGS0921,16,false,
37422,GCGS0964,18,false,
37423,GCGS1013,16,false,
37424,GCGS1001,16,false,
37425,GCGS0971,16,false,
37426,GCGS0969,16,false,
37427,GCGS0993,16,false,
37428,GCGS0976,16,false,
37429,GCGS0952,16,false,
37430,GCGS0954,16,false,
37431,GCGS0956,16,false,
37432,GCGS0967,16,false,
37433,GCGS0873,16,false,
37434,GCGS0925,16,false,
37435,GCGS0953,16,false,
37436,GCGS0972,16,false,
37437,GCGS0893,16,false,
37438,GCGS0888,16,false,
37439,GCGS0973,16,false,
37440,GCGS0942,16,false,
37441,GCGS0977,16,false,
37442,GCGS0926,16,false,
37443,GCGS0889,16,false,
37444,GCGS0848,16,false,
37445,GCGS0706,16,false,
37446,GCGS0159,16,false,
37447,GCGS0693,16,false,
37448,GCGS0655,16,false,
37449,GCGS0448,16,false,
37450,GCGS0239,16,false,
37451,GCGS0637,16,false,
37452,GCGS0692,21,false,
37453,GCGS0486,18,false,
37454,GCGS0707,16,false,
37455,GCGS0677,16,false,
37456,GCGS0360,16,false,
37457,GCGS0699,18,false,
37458,GCGS0858,16,false,
37459,GCGS0804,18,false,
37460,GCGS0857,1006,false,
37461,GCGS0602,21,false,
37462,GCGS0807,1006,false,
37463,GCGS0810,21,false,
37464,GCGS0821,18,false,
37465,GCGS0853,18,false,
37466,GCGS0666,18,false,
37467,GCGS0695,16,false,
37468,GCGS0901,16,false,
37469,GCGS0832,16,false,
37470,GCGS0676,16,false,
37471,GCGS0614,18,false,
37472,GCGS0701,1006,false,
37473,GCGS0750,18,false,
37474,GCGS0722,16,false,
37475,GCGS0837,16,false,
37476,GCGS0657,1006,false,
37477,GCGS0822,16,false,
37478,GCGS0642,1006,false,
37479,12AZI_C_009,16,false,
37480,12AZI_C_010,16,false,
37481,GCGS0422,1006,false,
37482,GCGS0455,1006,false,
37483,GCGS0544,1006,false,
37484,GCGS0833,16,false,
37485,GCGS0659,16,false,
37486,GCGS0458,1006,false,
37487,GCGS0770,18,false,
37488,GCGS1010,16,false,
37489,GCGS0780,16,false,
37490,GCGS0426,1006,false,
37491,GCGS0670,1006,false,
37492,GCGS0474,854,false,
37493,GCGS0660,1006,false,
37494,GCGS0644,1006,false,
37495,GCGS0645,1006,false,
37496,GCGS0859,21,false,
37497,GCGS0850,367,false,
37498,GCGS0884,16,false,
37499,GCGS0661,1006,false,
37500,11CFX_T_049,16,false,
37501,GCGS0681,1006,false,
37502,GCGS0424,633,false,
37503,GCGS0436,1006,false,
37504,GCGS0694,1006,false,
37505,GCGS0638,1006,false,
37506,GCGS0619,18,false,
37507,GCGS0550,1006,false,
37508,GCGS0849,16,false,
37509,GCGS0371,1009,false,
37510,GCGS0574,3353,false,
37511,GCGS0354,1006,false,
37512,GCGS0745,,false,
37513,GCGS0671,18,false,
37514,GCGS0485,1006,false,
37515,GCGS0834,1916,false,
37516,12AZI_T_011,18,false,
37517,GCGS0604,,false,
37518,GCGS0523,367,false,
37519,GCGS0473,16,false,
37520,GCGS0338,1006,false,
37521,GCGS0402,3353,false,
37522,GCGS0561,18,false,
37523,GCGS0587,3353,false,
37524,GCGS0611,3353,false,
37525,GCGS0476,1006,false,
37526,GCGS0733,21,false,
37527,GCGS0372,1006,false,
37528,GCGS0518,1006,false,
37529,GCGS0406,3353,false,
37530,GCGS0563,21,false,
37531,GCGS0404,3353,false,
37532,GCGS0477,1006,false,
37533,GCGS0403,3353,false,
37534,GCGS0672,18,false,
37535,GCGS0791,18,false,
37536,GCGS0793,18,false,
37537,GCGS0562,18,false,
37538,GCGS0564,1006,false,
37539,GCGS0790,18,false,
37540,GCGS0355,3353,false,
37541,GCGS0924,16,false,
37542,GCGS0838,16,false,
37543,GCGS0575,3353,false,
37544,GCGS0765,18,false,
37545,GCGS0497,,false,
37546,GCGS0792,18,false,
37547,GCGS0339,367,false,
37548,GCGS0478,1006,false,
37549,GCGS0460,16,false,
37550,GCGS0759,855,false,
37551,GCGS0361,1006,false,
37552,GCGS0405,3353,false,
37553,GCGS0438,367,false,
37554,GCGS1008,16,false,
37555,GCGS0918,16,false,
37556,GCGS1009,16,false,
37557,GCGS0947,16,false,
37558,GCGS0988,16,false,
37559,GCGS0939,16,false,
37560,GCGS0987,16,false,
37561,GCGS0923,16,false,
37562,GCGS0991,16,false,
37563,GCGS0946,16,false,
37564,GCGS1000,16,false,
37565,GCGS0948,16,false,
37566,GCGS0931,18,false,
37567,GCGS0890,18,false,
37568,GCGS0911,16,false,
37569,GCGS0885,16,false,
37570,GCGS0936,16,false,
37571,GCGS0891,16,false,
37572,GCGS0968,16,false,
37573,GCGS0937,16,false,
37574,GCGS0898,16,false,
37575,GCGS1016,16,false,
37576,GCGS0958,16,false,
37577,GCGS0892,16,false,
37578,GCGS0910,16,false,
37579,GCGS0897,,false,
37580,GCGS0945,16,false,
37581,GCGS0871,16,false,
37582,GCGS1017,18,false,
37583,GCGS0895,16,false,
37584,GCGS0966,16,false,
37585,GCGS0970,16,false,
37586,GCGS0874,16,false,
37587,GCGS1005,16,false,
37588,GCGS0999,16,false,
37589,GCGS0955,16,false,
37590,GCGS0908,16,false,
37591,7018/12,,false,
37592,7053/12,,false,
37593,2459,257,false,
37594,2493,257,false,
37595,2505,257,false,
37596,2506,2,false,
37597,2530,257,false,
37598,2531,257,false,
37599,2532,2,false,
37600,2539,257,false,
37601,2555,257,false,
37602,2603,2,false,
37603,A4BZ577,65,false,
37604,15363,,false,
37605,35444,,false,
37606,30978,,false,
37607,31623,,false,
37608,34572,,false,
37609,37624,,false,
37610,22052,,false,
37611,21525,104,false,
37612,24267,50,false,
37613,23151,50,false,
37614,38699,50,false,
37615,37066,104,false,
37616,38465,49,false,
37651,SS15M7557,,false,
37652,150,,false,
37653,185,,false,
37654,251,,false,
37655,488,,false,
37656,538,,false,
37657,653,,false,
37658,793,,false,
37659,917,,false,
37660,404,,false,
37661,122,,false,
37662,M14 240138,87,false,
37663,M14 240148,45,false,
37664,M14 240156,62,false,
37665,M14 240166,120,false,
37666,M14 240170,62,false,
37667,M14 240172,62,false,
37668,M14 240229,1,false,
37669,M14 240230,45,false,
37670,M14 240394,1,false,
37671,M14 240439,105,false,
37672,M14 240501,62,false,
37673,M14 240502,1,false,
37674,M14 240503,93,false,
37675,M14 240504,1,false,
37676,M14 240506,292,false,
37677,M14 240507,93,false,
37678,M14 240508,49,false,
37679,M14 240509,257,false,
37680,M14 240510,87,false,
37681,M14 240511,1,false,
37682,M14 240513,318,false,
37683,M14 240514,9,false,
37684,M14 240516,127,false,
37685,M14 240517,1,false,
37686,M14 240518,45,false,
37687,M14 240519,3,false,
37688,M14 240520,93,false,
37689,M14 240521,62,false,
37690,M14 240522,1,false,
37691,M14 240523,141,false,
37692,M14 240524,1,false,
37693,M14 240525,1,false,
37694,M14 240526,62,false,
37695,M14 240527,3,false,
37696,M14 240528,3,false,
37697,M14 240530,141,false,
37698,M14 240531,93,false,
37699,M14 240532,1,false,
37700,M14 240533,45,false,
37701,M14 240534,1,false,
37702,M14 240535,49,false,
37703,M14 240536,62,false,
37704,M14 240539,120,false,
37705,M14 240541,120,false,
37706,M14 240542,93,false,
37707,M14 240543,45,false,
37708,M14 240545,1,false,
37709,M14 240546,1,false,
37710,M14 240548,1,false,
37711,M14 240550,1,false,
37712,M14 240551,127,false,
37713,M14 240552,106,false,
37714,M14 240553,62,false,
37715,M14 240554,106,false,
37716,M14 240555,1,false,
37717,M14 240556,1,false,
37718,M14 240557,197,false,
37719,M14 240558,49,false,
37720,M14 240560,3,false,
37721,M14 240561,150,false,
37722,M14 240562,1,false,
37723,M14 240563,856,false,
37724,M14 240564,62,false,
37725,M14 240565,,false,
37726,M14 240566,87,false,
37727,M14 240567,77,false,
37728,M14 240568,1,false,
37729,M14 240571,120,false,
37730,M14 240572,1,false,
37731,M14 240573,1,false,
37732,M14 240574,1,false,
37733,M14 240575,87,false,
37734,M14 240576,3,false,
37735,M14 240580,407,false,
37736,M14 240581,857,false,
37737,M14 240582,,false,
37738,M14 240585,1,false,
37739,M14 240587,1,false,
37740,M14 240590,68,false,
37741,M14 240591,3,false,
37742,M14 240593,1,false,
37743,M14 240595,45,false,
37744,M14 240596,93,false,
37745,M14 240598,3,false,
37746,M14 240601,1,false,
37747,M14 240602,1,false,
37748,M14 240604,1,false,
37749,M14 240605,1,false,
37750,M14 240606,265,false,
37751,M14 240607,62,false,
37752,M14 240616,257,false,
37753,M14 240617,93,false,
37754,M14 240618,1,false,
37755,M14 240619,93,false,
37756,M14 240620,318,false,
37757,M14 240621,1,false,
37758,M14 240622,257,false,
37759,M14 240623,858,false,
37760,M14 240624,1,false,
37761,M14 240625,45,false,
37762,M14 240626,93,false,
37763,M14 240627,257,false,
37764,M14 240628,1,false,
37765,M14 240629,141,false,
37766,M14 240630,93,false,
37767,M14 240631,45,false,
37768,M14 240632,62,false,
37769,M14 240633,,false,
37770,M14 240634,1,false,
37771,M14 240635,62,false,
37772,M14 240636,45,false,
37773,M14 240637,41,false,
37774,M14 240638,1,false,
37775,M14 240639,45,false,
37776,M14 240640,93,false,
37777,M14 240641,97,false,
37778,M14 240642,1821,false,
37779,M14 240643,45,false,
37780,M14 240645,150,false,
37781,M14 240646,120,false,
37782,M14 240647,93,false,
37783,M14 240648,859,false,
37784,M14 240649,860,false,
37785,M14 240650,49,false,
37786,M14 240651,292,false,
37787,M14 240652,1,false,
37788,M14 240653,87,false,
37789,M15 240001,3,false,
37790,M15 240002,120,false,
37791,M15 240003,210,false,
37792,M15 240004,,false,
37793,M15 240005,97,false,
37794,M15 240006,62,false,
37795,M15 240007,141,false,
37796,M15 240009,,false,
37797,M15 240010,1,false,
37798,M15 240011,1,false,
37799,M15 240012,1,false,
37800,M15 240014,120,false,
37801,M15 240015,861,false,
37802,M15 240016,45,false,
37803,M15 240017,45,false,
37804,M15 240020,3,false,
37805,M15 240021,,false,
37806,M15 240022,1,false,
37807,M15 240024,9,false,
37808,M15 240025,292,false,
37809,M15 240027,1,false,
37810,M15 240028,148,false,
37811,M15 240029,1,false,
37812,M15 240030,62,false,
37813,M15 240031,292,false,
37814,M15 240034,45,false,
37815,M15 240035,862,false,
37816,M15 240036,257,false,
37817,M15 240037,220,false,
37818,M15 240038,87,false,
37819,M15 240039,65,false,
37820,M15 240040,62,false,
37821,M15 240041,1,false,
37822,M15 240042,1,false,
37823,M15 240043,3,false,
37824,M15 240044,87,false,
37825,M15 240045,62,false,
37826,M15 240046,,false,
37827,M15 240047,211,false,
37828,M15 240048,1,false,
37829,M15 240049,93,false,
37830,M15 240050,93,false,
37831,M15 240051,9,false,
37832,M15 240053,67,false,
37833,M15 240054,62,false,
37834,M15 240055,1,false,
37835,M15 240056,93,false,
37836,M15 240057,62,false,
37837,M15 240058,120,false,
37838,M15 240059,62,false,
37839,M15 240060,259,false,
37840,M15 240061,67,false,
37841,M15 240062,62,false,
37842,M15 240063,45,false,
37843,M15 240064,62,false,
37844,M15 240065,3,false,
37845,M15 240066,,false,
37846,M15 240067,87,false,
37847,M15 240068,62,false,
37848,M15 240069,3,false,
37849,M15 240071,45,false,
37850,M15 240072,141,false,
37851,M15 240073,292,false,
37852,M15 240074,127,false,
37853,M15 240077,62,false,
37854,M15 240078,1,false,
37855,M15 240079,1,false,
37856,M15 240080,1,false,
37857,M15 240081,1,false,
37858,M15 240082,62,false,
37859,M15 240083,62,false,
37860,M15 240085,1,false,
37861,M15 240089,1,false,
37862,M15 240091,1,false,
37863,M15 240094,120,false,
37864,M15 240095,68,false,
37865,M15 240096,45,false,
37866,M15 240097,1,false,
37867,M15 240098,211,false,
37868,M15 240099,1,false,
37869,M15 240100,62,false,
37870,M15 240101,1,false,
37871,M15 240102,93,false,
37872,M15 240103,,false,
37873,M15 240105,1,false,
37874,M15 240106,45,false,
37875,M15 240107,1,false,
37876,M15 240109,93,false,
37877,M15 240110,9,false,
37878,M15 240111,87,false,
37879,M15 240112,1,false,
37880,M15 240113,37,false,
37881,M15 240114,1,false,
37882,M15 240115,1,false,
37883,M15 240116,1,false,
37884,M15 240118,45,false,
37885,M15 240119,62,false,
37886,M15 240120,863,false,
37887,M15 240121,864,false,
37888,M15 240122,93,false,
37889,M15 240126,62,false,
37890,M15 240127,1,false,
37891,M15 240128,1,false,
37892,M15 240129,141,false,
37893,M15 240130,1,false,
37894,M15 240131,257,false,
37895,M15 240132,62,false,
37896,M15 240133,49,false,
37897,M15 240134,62,false,
37898,M15 240135,49,false,
37899,M15 240136,62,false,
37900,M15 240139,865,false,
37901,M15 240140,87,false,
37902,M15 240141,1,false,
37903,M15 240142,3,false,
37904,M15 240144,,false,
37905,M15 240145,349,false,
37906,M15 240147,45,false,
37907,M15 240148,1,false,
37908,M15 240149,93,false,
37909,M15 240150,87,false,
37910,M15 240151,1,false,
37911,M15 240152,62,false,
37912,M15 240154,132,false,
37913,M15 240155,45,false,
37914,M15 240157,62,false,
37915,M15 240158,1,false,
37916,M15 240159,141,false,
37917,M15 240160,62,false,
37918,M15 240161,257,false,
37919,M15 240168,866,false,
37920,M15 240169,93,false,
37921,M15 240171,45,false,
37922,M15 240172,1,false,
37923,M15 240174,62,false,
37924,M15 240175,24,false,
37925,M15 240176,45,false,
37926,M15 240177,,false,
37927,M15 240178,49,false,
37928,M15 240179,93,false,
37929,M15 240180,9,false,
37930,M15 240181,1,false,
37931,M15 240182,49,false,
37932,M15 240183,45,false,
37933,M15 240185,535,false,
37934,M15 240187,,false,
37935,M15 240188,,false,
37936,M15 240189,1,false,
37937,M15 240190,1,false,
37938,M15 240191,62,false,
37939,M15 240192,62,false,
37940,M15 240193,1,false,
37941,M15 240194,,false,
37942,M15 240195,1,false,
37943,M15 240196,867,false,
37944,M15 240199,62,false,
37945,M15 240201,24,false,
37946,M15 240202,250,false,
37947,M15 240203,868,false,
37948,M15 240204,288,false,
37949,M15 240205,1,false,
37950,M15 240206,869,false,
37951,M15 240207,1,false,
37952,M15 240208,120,false,
37953,M15 240209,870,false,
37954,M15 240211,93,false,
37955,M15 240212,62,false,
37956,M15 240213,87,false,
37957,M15 240215,87,false,
37958,M15 240216,1,false,
37959,M15 240219,150,false,
37960,M15 240220,588,false,
37961,M15 240221,,false,
37962,M15 240222,1,false,
37963,M15 240223,62,false,
37964,M15 240224,424,false,
37965,M15 240225,45,false,
37966,M15 240226,57,false,
37967,M15 240227,1,false,
37968,M15 240229,57,false,
37969,M15 240231,87,false,
37970,M15 240232,38,false,
37971,M15 240233,,false,
37972,M15 240235,120,false,
37973,M15 240236,57,false,
37974,M15 240239,871,false,
37975,M15 240240,120,false,
37976,M15 240241,,false,
37977,M15 240242,1,false,
37978,M15 240244,1,false,
37979,M15 240246,287,false,
37980,M15 240247,62,false,
37981,M15 240248,1,false,
37982,M15 240250,62,false,
37983,M15 240251,1,false,
37984,M15 240252,57,false,
37985,M15 240253,120,false,
37986,M15 240256,1,false,
37987,M15 240257,1,false,
37988,M15 240258,1,false,
37989,M15 240259,,false,
37990,M15 240260,1,false,
37991,M15 240262,45,false,
37992,M15 240263,1,false,
37993,M15 240265,,false,
37994,M15 240270,106,false,
37995,M15 240271,1,false,
37996,M15 240273,93,false,
37997,M15 240276,349,false,
37998,M15 240277,,false,
37999,M15 240278,1,false,
38000,M15 240279,3,false,
38001,M15 240280,,false,
38002,M15 240281,259,false,
38003,M15 240282,1,false,
38004,M15 240284,1,false,
38005,M15 240285,62,false,
38006,M15 240286,120,false,
38007,M15 240287,1,false,
38008,M15 240288,1,false,
38009,M15 240289,872,false,
38010,M15 240290,62,false,
38011,M15 240291,1,false,
38012,M15 240292,211,false,
38013,M15 240294,279,false,
38014,M15 240295,62,false,
38015,M15 240296,45,false,
38016,M15 240297,328,false,
38017,M15 240300,1,false,
38018,M15 240301,1,false,
38019,M15 240302,873,false,
38020,M15 240304,3,false,
38021,M15 240305,62,false,
38022,M15 240307,874,false,
38023,M15 240309,66,false,
38024,M15 240310,,false,
38025,M15 240312,77,false,
38026,M15 240313,216,false,
38027,M15 240316,,false,
38028,M15 240319,62,false,
38029,M15 240320,1,false,
38030,M15 240321,875,false,
38031,M15 240322,45,false,
38032,M15 240323,49,false,
38033,M15 240325,120,false,
38034,M15 240326,1,false,
38035,M15 240327,1,false,
38036,M15 240328,45,false,
38037,M15 240329,1,false,
38038,M15 240332,,false,
38039,M15 240333,45,false,
38040,M15 240553,3,false,
38041,M15 240075,45,false,
38042,M15 240076,93,false,
38043,M15 240084,120,false,
38044,M15 240087,45,false,
38045,M15 240088,867,false,
38046,M15 240090,120,false,
38047,M15 240092,87,false,
38048,M15 240237,65,false,
38049,M15 240334,1,false,
38050,M15 240335,87,false,
38051,M15 240336,150,false,
38052,M15 240337,200,false,
38053,M15 240352,211,false,
38054,M15 240354,62,false,
38055,M15 240355,3,false,
38056,M15 240356,45,false,
38057,M15 240357,45,false,
38058,M15 240373,120,false,
38059,M15 240375,1,false,
38060,M15 240376,1,false,
38061,M15 240378,68,false,
38062,M15 240379,1228,false,
38063,M15 240380,1,false,
38064,M15 240381,1,false,
38065,M15 240382,1,false,
38066,M15 240383,1,false,
38067,M15 240384,1,false,
38068,M15 240385,93,false,
38069,M15 240386,150,false,
38070,M15 240388,876,false,
38071,M15 240422,49,false,
38072,M15 240423,9,false,
38073,M15 240424,93,false,
38074,M15 240425,3,false,
38075,M15 240437,120,false,
38076,M15 240438,1,false,
38077,M15 240439,45,false,
38078,M15 240440,62,false,
38079,M15 240441,1,false,
38080,M15 240443,877,false,
38081,M15 240445,45,false,
38082,M15 240446,57,false,
38083,M15 240459,87,false,
38084,M15 240460,878,false,
38085,M15 240461,1,false,
38086,M15 240463,150,false,
38087,M15 240464,287,false,
38088,M15 240465,1,false,
38089,M15 240466,879,false,
38090,M15 240468,120,false,
38091,M15 240469,68,false,
38092,M15 240472,217,false,
38093,M15 240473,62,false,
38094,M15 240474,45,false,
38095,M15 240476,93,false,
38096,M15 240477,1,false,
38097,M15 240496,880,false,
38098,M15 240497,45,false,
38099,M15 240498,62,false,
38100,M15 240499,45,false,
38101,M15 240511,1,false,
38102,M15 240513,1,false,
38103,M15 240514,127,false,
38104,M15 240525,62,false,
38105,M15 240541,120,false,
38106,M15 240554,1,false,
38107,M15 240555,120,false,
38108,M15 240556,1,false,
38109,M15 240557,1,false,
38110,M15 240570,881,false,
38111,M15 240572,65,false,
38112,M15 240573,45,false,
38113,M15 240574,3,false,
38114,M15 240575,68,false,
38115,M15 240576,1,false,
38116,M15 240600,62,false,
38117,M15 240602,9,false,
38118,M14 240523b,141,false,
38119,M14 240380b,,false,
38120,M14 240447b,1,false,
38121,M14 240448b,1,false,
38122,M13 240546,87,false,
38123,M13 240639,87,false,
38124,M13 240642,87,false,
38125,M13 240671,150,false,
38126,M14 240449b,45,false,
38127,M14 240515,1,false,
38128,M15 240032,77,false,
38129,M15 240033,120,false,
38130,M01 240007,93,false,
38131,M01 240601,93,false,
38132,M01 241271,45,false,
38133,M01 241299,217,false,
38134,M01 241451,45,false,
38135,M01 241601,45,false,
38136,M02 240039,120,false,
38137,M02 240210,93,false,
38138,M03 240151,93,false,
38139,M03 240774,45,false,
38140,M03 240823,93,false,
38141,M04 240588,57,false,
38142,M04 240731,45,false,
38143,M04 241215,45,false,
38144,M04 241245,326,false,
38145,M05 240300,87,false,
38146,M06 240928,15,false,
38147,M06 241112,39,false,
38148,M15 240541B,120,false,
38149,M15 240541C,120,false,
38150,M15 240541D,120,false,
38151,M15 240605,1,false,
38152,85Mo,1,false,
38153,87Mo,257,false,
38154,89Mo,2,false,
38155,90Mo,259,false,
38156,92Mo,120,false,
38157,93Mo,141,false,
38158,94Mo,93,false,
38159,95Mo,259,false,
38160,96Mo,882,false,
38161,97Mo,257,false,
38162,314,,false,
38163,423,,false,
38164,1027,,false,
38165,1259,,false,
38166,1304,,false,
38167,NIID595,,false,
38168,M37084,,false,
38169,M37099,,false,
38170,M37102,,false,
38171,M37103,,false,
38172,M37106,,false,
38173,M37114,,false,
38174,M37121,,false,
38175,M37084,883,false,
38176,M37087,250,false,
38177,M37113,884,false,
38178,M37959,885,false,
38179,M37128,886,false,
38180,M37958,65,false,
38181,12112/01,,false,
38182,12120/01,,false,
38183,12012/03,,false,
38184,12060/04,,false,
38185,12011/15,,false,
38209,EXNM619,,false,
38210,EXNM616,2,false,
38211,EXNM606,2,false,
38212,EXNM607,2,false,
38213,123/15,,false,
38214,142/15,,false,
38215,221/15,,false,
38216,446/15,,false,
38217,1306/15,,false,
38218,1334/15,,false,
38219,1451/15,,false,
38220,SS15M7659,,false,
38221,107498,435,false,
38222,107500,288,false,
38223,107501,3,false,
38224,107502,435,false,
38225,107503,62,false,
38226,107504,435,false,
38227,107505,90,false,
38228,107506,120,false,
38229,107508,120,false,
38230,107509,3,false,
38231,107510,62,false,
38232,107511,3,false,
38233,107512,435,false,
38234,107513,887,false,
38235,1027/15,,false,
38236,1416/15,,false,
38237,GR_TRI-1_14,,false,
38238,GR_TRI-529_14,,false,
38239,GR_TRI-9_14,,false,
38240,GR_TRI-103_14,,false,
38241,GR_TRI-227_14,,false,
38242,GR_TRI-243_14,,false,
38243,GR_TRI-294_14,,false,
38244,GR_TRI-320_14,,false,
38245,GR_TRI-346_14,,false,
38246,GR_TRI-407_14,,false,
38247,GR_TRI-616_14,,false,
38248,GR_TRI-655_14,,false,
38249,GR_TRI-667_14,,false,
38261,22108,198,false,
38262,12_013,,false,
38263,0025/15,,false,
38264,0027/15,,false,
38265,0035/15,,false,
38266,0048/15,,false,
38267,0052/15,722,false,
38268,0054/15,87,false,
38269,0055/15,,false,
38270,0057/15,,false,
38271,0059/15,,false,
38272,0060/15,,false,
38273,0061/15,,false,
38274,0062/15,,false,
38275,0063/15,,false,
38276,0064/15,,false,
38277,0066/15,5035,false,
38278,0067/15,28,false,
38279,6671/12,,false,
38280,962/15,,false,
38281,19-15,33,false,
38285,126-15,33,false,
38289,587-15,33,false,
38290,606-15,33,false,
38291,645-15,33,false,
38293,685-15,888,false,
38294,982-15,33,false,
38296,1024-15,33,false,
38297,1025-15,33,false,
38298,1063-15,33,false,
38300,1077-15,33,false,
38301,1078-15,33,false,
38305,88/03415,45,false,
38306,15.8705948,1,false,
38307,15.8706012,1,false,
38308,15.8706090,1,false,
38309,15.8706113,1,false,
38310,NM326,,false,
38311,UNI-370,97,false,
38312,UNI-308,65,false,
38313,UNI-79,104,false,
38314,UNI-306,65,false,
38315,UNI-116,65,false,
38316,UNI-131,97,false,
38317,TRI-697,889,false,
38318,UNI-205,104,false,
38319,UNI-485,65,false,
38320,TRI-452,65,false,
38321,TRI-246,65,false,
38322,UNI-516,68,false,
38323,TRI-597,890,false,
38324,TRI-144,65,false,
38325,UNI-842,24,false,
38326,TRI-537,24,false,
38327,UNI-315,65,false,
38328,UNI-436,95,false,
38329,TRI-5,65,false,
38330,TRI-4,95,false,
38331,UNI-505,95,false,
38332,TRI-397,97,false,
38333,UNI-371,95,false,
38334,TRI-532,24,false,
38335,UNI-266,97,false,
38336,TRI-247,345,false,
38337,UNI-729,345,false,
38338,UNI-104,499,false,
38339,LEO-3,45,false,
38340,TRI-612,891,false,
38341,UNI-410,104,false,
38342,UNI-845,24,false,
38343,UNI-208,95,false,
38344,TRI-187,65,false,
38345,UNI-450,65,false,
38346,TRI-51,345,false,
38347,UNI-733,95,false,
38348,TRI-528,65,false,
38349,TRI-125,65,false,
38350,TRI-224,95,false,
38351,TRI-600,892,false,
38352,TRI-512,345,false,
38353,UNI-756,95,false,
38354,UNI-722,95,false,
38355,TRI-393,95,false,
38356,TRI-398,95,false,
38357,TRI-438,95,false,
38358,UNI-871,45,false,
38359,UNI-536,95,false,
38360,UNI-590,95,false,
38361,UNI-166,97,false,
38362,TRI-444,97,false,
38363,UNI-178,,false,
38364,TRI-684,893,false,
38365,TRI-365,65,false,
38366,UNI-703,894,false,
38367,TRI-65,895,false,
38368,UNI-351,896,false,
38369,UNI-464,65,false,
38370,TRI-14,97,false,
38371,TRI-32,97,false,
38372,UNI-608,57,false,
38373,LEO-66,148,false,
38374,TRI-564,897,false,
38375,UNI-850,57,false,
38376,UNI-795,97,false,
38377,TRI-213,898,false,
38378,UNI-739,57,false,
38379,UNI-122,9,false,
38380,TRI-315,95,false,
38381,UNI-615,49,false,
38382,UNI-696,899,false,
38383,UNI-20,49,false,
38384,UNI-310,97,false,
38385,TRI-53,97,false,
38386,UNI-607,900,false,
38387,UNI-393,45,false,
38388,UNI-582,57,false,
38389,UNI-841,57,false,
38390,TRI-648,1013,false,
38391,TRI-602,901,false,
38392,TRI-455,902,false,
38393,UNI-416,87,false,
38394,TRI-632,49,false,
38395,UNI-465,87,false,
38396,UNI-129,57,false,
38397,UNI-387,903,false,
38398,TRI-583,141,false,
38399,TRI-584,68,false,
38400,UNI-543,45,false,
38401,TRI-519,93,false,
38402,UNI-559,87,false,
38403,UNI-718,87,false,
38404,TRI-324,904,false,
38405,UNI-789,87,false,
38406,UNI-428,93,false,
38407,UNI-143,905,false,
38408,UNI-854,906,false,
38409,TRI-467,907,false,
38410,TRI-454,5788,false,
38411,TRI-669,1482,false,
38412,UNI-438,136,false,
38413,UNI-593,,false,
38414,20196,,false,
38416,EXNM658,1,false,
38417,15.8706763,148,false,
38420,1098-15,910,false,
38421,1099-15,33,false,
38422,1103-15,33,false,
38423,1168-15,33,false,
38424,1169-15,33,false,
38462,Niga2-15,33,false,
38475,Niga5-15,33,false,
38479,Niga12-15,911,false,
38480,15.8706841,,false,
38481,Niga13-15,33,false,
38482,Niga16-15,33,false,
38483,Niga17-15,912,false,
38484,Niga21-15,33,false,
38485,Niga25-15,913,false,
38486,Niga26-15,33,false,
38487,Niga29-15,33,false,
38488,15.8706970,,false,
38496,1172-15,33,false,
38497,1174-15,33,false,
38498,1376-15,33,false,
38499,1385-15,33,false,
38500,1395-15,33,false,
38501,1396-15,33,false,
38502,1434-15,33,false,
38503,1437-15,33,false,
38504,1640-15,33,false,
38505,1641-15,33,false,
38507,1659-15,33,false,
38508,1660-15,931,false,
38509,1661-15,33,false,
38510,1662-15,33,false,
38511,1663-15,33,false,
38513,1898-15,33,false,
38514,1945-15,33,false,
38515,1946-15,914,false,
38516,1947-15,33,false,
38517,1956-15,33,false,
38518,2007-15,33,false,
38519,2014-15,915,false,
38520,M15 240722,1,false,
38521,M23694,3514,false,
38523,M24291,62,false,
38524,M25634,3514,false,
38525,M25963,45,false,
38526,M26415,902,false,
38527,M27349,87,false,
38528,M27527,45,false,
38529,M27822,,false,
38530,M28054,67,false,
38531,M28056,67,false,
38532,M28411,,false,
38533,M28412,,false,
38534,M28705,5161,false,
38535,M28954,,false,
38536,M28958,3666,false,
38537,M28972,3667,false,
38538,M29012,,false,
38539,M29014,141,false,
38540,M29043,,false,
38541,M29044,,false,
38542,M29046,,false,
38543,M29047,65,false,
38544,M29069,49,false,
38545,M29073,120,false,
38546,M29110,93,false,
38547,M29133,5795,false,
38548,M29137,292,false,
38549,M29266,49,false,
38550,M29397,1859,false,
38551,M29416,5794,false,
38552,M29418,49,false,
38553,M29421,1859,false,
38554,M29596,141,false,
38555,M29608,1,false,
38556,M29616,,false,
38557,M37412,,false,
38558,M1099LII/13,,false,
38559,M1160LII/13,,false,
38560,M1314LII/13,,false,
38561,M00P/13,,false,
38562,M866LII/13,,false,
38563,M911LII/13,,false,
38564,M923LII/13,,false,
38565,M1057LII/13,1,false,
38566,M1071LII/13,,false,
38567,M1171LII/13,,false,
38568,M1177LII/13,,false,
38569,M1178LII/13,,false,
38570,M1181LII/13,,false,
38571,M1211LII/13,,false,
38572,M1268LII/13,,false,
38573,M1284LII/13,1,false,
38577,HF170,916,false,
38578,Niger 15/91,1,false,
38579,MK338-93,1,false,
38580,MK85-94,1,false,
38581,MK91-94,1,false,
38582,IC9/98,917,false,
38583,C14/01,80,false,
38584,S97/93,77,false,
38585,S41/98,1,false,
38586,S70/98,918,false,
38587,S13/98,80,false,
38588,3252/99,404,false,
38589,S96/98,80,false,
38590,SB19,14,false,
38591,SB3,14,false,
38600,1658_15,1,false,
38601,15-107,1,false,
38604,15-199,1,false,
38605,15-201,1,false,
38606,15-207,1,false,
38608,15-217,1,false,
38609,15-227,1,false,
38610,15-228,1,false,
38611,15-229,1,false,
38612,15-230,1,false,
38614,15-244,1,false,
38615,15-303,1,false,
38616,608-9901,920,false,
38617,90-137,571,false,
38618,90-7,1,false,
38619,90-188,1,false,
38620,90-410,1,false,
38621,590-26,104,false,
38622,590-66,1,false,
38623,M37080,,false,
38624,M37095,,false,
38625,M37115,,false,
38690,1559000123,1,false,
38691,1559000163,1,false,
38692,15-33,1,false,
38693,15-69,14,false,
38694,15-71,1,false,
38695,M22431,28,false,
38766,M36700,97,false,
38789,M24737,29,false,
38790,M24740,29,false,
38791,M24743,29,false,
38795,M24753,29,false,
38835,M24729,29,false,
38836,15.8707476,,false,
38837,2711,64,false,
38838,2717,922,false,
38839,2718,257,false,
38840,2722,64,false,
38841,2723,1,false,
38842,2361,923,false,
38843,2406,64,false,
38844,2413,64,false,
38845,2422,64,false,
38846,2443,3,false,
38847,2460,257,false,
38848,2461,2,false,
38849,2462,2,false,
38850,2468,64,false,
38851,2476,2,false,
38852,2479,39,false,
38853,2481,64,false,
38854,2482,64,false,
38855,2484,64,false,
38856,2497,62,false,
38857,2499,64,false,
38858,2501,1,false,
38859,2504,1,false,
38860,2511,64,false,
38861,2512,64,false,
38862,2513,64,false,
38863,2527,1,false,
38864,2529,64,false,
38865,2533,1,false,
38866,2535,1,false,
38867,2541,257,false,
38868,2548,311,false,
38869,2549,64,false,
38870,2553,64,false,
38871,2557,2,false,
38872,2568,64,false,
38873,2575,64,false,
38874,2633,49,false,
38875,P6,95,false,
38876,P10,3,false,
38877,P11,95,false,
38878,P12,65,false,
38879,P14,65,false,
38880,P15,95,false,
38881,P16,65,false,
38882,P17,67,false,
38883,P18,150,false,
38884,P19,150,false,
38885,P20,150,false,
38886,P21,150,false,
38887,P22,148,false,
38888,P24,65,false,
38889,P27,259,false,
38890,P28,49,false,
38891,P29,65,false,
38892,P30,95,false,
38893,P32,49,false,
38894,P35,49,false,
38895,0068/15,,false,
38897,0070/15,57,false,
38898,0072/15,57,false,
38899,0073/15,1000,false,
38900,0074/15,,false,
38901,0075/15,3,false,
38902,P36,49,false,
38903,P38,65,false,
38904,P43,49,false,
38905,P44,95,false,
38906,P51,50,false,
38907,P54,65,false,
38908,P55,68,false,
38909,P58,65,false,
38910,P62,77,false,
38911,P66,95,false,
38912,P67,95,false,
38913,P69,95,false,
38914,P74,150,false,
38915,P75,65,false,
38916,P76,95,false,
38917,P77,95,false,
38918,P78,95,false,
38919,P79,45,false,
38920,P80,924,false,
38921,P81,65,false,
38922,P82,65,false,
38923,P83,45,false,
38924,P85,3,false,
38925,P87,49,false,
38926,P88,65,false,
38927,P89,45,false,
38928,P90,95,false,
38929,P92,95,false,
38930,P93,348,false,
38931,P94,95,false,
38932,P95,120,false,
38933,P96,150,false,
38934,P97,141,false,
38935,P98,141,false,
38936,P99,97,false,
38937,P100,97,false,
38938,P101,68,false,
38939,P102,65,false,
38940,P103,95,false,
38941,P104,68,false,
38942,P105,68,false,
38943,P106,24,false,
38944,P107,65,false,
38945,P108,67,false,
38946,P109,259,false,
38947,P110,345,false,
38948,P111,65,false,
38949,P113,65,false,
38950,P114,65,false,
38951,P115,65,false,
38952,P116,141,false,
38953,P117,259,false,
38954,P118,24,false,
38955,P119,,false,
38956,P120,259,false,
38957,P121,925,false,
38958,M15.43,,false,
38959,AR04181,,false,
38960,AR04182,,false,
38961,AR07578,,false,
38962,AR06524,,false,
38963,AR06631,,false,
38964,AR05862,,false,
38965,AR05875,,false,
38966,AR05104,,false,
38967,M21264,1456,false,
38968,AR04432I,,false,
38969,AR05679,,false,
38970,AR05969,,false,
38971,N547/10,,false,
38972,N443/02,,false,
38974,LNP16475,,false,
38975,LNP17075,926,false,
38976,LNP17345,927,false,
38977,LNP17862,928,false,
38978,LNP18981,929,false,
38979,LNP19085,,false,
38980,LNP22706,1244,false,
38981,LNP24574,1245,false,
38982,LNP16626,678,false,
38983,LNP19836,68,false,
38984,LNP26654,1014,false,
38985,LNP22985,930,false,
38986,LNP23132,5047,false,
38988,0071/15,,false,
38989,0077/15,68,false,
38990,0078/15,119,false,
38991,0079/15,,false,
38992,G2810,16,false,
38993,2015-133,,false,
38994,2015-136,,false,
38995,15.8700107,90,false,
38996,15.8700914,1,false,
38997,15.8701412,1,false,
38998,15.8703241,1,false,
38999,15.8703378,1,false,
39000,15.8703957,90,false,
39001,15.8705087,1,false,
39002,M15 240552,45,false,
39003,M15.52,,false,
39071,N691/03RI,,false,
39072,N200/02,,false,
39073,N102/02,,false,
39074,N203/02,,false,
39075,N784/03,,false,
39076,N174/03,,false,
39077,N248/09,,false,
39078,N165/03,,false,
39079,N205/03,,false,
39080,N998/02,,false,
39081,64204,824,false,
39082,64500,18,false,
39083,64579,824,false,
39084,64605,18,false,
39085,64680,683,false,
39086,64586,824,false,
39087,64361,18,false,
39088,64755,824,false,
39089,64203,824,false,
39090,65080,18,false,
39091,65318,18,false,
39092,65320,824,false,
39093,65551,18,false,
39094,65600,937,false,
39095,65737,824,false,
39096,56474,18,false,
39097,56327,18,false,
39098,56682,367,false,
39099,56835,683,false,
39100,57568,18,false,
39101,63971,18,false,
39102,63748,826,false,
39103,45858,683,false,
39104,45722,367,false,
39105,44941,367,false,
39106,45388,827,false,
39107,45715,683,false,
39108,45910,683,false,
39109,43208 -1,18,false,
39110,43208 -2,18,false,
39111,43210,18,false,
39112,44271,18,false,
39113,42876,826,false,
39114,44254,18,false,
39115,43306,18,false,
39116,46745,683,false,
39117,47244,683,false,
39118,47954,367,false,
39119,47547,16,false,
39120,47548,683,false,
39121,48183,827,false,
39122,48763,18,false,
39123,48437,367,false,
39124,48563,367,false,
39125,48848,367,false,
39126,48213,683,false,
39127,48502,367,false,
39128,48406,367,false,
39129,50040,367,false,
39130,49506,683,false,
39131,49676,367,false,
39132,49719,683,false,
39133,50869,367,false,
39134,51751,683,false,
39135,52057,683,false,
39136,52441,669,false,
39137,65907,367,false,
39138,66098,824,false,
39139,42978,683,false,
39140,15.8707932,,false,
39141,1615/15,,false,
39142,1773/15,,false,
39143,1868/15,,false,
39144,2017/15,,false,
39145,3241/15,,false,
39146,3443/15,,false,
39147,IH167468,396,false,
39148,IH167475,938,false,
39149,107457,45,false,
39150,107458,49,false,
39151,NR107/15,,false,
39152,PE5,2,false,
39153,PE6,2,false,
39154,PE7,2,false,
39155,TRI-1,49,false,
39156,TRI-103,49,false,
39157,TRI-111,939,false,
39158,TRI-12,217,false,
39159,TRI-131,45,false,
39160,TRI-15,57,false,
39161,TRI-150,57,false,
39162,TRI-156,569,false,
39163,TRI-161,49,false,
39164,TRI-191,3,false,
39165,TRI-201,940,false,
39166,TRI-227,766,false,
39167,TRI-243,901,false,
39168,TRI-294,941,false,
39169,TRI-297,97,false,
39170,TRI-320,57,false,
39171,TRI-346,942,false,
39172,TRI-407,904,false,
39173,TRI-420,93,false,
39174,TRI-44,45,false,
39175,TRI-440,9,false,
39176,TRI-460,440,false,
39177,TRI-490,45,false,
39178,TRI-493,45,false,
39179,TRI-509,65,false,
39180,TRI-515,897,false,
39181,TRI-52,49,false,
39182,TRI-522,57,false,
39183,TRI-529,87,false,
39184,TRI-553,87,false,
39185,TRI-554,3,false,
39186,TRI-59,49,false,
39187,TRI-598,57,false,
39188,TRI-599,254,false,
39189,TRI-607,943,false,
39190,TRI-616,944,false,
39191,TRI-621,45,false,
39192,TRI-653,57,false,
39193,TRI-655,217,false,
39194,TRI-659,150,false,
39195,TRI-667,440,false,
39196,TRI-692,87,false,
39197,TRI-9,57,false,
39198,TRI-90,57,false,
39199,AR05834,,false,
39200,AR05928,,false,
39201,AR07320,,false,
39202,2015-15,33,false,
39203,2023-15,33,false,
39205,2043-15,888,false,
39206,2081-15,33,false,
39207,2085-15,945,false,
39209,2137-15,888,false,
39211,2380-15,33,false,
39212,2385-15,33,false,
39213,2398-15,33,false,
39214,2399-15,33,false,
39215,2400-15,33,false,
39216,2405-15,33,false,
39217,2441-15,33,false,
39218,2464-15,33,false,
39219,2491-15,33,false,
39220,2548-15,33,false,
39221,2586-15,33,false,
39223,3180-15,33,false,
39224,3271-15,33,false,
39225,3411-15,33,false,
39226,3412-15,33,false,
39227,3422-15,33,false,
39228,3641-15,33,false,
39229,3642-15,33,false,
39230,3643-15,33,false,
39231,3644-15,33,false,
39232,3645-15,33,false,
39233,3769-15,33,false,
39234,3772-15,33,false,
39235,3828-15,33,false,
39237,3882-15,33,false,
39238,3884-15,33,false,
39239,3949-15,33,false,
39240,3962-15,33,false,
39241,4019-15,33,false,
39245,2924/15,,false,
39246,3037/15,,false,
39247,3375/15,,false,
39302,MK275-02,1026,false,
39303,MK292-02,29,false,
39304,Mk353-02,,false,
39305,MK497-03,,false,
39306,MK499-03,1249,false,
39307,MK502-03,921,false,
39308,MK799-03,921,false,
39309,Mk802-03,1030,false,
39310,MK808-03,29,false,
39311,MK810-03,921,false,
39312,MK813-03,921,false,
39313,MK817-03,921,false,
39314,MK818-03,1032,false,
39315,Mk_932-02,921,false,
39316,Mk_933-02,1034,false,
39317,M38608,,false,
39318,M15 240625,255,false,
39319,M15 240626,257,false,
39320,M15 240629,1,false,
39321,M15 240631,62,false,
39322,M15 240634,93,false,
39323,M15 240635,62,false,
39324,M15 240636,947,false,
39325,M15 240637,45,false,
39326,M15 240638,1,false,
39327,M15 240639,68,false,
39328,M15 240640,1,false,
39329,M15 240641,120,false,
39330,M15 240642,62,false,
39331,M15 240643,1,false,
39332,M15 240644,62,false,
39333,M15 240645,948,false,
39334,M15 240646,62,false,
39335,M15 240648,1,false,
39336,M15 240650,93,false,
39337,M15 240651,1,false,
39338,M15 240652,45,false,
39339,M15 240653,141,false,
39340,M15 240657,1,false,
39341,M15 240658,1,false,
39342,M15 240659,1,false,
39343,M15 240660,62,false,
39344,M15 240661,,false,
39345,M15 240662,1,false,
39346,M15 240664,1,false,
39347,M15 240697,62,false,
39348,M15 240698,120,false,
39349,M15 240699,1,false,
39350,M15 240701,93,false,
39351,M15 240703,949,false,
39352,M15 240704,1,false,
39353,M15 240705,257,false,
39354,M15 240716,97,false,
39355,M15 240717,3,false,
39356,M15 240718,1,false,
39357,M15 240719,3,false,
39358,M15 240720,1,false,
39359,M15 240723,211,false,
39360,M15 240724,404,false,
39361,M15 240725,257,false,
39362,M15 240727,45,false,
39363,M15 240728,62,false,
39364,M15 240729,45,false,
39365,M15 240730,1,false,
39366,M15 240737,45,false,
39367,M15 240738,150,false,
39368,M15 240740,1,false,
39369,M15 240742,1,false,
39370,M15 240743,950,false,
39371,M15 240744,93,false,
39372,M15 240745,45,false,
39373,M15 240746,1,false,
39374,M15 240747,3,false,
39375,M15 240748,45,false,
39376,M15 240749,951,false,
39377,M15 240750,120,false,
39378,M15 240751,1,false,
39379,M15 240752,62,false,
39380,M15 240755,952,false,
39381,M15 240757,68,false,
39382,M15 240758,87,false,
39383,M15 240759,45,false,
39384,M15 240760,93,false,
39385,M15 240762,953,false,
39386,M15 240763,352,false,
39387,M15 240765,68,false,
39388,M15 240766,257,false,
39389,M15 240767,954,false,
39391,M15 240770,262,false,
39392,M15 240772,254,false,
39393,M15 240773,881,false,
39394,M15 240775,127,false,
39395,M15 240778,1,false,
39396,M15 240779,,false,
39397,M15 240781,106,false,
39398,M15 240782,535,false,
39399,M15 240783,120,false,
39400,M15 240784,127,false,
39401,M15 240785,1,false,
39402,M15 240786,956,false,
39403,M15 240787,2,false,
39404,M15 240788,1,false,
39405,M15 240789,97,false,
39406,M15 240790,120,false,
39407,M15 240793,77,false,
39408,M15 240794,957,false,
39409,M15 240795,257,false,
39410,M15 240796,1,false,
39411,M15 240797,1,false,
39412,M15 240798,535,false,
39413,M15 240799,808,false,
39414,M15 240801,305,false,
39415,M15 240802,3,false,
39416,M15 240803,68,false,
39417,M15 240805,87,false,
39418,M15 240806,958,false,
39419,M15 240807,62,false,
39420,M15 240808,62,false,
39421,M15 240816,1,false,
39422,M15 240818,1,false,
39423,M15 240819,1,false,
39424,M15 240820,424,false,
39425,M15 240821,408,false,
39426,M15 240822,62,false,
39427,M15 240826,1,false,
39429,M15 240829,1,false,
39430,M15 240830,1,false,
39431,M15 240831,1,false,
39432,M15 240832,62,false,
39433,M15 240833,1,false,
39434,M15 240835,867,false,
39435,M15 240844,1,false,
39436,M15 240845,1,false,
39437,M15 240847,62,false,
39438,M15 240848,1,false,
39439,M15 240849,87,false,
39440,M15 240850,62,false,
39441,M15 240722b,1,false,
39442,M07 240646,93,false,
39443,M07 240657,959,false,
39444,M07 240669,49,false,
39445,M07 240680,45,false,
39446,M07 240789,47,false,
39447,M07 240850,49,false,
39448,M07 240889,93,false,
39449,M07 240909,87,false,
39450,M07 240949,,false,
39451,M07 241052,93,false,
39452,M07 241084,49,false,
39453,M07 241109,47,false,
39454,M07 241117,93,false,
39455,M08 240035,93,false,
39456,M08 240169,5160,false,
39457,M08 240220,49,false,
39458,M08 240222,49,false,
39459,M08 240255,960,false,
39460,M08 240276,87,false,
39461,M08 240293,117,false,
39462,M08 240302,93,false,
39463,M08 240498,47,false,
39464,M37058,,false,
39465,M37063,,false,
39466,M37071,,false,
39467,M37073,,false,
39468,M37078,,false,
39469,M37079,,false,
39470,M37083,,false,
39471,M37091,,false,
39472,M37094,,false,
39473,M37101,,false,
39474,M37105,,false,
39475,M37107,,false,
39476,M37110,,false,
39477,M37119,,false,
39478,M37123,,false,
39479,M37130,,false,
39480,M37131,,false,
39481,M37132,,false,
39482,M37136,,false,
39483,M37137,,false,
39484,M37142,,false,
39485,M37143,,false,
39486,M37146,,false,
39487,M37147,,false,
39488,M37155,,false,
39489,M37159,,false,
39490,M37162,,false,
39491,M37164,,false,
39492,M37167,,false,
39493,M37168,,false,
39494,M37169,,false,
39495,M37171,,false,
39496,M37172,,false,
39497,M37174,,false,
39498,M37175,,false,
39499,M37176,,false,
39500,M37177,,false,
39501,M37179,,false,
39502,M37957,,false,
39505,Mk819-03,921,false,
39506,Niga2-15,33,false,
39507,Niga6-15,33,false,
39508,Niga8-15,33,false,
39509,Niga9-15,33,false,
39510,AR04828,,false,
39511,AR05916,,false,
39512,8173,,false,
39513,23592,,false,
39514,14037,,false,
39515,12521,,false,
39516,1423,,false,
39517,84733,,false,
39518,23664,,false,
39519,23454,,false,
39520,80094,,false,
39521,24185,,false,
39522,49839,,false,
39523,12371,,false,
39524,2329,,false,
39525,3206,,false,
39526,67082,,false,
39527,20118,,false,
39528,5681,,false,
39529,42517,,false,
39530,2524,,false,
39531,15775,,false,
39532,1471,,false,
39533,24219,,false,
39534,18550,,false,
39535,2923,,false,
39536,47486,,false,
39537,19823,,false,
39538,21718,,false,
39539,48538,,false,
39540,2356,,false,
39541,18865,,false,
39542,7617,,false,
39543,42518,,false,
39544,70116,,false,
39545,27413,,false,
39546,21762,,false,
39547,27680,,false,
39548,3507,,false,
39549,12494,,false,
39550,2650,,false,
39551,40267,,false,
39552,27644,,false,
39553,45772,,false,
39554,15597,,false,
39555,67501,,false,
39556,23058,,false,
39557,29487,,false,
39558,2883,,false,
39559,1287,,false,
39560,66095,,false,
39561,14829,,false,
39562,68993,,false,
39563,1693,,false,
39564,24463,,false,
39565,1850,,false,
39566,1333,,false,
39567,24294,,false,
39568,M38636,,false,
39569,2728,257,false,
39570,2736,961,false,
39571,PE12,257,false,
39572,DE11728,,false,
39573,DE11793,,false,
39574,DE11814,,false,
39575,DE11835,,false,
39576,DE11868,,false,
39577,DE11936,,false,
39578,DE12292,,false,
39579,DE13210,,false,
39580,DE13237,,false,
39581,DE13301,,false,
39583,AR03583,,false,
39585,LNP28208,1,false,
39586,M15.55,,false,
39587,19-15,33,false,
39588,22164,,false,
39589,630,18,false,
39592,0080/15,,false,
39597,0082/15,119,false,
39598,0083/15,,false,
39599,0084/15,,false,
39600,NR54_17,,false,
39601,17-216,,false,
39602,17-219,,false,
39603,17-253,1,false,
39604,3012,,false,
39605,3013,,false,
39608,LNP29198abd,1,false,
39609,M13519,2,false,
39619,M38556,1006,false,
39625,M15141,24,false,
39628,82-15,1,false,
39629,83-15,1,false,
39630,111-15,1,false,
39631,126-15,33,false,
39632,171-15,1,false,
39633,179-15,1,false,
39634,583-15,1,false,
39635,587-15,33,false,
39636,606-15,33,false,
39637,645-15,33,false,
39638,666-15,1,false,
39639,685-15,888,false,
39640,982-15,33,false,
39641,1010-15,1,false,
39642,1024-15,33,false,
39643,1025-15,33,false,
39644,1063-15,33,false,
39645,1064-15,1,false,
39646,1077-15,33,false,
39647,1082-15,1,false,
39648,1078-15,33,false,
39649,1083-15,1,false,
39650,1090-15,1,false,
39651,1096-15,1,false,
39652,1098-15,33,false,
39653,1099-15,33,false,
39654,1103-15,33,false,
39655,1168-15,,false,
39656,1169-15,33,false,
39657,1172-15,33,false,
39658,1173-15,33,false,
39659,1174-15,33,false,
39695,M16917,,false,
39702,LNP27290,97,false,
39708,LNP27341,964,false,
39713,M21736,3,false,
39714,M21954,3,false,
39715,LNP16858,,false,
39717,LNP20692,967,false,
39718,LNP23737,968,false,
39721,LNP981,969,false,
39722,LNP26332,,false,
39723,LNP26308,970,false,
39724,LNP23872,5044,false,
39726,Mk_365-02,921,false,
39727,Mk_583-02,921,false,
39728,Mk_686-02,921,false,
39729,Mk_687-02,921,false,
39730,Mk_688-02,921,false,
39731,Mk_690-02,921,false,
39732,Mk_691-02,921,false,
39733,Mk_692-02,921,false,
39734,Mk_694-02,921,false,
39735,Mk_756-02,921,false,
39736,Mk_757-02,921,false,
39737,Mk_760-02,921,false,
39738,Mk_761-02,921,false,
39739,Mk_802-02,921,false,
39740,Mk_815-02,921,false,
39741,Mk_818-02,921,false,
39742,Mk_819-02,921,false,
39743,Mk_829-02,921,false,
39744,Mk_929-02,921,false,
39745,Mk_930-02,921,false,
39746,Mk 931,921,false,
39767,1376-15,33,false,
39768,1385-15,33,false,
39769,1395-15,33,false,
39770,1396-15,33,false,
39771,1434-15,33,false,
39772,1437-15,33,false,
39773,1640-15,33,false,
39774,1641-15,33,false,
39775,1658-15,1,false,
39776,1659-15,33,false,
39777,1660-15,33,false,
39778,1661-15,33,false,
39779,1662-15,33,false,
39780,1663-15,33,false,
39781,1847-15,1,false,
39782,1898-15,33,false,
39783,1945-15,33,false,
39784,1946-15,33,false,
39785,1947-15,33,false,
39786,1956-15,33,false,
39787,2007-15,33,false,
39788,2014-15,33,false,
39789,2015-15,33,false,
39790,2023-15,33,false,
39791,2029-15,1,false,
39792,2043-15,,false,
39793,2081-15,33,false,
39794,2085-15,33,false,
39795,2099-15,1,false,
39796,2137-15,888,false,
39797,2143-15,1,false,
39798,2146-15,1,false,
39799,2380-15,33,false,
39800,2385-15,33,false,
39801,2398-15,33,false,
39802,2399-15,33,false,
39803,2400-15,33,false,
39804,2401-15,33,false,
39805,2404-15,33,false,
39806,2405-15,33,false,
39807,2441-15,33,false,
39808,2464-15,33,false,
39809,2491-15,33,false,
39810,2548-15,33,false,
39811,2586-15,33,false,
39812,2749-15,1,false,
39813,3180-15,33,false,
39814,3217-15,33,false,
39815,3411-15,33,false,
39816,3412-15,33,false,
39817,3422-15,33,false,
39818,3479-15,33,false,
39819,3641-15,33,false,
39820,3642-15,33,false,
39821,3643-15,33,false,
39822,3644-15,33,false,
39823,3645-15,33,false,
39824,3769-15,33,false,
39825,3772-15,33,false,
39826,3828-15,33,false,
39827,3833-15,1,false,
39828,3882-15,33,false,
39829,3884-15,33,false,
39830,3949-15,33,false,
39831,3962-15,33,false,
39832,4019-15,33,false,
39833,4036-15,33,false,
39834,4064_15,33,false,
39835,2395_15,33,false,
39836,M03473,971,false,
39837,M05730,59,false,
39838,M13970,14,false,
39839,M13973,67,false,
39840,M14431,67,false,
39841,M09596,138,false,
39842,M04874,1,false,
39843,M08566,972,false,
39844,M22236,973,false,
39845,M03564,1,false,
39846,M05451,1,false,
39847,M05831,1,false,
39848,M05721,14,false,
39849,M05731,1,false,
39850,M05732,1,false,
39851,M05733,1,false,
39852,M05734,1,false,
39853,M05726,62,false,
39854,M05749,3,false,
39855,M05737,36,false,
39856,M05729,14,false,
39857,M14217,936,false,
39858,M19586,936,false,
39859,M05738,1,false,
39860,M28679,246,false,
39861,M00601,1,false,
39862,M22440,735,false,
39863,M21955,3,false,
39864,M21259,3,false,
39865,M21374,2,false,
39866,M21427,2,false,
39867,M21428,2,false,
39868,M21432,2,false,
39869,M21714,1,false,
39870,M21716,1,false,
39871,M21717,1,false,
39872,M21718,1,false,
39873,M22057,1,false,
39874,M22327,1,false,
39875,M22900,1,false,
39876,M23763,1,false,
39877,M26924,257,false,
39878,M26925,257,false,
39879,M26926,257,false,
39880,M26919,257,false,
39881,M24930,257,false,
39882,M25670,257,false,
39883,M26294,257,false,
39884,M26295,257,false,
39885,M26296,257,false,
39886,M26931,2,false,
39888,M26948,257,false,
39889,M26949,257,false,
39890,M26927,257,false,
39891,M25953,2,false,
39892,M26017,2,false,
39893,M26263,2,false,
39895,M25941,2,false,
39896,M27267,2,false,
39897,M26059,2,false,
39898,M26089,2,false,
39899,M25964,1,false,
39900,M26087,1,false,
39901,M26088,1,false,
39903,M26416,1,false,
39904,M29678,3,false,
39905,M24249,3,false,
39906,M27732,974,false,
39907,M27483,77,false,
39908,M36581,3,false,
39910,M21317,93,false,
39915,M21295,93,false,
39916,M21294,93,false,
39917,M24251,45,false,
39918,M24250,3,false,
39919,M27789,77,false,
39920,M36681,3,false,
39921,M29401,3,false,
39922,M29635,97,false,
39923,M29634,3,false,
39925,M29350,3,false,
39926,M27846,974,false,
39927,M26315,77,false,
39928,M26314,77,false,
39929,M27704,77,false,
39930,M26374,77,false,
39931,M26312,77,false,
39932,M27703,974,false,
39940,LNP28306,2,false,
39941,LNP28314,2,false,
39942,AR06582,,false,
39959,LNP27353,262,false,
39960,LNP27356,104,false,
39961,LNP27354,104,false,
39963,LNP27359,45,false,
39964,LNP27361,978,false,
39966,LNP27364,49,false,
39970,LNP27374,45,false,
39973,LNP27383,50,false,
39976,LNP27388,554,false,
39990,LNP27423,68,false,
39992,LNP27427,3,false,
39993,LNP27432,554,false,
39999,LNP27455,9,false,
40007,LNP27474,981,false,
40009,LNP27478,45,false,
40011,LNP27486,217,false,
40012,LNP27491,93,false,
40014,LNP27496,93,false,
40015,LNP27501,150,false,
40016,LNP27499,983,false,
40017,LNP27502,984,false,
40018,LNP27507,3,false,
40019,LNP27506,68,false,
40020,LNP27512,150,false,
40021,LNP27509,93,false,
40022,LNP27523,45,false,
40023,LNP27529NNl,3,false,
40026,LNP27533,986,false,
40027,LNP27537,45,false,
40028,LNP27538,217,false,
40029,LNP27539,262,false,
40030,LNP27536,45,false,
40032,LNP27546,150,false,
40034,LNP27555,49,false,
40035,LNP27559,93,false,
40038,LNP27560,93,false,
40039,LNP27567,554,false,
40040,LNP27569,139,false,
40046,LNP27580,988,false,
40047,LNP27585,989,false,
40048,LNP27586,262,false,
40051,LNP27588,45,false,
40052,LNP27593,217,false,
40053,LNP27595,87,false,
40055,LNP27601,87,false,
40056,LNP27599,93,false,
40057,LNP27604,87,false,
40058,LNP27603,9,false,
40059,LNP27610,127,false,
40061,LNP27613,45,false,
40062,LNP27615,150,false,
40064,LNP27627,45,false,
40065,LNP27626,990,false,
40067,LNP27633,45,false,
40068,LNP27634,45,false,
40069,LNP27637,217,false,
40070,LNP27642,198,false,
40071,LNP27646,87,false,
40072,LNP27649,991,false,
40073,LNP27650,50,false,
40074,LNP27647,67,false,
40081,LNP27666,3,false,
40082,LNP27673,45,false,
40083,LNP27674,3,false,
40084,LNP27675NNl,500,false,
40089,LNP27695,993,false,
40091,LNP27697,9,false,
40093,LNP27708,95,false,
40096,LNP27732,87,false,
40097,63-11,,false,
40099,LNP27321,57,false,
40100,LNP27322,965,false,
40101,LNP27406,93,false,
40102,LNP27329,93,false,
40103,LNP27439,150,false,
40104,LNP27305,139,false,
40105,LNP27340,975,false,
40106,LNP27338,954,false,
40107,LNP27337,3,false,
40108,LNP27336,57,false,
40109,LNP27407,3,false,
40113,LNP27372,262,false,
40129,LNP27571,977,false,
40132,LNP27587,1,false,
40136,LNP27653,3,false,
40159,LNP27313,68,false,
40161,LNP27468,3,false,
40163,LNP27576,50,false,
40164,LNP27389,150,false,
40165,LNP27391,77,false,
40166,LNP27392,554,false,
40167,LNP27275,150,false,
40168,LNP27402,3,false,
40169,LNP27349,93,false,
40170,LNP27274,104,false,
40171,LNP27403,9,false,
40172,LNP27270,45,false,
40173,LNP27272,150,false,
40174,LNP27342,976,false,
40175,LNP27344,93,false,
40176,LNP27347,595,false,
40177,LNP27348,45,false,
40178,LNP27350,977,false,
40179,LNP27386,49,false,
40180,LNP27384,45,false,
40181,LNP27286,3,false,
40182,LNP27369,9,false,
40183,LNP27332,45,false,
40184,LNP27387,45,false,
40185,LNP27466,45,false,
40186,LNP27461,9,false,
40187,LNP27458,9,false,
40188,LNP27325,45,false,
40189,LNP27327,403,false,
40190,LNP27451,68,false,
40191,LNP27311,45,false,
40192,LNP27306,150,false,
40193,LNP27302,45,false,
40194,LNP27297,963,false,
40195,LNP27293,962,false,
40196,LNP27291,9,false,
40197,LNP27561,45,false,
40202,LNP27684,2,false,
40204,LNP28263,685,false,
40206,LNP28265,994,false,
40209,LNP28268,62,false,
40215,LNP28278,9,false,
40219,LNP28283,977,false,
40220,LNP28284,1512,false,
40235,LNP28299,62,false,
40236,LNP28300,997,false,
40237,LNP28301,2,false,
40238,LNP28302,45,false,
40239,LNP28303,1,false,
40240,LNP28305,45,false,
40241,LNP28307,45,false,
40242,LNP28308,104,false,
40243,LNP28309,68,false,
40244,LNP28310,554,false,
40245,LNP28311,211,false,
40247,LNP28313,262,false,
40248,LNP28315,,false,
40249,LNP28316,120,false,
40250,LNP28317,994,false,
40251,LNP28318,43,false,
40252,LNP28319,996,false,
40253,LNP28320,262,false,
40254,LNP28321,9,false,
40255,LNP28322,68,false,
40256,LNP28323,93,false,
40257,LNP28324,998,false,
40258,LNP28327,9,false,
40259,LNP28329,62,false,
40260,LNP28330,570,false,
40261,LNP28331,,false,
40262,LNP28332,68,false,
40263,LNP28333,67,false,
40264,LNP28334,262,false,
40265,LNP28335,999,false,
40266,LNP28336,262,false,
40267,LNP28337,1,false,
40268,LNP28338,1,false,
40269,LNP28339,62,false,
40270,LNP28340,,false,
40271,LNP28341,49,false,
40272,LNP28342,2,false,
40273,LNP28343abd,108,false,
40274,LNP28344,1,false,
40275,LNP28345,95,false,
40276,LNP28346,1,false,
40277,LNP28347,45,false,
40278,LNP28348,2,false,
40279,LNP28349abd,1,false,
40280,LNP28350,93,false,
40281,LNP28351,288,false,
40285,55-15,,false,
40287,12-539,62,false,
40288,12-543,62,false,
40289,12-588,141,false,
40290,LNP28352,62,false,
40291,11-54,62,false,
40292,05-231,62,false,
40293,LNP28126,1,false,
40294,LNP27575,87,false,
40296,LNP27494,262,false,
40297,2551,62,false,
40298,2581,9,false,
40316,M15 240907,1,false,
40317,M15 240908,97,false,
40318,M15 240909,,false,
40319,M15 240910,97,false,
40320,M15 240921,1000,false,
40321,M15 240851,87,false,
40322,M15 240852,1,false,
40323,M39062,,false,
40324,M15 240854,87,false,
40325,2601,45,false,
40326,2606,141,false,
40327,2619,599,false,
40328,2631,141,false,
40329,2634,45,false,
40330,2683,57,false,
40331,2704,575,false,
40332,2724,1001,false,
40333,2078,33,false,
40334,2552,95,false,
40335,2558,141,false,
40336,2559,97,false,
40337,2579,150,false,
40338,2582,45,false,
40339,2584,1002,false,
40340,2604,49,false,
40341,2621,45,false,
40342,2622,49,false,
40343,2626,62,false,
40344,2628,3,false,
40345,2638,103,false,
40346,2642,141,false,
40347,2649,62,false,
40348,2661,45,false,
40349,2679,150,false,
40350,2680,93,false,
40351,2681,141,false,
40352,2682,65,false,
40353,2687,62,false,
40354,2688,150,false,
40355,2689,97,false,
40356,2700,141,false,
40357,2709,67,false,
40358,2712,3,false,
40359,2713,1003,false,
40360,2716,3,false,
40361,2726,141,false,
40362,2732,141,false,
40372,0086/15,87,false,
40373,0087/15,220,false,
40374,0088/15,,false,
40375,0089/15,,false,
40376,0090/15,,false,
40377,0091/15,3,false,
40381,0005/16,,false,
40382,LNP28353,67,false,
40383,LNP28354,1,false,
40384,LNP28355,150,false,
40385,LNP28356,104,false,
40386,LNP28357,45,false,
40387,LNP28359abd,1,false,
40388,LNP28360,2,false,
40389,LNP28361,2,false,
40390,LNP28362,262,false,
40391,LNP28363,1,false,
40392,LNP28364,1,false,
40393,LNP28365,981,false,
40394,LNP28366,45,false,
40395,LNP28367,2,false,
40396,LNP28368,1035,false,
40397,LNP28369,984,false,
40398,LNP28370,45,false,
40399,LNP28371,1,false,
40400,LNP28372,108,false,
40401,LNP28374,1,false,
40402,LNP28375,45,false,
40403,LNP28376,93,false,
40404,LNP28379,150,false,
40405,LNP28380,24,false,
40406,LNP28381,87,false,
40407,LNP28382,97,false,
40408,LNP28383,1,false,
40409,LNP28384,106,false,
40410,LNP28385,257,false,
40411,LNP28386,954,false,
40412,DZ1,87,false,
40413,DZ3,1036,false,
40414,DZ4,1,false,
40415,DZ5,77,false,
40416,DZ7,1,false,
40417,DZ10,77,false,
40418,DZ11,1037,false,
40419,DZ12,1038,false,
40420,DZ14,1039,false,
40421,DZ16,105,false,
40422,2565,1,false,
40423,44133,1,false,
40424,44380,1040,false,
40425,46627,138,false,
40427,LNP27296,68,false,
40428,LNP27334,262,false,
40429,LNP27363,87,false,
40430,LNP27382,3,false,
40431,LNP27393,979,false,
40434,LNP27422,954,false,
40435,LNP27425,262,false,
40436,LNP27437,980,false,
40437,LNP27438,3,false,
40438,LNP27441,93,false,
40439,LNP27462,262,false,
40441,LNP27477,262,false,
40442,LNP27525,554,false,
40443,LNP27532,985,false,
40444,LNP27540,987,false,
40445,LNP27573,542,false,
40446,LNP27584,3,false,
40447,LNP27589,262,false,
40448,LNP27598,3,false,
40449,LNP27652,992,false,
40450,LNP27654,3,false,
40451,LNP27656,984,false,
40452,LNP27661,68,false,
40455,LNP27685,3,false,
40457,LNP27355,9,false,
40458,LNP27694,103,false,
40459,LNP27408,150,false,
40460,LNP27367,108,false,
40461,LNP27485,982,false,
40462,LNP27690,45,false,
40463,LNP27557,15,false,
40464,LNP27415,9,false,
40467,LNP27629,3,false,
40468,LNP28262,3,false,
40469,LNP28264,93,false,
40470,LNP28266,424,false,
40472,LNP28270,1,false,
40473,LNP28271,93,false,
40474,LNP28274,141,false,
40475,LNP28276,1,false,
40476,LNP28277,45,false,
40477,LNP28281,292,false,
40478,LNP28282,150,false,
40479,LNP28286,1,false,
40480,LNP28287,990,false,
40481,LNP28288,990,false,
40482,LNP28289,1,false,
40485,LNP28292at,2,false,
40486,LNP28293,68,false,
40487,LNP28294,554,false,
40488,LNP28295,1,false,
40489,LNP28296,87,false,
40490,LNP28297,996,false,
40492,LNP28284,257,false,
40493,LNP28285,3,false,
40494,LNP27419,45,false,
40495,LNP27420,45,false,
40496,2015-174,,false,
40497,2556,1006,false,
40500,M17661,,false,
40501,M18774,1,false,
40503,116,3,false,
40504,475,137,false,
40505,493,,false,
40506,586,137,false,
40507,625,1041,false,
40508,716,137,false,
40509,1394,1,false,
40510,1397,1,false,
40511,1428,1,false,
40512,1429,1,false,
40513,1942,2,false,
40514,2179,,false,
40515,2251,,false,
40516,2281,1,false,
40517,2458,1,false,
40518,2459,1,false,
40519,2781,1,false,
40520,2885,1,false,
40521,3318,1,false,
40522,3370,137,false,
40523,3464,47,false,
40524,4185,137,false,
40525,4641,1,false,
40526,5212,137,false,
40527,5218,1,false,
40528,5439,3,false,
40529,5548,,false,
40530,5556,2,false,
40531,5803,137,false,
40532,6112,,false,
40533,6122,137,false,
40534,6183,39,false,
40535,6592,1,false,
40536,6804,1,false,
40537,6993,57,false,
40538,7794,1,false,
40539,7826,39,false,
40540,7861,257,false,
40541,8044,241,false,
40542,8852,49,false,
40543,8956,57,false,
40544,9037,350,false,
40545,9102,257,false,
40546,9104,137,false,
40547,689,257,false,
40548,1339,137,false,
40549,1628,137,false,
40550,2105,136,false,
40551,2241,1,false,
40552,2581,1,false,
40553,2666,1,false,
40554,3027,137,false,
40555,3198,137,false,
40556,4004,137,false,
40557,4005,137,false,
40558,5167,137,false,
40559,5180,1,false,
40560,5593,,false,
40561,5824,137,false,
40562,6367,,false,
40563,6368,137,false,
40564,6532,137,false,
40565,6966,1042,false,
40566,7305,141,false,
40567,7328,1043,false,
40568,7949,137,false,
40569,8046,137,false,
40570,8052,137,false,
40571,8126,,false,
40572,8253,350,false,
40573,8291,326,false,
40574,8422,2,false,
40575,8602,2,false,
40576,8903,137,false,
40577,9079,137,false,
40578,9129,,false,
40579,9134,1,false,
40580,9153,1,false,
40581,9222,137,false,
40582,9224,137,false,
40583,9281,1044,false,
40584,9282,137,false,
40585,9372,39,false,
40586,9433,2,false,
40587,9615,57,false,
40588,9634,1,false,
40589,10073,137,false,
40590,10162,137,false,
40591,10179,1,false,
40592,10267,1,false,
40593,10369,1,false,
40594,10379,93,false,
40595,10428,1,false,
40596,10445,137,false,
40597,10541,136,false,
40598,10762,1045,false,
40599,10773,326,false,
40600,10796,1,false,
40601,10797,1,false,
40602,10840,1,false,
40603,11052,137,false,
40604,11069,3,false,
40605,11072,257,false,
40606,11146,2,false,
40607,11483,136,false,
40608,11683,257,false,
40609,12111,1046,false,
40610,12155,2,false,
40611,12336,137,false,
40612,12655,137,false,
40613,12781,137,false,
40614,12782,137,false,
40615,12783,2,false,
40616,12805,137,false,
40617,12891,137,false,
40618,12893,,false,
40619,13216,137,false,
40620,13453,2,false,
40621,13503,137,false,
40622,13619,137,false,
40623,13634,137,false,
40624,13774,2,false,
40625,13845,137,false,
40626,13861,137,false,
40627,13945,3,false,
40628,14221,,false,
40629,14229,137,false,
40630,14541,136,false,
40631,14683,39,false,
40632,14684,137,false,
40633,14811,137,false,
40634,14821,137,false,
40635,15011,,false,
40636,15099,1042,false,
40637,15121,137,false,
40638,15172,137,false,
40639,15420,137,false,
40640,15477,49,false,
40641,15600,257,false,
40642,15643,137,false,
40643,15657,2,false,
40644,15734,1,false,
40645,15847,137,false,
40646,15864,1047,false,
40647,15921,2,false,
40648,15956,137,false,
40649,16045,137,false,
40650,16132,137,false,
40651,16439,137,false,
40652,16612,137,false,
40653,16649,137,false,
40654,16675,257,false,
40655,16701,137,false,
40656,16733,1,false,
40657,16775,2,false,
40658,16934,1,false,
40659,17017,137,false,
40660,17100,326,false,
40661,17136,3,false,
40662,17585,326,false,
40663,17612,2,false,
40664,17614,137,false,
40665,17642,257,false,
40666,18159,,false,
40667,18162,2,false,
40668,18180,2,false,
40669,18207,3,false,
40670,18273,137,false,
40671,18561,137,false,
40672,18692,137,false,
40673,18872,137,false,
40674,18962,104,false,
40675,19127,137,false,
40676,20560,137,false,
40677,20562,137,false,
40678,20764,3,false,
40679,20784,137,false,
40680,20807,104,false,
40681,20967,326,false,
40682,21024,137,false,
40683,21030,137,false,
40684,21048,137,false,
40685,21116,2,false,
40686,21141,137,false,
40687,21763,3,false,
40688,21793,1048,false,
40689,22189,1,false,
40690,22335,137,false,
40691,22952,136,false,
40692,22971,137,false,
40693,23069,137,false,
40694,23429,137,false,
40695,23443,67,false,
40696,23612,1049,false,
40697,24049,2,false,
40698,24236,2,false,
40699,24482,137,false,
40700,24662,,false,
40701,24834,137,false,
40702,24898,137,false,
40703,26244,259,false,
40704,26838,137,false,
40705,27437,137,false,
40706,27559,2,false,
40707,27586,137,false,
40708,28613,137,false,
40709,29100,2,false,
40710,29989,137,false,
40711,30079,137,false,
40712,30346,3,false,
40713,30407,,false,
40714,30408,137,false,
40715,30517,137,false,
40716,31345,2,false,
40717,31442,67,false,
40718,32200,137,false,
40719,32498,137,false,
40720,32551,137,false,
40721,32661,137,false,
40722,32733,137,false,
40723,32998,137,false,
40724,33690,67,false,
40725,33792,137,false,
40726,34146,3,false,
40727,34205,137,false,
40728,34249,137,false,
40729,34392,137,false,
40730,34393,3,false,
40731,34528,350,false,
40732,34541,1050,false,
40733,34805,137,false,
40734,34811,137,false,
40735,34826,137,false,
40736,34911,326,false,
40737,35572,137,false,
40738,36201,2,false,
40739,36509,137,false,
40740,36917,3,false,
40741,36960,137,false,
40742,37236,326,false,
40743,37244,137,false,
40744,37724,2,false,
40745,37782,137,false,
40746,38277,137,false,
40747,38412,1051,false,
40748,38801,137,false,
40749,39857,137,false,
40750,40321,137,false,
40751,40356,1052,false,
40752,40495,87,false,
40753,41367,137,false,
40754,41423,137,false,
40755,283,137,false,
40756,1173,137,false,
40757,3235,137,false,
40758,3769,1,false,
40759,3910,137,false,
40760,6427,137,false,
40761,7583,1053,false,
40762,8865,1,false,
40763,15974,137,false,
40764,16256,137,false,
40765,16981,137,false,
40766,17417,1,false,
40767,17740,326,false,
40768,19934,1054,false,
40769,20308,137,false,
40770,21563,137,false,
40771,21712,326,false,
40772,26246,1052,false,
40773,26843,137,false,
40774,27785,,false,
40775,27913,3,false,
40776,30924,1055,false,
40777,32632,137,false,
40778,33177,241,false,
40779,34027,3,false,
40780,36148,137,false,
40781,36232,137,false,
40782,36525,137,false,
40783,41483,137,false,
40784,41661,137,false,
40785,42019,137,false,
40786,42258,137,false,
40787,42366,137,false,
40788,43124,137,false,
40789,43574,137,false,
40790,43783,67,false,
40791,44026,3,false,
40792,M07 240617,,false,
40793,M07 241012,,false,
40794,M07 241076,,false,
40795,M08 240059,,false,
40796,M08 240254,,false,
40797,M07 240615,,false,
40798,M07 240644,,false,
40799,M07 240925,,false,
40800,M07 241122,,false,
40802,M07 240673,,false,
40803,M07 240732,,false,
40804,M07 240868,,false,
40805,M07 240927,,false,
40806,M07 241039,,false,
40807,M07 241065,,false,
40808,M07 241099,,false,
40809,M07 241114,,false,
40810,M07 241136,,false,
40811,M08 240022,,false,
40812,M08 240034,,false,
40813,M08 240063,,false,
40814,M08 240081,,false,
40815,M08 240112,,false,
40816,M08 240133,,false,
40817,M08 240151,,false,
40818,M08 240157,,false,
40819,M08 240177,,false,
40821,M08 240225,,false,
40822,M08 240297,,false,
40823,M08 240375,,false,
40824,M08 240464,,false,
40825,M08 240494,,false,
40826,M08 240495,,false,
40827,M08 240503,,false,
40828,M08 240525,,false,
40829,M07 240790,,false,
40830,M07 240984,,false,
40831,M08 240044,,false,
40832,M08 240104,57,false,
40833,M08 240224,,false,
40834,M07 241071,,false,
40835,M07 241119,,false,
40836,M08 240020,,false,
40837,M08 240083,,false,
40838,M08 240149,,false,
40839,Ng626,21,false,
40840,M08 240471,,false,
40841,M08240528,,false,
40842,M07 240800,,false,
40843,M07 240804,,false,
40844,M07 241073,,false,
40845,M07 241095,,false,
40846,M08 240039,,false,
40847,M08 240219,,false,
40848,M08 240374,,false,
40849,M08 240388,,false,
40850,M08 240517,,false,
40851,M07 240606,,false,
40852,M07 240618,,false,
40853,M07 240655,,false,
40854,M07 240656,,false,
40855,M07 240662,,false,
40856,M07 240666,,false,
40857,M07 240670,,false,
40858,M07 240721,,false,
40859,M07 240769,,false,
40860,M07 240841,,false,
40861,M07 240910,,false,
40862,M07 240953,,false,
40863,M07 240971,,false,
40864,M07 240990,,false,
40865,M07 240999,,false,
40866,M07 241005,,false,
40867,M07 241011,,false,
40868,M07 241031,,false,
40869,M07 241048,,false,
40870,M07 241059,,false,
40871,M07 241126,,false,
40872,M07 241142,,false,
40873,M08 240005,,false,
40874,M08 240016,,false,
40875,M08 240021,,false,
40876,M08 240025,,false,
40877,M08 240036,,false,
40878,M08 240080,,false,
40879,M08 240082,,false,
40880,M08 240109,,false,
40881,M08 240113,,false,
40882,M08 240117,,false,
40883,M08 240119,,false,
40884,M08 240127,,false,
40885,M08 240164,,false,
40886,M08 240168,,false,
40887,M08 240189,,false,
40888,M08 240192,,false,
40889,M08 240236,,false,
40890,M08 240259,,false,
40891,M08 240399,,false,
40892,M08 240403,,false,
40893,M08 240412,,false,
40894,M08 240479,,false,
40895,M08 240492,,false,
40896,M08 240262,,false,
40897,M08 240427,,false,
40898,M07 240607,,false,
40899,M07 240608,,false,
40900,M07 240651,,false,
40901,M07 240653,,false,
40902,M07 240654,,false,
40903,M07 240661,,false,
40904,M07 240667,,false,
40905,M07 240671,,false,
40906,M07 240675,,false,
40907,M07 240679,,false,
40908,M07 240681,,false,
40909,M07 240697,,false,
40910,M07 240715,,false,
40911,M07 240775,,false,
40912,M07 240784,,false,
40913,M07 240785,,false,
40914,M07 240788,,false,
40915,M07 240791,,false,
40916,M07 240839,,false,
40917,M07 240847,,false,
40918,M07 240877,,false,
40919,M07 240903,,false,
40920,M07 240906,,false,
40921,M07 240908,,false,
40922,M07 240915,,false,
40923,M07 240916,,false,
40924,M07 240937,,false,
40925,M07 240950,,false,
40926,M07 240962,,false,
40927,M07 240969,,false,
40928,M07 240975,,false,
40929,M07 240981,,false,
40930,M07 240987,,false,
40931,M07 241006,,false,
40932,M07 241018,,false,
40933,M07 241029,,false,
40934,M07 241036,,false,
40935,M07 241038,,false,
40936,M07 241051,,false,
40937,M07 241060,,false,
40938,M07 241068,,false,
40939,M07 241075,,false,
40940,M07 241081,,false,
40941,M07 241086,,false,
40942,M07 241088,,false,
40943,M07 241090,,false,
40944,M07 241098,,false,
40945,M07 241100,,false,
40946,M07 241101,,false,
40947,M07 241104,,false,
40948,M07 241105,,false,
40949,M07 241106,,false,
40950,M07 241120,,false,
40951,M07 241134,,false,
40952,M08 240000,,false,
40953,M08 240010,,false,
40954,M08 240011,,false,
40955,M08 240014,,false,
40956,M08 240030,,false,
40957,M08 240031,,false,
40958,M08 240040,,false,
40959,M08 240050,,false,
40960,M08 240051,,false,
40961,M08 240054,,false,
40962,M08 240055,,false,
40963,M08 240057,,false,
40964,M08 240079,,false,
40965,M08 240087,,false,
40966,M08 240095,,false,
40967,M08 240097,,false,
40968,M08 240098,,false,
40969,M08 240107,,false,
40970,M08 240118,,false,
40971,M08 240129,,false,
40972,M08 240138,,false,
40973,M08 240152,,false,
40974,M08 240159,,false,
40975,M08 240174,,false,
40976,M08 240175,,false,
40977,M08 240176,,false,
40978,M08 240179,,false,
40979,M08 240180,,false,
40980,M08 240199,,false,
40981,M08 240211,,false,
40982,M08 240217,,false,
40983,M08 240223,,false,
40984,M08 240232,,false,
40985,M08 240246,,false,
40986,M08 240248,,false,
40987,M08 240256,,false,
40988,M08 240272,,false,
40989,M08 240274,,false,
40990,M08 240278,,false,
40991,M08 240280,,false,
40992,M08 240283,,false,
40993,M08 240291,,false,
40994,M08 240298,,false,
40995,M08 240299,,false,
40996,M08 240300,,false,
40997,M08 240303,,false,
40998,M08 240310,,false,
40999,M08 240312,,false,
41000,M08 240390,,false,
41001,M08 240395,,false,
41002,M08 240398,,false,
41003,M08 240400,,false,
41004,M08 240401,,false,
41005,M08 240410,,false,
41006,M08 240411,,false,
41007,M08 240414,,false,
41008,M08 240419,,false,
41009,M08 240420,,false,
41010,M08 240455,,false,
41011,M08 240458,,false,
41012,M08 240461,,false,
41013,M08 240463,,false,
41014,M08 240465,,false,
41015,M08 240466,,false,
41016,M08 240467,,false,
41017,M08 240472,,false,
41018,M08 240478,,false,
41019,M08 240481,,false,
41020,M08 240485,,false,
41021,M08 240508,,false,
41022,M08 240514,,false,
41023,M08 240526,,false,
41024,M08 240533,,false,
41025,16.8700896,,false,
41026,M07 241010,,false,
41027,M07 240688,,false,
41028,M07 240714,,false,
41029,M07 240891,,false,
41030,M07 241034,,false,
41031,M07 241089,,false,
41032,M07 241091,,false,
41033,M08 240029,,false,
41034,M08 240032,,false,
41035,M08 240150,,false,
41036,M08 240431,,false,
41037,M08 240491,,false,
41038,M08 240018,,false,
41039,M07 240611,,false,
41040,M07 240616,,false,
41041,M07 240619,,false,
41042,M07 240635,,false,
41043,M07 240642,,false,
41044,M07 240659,,false,
41045,M07 240663,,false,
41046,M07 240674,,false,
41047,M07 240678,,false,
41048,M07 240682,,false,
41049,M07 240685,,false,
41050,M07 240689,,false,
41051,M07 240690,,false,
41052,M07 240695,,false,
41053,M07 240696,,false,
41054,M07 240702,,false,
41055,M07 240703,,false,
41056,M07 240704,,false,
41057,M07 240705,,false,
41058,M07 240713,,false,
41059,M07 240725,,false,
41060,M07 240733,,false,
41061,M07 240734,,false,
41062,M07 240782,,false,
41063,M07 240783,,false,
41064,M07 240799,,false,
41065,M07 240803,,false,
41066,M07 240838,,false,
41067,M07 240852,,false,
41068,M07 240854,,false,
41069,M07 240859,,false,
41070,M07 240867,,false,
41071,M07 240879,,false,
41072,M07 240880,,false,
41073,M07 240896,,false,
41074,M07 240898,,false,
41075,M07 240900,,false,
41076,M07 240901,,false,
41077,M07 240967,,false,
41078,M07 240970,,false,
41079,M07 240982,,false,
41080,M07 240991,,false,
41081,M07 240997,,false,
41082,M07 240998,,false,
41083,M07 241000,,false,
41084,M07 241004,,false,
41085,M07 241007,,false,
41086,M07 241016,,false,
41087,M07 241021,,false,
41088,M07 241023,,false,
41089,M07 241028,,false,
41090,M07 241030,,false,
41091,M07 241037,,false,
41092,M07 241040,,false,
41093,M07 241041,,false,
41094,M07 241046,,false,
41095,M07 241054,,false,
41096,M07 241067,,false,
41097,M07 241069,,false,
41098,M07 241072,,false,
41099,M07 241077,,false,
41100,M07 241108,,false,
41101,M07 241121,,false,
41102,M07 241127,,false,
41103,M07 241139,,false,
41104,M07 241140,,false,
41105,M08 240002,,false,
41106,M08 240004,,false,
41107,M08 240007,,false,
41108,M08 240012,,false,
41109,M08 240015,,false,
41110,M08 240024,,false,
41111,M08 240041,,false,
41112,M08 240060,,false,
41113,M08 240064,,false,
41114,M08 240065,,false,
41115,M08 240071,,false,
41116,M08 240073,,false,
41117,M08 240076,,false,
41118,M08 240077,,false,
41119,M08 240078,,false,
41120,M08 240085,,false,
41121,M08 240091,,false,
41122,M08 240093,,false,
41123,M08 240102,,false,
41124,M08 240103,,false,
41125,M08 240105,,false,
41126,M08 240110,,false,
41127,M08 240111,,false,
41128,M08 240121,,false,
41129,M08 240131,,false,
41130,M08 240137,,false,
41131,M08 240140,,false,
41132,M08 240166,,false,
41133,M08 240172,,false,
41134,M08 240173,,false,
41135,M08 240182,,false,
41136,M08 240194,,false,
41137,M08 240196,,false,
41138,M08 240200,,false,
41139,M08 240209,,false,
41140,M08 240212,,false,
41141,M08 240213,,false,
41142,M08 240214,,false,
41143,M08 240226,,false,
41144,M08 240230,,false,
41145,M08 240237,,false,
41146,M08 240242,,false,
41147,M08 240245,,false,
41148,M08 240257,,false,
41149,M08 240277,,false,
41150,M08 240279,,false,
41151,M08 240290,,false,
41152,M08 240295,,false,
41153,M08 240313,,false,
41154,M08 240396,,false,
41155,M08 240402,,false,
41156,M08 240413,,false,
41157,M08 240432,,false,
41158,M08 240457,,false,
41159,M08 240460,,false,
41160,M08 240469,,false,
41161,M08 240477,,false,
41162,M08 240493,,false,
41163,M08 240499,,false,
41164,M08 240513,,false,
41165,M08 240519,,false,
41166,M08 240527,,false,
41167,M08 240535,,false,
41168,M07 240677,,false,
41169,M07 240716,,false,
41170,M07 240863,,false,
41171,M07 240864,,false,
41172,M07 240865,,false,
41173,M07 240935,,false,
41174,M07 240992,,false,
41175,M07 241022,,false,
41176,M07 241055,,false,
41177,M07 241056,,false,
41178,M07 241058,,false,
41179,M07 241079,,false,
41180,M07 241092,,false,
41181,M08 240003,,false,
41182,M08 240186,,false,
41183,M08 240191,,false,
41184,M08 240305,,false,
41185,M08 240394,,false,
41186,M08 240476,,false,
41187,Z0605086,1,false,
41188,Z0512115,1,false,
41189,Z0612118,1,false,
41190,Z0710082,1,false,
41191,0006/16,608,false,
41197,12U140172,1006,false,
41198,12U140169,1006,false,
41199,13U120582,666,false,
41200,12U020152,367,false,
41201,13U017077,367,false,
41202,12U175743,18,false,
41203,11U132882,16,false,
41204,11U148797,16,false,
41205,11U143814,666,false,
41206,11U143816,16,false,
41207,11U143815,,false,
41208,13U084037,1006,false,
41209,13U152480,18,false,
41210,12U074341,18,false,
41211,LNP28387,1056,false,
41212,LNP28388,1,false,
41213,LNP28389,62,false,
41214,LNP28390,1,false,
41215,LNP28391,62,false,
41216,LNP28392,62,false,
41217,LNP28393,1057,false,
41218,LNP28394,9,false,
41219,LNP28395,9,false,
41220,LNP28396,,false,
41221,LNP28397,1058,false,
41222,LNP28398,150,false,
41223,LNP28399,9,false,
41224,LNP28400,1,false,
41225,LNP28401,49,false,
41226,LNP28402,288,false,
41227,LNP28403,87,false,
41228,LNP28404,137,false,
41229,LNP28405,262,false,
41230,LNP28267,424,false,
41232,LNP28290,2,false,
41233,LNP28291,995,false,
41234,LNP28298,1512,false,
41235,LNP27472,262,false,
41237,LNP27631,3,false,
41238,LNP27662,45,false,
41239,LNP27676,104,false,
41240,LNP27678,262,false,
41242,LNP27712,3,false,
41307,1359000009,62,false,
41308,1359000014,62,false,
41309,1359000043,62,false,
41310,1359000054,62,false,
41311,1359000111,62,false,
41312,1359000130,62,false,
41313,1359000142,62,false,
41314,1359000144,62,false,
41315,1359000194,62,false,
41316,Ng630,18,false,
41317,1359000319,62,false,
41318,1359000334,,false,
41319,1359000403,62,false,
41320,1359000600,62,false,
41321,1359000669,62,false,
41322,LIM7761,554,false,
41323,15-65,62,false,
41324,1459000020,1064,false,
41325,1459000024,62,false,
41326,1459000026,62,false,
41327,1459000134,62,false,
41328,1459000177,62,false,
41329,1459000324,62,false,
41330,1459000362,156,false,
41331,1459000563,62,false,
41332,100804,,false,
41333,1359000010,,false,
41334,1359000015,1,false,
41335,1359000026,,false,
41336,1359000036,,false,
41337,95-134,62,false,
41338,98-182,62,false,
41339,06-178,62,false,
41340,11-7,62,false,
41341,11-14,62,false,
41342,12-176,62,false,
41344,12-330,62,false,
41345,Ng632,626,false,
41346,Ng741,,false,
41347,Ng755,18,false,
41348,Ng807,21,false,
41349,Ng812,367,false,
41350,Ng849,18,false,
41351,Ng859,18,false,
41352,Ng885,18,false,
41353,Ng942,,false,
41354,Ng952,,false,
41355,Ng967,367,false,
41356,Ng993,367,false,
41357,Ng1015,18,false,
41358,Ng1053,16,false,
41359,Ng1091,,false,
41360,Ng1095,16,false,
41361,Ng2046,633,false,
41362,Ng2056,378,false,
41363,Ng2078,1006,false,
41364,2083,,false,
41365,2164,16,false,
41366,2185,16,false,
41367,2201,21,false,
41368,2219,16,false,
41369,2265,16,false,
41370,2359F,16,false,
41371,2429,16,false,
41372,2450,,false,
41373,2531,1006,false,
41374,2556,1006,false,
41375,2610,16,false,
41376,2777,16,false,
41377,2810,16,false,
41378,2815,841,false,
41379,2821,,false,
41380,2840,16,false,
41381,2856,1006,false,
41382,2906,,false,
41383,2979R,18,false,
41384,3011,,false,
41385,3048F,367,false,
41386,3048U,18,false,
41387,3059F,367,false,
41388,3059R,367,false,
41389,3059U,367,false,
41390,3060,18,false,
41391,3062,369,false,
41392,3063,666,false,
41393,3065,666,false,
41394,3067,657,false,
41395,3087,21,false,
41396,3088F,18,false,
41397,3094,367,false,
41398,3097,16,false,
41399,3101,18,false,
41400,3152,16,false,
41401,3173-II,367,false,
41402,3176,18,false,
41403,3180,18,false,
41404,3181F,1006,false,
41405,3181U,1006,false,
41406,3186,,false,
41407,3194-I,21,false,
41408,3194-II,21,false,
41409,3212,3354,false,
41410,3217,18,false,
41411,0013/16,,false,
41412,0014/16,3,false,
41413,12-584,62,false,
41444,NM11003,407,false,
41451,M15 240753,1,false,
41452,M15 240846,3,false,
41453,M15 240853,87,false,
41454,M15 240855,,false,
41455,M15 240856,,false,
41456,M15 240857,150,false,
41457,M15 240859,93,false,
41458,M15 240860,1,false,
41459,M15 240861,1,false,
41460,M15 240862,68,false,
41461,M15 240863,57,false,
41462,M15 240864,1,false,
41463,M15 240866,1,false,
41464,M15 240868,45,false,
41465,M15 240869,93,false,
41466,M15 240870,62,false,
41467,M15 240871,1,false,
41468,M15 240872,1,false,
41469,M15 240873,1072,false,
41470,M15 240876,,false,
41471,M15 240877,45,false,
41472,M15 240878,2,false,
41473,M15 240879,1,false,
41474,M15 240880,1073,false,
41475,M15 240881,,false,
41476,M15 240882,62,false,
41477,M15 240883,45,false,
41478,M15 240885,1,false,
41479,M15 240886,120,false,
41480,M15 240887,62,false,
41481,M15 240888,1,false,
41482,M15 240892,3,false,
41483,M15 240893,1,false,
41484,M15 240894,2,false,
41485,M15 240895,93,false,
41486,M15 240896,,false,
41487,M15 240897,120,false,
41488,M15 240899,87,false,
41489,M15 240900,1,false,
41490,M15 240901,120,false,
41491,M15 240902,45,false,
41492,M15 240903,1074,false,
41493,M15 240904,2,false,
41494,M15 240905,1,false,
41495,M15 240911,62,false,
41496,M15 240912,120,false,
41497,M15 240913,,false,
41498,M15 240914,62,false,
41499,M15 240915,62,false,
41500,M15 240917,87,false,
41501,M15 240918,1,false,
41502,M15 240919,1,false,
41503,M15 240920,45,false,
41504,M15 240922,211,false,
41505,M15 240923,127,false,
41506,M15 240924,949,false,
41507,M15 240925,45,false,
41508,M15 240926,62,false,
41509,M15 240929,262,false,
41510,M15 240930,262,false,
41511,M15 240931,1075,false,
41512,M15 240933,1076,false,
41513,M15 240934,1077,false,
41514,M15 240935,62,false,
41515,M15 240936,1,false,
41516,M15 240937,1,false,
41517,M15 240938,62,false,
41518,M15 240939,,false,
41519,M15 240940,1,false,
41520,M15 240941,3695,false,
41521,M15 240945,62,false,
41522,M15 240946,1,false,
41523,M15 240947,103,false,
41524,M15 240949,,false,
41525,M15 240952,1,false,
41526,M15 240953,738,false,
41527,M15 240954,254,false,
41528,M15 240955,1078,false,
41529,M15 240957,211,false,
41530,M15 240958,1,false,
41531,M15 240960,535,false,
41532,M15 240961,120,false,
41533,M15 240963,1,false,
41534,M15 240965,62,false,
41535,M15 240967,62,false,
41536,M15 240968,1,false,
41537,M15 240969,45,false,
41538,M15 240973,45,false,
41539,M15 240974,68,false,
41540,M15 240975,1079,false,
41541,M39090,3536,false,
41542,M15 240977,87,false,
41543,M15 240978,1,false,
41544,M15 240979,45,false,
41545,M15 240980,9,false,
41546,M15 240981,1,false,
41547,M15 240983,1,false,
41548,M15 240984,1080,false,
41549,M15 240985,1,false,
41550,M15 240986,45,false,
41551,M15 240987,120,false,
41552,M15 240988,1,false,
41553,M15 240989,62,false,
41554,M15 240990,45,false,
41555,M15 240991,104,false,
41556,M15 240992,211,false,
41557,M15 240994,62,false,
41558,M15 240995,1,false,
41559,M15 240996,1752,false,
41560,M15 240982,1,false,
41561,M15 240993,791,false,
41564,107519,1,false,
41565,107520,1,false,
41566,107518,147,false,
41567,107515,1081,false,
41568,107516,1081,false,
41569,107514,45,false,
41570,107517,1,false,
41571,107496,45,false,
41576,LNP28407,87,false,
41577,LNP28409,62,false,
41578,LNP28411,1,false,
41579,LNP28412,3,false,
41580,LNP28413,1,false,
41581,LNP28414,62,false,
41582,LNP28415,1,false,
41583,LNP28416,1,false,
41585,LNP28418,262,false,
41586,LNP28420abd,1,false,
41587,LNP28422,1,false,
41588,LNP27469,3,false,
41589,LNP27547,45,false,
41590,LNP27612,87,false,
41591,LNP27725,68,false,
41592,LNP27700,3,false,
41593,LNP28279,2,false,
41595,0016/16,,false,
41596,0017/16,,false,
41598,107523,1059,false,
41599,145M,45,false,
41600,147M,5162,false,
41601,148M,49,false,
41602,150M,5162,false,
41603,SS16M472,,false,
41604,SS16M474,,false,
41611,09-292,287,false,
41612,M39089,45,false,
41613,NZ15MD037,,false,
41614,2686,2,false,
41615,W-5295,3,false,
41616,W-5302,57,false,
41617,W-5316,3,false,
41618,W-5321,104,false,
41619,W-5347,87,false,
41620,W-5358,1082,false,
41621,W-5371,57,false,
41622,W-5376,67,false,
41623,W-5379,87,false,
41624,W-5551,274,false,
41625,W-5573,93,false,
41626,W-5731,57,false,
41627,W-5779,1083,false,
41628,W-5792,62,false,
41629,W-5818,3,false,
41630,W-5827,67,false,
41631,AK-1830,5782,false,
41632,AK-1855,87,false,
41633,AK-1894,93,false,
41634,AK-1896,93,false,
41635,AK-1904,57,false,
41636,BM-1218,9,false,
41637,BM-1238,9,false,
41638,K-30,45,false,
41639,NZ16MI0005,,false,
41640,2733,1084,false,
41641,2737,68,false,
41642,2738,257,false,
41643,2739,104,false,
41644,2740,699,false,
41645,2741,9,false,
41646,2742,2,false,
41647,2743,961,false,
41648,2744,257,false,
41649,2745,141,false,
41650,2746,108,false,
41651,2747,6,false,
41652,2748,1898,false,
41653,2749,62,false,
41654,2750,64,false,
41655,2751,45,false,
41656,2752,141,false,
41657,2753,1250,false,
41658,2754,3,false,
41659,2755,257,false,
41660,2756,68,false,
41661,2757,257,false,
41662,2759,127,false,
41663,2760,97,false,
41664,2764,93,false,
41665,2774,257,false,
41666,2776,1,false,
41667,2777,257,false,
41668,2778,257,false,
41669,LNP28423NNl,217,false,
41670,LNP28424,93,false,
41671,LNP28425,1,false,
41672,LNP28428,259,false,
41673,LNP28429,1085,false,
41674,LNP28430,141,false,
41675,LNP28431,1,false,
41676,LNP28432,3,false,
41677,LNP28433,93,false,
41678,2766,257,false,
41679,2763,9,false,
41683,107524,996,false,
41684,76Mo,108,false,
41685,77Mo,104,false,
41686,78Mo,3,false,
41687,79Mo,62,false,
41688,80Mo,108,false,
41689,81Mo,45,false,
41690,82Mo,750,false,
41691,83Mo,62,false,
41692,84Mo,120,false,
41693,86Mo,3,false,
41694,88Mo,3,false,
41695,98Mo,259,false,
41696,127M,972,false,
41697,128M,39,false,
41698,129M,,false,
41699,130M,45,false,
41700,131M,93,false,
41701,132M,3,false,
41702,133M,3,false,
41703,134M,3,false,
41704,135M,617,false,
41705,136M,9,false,
41706,137M,127,false,
41707,138M,217,false,
41708,139M,1088,false,
41709,140M,93,false,
41710,141M,45,false,
41711,142M,1089,false,
41712,143M,87,false,
41713,144M,93,false,
41714,153M,87,false,
41715,154M,93,false,
41716,91Mo,45,false,
41717,149M,1,false,
41718,151M,,false,
41719,152M,,false,
41720,N235/10,,false,
41721,N789/02,,false,
41722,EXNG321,,false,
41726,LNP28434,9,false,
41727,LNP28435,738,false,
41728,LNP28436,1,false,
41729,LNP28437,62,false,
41730,LNP28438,45,false,
41731,LNP28439,150,false,
41732,LNP28440,1091,false,
41733,LNP28441,262,false,
41734,LNP27734,62,false,
41735,LNP27747,49,false,
41736,LNP27751,62,false,
41737,LNP27772,62,false,
41738,LNP27804,62,false,
41739,LNP27830,62,false,
41740,LNP27832,62,false,
41741,LNP27836,108,false,
41742,LNP27841,1092,false,
41743,LNP27852,108,false,
41744,LNP27859,62,false,
41745,LNP27890,120,false,
41746,LNP27893,62,false,
41747,LNP27904,108,false,
41748,LNP27918,1093,false,
41749,LNP27919at,68,false,
41750,LNP27945,120,false,
41751,LNP27955,62,false,
41752,LNP27970,62,false,
41753,LNP27972,3,false,
41754,LNP27987,420,false,
41755,LNP27995,108,false,
41756,LNP27997,151,false,
41757,LNP27998,108,false,
41758,LNP27999,62,false,
41759,LNP28007,62,false,
41760,LNP28012,67,false,
41761,LNP28020,1094,false,
41762,LNP28024,62,false,
41763,LNP28028,62,false,
41764,LNP28034,62,false,
41765,LNP28035,62,false,
41766,LNP28056,62,false,
41767,LNP28057,108,false,
41768,LNP28077,62,false,
41769,LNP28081,141,false,
41770,LNP28093,1095,false,
41771,LNP28094,1095,false,
41772,LNP28095,62,false,
41773,LNP28096,1096,false,
41775,MK5/16,,false,
41776,2013-074,,false,
41777,2013-148,,false,
41778,2014-013,,false,
41779,2014-090,,false,
41780,2015-169,,false,
41781,N4/16,,false,
41782,3670/15,,false,
41783,4719/15,,false,
41784,2839,1,false,
41785,2838,1,false,
41786,0395/93,2,false,
41787,0393/93,2,false,
41788,4229/15,,false,
41789,1748/15,,false,
41790,4914/15,,false,
41791,2599,,false,
41792,2785,,false,
41793,LNP28426,1,false,
41794,LNP28427at,2,false,
41795,LNP28442,3,false,
41796,LNP28443,62,false,
41797,LNP28444,137,false,
41798,LNP28445at,1,false,
41799,LNP28446,1,false,
41800,LNP28447,87,false,
41801,LNP28448,1,false,
41802,LNP28449,137,false,
41803,LNP28450,2,false,
41804,LNP28451,1,false,
41805,LNP28452,45,false,
41806,LNP28453,141,false,
41807,LNP28454,424,false,
41808,LNP28455,424,false,
41809,LNP28456,1,false,
41810,LNP28457,9,false,
41811,LNP28458,3,false,
41812,LNP28459,1,false,
41813,LNP28460,1,false,
41814,LNP28461,67,false,
41815,LNP28462,1,false,
41816,LNP28463,1,false,
41817,LNP28464,62,false,
41818,LNP28467,62,false,
41819,LNP28468,1,false,
41820,LNP28469,292,false,
41821,LNP28470,1,false,
41825,23035,,false,
41831,23712,,false,
41837,26539,,false,
41838,27121,,false,
41842,AR04285_T9,57,false,
41843,AR04301_T0,24,false,
41844,AR04301_T6,24,false,
41845,M35007,1,false,
41846,M35044,62,false,
41847,M35809,1,false,
41848,LNP28574,954,false,
41849,LNP28575,102,false,
41850,LNP28577at,68,false,
41851,LNP28578,724,false,
41852,LNP28579,62,false,
41853,LNP28580,1,false,
41854,LNP28581,1,false,
41855,LNP28582,150,false,
41856,LNP28584,262,false,
41857,LNP28585abd,1,false,
41858,LNP28586,62,false,
41859,LNP28587,1,false,
41860,36718,138,false,
41861,LNP28588,1,false,
41862,LNP28589,1251,false,
41863,LNP28590,150,false,
41864,LNP28591,1,false,
41865,LNP28592,217,false,
41866,LNP28593,352,false,
41867,LNP28594,1252,false,
41868,LNP28595,1,false,
41869,LNP28596,3,false,
41870,LNP28599,1,false,
41871,LNP28600,150,false,
41872,LNP28601,1,false,
41874,AR00087_T0,1110,false,
41876,AR00087_T9,105,false,
41877,AR00145_T0,1,false,
41878,AR00145_T7,1,false,
41879,AR00226_T0,105,false,
41880,AR00226_T9,105,false,
41881,AR02148_T0,105,false,
41883,AR02148_T7,105,false,
41884,AR02217_T0,1,false,
41885,AR02217_T8,1,false,
41886,AR03165_T0,1111,false,
41888,AR03165_T9,1111,false,
41889,AR03204_T0,1111,false,
41891,AR03204_T9,1111,false,
41896,AR03921_T0,738,false,
41897,AR03921_T7,738,false,
41901,AR04285_T0,57,false,
41925,BuFa5_13,57,false,
41955,Togo_00073_16,1,false,
41956,Togo_00075_16,1,false,
41957,Togo_M0800_16,1,false,
41958,Togo_M0842_16,1,false,
41961,34526,138,false,
41962,16-64,45,false,
41963,16-75,1,false,
41964,16-87,1,false,
41965,16-88,1,false,
41967,16-101,62,false,
41968,16-102,49,false,
41969,16-118,93,false,
41970,15-138,45,false,
41971,15-365,45,false,
41972,15-439,62,false,
41973,EMn002,,false,
41974,EMn001,,false,
41975,EMn003,,false,
41976,EMn004,,false,
41977,EMn005,,false,
41978,EMn006,,false,
41979,EMn007,,false,
41980,EMn008,,false,
41981,EMn009,,false,
41982,EMn010,,false,
41983,EMn011,,false,
41984,EMn012,,false,
41985,EMn013,,false,
41986,EMn014,,false,
41987,EMn015,,false,
41988,EMn016,,false,
41989,EMn017,,false,
41990,EMn018,,false,
41991,EMn019,,false,
41992,EMn020,,false,
41993,EMn021,,false,
41994,EMn022,,false,
41995,EMn023,,false,
41996,EMn024,,false,
41997,EMn025,,false,
41998,EMn026,,false,
41999,EMn027,,false,
42000,EMn028,,false,
42001,EMn029,,false,
42002,EMn030,,false,
42003,EMn031,,false,
42004,EMn032,,false,
42005,EMn033,,false,
42006,EMn034,,false,
42007,EMn035,,false,
42008,EMn036,,false,
42009,EMn037,,false,
42010,EMn038,,false,
42011,EMn039,,false,
42012,EMn040,,false,
42013,EMn041,,false,
42014,EMn042,,false,
42015,EMn043,,false,
42016,EMn044,,false,
42017,EMn045,,false,
42018,EMn046,,false,
42019,EMn047,,false,
42020,EMn048,,false,
42021,EMn049,,false,
42022,EMn050,,false,
42023,EMn051,,false,
42024,EMn052,,false,
42025,EMn053,,false,
42026,EMn054,,false,
42027,EMn055,,false,
42028,EMn056,,false,
42029,3859/15,,false,
42030,4508/15,,false,
42031,4894/15,,false,
42032,2781,257,false,
42033,2789,1,false,
42034,2791,2,false,
42035,2793,257,false,
42036,LNP28466,87,false,
42037,LNP28471,257,false,
42038,LNP28472,1,false,
42039,LNP28473,1,false,
42040,LNP28474,1,false,
42041,LNP28475,1134,false,
42042,LNP28476,1,false,
42043,LNP28477,979,false,
42044,LNP28478,148,false,
42045,LNP28479,49,false,
42046,LNP28480,1,false,
42047,LNP28481,1,false,
42048,LNP28482,62,false,
42049,LNP28483,45,false,
42050,LNP28484,3,false,
42051,LNP28485,722,false,
42052,LNP28486,1135,false,
42053,LNP28487,352,false,
42054,LNP28488,62,false,
42055,LNP28051,1136,false,
42057,LNP28127,5048,false,
42058,LNP28155,5049,false,
42059,LNP28158,5050,false,
42060,LNP28165,,false,
42061,LNP28181,1137,false,
42062,LNP28272,5051,false,
42063,0019/16,,false,
42064,0021/16,,false,
42065,0022/16,,false,
42068,0026/16,,false,
42069,1445/15,,false,
42070,M39528,65,false,
42071,ESP_001,,false,
42072,ESP_002,,false,
42073,ESP_003,,false,
42074,ESP_004,,false,
42075,ESP_005,,false,
42076,ESP_006,,false,
42077,ESP_007,,false,
42078,ESP_008,,false,
42079,ESP_009,,false,
42080,ESP_010,,false,
42081,ESP_011,,false,
42082,ESP_012,,false,
42083,ESP_013,,false,
42084,ESP_014,,false,
42085,ESP_015,,false,
42086,ESP_016,,false,
42087,ESP_017,,false,
42088,ESP_018,,false,
42089,ESP_019,,false,
42090,ESP_020,,false,
42091,ESP_021,,false,
42092,ESP_022,,false,
42093,ESP_023,,false,
42094,ESP_024,,false,
42095,ESP_025,,false,
42096,ESP_026,,false,
42097,ESP_027,,false,
42098,ESP_028,,false,
42099,ESP_029,,false,
42100,ESP_030,,false,
42101,ESP_031,,false,
42102,ESP_032,,false,
42103,ESP_033,,false,
42104,ESP_034,,false,
42105,ESP_035,,false,
42106,ESP_036,,false,
42107,ESP_037,,false,
42108,ESP_038,,false,
42109,ESP_039,,false,
42110,ESP_040,,false,
42111,IPM1,45,false,
42113,IPM3,977,false,
42114,IPM4,45,false,
42115,IPM5,45,false,
42116,IPM6,3,false,
42117,IPM7,3,false,
42118,IPM8,3,false,
42119,IPM9,3,false,
42120,IPM10,3,false,
42121,IPM11,3,false,
42122,IPM12,3,false,
42123,IPM13,3,false,
42124,IPM15,3,false,
42125,IPM16,3,false,
42126,IPM17,3,false,
42127,IPM19,108,false,
42128,IPM20,120,false,
42129,IPM21,3,false,
42130,IPM22,595,false,
42131,IPM23,1138,false,
42132,IPM25,3,false,
42133,IPM26,1139,false,
42134,IPM27,3,false,
42135,IPM28,3,false,
42136,IPM29,917,false,
42137,IPM30,3,false,
42138,IPM31,3,false,
42139,IPM32,977,false,
42140,IPM33,3,false,
42141,IPM35,3,false,
42142,IPM38,3,false,
42143,IPM40,3,false,
42144,IPM41,150,false,
42145,IPM42,3,false,
42146,IPM44,,false,
42147,IPM45,3,false,
42148,IPM47,3,false,
42149,IPM48,3,false,
42150,IPM49,150,false,
42151,IPM50,3,false,
42152,IPM51,3,false,
42153,IPM52,3,false,
42154,IPM53,3,false,
42155,IPM54,3,false,
42156,IPM55,977,false,
42158,IPM57,3,false,
42159,IPM58,3,false,
42160,IPM59,1140,false,
42162,IPM61,3,false,
42163,IPM62,3,false,
42164,IPM63,3,false,
42165,IPM64,3,false,
42166,IPM65,3,false,
42167,IPM70,3,false,
42168,IPM71,3,false,
42169,IPM72,3,false,
42170,IPM73,1141,false,
42172,IPM75,3,false,
42173,IPM76,1142,false,
42174,IPM77,3,false,
42175,IPM78,3,false,
42176,IPM79,3,false,
42177,IPM80,3,false,
42178,IPM81,,false,
42179,IPM82,1143,false,
42180,IPM83,,false,
42181,4737/15,,false,
42182,0025/16,,false,
42183,NZNMI10/017,,false,
42184,NZNMI10/020,,false,
42185,107521,104,false,
42186,107522,1059,false,
42187,AK-1911,127,false,
42188,BM-1252,127,false,
42189,BM-1253,127,false,
42190,LNP28490,257,false,
42191,LNP28491,262,false,
42192,LNP28493,257,false,
42193,LNP28494,310,false,
42194,LNP28495,62,false,
42195,LNP28496,1144,false,
42196,LNP28497,1,false,
42197,LNP28498,45,false,
42198,LNP28499,1145,false,
42199,LNP28500,45,false,
42200,LNP28501,1146,false,
42201,LNP28502,424,false,
42202,LNP28503,1,false,
42203,LNP28504,1,false,
42204,LNP28505,3,false,
42205,LNP28506,150,false,
42206,LNP28508,77,false,
42207,LNP28509,151,false,
42208,LNP28510,49,false,
42209,LNP28511,1,false,
42210,LNP28512,2,false,
42211,LNP28513,67,false,
42212,LNP28514,64,false,
42213,LNP28515at,1,false,
42214,LNP28517,108,false,
42215,LNP28518,49,false,
42216,LNP26516,93,false,
42217,N.358/14,,false,
42218,IPM2,977,false,
42219,IPM74,45,false,
42220,IPM60,3,false,
42314,1359000048,,false,
42315,1359000049,,false,
42316,1359000057,,false,
42317,1359000086,,false,
42318,1359000088,,false,
42319,1359000098,,false,
42321,1359000105,,false,
42322,1359000112,,false,
42323,1359000115,,false,
42324,1359000145,,false,
42325,1359000149,,false,
42326,1359000150,,false,
42327,1359000177,,false,
42328,1359000198,,false,
42329,1359000214,,false,
42330,1359000225,,false,
42331,1359000247,,false,
42332,1359000254,,false,
42333,1359000257,,false,
42334,1359000263,,false,
42335,1359000264,,false,
42336,1359000279,68,false,
42337,1359000281,,false,
42338,1359000282,,false,
42339,1359000291,,false,
42340,1359000292,,false,
42341,1359000297,,false,
42342,1359000299,,false,
42343,1359000301,,false,
42344,1359000321,,false,
42345,1359000323,,false,
42346,1359000324,,false,
42347,1359000376,,false,
42348,1359000421,,false,
42349,1359000428,,false,
42350,1359000448,,false,
42351,1359000453,,false,
42352,1359000521,,false,
42353,1359000547,,false,
42354,1359000592,,false,
42355,1359000629,,false,
42356,1359000634,,false,
42357,1359000666,,false,
42358,1459000009,62,false,
42359,1459000018,62,false,
42360,1459000037,1,false,
42361,1459000111,3,false,
42362,1459000158,1,false,
42363,1459000159,1,false,
42364,1459000173,1155,false,
42365,1459000174,1,false,
42366,1459000190,1,false,
42367,1459000197,62,false,
42368,1459000203,1,false,
42369,1459000211,93,false,
42370,1459000219,141,false,
42371,1459000228,65,false,
42372,1459000233,3,false,
42373,1459000234,62,false,
42374,1459000254,1,false,
42375,1459000284,257,false,
42376,1459000288,1,false,
42377,1459000321,21,false,
42378,1459000358,62,false,
42379,1459000379,62,false,
42380,1459000413,1156,false,
42381,1459000447,62,false,
42382,1459000449,257,false,
42383,1459000450,257,false,
42384,1459000550,62,false,
42385,1459000561,104,false,
42386,1459000564,1,false,
42387,1459000577,62,false,
42388,1459000579,1,false,
42389,1459000583,62,false,
42390,1459000590,257,false,
42391,1459000627,1,false,
42392,1559000011,3,false,
42393,1559000025,62,false,
42394,1559000087,49,false,
42395,16.8701784,,false,
42396,1559000132,62,false,
42397,1559000135,62,false,
42398,1559000155,276,false,
42399,LNP28519abd,1157,false,
42400,1559000182,45,false,
42401,1559000185,93,false,
42402,15-104,62,false,
42403,15-105,1158,false,
42404,15-106,288,false,
42405,15-113,127,false,
42406,LNP28520,45,false,
42407,LNP28521,262,false,
42408,15-239,62,false,
42409,LNP28524,77,false,
42410,15-25,87,false,
42411,15-251,62,false,
42412,15-265,62,false,
42413,15-28,1159,false,
42414,15-29,1,false,
42415,15-299,87,false,
42416,1359000004,1160,false,
42417,15-317,62,false,
42418,15-318,1,false,
42419,15-321,62,false,
42421,LNP28525,5052,false,
42422,15-331,1161,false,
42423,15-346,1162,false,
42424,16-26,1,false,
42425,15-402,1,false,
42426,15-405,62,false,
42427,15-407,535,false,
42428,15-431,396,false,
42429,16-42,62,false,
42430,15-441,45,false,
42431,15-6,62,false,
42432,15-60,62,false,
42433,15-63,3,false,
42434,16-56,141,false,
42435,LNP28526,93,false,
42436,16-68,1,false,
42437,15-81,1,false,
42438,15-9,62,false,
42439,15-93,45,false,
42440,LNP28527abd,49,false,
42441,LNP28528,3,false,
42442,LNP28529,1,false,
42443,LNP28530,262,false,
42444,16-123,93,false,
42446,15 8704767,87,false,
42447,M16 240057,1163,false,
42448,M16 240060,105,false,
42449,M16 240062,1164,false,
42450,M16 240064,93,false,
42451,M16 240077,,false,
42452,M16 240079,3,false,
42453,M16 240080,,false,
42454,M16 240109,3,false,
42455,M16 240110,45,false,
42456,M16 240114,97,false,
42457,M16 240115,9,false,
42458,M16 240122,3,false,
42459,M16 240128,62,false,
42460,M16 240134,65,false,
42462,M16 240153,5053,false,
42463,M16 240164,62,false,
42464,M16 240168,1165,false,
42465,M16 240171,1166,false,
42466,M16 240172,65,false,
42467,M16 240177,211,false,
42468,M16 240183,5600,false,
42469,M16 240186,345,false,
42470,M16 240191,211,false,
42471,M15 240769,955,false,
42472,M15 240827,,false,
42473,M16 240001,318,false,
42474,M16 240002,211,false,
42475,M16 240003,1,false,
42476,M16 240005,1,false,
42477,M16 240007,45,false,
42478,M16 240008,1,false,
42479,M16 240009,62,false,
42480,M16 240010,1,false,
42481,M16 240011,1,false,
42482,M16 240013,1,false,
42483,M16 240014,1,false,
42484,M16 240015,1,false,
42485,M16 240016,1,false,
42486,M16 240017,1,false,
42487,M16 240018,62,false,
42488,M16 240019,120,false,
42489,M16 240020,1,false,
42490,M16 240021,62,false,
42491,M16 240022,1,false,
42492,M16 240024,1,false,
42493,M16 240026,62,false,
42494,M16 240027,,false,
42495,M16 240028,1167,false,
42496,M16 240030,62,false,
42497,M16 240031,1,false,
42498,M16 240033,93,false,
42499,M16 240034,961,false,
42500,M16 240035,211,false,
42501,M16 240036,150,false,
42502,M16 240037,62,false,
42503,M16 240038,83,false,
42504,M16 240039,1,false,
42505,M16 240040,1,false,
42506,M16 240041,1,false,
42507,M16 240042,3,false,
42508,M16 240043,68,false,
42509,M16 240044,3,false,
42510,M16 240045,259,false,
42511,M16 240046,45,false,
42512,M16 240047,1,false,
42513,M16 240048,,false,
42514,M16 240049,45,false,
42515,M16 240050,,false,
42516,M16 240051,62,false,
42517,M16 240052,1,false,
42518,M16 240053,62,false,
42519,M16 240055,1,false,
42520,M16 240056,1163,false,
42521,M16 240058,1168,false,
42522,M16 240059,45,false,
42523,M16 240061,879,false,
42524,M16 240063,1,false,
42525,M16 240065,1,false,
42526,M16 240066,1,false,
42527,M16 240067,62,false,
42528,M16 240068,45,false,
42529,M16 240069,62,false,
42530,M16 240070,1,false,
42531,M16 240071,93,false,
42532,M16 240072,1,false,
42533,M16 240073,1,false,
42534,M16 240074,1,false,
42535,M16 240075,1,false,
42536,M16 240076,867,false,
42537,M16 240078,95,false,
42538,M16 240081,62,false,
42539,M16 240082,141,false,
42540,M16 240083,68,false,
42541,M16 240084,257,false,
42542,M16 240085,1169,false,
42543,M16 240086,49,false,
42544,M16 240087,45,false,
42545,M16 240088,1,false,
42546,M16 240089,87,false,
42547,M16 240090,150,false,
42548,M16 240091,120,false,
42549,M16 240092,1,false,
42550,M16 240107,211,false,
42551,M16 240108,1,false,
42552,M16 240111,1,false,
42553,M16 240112,1170,false,
42554,M16 240113,93,false,
42555,M16 240116,1,false,
42556,M16 240117,1,false,
42557,M16 240118,,false,
42558,M16 240119,49,false,
42559,M16 240120,1,false,
42560,M16 240121,120,false,
42561,M16 240123,1,false,
42562,M16 240124,3,false,
42563,M16 240125,150,false,
42564,M16 240126,1,false,
42565,M16 240127,77,false,
42566,M16 240129,67,false,
42567,M16 240130,87,false,
42568,M16 240131,1,false,
42569,M16 240132,1,false,
42570,M16 240133,49,false,
42571,M16 240135,1171,false,
42572,M16 240136,1,false,
42573,M16 240138,1,false,
42574,M16 240139,62,false,
42575,M16 240140,,false,
42576,M16 240141,1,false,
42577,M16 240142,1,false,
42578,M16 240144,,false,
42579,M16 240145,93,false,
42580,M16 240146,120,false,
42581,M16 240147,1,false,
42582,M16 240148,62,false,
42583,M16 240149,87,false,
42584,M16 240150,150,false,
42585,M16 240152,1,false,
42586,M16 240154,1,false,
42587,M16 240155,45,false,
42588,M16 240156,45,false,
42589,M16 240157,9,false,
42590,M16 240158,62,false,
42591,M16 240159,315,false,
42592,M16 240160,45,false,
42593,M16 240161,62,false,
42594,M16 240162,127,false,
42595,M16 240163,77,false,
42596,M16 240165,422,false,
42597,M16 240167,257,false,
42598,M16 240169,120,false,
42599,M16 240170,1172,false,
42600,M16 240173,279,false,
42601,M16 240175,791,false,
42602,M16 240176,87,false,
42603,M16 240178,120,false,
42604,M16 240179,65,false,
42605,M16 240180,535,false,
42606,M16 240181,953,false,
42607,M16 240182,279,false,
42608,M16 240184,62,false,
42609,M16 240185,62,false,
42610,M16 240187,45,false,
42611,M16 240188,45,false,
42612,M16 240189,1,false,
42613,M16 240190,62,false,
42614,M16 240192,49,false,
42615,M16 240193,1,false,
42616,14-8704161,93,false,
42617,14-8704253,1173,false,
42618,14-8704273,1173,false,
42619,14-8704599,97,false,
42620,14-8704743,93,false,
42621,14-8705223,120,false,
42622,14-8705421,1174,false,
42623,14-8705521,49,false,
42624,14-8705636,318,false,
42625,14-8706036,349,false,
42626,14-8706144,93,false,
42627,14-8706349,1175,false,
42628,14-8706436,93,false,
42629,14-8706586,301,false,
42630,14-8707385,45,false,
42631,14-8707662,1176,false,
42632,15-8700108,,false,
42633,15-8700319,9,false,
42634,15-8700456,1177,false,
42635,15-8700522,93,false,
42636,15-8700571,93,false,
42637,15-8700655,93,false,
42638,15-8709664,93,false,
42639,15-8700842,93,false,
42640,15-8701359,45,false,
42641,15-8701697,1178,false,
42642,15-8701782,,false,
42643,15-8701871,93,false,
42644,15-8702724,45,false,
42645,15-8703451,150,false,
42646,15-8703750,3,false,
42647,15-8704692,87,false,
42649,15-8705815,93,false,
42650,15-8708141,45,false,
42651,15-8708206,45,false,
42652,15-8708361,87,false,
42653,15-8708563,93,false,
42654,15-8708670,93,false,
42655,16-8700063,45,false,
42656,IPM56,141,false,
42657,LNP26743,1,false,
42658,LNP26799,1179,false,
42659,LNP26807,1,false,
42660,LNP26811,1,false,
42661,IPM14,3,false,
42662,IPM34,3,false,
42663,AR04320_T0,1104,false,
42665,AR04320_T8,1104,false,
42666,AR04432_T0,1180,false,
42668,AR04432_T9,738,false,
42669,AR04563_T0,1181,false,
42671,AR04563_T9,24,false,
42673,AR04623_T0,24,false,
42675,AR04623_T8,24,false,
42678,AR05068_T0,1,false,
42679,AR05068_T8,1,false,
42680,AR05679_T0,1108,false,
42682,AR05679_T9,1108,false,
42685,AR05692_T0,105,false,
42686,AR05692_T9,105,false,
42695,Togo_00048_16,1,false,
42696,Togo_00049_16,1,false,
42697,Togo_00053_16,1,false,
42698,Togo_00055_16,1,false,
42699,Togo_00058_16,1,false,
42700,Togo_00061_16,1,false,
42701,Togo_00062_16,1,false,
42702,Togo_00065_16,1,false,
42703,107525,3,false,
42704,107526,1184,false,
42714,CR50,1187,false,
42715,CR1414,127,false,
42716,CR603,3,false,
42717,CR85,62,false,
42718,CR49,262,false,
42719,CR1246,1188,false,
42720,CR179,1,false,
42721,CR1183,120,false,
42722,CR785,45,false,
42723,CR15579,217,false,
42724,CR34315,1416,false,
42725,CR12433,87,false,
42726,CR7104,45,false,
42727,CR1994,45,false,
42728,CR7043,217,false,
42729,CR45387,217,false,
42730,CRMN,87,false,
42731,CR24,1189,false,
42732,CR10O,87,false,
42733,CR70O,1190,false,
42734,CR95O,87,false,
42735,CR88O,1191,false,
42741,NM1,24,false,
42742,NM2,24,false,
42743,16.8704300,97,false,
42744,M-046-15,,false,
42747,M-087-15,,false,
42748,M-088-15,,false,
42749,M-104-15,,false,
42750,M-086-15,,false,
42751,M-052-13a,,false,
42752,M-201-13a,,false,
42753,M-273-13a,,false,
42754,M-317-13a,,false,
42755,M-388-13a,,false,
42756,2016-034,,false,
42757,LNP28531,1,false,
42758,LNP28533,1,false,
42759,LNP28534,262,false,
42760,LNP28536,24,false,
42761,LNP28540,9,false,
42762,LNP28541,9,false,
42763,LNP28542,9,false,
42764,LNP28543,1,false,
42765,LNP28544,45,false,
42766,LNP28546,1253,false,
42767,LNP28547,1,false,
42768,LNP28548,257,false,
42769,LNP28549,1,false,
42770,LNP28550at,1,false,
42771,LNP28551,62,false,
42772,LNP28552,257,false,
42773,LNP28554,1216,false,
42774,LNP28555,1,false,
42775,LNP28556,87,false,
42776,LNP28557,102,false,
42777,LNP28558,1254,false,
42778,LNP28559,68,false,
42779,LNP28560,724,false,
42780,LNP28561,257,false,
42781,LNP28562,257,false,
42782,LNP28563,1,false,
42783,LNP28564,87,false,
42784,16-180,1192,false,
42785,16-184,156,false,
42786,16-193,1,false,
42787,2795,2,false,
42788,2796,2,false,
42789,136,18,false,
42790,241465,18,false,
42791,252611,18,false,
42792,281022,18,false,
42793,345437,18,false,
42794,347402,18,false,
42795,352521,18,false,
42796,363017,18,false,
42797,377682,18,false,
42798,379530,18,false,
42799,382231,18,false,
42800,398084,18,false,
42801,398111,18,false,
42802,H090660006,21,false,
42803,H092480026,18,false,
42804,H140440316,18,false,
42805,H142560280,18,false,
42806,H142860225,21,false,
42807,H144640269,18,false,
42808,H150620514,18,false,
42809,H151040342,18,false,
42810,H151040343,18,false,
42811,H151040344,18,false,
42813,H151120174,18,false,
42814,H151540783,21,false,
42815,H152560546,18,false,
42816,H152580337,18,false,
42817,H152860217,18,false,
42818,H152900311,18,false,
42819,H153200220,18,false,
42820,H153240164,18,false,
42821,H153520399,18,false,
42822,H153680451,18,false,
42823,H154060131,,false,
42824,H154060132,18,false,
42825,H154320283,18,false,
42826,H154320284,18,false,
42827,H154360027,18,false,
42828,H154480369,18,false,
42829,H154960345,18,false,
42830,H154980265,18,false,
42831,H155100304,18,false,
42832,H155220216,18,false,
42833,H155340213,18,false,
42834,RB07001444,18,false,
42835,RB07001454,18,false,
42836,RB07001461,18,false,
42837,RB07001465,18,false,
42838,RB07001981,18,false,
42839,RB13000394,18,false,
42840,RB13001176,18,false,
42841,RB14000543,21,false,
42842,RB14000598,21,false,
42843,RB14001817,21,false,
42844,Nm3994,,false,
42847,M25387,24,false,
42848,M26242,24,false,
42850,M39535,24,false,
42851,1505,1,false,
42852,1638,1,false,
42853,1774,141,false,
42854,1834,68,false,
42856,1879,68,false,
42857,1945,68,false,
42858,1952,1255,false,
42859,1988,45,false,
42860,2002,68,false,
42861,2016,68,false,
42862,2024,68,false,
42863,2792,257,false,
42864,2800,257,false,
42865,2802,2,false,
42866,1082,49,false,
42867,1142,1,false,
42868,1173,68,false,
42869,1190,68,false,
42870,1398,68,false,
42871,1408,45,false,
42872,1447,9,false,
42873,1492,68,false,
42876,LNP28565,45,false,
42877,LNP28566,961,false,
42878,LNP28567,996,false,
42879,LNP28568,1,false,
42880,LNP28569,3,false,
42881,LNP28570,1,false,
42882,LNP28571at,1,false,
42883,LNP28573,1,false,
42884,2205,1141,false,
42885,2509,1,false,
42886,2517,1,false,
42887,2602,1,false,
42888,2767,1,false,
42889,EXNG259,,false,
42890,EXNG301,,false,
42891,EXNG261,,false,
42892,EXNG314,,false,
42893,EXNG277,,false,
42894,EXNG225,,false,
42895,EXNG305,,false,
42897,0054/16,,false,
42909,02_11162_XS2_1,1899,false,
43020,02_11069_XS2_1,1900,false,
43021,02_11081_XS2_1,1900,false,
43022,02_11161_XS2_1,1899,false,
43023,02_11615_XS2_1,1900,false,
43024,02_11164_XS2_1,1900,false,
43025,02_11253_XS2_1,1899,false,
43026,02_11666_XS2_1,1900,false,
43027,02_11761_XS2_1,1900,false,
43028,02_11322_XS2_1,1900,false,
43029,02_11327_XS2_1,1900,false,
43030,02_11362_XS2_1,1900,false,
43031,02_11346_XS2_1,1900,false,
43032,02_11474_XS2_1,1901,false,
43033,02_11433_XS2_1,1900,false,
43034,02_13924_XS3_1,1900,false,
43035,02_13976_XS3_1,1900,false,
43036,02_14067_XS3_1,1900,false,
43037,02_13995_XS3_1,1900,false,
43038,02_14121_XS3_1,1902,false,
43039,01_13562_XS3_1,1899,false,
43040,01_13695_XS3_1,1417,false,
43041,01_13712_XS3_1,1900,false,
43042,01_12742_XS3_1,1900,false,
43043,01_13770_XS3_1,1899,false,
43335,01_00098_XS1_1,1906,false,
43413,01_07665_XS1_1,1907,false,
43415,01_03967_XS1_1,1906,false,
43416,01_07343_XS1_1,1908,false,
43417,01_08009_XS1_1,1909,false,
43418,01_13553_XS3_1,1910,false,
43419,01_13554_XS3_1,1910,false,
43420,01_13564_XS3_1,1911,false,
43421,01_00119_XS1_1,1899,false,
43422,01_03638_XS1_1,1899,false,
43423,01_03957_XS1_1,1912,false,
43424,02_01070_XS1_1,1900,false,
43425,02_01105_XS1_1,1913,false,
43426,02_01287_XS1_1,1914,false,
43427,02_07958_XS1_1,1900,false,
43428,01_00007_XS1_1,1899,false,
43429,01_03581_XS1_1,1899,false,
43430,01_07472_XS1_1,1899,false,
43431,01_07795_XS1_1,1899,false,
43432,02_01039_XS1_1,1915,false,
43478,22261,,false,
43479,M28670,358,false,
43480,114725,62,false,
43481,114726,1,false,
43482,107527,45,false,
43483,107528,45,false,
43485,0031/16,,false,
43486,0034/16,,false,
43487,0035/16,,false,
43488,0036/16,,false,
43489,0037/16,,false,
43492,M37230,,false,
43493,M49193,,false,
43494,20184573,,false,
43504,NML2010-129,2258,false,
43505,NML2010-211,87,false,
43506,NML2011-002,87,false,
43507,NML2011-112,87,false,
43508,NML2011-175,87,false,
43509,NML2011-254,2259,false,
43510,NML2012-013,87,false,
43511,NML2012-015,87,false,
43512,NML2012-080,150,false,
43513,NML2012-082,87,false,
43514,NML2012-130,87,false,
43515,NML2012-176,2260,false,
43516,NML2012-233,500,false,
43517,NML2013-074,87,false,
43518,NML2013-077,87,false,
43519,4920/18,,false,
43520,5740/18,,false,
43521,6917/18,,false,
43522,6976/18,,false,
43523,49367,446,false,
43524,49393,3,false,
43525,49567,503,false,
43526,49664,67,false,
43527,49793,40,false,
43528,49759,2166,false,
43529,49781,3,false,
43530,49807,40,false,
43531,49875,332,false,
43532,49877,49,false,
43533,49994,1,false,
43534,50149,2174,false,
43535,50231,446,false,
43536,50277,40,false,
43537,50322,332,false,
43538,50325,64,false,
43539,50480,105,false,
43540,50484,137,false,
43541,50509,57,false,
43542,50547,2261,false,
43543,16.8705144,,false,
43544,107529,62,false,
43546,BR40087,837,false,
43547,BR40408,1193,false,
43548,BR40421,259,false,
43549,BR41153,1194,false,
43551,BR41173,57,false,
43552,BR41176,104,false,
43553,BR41204,259,false,
43555,BR41212,1195,false,
43557,BR41222,1198,false,
43558,BR41225,97,false,
43561,BR41272,890,false,
43562,BR41283,1199,false,
43563,BR41284,230,false,
43564,BR41285,57,false,
43567,BR40069,348,false,
43569,BR40099,87,false,
43570,BR40103,1202,false,
43571,BR40110,,false,
43574,BR40191,1212,false,
43575,BR40196,,false,
43580,BR40263,87,false,
43581,BR40282,207,false,
43585,BR40313,1332,false,
43586,BR40314,345,false,
43588,BR40346,97,false,
43590,BR40359,97,false,
43592,BR40406,1333,false,
43594,BR40429,1334,false,
43595,BR40431,65,false,
43596,BR40454,57,false,
43599,BR40459,1213,false,
43600,BR40460,1213,false,
43603,BR40485,97,false,
43610,BR41298,3,false,
43614,BR41315,57,false,
43615,BR41338,57,false,
43616,BR41347,57,false,
43617,BR41350,1335,false,
43618,BR41361,1336,false,
43619,BR41362,1209,false,
43620,BR41372,,false,
43623,BR41396,1,false,
43624,BR41407,49,false,
43626,BR41423,87,false,
43627,BR41426,57,false,
43628,BR41427,1337,false,
43629,BR41436,1338,false,
43631,BR41131,3,false,
43632,BR41150,33,false,
43634,BR41438,45,false,
43641,BR41483,348,false,
43642,BR41486,97,false,
43646,BR41505,305,false,
43647,BR41506,1339,false,
43649,BR41517,791,false,
43650,BR41524,24,false,
43651,BR41525,348,false,
43652,BR41532,97,false,
43653,BR41552,1219,false,
43654,BR41564,3,false,
43655,BR41586,62,false,
43657,BR41632,1340,false,
43658,BR41637,1221,false,
43659,BR41660,1341,false,
43663,BR41694,1220,false,
43664,BR41700,1342,false,
43665,BR41703,1232,false,
43666,BR41712,248,false,
43668,BR41736,,false,
43669,BR41744,65,false,
43670,BR41776,,false,
43671,BR41778,97,false,
43672,BR41780,93,false,
43673,BR41783,1343,false,
43674,BR41785,65,false,
43675,BR41788,1334,false,
43676,BR41790,259,false,
43677,BR41793,97,false,
43678,BR41803,1145,false,
43680,BR41811,65,false,
43732,BR40497,97,false,
43733,BR40498,150,false,
43736,BR40507,832,false,
43738,BR40533,,false,
43739,BR40598,259,false,
43740,BR40599,1226,false,
43741,BR40608,1231,false,
43743,BR40622,97,false,
43745,BR40670,87,false,
43746,BR40714,90,false,
43747,BR40743,97,false,
43748,BR40748,66,false,
43749,BR40753,57,false,
43773,BR40790,1345,false,
43775,BR40811,837,false,
43776,BR40843,93,false,
43777,BR40912,,false,
43779,BR40955,65,false,
43780,BR40976,1346,false,
43782,BR40977,1346,false,
43783,BR40979,259,false,
43786,BR41030,1209,false,
43787,BR41033,1208,false,
43788,BR41072,1211,false,
43789,BR41090,1210,false,
43791,BR41110,1514,false,
43793,BR40664,1214,false,
43794,BR41470,1215,false,
43795,BR41481,259,false,
43796,BR41516,292,false,
43797,BR41797,65,false,
43798,BR41799,1207,false,
43804,OX40986,45,false,
43820,ST40016,259,false,
43822,ST40059,,false,
43823,ST40197,,false,
43824,ST40291,97,false,
43826,M16.27,,false,
43827,IPM127,3,false,
43828,IPM128,45,false,
43829,IPM129,3,false,
43830,IPM130,45,false,
43831,IPM131,3,false,
43832,IPM132,3,false,
43833,IPM133,3,false,
43834,IPM134,3,false,
43835,IPM135,150,false,
43836,NIID595,,false,
43837,IPM137,77,false,
43838,IPM138,3,false,
43839,IPM139,3,false,
43840,IPM140,148,false,
43841,IPM141,148,false,
43842,IPM142,3,false,
43843,IPM143,3,false,
43844,IPM144,977,false,
43845,IPM145,3,false,
43846,IPM146,3,false,
43847,IPM147,3,false,
43848,IPM148,3,false,
43849,IPM149,148,false,
43850,IPM150,3,false,
43851,IPM151,77,false,
43852,IPM152,3,false,
43853,IPM154,3,false,
43854,IPM155,1,false,
43855,IPM156,3,false,
43856,IPM157,150,false,
43857,IPM101,148,false,
43858,IPM102,3,false,
43859,IPM103,,false,
43860,IPM104,3,false,
43861,IPM110,77,false,
43862,IPM118,3,false,
43863,IPM125,3,false,
43888,1527/15,,false,
43889,2556/15,,false,
43922,LNP28602,45,false,
43923,LNP28603,9,false,
43924,LNP28604,554,false,
43925,LNP28605,62,false,
43926,LNP28606,1253,false,
43927,LNP28607,45,false,
43928,EXNM663,,false,
43930,EXNM666,,false,
43931,EXNM668,,false,
43932,EXNM670,77,false,
43933,DE11264,,false,
43934,DE11648,,false,
43935,DE11649,,false,
43936,DE11653,,false,
43937,DE11800,,false,
43938,DE11838,,false,
43939,DE11879,,false,
43940,DE11885,,false,
43941,DE11917,,false,
43942,DE11950,,false,
43943,DE12222,,false,
43944,DE12335,,false,
43945,DE12342,,false,
43946,DE12352,,false,
43947,DE12694,,false,
43948,DE12725,,false,
43949,DE12775,,false,
43950,DE13102,,false,
43951,DE13123,,false,
43952,DE13136,,false,
43953,DE13137,,false,
43954,DE13146,,false,
43955,DE13149,,false,
43957,DE13151,,false,
43958,DE13158,,false,
43959,DE13165,,false,
43960,DE13172,,false,
43961,DE13184,,false,
43962,DE13192,,false,
43963,DE13196,,false,
43964,DE13247,,false,
43965,DE13249,,false,
43966,DE13258,,false,
43967,DE13267,,false,
43968,DE13273,,false,
43969,DE13279,,false,
43970,DE13294,,false,
43971,DE13296,,false,
43973,DE13314,,false,
43982,Niga3-16,33,false,
43983,M16.19,,false,
43984,M16.40,,false,
43985,2016-048,,false,
43986,LNP28608,62,false,
43987,LNP28609,178,false,
43988,LNP28610,87,false,
43989,LNP28611,2,false,
43990,LNP28612,150,false,
43991,LNP28613,1,false,
43992,LNP28614at,1,false,
43993,LNP28615,93,false,
43994,LNP28616,262,false,
43995,LNP28617,424,false,
43996,LNP28618at,1361,false,
43997,LNP28619,257,false,
43998,LNP28620,1035,false,
43999,LNP28621,49,false,
44000,LNP28622,1,false,
44001,LNP28623,57,false,
44002,LNP28624,97,false,
44003,LNP28625,1,false,
44005,a0311084,1,false,
44006,a0217085,1,false,
44007,a0217086,1,false,
44008,a0311087,1,false,
44009,a0308109,1,false,
44010,a0308110,1,false,
44011,a0308113,1,false,
44012,a0308114,1,false,
44013,a0308115,1,false,
44014,a0308116,1,false,
44015,a0126117,1,false,
44016,a0301121,1,false,
44017,a0301122,1,false,
44018,a0301123,1,false,
44019,a0301124,1,false,
44020,a0201130,1,false,
44021,a0318165,1,false,
44022,a0222171,1,false,
44023,a0222174,1,false,
44024,a0222176,1,false,
44025,a0215187,1,false,
44026,a0325141,1,false,
44027,a0329087,1,false,
44028,1226,310,false,
44029,1480,310,false,
44049,Niga2-16,1517,false,
44050,Niga1-16,1517,false,
44051,Niga4-16,1518,false,
44052,LNP28626,87,false,
44053,LNP28627,1,false,
44054,LNP28628,262,false,
44056,LNP28630abd,49,false,
44057,LNP28631,262,false,
44058,LNP28632,262,false,
44059,2010-157,,false,
44060,2011-002,,false,
44061,2012-233,,false,
44065,ST41782,1366,false,
44070,OX41236,33,false,
44075,ST41846,1333,false,
44077,ST41828,1368,false,
44084,ST41786,1369,false,
44086,BR40675,87,false,
44098,ST41711,1372,false,
44102,BR40761B,1373,false,
44105,ST41658,1336,false,
44106,ST41616,141,false,
44109,BR40616,6,false,
44111,BR40627,1,false,
44112,BR40632,87,false,
44115,BR40761,292,false,
44116,BR40767,97,false,
44117,ST41665,211,false,
44118,ST41413,62,false,
44119,ST40982,259,false,
44120,ST41456,65,false,
44123,ST41451,1,false,
44125,ST41439,1482,false,
44127,ST41424,87,false,
44129,ST41403,65,false,
44131,ST41397,278,false,
44132,ST41390,6,false,
44133,ST41386,,false,
44134,ST41376,1377,false,
44135,ST41374,1372,false,
44137,ST41552,97,false,
44142,ST41573,62,false,
44144,ST41563,1378,false,
44145,ST41459,1482,false,
44146,ST41558,77,false,
44147,ST41353,87,false,
44148,ST41551,65,false,
44149,ST41540,1379,false,
44150,ST41538,120,false,
44151,ST41524,1,false,
44152,ST41520,890,false,
44153,ST41503,259,false,
44154,ST41497,66,false,
44155,ST41559,97,false,
44156,ST41071,87,false,
44157,ST41121,,false,
44158,ST41118,65,false,
44160,ST41111,345,false,
44161,ST41109,1,false,
44162,ST41108,1,false,
44163,ST41089,45,false,
44164,ST41366,1378,false,
44166,ST41130,1370,false,
44174,ST41087,62,false,
44175,ST41190,1380,false,
44177,ST41350,1381,false,
44179,ST41315,1482,false,
44180,ST41302,,false,
44181,ST41229,211,false,
44182,ST41219,1382,false,
44184,ST41205,68,false,
44185,ST41126,259,false,
44186,ST41174,3,false,
44189,ST41154,1383,false,
44190,ST41142,62,false,
44192,ST41136,150,false,
44215,GL41152,97,false,
44216,GL41142,62,false,
44217,GL41064,24,false,
44218,GL41050,1386,false,
44223,ST41633,62,false,
44224,ST42333,97,false,
44227,ST41587,45,false,
44229,GL40142,280,false,
44231,ST42420,259,false,
44233,ST41634,1,false,
44236,ST41994,62,false,
44240,ST41959,62,false,
44243,ST41937,1519,false,
44254,ST42213,1194,false,
44258,ST42154,49,false,
44263,ST42011,837,false,
44268,ST42026,1388,false,
44274,ST41002,1389,false,
44327,OX41274,141,false,
44328,OX41261,80,false,
44350,ST40527,62,false,
44351,ST40632,1400,false,
44352,ST40619,1401,false,
44353,ST40610,97,false,
44354,ST40592,1402,false,
44355,ST40587,301,false,
44356,ST40578,345,false,
44357,ST40568,45,false,
44358,ST40406,1239,false,
44359,ST40535,1403,false,
44360,ST40688,1400,false,
44361,ST40514,65,false,
44363,ST40506,1404,false,
44364,ST40497,62,false,
44365,ST40485,141,false,
44367,ST40031,1,false,
44368,ST40538,,false,
44369,ST40808,,false,
44372,ST40907,150,false,
44374,ST40873,1406,false,
44376,ST40826,62,false,
44377,ST40633,49,false,
44378,ST40814,1216,false,
44379,ST40640,259,false,
44382,ST40774,148,false,
44383,ST40755,1384,false,
44384,ST40746,1407,false,
44385,ST40741,1408,false,
44387,ST40394,45,false,
44388,ST40816,,false,
44390,ST40138,211,false,
44391,ST40125,104,false,
44395,ST40045,259,false,
44399,ST40164,97,false,
44408,ST40285,87,false,
44409,ST40369,1,false,
44411,ST40352,62,false,
44412,ST40348,1413,false,
44413,ST40345,1414,false,
44414,ST40338,68,false,
44415,ST40335,,false,
44416,ST40147,87,false,
44417,ST40292,,false,
44418,ST40158,1,false,
44419,ST40271,87,false,
44420,ST40264,62,false,
44421,ST40261,1415,false,
44422,ST40229,97,false,
44423,ST40200,1,false,
44424,ST40190,345,false,
44426,ST40036,1,false,
44427,ST40326,62,false,
44428,LNP28633at,3,false,
44429,LNP28634,1423,false,
44430,LNP28636,62,false,
44431,LNP28637,275,false,
44432,LNP28638,1,false,
44433,LNP28639,1424,false,
44434,LNP28640,1,false,
44435,DE13708,68,false,
44436,LNP28642,262,false,
44437,LNP28643,1,false,
44438,LNP28644,62,false,
44439,OX42156,141,false,
44440,OX40020,106,false,
44441,OX40027,65,false,
44443,OX40041,65,false,
44444,OX40046,1,false,
44445,OX40048,1,false,
44447,OX40081,65,false,
44448,OX40115,1237,false,
44449,OX40119,1,false,
44450,OX40121,104,false,
44451,OX40133,24,false,
44452,OX40143,1204,false,
44453,OX40150,1239,false,
44454,OX40154,104,false,
44455,OX40156,1194,false,
44456,OX40159,24,false,
44457,OX40167,1,false,
44458,OX40168,9,false,
44459,OX40170,1204,false,
44460,OX40199,890,false,
44461,OX40207,1222,false,
44462,OX40221,211,false,
44466,OX40267,65,false,
44469,OX40288,1223,false,
44470,OX40294,1223,false,
44472,OX40301,1234,false,
44473,OX40308,1232,false,
44474,OX40325,77,false,
44475,OX40328,62,false,
44477,OX40363,890,false,
44479,OX40403,157,false,
44480,OX40430,1204,false,
44481,OX40433,1204,false,
44482,OX40447,,false,
44483,OX40482,1,false,
44484,OX40503,259,false,
44485,OX40516,157,false,
44487,OX40550,1235,false,
44488,OX40595,228,false,
44489,OX40625,1224,false,
44490,OX40627,97,false,
44491,OX40628,97,false,
44492,OX40631,1241,false,
44493,OX40632,1240,false,
44494,OX40633,1204,false,
44497,OX40666,259,false,
44498,OX40667,24,false,
44500,OX40673,97,false,
44502,OX40681,137,false,
44503,OX40726,1,false,
44504,OX40732,1,false,
44505,OX40797,1243,false,
44506,OX40810,1238,false,
44507,OX40812,62,false,
44508,OX40813,1242,false,
44509,OX40834,65,false,
44510,EXNM690,77,false,
44511,OX40841,224,false,
44512,OX40849,1344,false,
44513,OX40860,33,false,
44514,OX40864,1230,false,
44515,OX40886,224,false,
44516,OX40902,95,false,
44517,OX40905,65,false,
44518,OX40911,1206,false,
44519,OX40944,141,false,
44520,OX40949,62,false,
44523,OX41005,33,false,
44524,OX41014,80,false,
44525,OX41015,33,false,
44526,OX41036,45,false,
44527,OX41068,65,false,
44529,OX41086,3,false,
44530,OX41109,62,false,
44531,OX41116,1205,false,
44532,OX41125,97,false,
44533,OX41149,259,false,
44534,OX41162,80,false,
44535,OX41163,1204,false,
44536,OX41178,33,false,
44537,OX41184,80,false,
44538,OX41228,33,false,
44539,OX41230,62,false,
44540,OX41234,49,false,
44541,OX41235,65,false,
44543,OX41243,105,false,
44544,OX41244,105,false,
44545,OX41247,1,false,
44546,OX41248,1375,false,
44547,OX41257,105,false,
44550,OX41278,43,false,
44551,OX41306,141,false,
44552,OX41317,97,false,
44553,OX41321,,false,
44554,OX41324,45,false,
44555,OX41331,1395,false,
44557,OX41392,69,false,
44558,OX41393,1396,false,
44559,OX41446,345,false,
44560,OX41455,930,false,
44561,OX41460,211,false,
44562,OX41482,50,false,
44563,OX41486,50,false,
44564,OX41493,62,false,
44565,OX41498,87,false,
44566,OX41501,890,false,
44567,OX41503,1398,false,
44568,OX41504,62,false,
44569,OX41505,1399,false,
44570,OX41508,890,false,
44571,OX41521,722,false,
44572,OX41538,259,false,
44573,2161628,1,false,
44574,OX41571,62,false,
44575,OX41580,1,false,
44576,OX41582,77,false,
44577,OX41591,141,false,
44578,OX41593,62,false,
44579,OX41676,9,false,
44580,OX41679,1397,false,
44581,OX41682,97,false,
44582,OX41686,1391,false,
44583,OX41687,1391,false,
44584,OX41691,1275,false,
44585,OX41699,1391,false,
44586,OX41700,77,false,
44587,OX41703,62,false,
44588,OX41706,62,false,
44589,OX41707,62,false,
44590,OX41708,1392,false,
44591,OX41723,3,false,
44592,OX41725,62,false,
44593,OX41741,1391,false,
44594,OX41761,224,false,
44595,OX41779,1,false,
44596,OX41788,259,false,
44598,OX41792,97,false,
44599,OX41807,830,false,
44600,OX41808,97,false,
44601,OX41820,259,false,
44602,OX41822,9,false,
44603,OX41843,259,false,
44604,OX41866,62,false,
44605,OX41871,1390,false,
44608,OX41936,1,false,
44609,OX41953,97,false,
44610,OX41955,339,false,
44611,OX41959,1411,false,
44612,OX41960,49,false,
44613,OX41971,1410,false,
44614,OX41981,141,false,
44615,OX42005,1409,false,
44616,OX42006,1412,false,
44617,OX42015,95,false,
44618,OX42040,97,false,
44619,OX42047,62,false,
44620,OX42049,1394,false,
44621,OX42050,1393,false,
44622,OX42059,835,false,
44623,OX42063,65,false,
44624,OX42066,62,false,
44625,OX42120,62,false,
44626,OX42130,62,false,
44627,OX42147,141,false,
44628,OX42148,62,false,
44629,OX42149,97,false,
44630,OX42150,1520,false,
44631,OX42181,1740,false,
44632,OX42197,62,false,
44633,OX41588,62,false,
44634,OX42035,1616,false,
44635,M16 240225,3,false,
44636,M16 240226,1,false,
44637,M16 240230,45,false,
44638,M16 240232,1,false,
44639,M16 240233,62,false,
44640,M16 240234,1,false,
44641,M16 240288,45,false,
44642,16-8703750,,false,
44643,16-8703752,45,false,
44644,16-8703753,45,false,
44645,M-032-16,,false,
44646,M-419a-13,,false,
44647,107530,87,false,
44648,107532,62,false,
44649,DE12804,,false,
44650,2011-079,,false,
44651,50617,2164,false,
44652,50696,2168,false,
44653,51141,40,false,
44654,52108,503,false,
44655,52189,,false,
44656,52449,137,false,
44657,53211,503,false,
44658,50523,138,false,
44659,2150024,1,false,
44660,2150367,1,false,
44661,2150374,68,false,
44662,2150746,1,false,
44663,2151271,49,false,
44664,2151341,1,false,
44665,2151364,1,false,
44666,2151453,1,false,
44667,2151520,1,false,
44668,2160005,1,false,
44669,2160028,1,false,
44670,2160078,1,false,
44671,2160186,1,false,
44672,2160225,1,false,
44673,2160251,1,false,
44674,2160263,68,false,
44675,2160326,1,false,
44676,2160332,68,false,
44677,2160333,1,false,
44678,2160337,68,false,
44679,2160364,1,false,
44680,15-8708102,97,false,
44681,15-8707130,9,false,
44682,15-8708162,87,false,
44683,15-8708164,97,false,
44684,M16 240195,1,false,
44685,M16 240196,1,false,
44686,M16 240197,1,false,
44687,M16 240198,1,false,
44688,16-8700382,45,false,
44689,16-8700524,93,false,
44690,16-8702265,87,false,
44691,16-8702974,,false,
44692,16-8703068,1428,false,
44693,16-8702245,1,false,
44694,16-8703795,1,false,
44695,16-8703796,1,false,
44696,M16 240199,87,false,
44697,M16 240200,1,false,
44698,M16 240206,62,false,
44699,M16 240208,1,false,
44700,M16 240209,45,false,
44701,M16 240210,1429,false,
44702,M16 240211,1430,false,
44703,M16 240212,120,false,
44704,M16 240214,1,false,
44705,M16 240215,318,false,
44706,M16 240217,62,false,
44707,M16 240218,3,false,
44708,M16 240219,1,false,
44709,M16 240220,67,false,
44710,M16 240221,3,false,
44711,M16 240222,256,false,
44712,M16 240228,259,false,
44713,M16 240229,870,false,
44714,M16 240231,1,false,
44715,M16 240235,87,false,
44716,M16 240236,62,false,
44717,M16 240237,1431,false,
44718,M16 240238,1,false,
44719,M16 240239,1,false,
44720,M16 240241,62,false,
44721,M16 240242,1,false,
44722,M16 240243,3,false,
44723,M16 240244,97,false,
44724,M16 240246,1,false,
44725,M16 240247,1,false,
44726,M16 240248,68,false,
44727,M16 240249,1,false,
44728,M16 240250,1,false,
44729,M16 240251,1432,false,
44730,M16 240252,1,false,
44732,M16 240254,211,false,
44733,M16 240255,1,false,
44734,M16 240256,424,false,
44735,M16 240257,45,false,
44736,M16 240260,1,false,
44737,M16 240262,288,false,
44738,M16 240264,211,false,
44739,M16 240267,1,false,
44740,M16 240268,1,false,
44741,M16 240269,1,false,
44742,M16 240271,535,false,
44743,M16 240272,93,false,
44744,M16 240275,1433,false,
44745,M16 240276,45,false,
44747,M16 240278,211,false,
44748,M16 240280,62,false,
44749,M16 240282,87,false,
44750,M16 240283,49,false,
44751,M16 240286,211,false,
44752,M16 240289,45,false,
44753,M16 240290,1,false,
44756,M16 240297,87,false,
44757,M16 240300,87,false,
44758,M16 240301,120,false,
44759,M16 240361,1,false,
44760,M16 240362,62,false,
44761,M16 240363,68,false,
44762,M16 240364,,false,
44763,M16 240365,1,false,
44764,M16 240367,1435,false,
44765,M16 240368,1,false,
44766,M16 240369,93,false,
44767,M16 240370,1,false,
44768,M16 240381,535,false,
44769,M16 240382,1,false,
44770,M16 240383,1,false,
44771,M16 240384,150,false,
44772,M16 240385,,false,
44773,M16 240386,1,false,
44774,M16 240387,93,false,
44775,M16 240389,62,false,
44776,M16 240390,120,false,
44777,M16 240391,1,false,
44778,M16 240394,150,false,
44779,M16 240395,257,false,
44780,M16 240396,93,false,
44781,M16 240398,45,false,
44782,M16 240399,1,false,
44783,M16 240400,,false,
44784,M16 240401,1,false,
44785,M16 240402,1,false,
44786,M16 240403,1,false,
44787,M16 240405,262,false,
44788,M16 240406,1436,false,
44789,M16 240407,62,false,
44790,M16 240409,1,false,
44791,M16 240410,267,false,
44792,M16 240412,257,false,
44793,M16 240413,62,false,
44794,M16 240414,45,false,
44795,M16 240415,45,false,
44796,M16 240416,62,false,
44797,M16 240418,3,false,
44798,M16 240419,1,false,
44799,M16 240421,352,false,
44800,M16 240422,93,false,
44801,M16 240423,,false,
44802,M16 240424,1,false,
44803,M16 240426,93,false,
44804,M16 240429,,false,
44805,M16 240430,1437,false,
44806,M16 240431,259,false,
44807,M16 240432,45,false,
44808,M16 240433,45,false,
44809,M16 240434,45,false,
44810,M16 240435,62,false,
44811,M16 240436,276,false,
44812,M16 240437,87,false,
44813,M16 240438,93,false,
44814,M16 240439,,false,
44815,M16 240441,276,false,
44816,M16 240443,93,false,
44817,M16 240445,141,false,
44818,M16 240446,62,false,
44819,M16 240450,,false,
44820,M16 240451,1,false,
44821,M16 240452,93,false,
44822,M16 240492,62,false,
44823,M16 240493,120,false,
44824,M16 240494,,false,
44825,M16 240495,93,false,
44826,M16 240496,881,false,
44827,M16 240497,87,false,
44828,M16 240499,1438,false,
44829,M16 240500,1,false,
44830,M16 240501,1439,false,
44831,M16 240502,93,false,
44832,M16 240504,62,false,
44833,M16 240506,1,false,
44834,M16 240507,45,false,
44835,M16 240510,1,false,
44836,M16 240511,62,false,
44837,M16 240285,1509,false,
44838,M16 240498,87,false,
44839,M16 240509,93,false,
44840,02B0121189,2,false,
44841,02B0317002,1440,false,
44842,02V0321111,2,false,
44843,02V0517237,1440,false,
44844,02G0521032,1440,false,
44845,02V0621218,1440,false,
44846,02G0807104,1440,false,
44847,02R0812053,2,false,
44848,02B0816182,2,false,
44849,02B0822043,2,false,
44850,02B1002020,1441,false,
44851,02V1031190,2,false,
44852,02G1210171,45,false,
44853,02G1221098,2,false,
44854,03V0408001,1440,false,
44855,03V0627194,9,false,
44856,03B0709052,45,false,
44857,03B0810064,610,false,
44858,03V0819209,93,false,
44859,03R0920094,45,false,
44860,03R0922197,45,false,
44861,03B1224021,68,false,
44862,04V0101056,2,false,
44863,04V0103049,2,false,
44864,04B0126034,2,false,
44865,04B0224008,45,false,
44866,04B0225122,45,false,
44867,04R0306079,93,false,
44868,04R0415182,954,false,
44869,04B0822003,1442,false,
44870,04B0909247,45,false,
44871,04B1201018,68,false,
44872,05R0215286,87,false,
44873,05V0328078,,false,
44874,05B0629259,2,false,
44875,05B1225064,45,false,
44876,06R0129091,93,false,
44877,06V0405202,49,false,
44878,06V0504057,45,false,
44879,0610120109,3,false,
44880,0704070003,1,false,
44881,0709120351,45,false,
44882,0712200128,3,false,
44883,0803090006,460,false,
44884,0810230221,45,false,
44885,0901030081,49,false,
44886,0903200156,49,false,
44887,0905270025,45,false,
44888,0910060041,45,false,
44889,1002140067,93,false,
44890,1003250178,45,false,
44891,1004020063,45,false,
44892,1101050069,93,false,
44893,1101060310,45,false,
44894,1301090365,45,false,
44895,1406100215,93,false,
44896,1501040088,68,false,
44897,1502180133,87,false,
44898,1507210001,49,false,
44899,AR04859_T9,1107,false,
44900,AR05064_T0,1107,false,
44901,AR05235_T0,1107,false,
44902,AR05235_T8,1107,false,
44903,AR05343_T0,1107,false,
44904,AR05343_T9,1107,false,
44905,AR05607_T0,138,false,
44906,AR05607_T9,138,false,
44907,AR05691_T0,105,false,
44908,AR05691_T8,105,false,
44909,AR05896_T0,1443,false,
44910,AR05896_T8,1443,false,
44911,AR06000_T0,1107,false,
44912,AR06000_T8,1107,false,
44913,AR00041_T0,1107,false,
44914,AR00041_T8,1443,false,
44915,AR00093_T0,1107,false,
44916,AR00093_T8,1107,false,
44917,AR00356_T0,1107,false,
44918,AR00356_T7,1107,false,
44919,AR00639_T0,1107,false,
44920,AR00639_T9,1107,false,
44921,AR01252_T0,1443,false,
44922,AR01252_T8,1444,false,
44923,AR02128_T9,1107,false,
44924,AR02861_T0,1107,false,
44925,AR02861_T9,1111,false,
44926,AR03130_T0,1,false,
44927,AR03130_T9,1,false,
44928,AR03399_T0,24,false,
44929,AR03399_T9,105,false,
44930,AR03832_T0,105,false,
44931,AR03832_T6,105,false,
44932,AR03835_T0,1,false,
44933,AR03835_T9,1,false,
44934,AR03878_T0,105,false,
44935,AR03878_T9,105,false,
44936,AR03920_T0,1107,false,
44937,AR03920_T8,1107,false,
44938,AR03951_T0,1107,false,
44939,AR03951_T9,1443,false,
44940,AR03953_T0,1445,false,
44941,AR03953_T9,1107,false,
44942,AR04103_T0,1107,false,
44943,AR04103_T8,1107,false,
44944,AR04160_T0,1107,false,
44945,AR04160_T8,1107,false,
44946,AR04215_T0,138,false,
44947,AR04215_T9,138,false,
44948,AR04242_T0,1446,false,
44949,AR04242_T9,138,false,
44950,AR04263_T0,1447,false,
44951,AR04263_T8,57,false,
44952,AR04284_T0,1104,false,
44953,AR04284_T9,1448,false,
44954,AR04445_T0,1107,false,
44955,AR04445_T8,1443,false,
44956,AR04609_T2,1105,false,
44957,AR04609_T9,1105,false,
44958,AR04786_T0,1106,false,
44959,AR04786_T9,1107,false,
44960,AR04859_T0,1107,false,
44961,2808,1,false,
44962,00-064,1449,false,
44963,02-016,126,false,
44964,02-077,1,false,
44965,03-139,1449,false,
44966,03-169,1,false,
44967,04-095,3,false,
44968,M7089B,1,false,
44969,NCTC11202,133,false,
44970,85/16,,false,
44971,920/16,,false,
44972,1059/16,,false,
44973,380/16,,false,
44974,1138/16,,false,
44975,2830,141,false,
44976,2831,257,false,
44977,2807,,false,
44978,2828,,false,
44979,1097/16,,false,
44980,16-208,45,false,
44981,16-223,62,false,
44982,16-239,2,false,
44983,16-244,3,false,
44984,16-255,151,false,
44985,16-257,288,false,
44986,16-268,151,false,
44987,16-275,288,false,
44988,16-276,3,false,
44989,3001,,false,
44990,22293,,false,
44991,201628190,,false,
44994,LNP28648,198,false,
44995,LNP28649,1,false,
44996,LNP28650,45,false,
44997,LNP28651,9,false,
44998,LNP28652,62,false,
44999,LNP28653,1450,false,
45000,LNP28654,1451,false,
45001,LNP28656,64,false,
45002,LNP28657,1,false,
45003,LNP28660,1452,false,
45004,LNP28663,1453,false,
45005,LNP28664,24,false,
45006,LNP28665,9,false,
45007,LNP28666,3,false,
45008,M16 240420,1,false,
45009,M16 240442,276,false,
45010,M16 240503,93,false,
45011,EXNG202,1422,false,
45012,EXNG204,1421,false,
45013,M16.55,,false,
45014,GCWGS_0156,,false,
45015,EXNG206,1421,false,
45016,EXNG209,680,false,
45017,EXNG210,1421,false,
45018,EXNG213,1421,false,
45019,EXNG219,1421,false,
45020,EXNG214,1422,false,
45021,EXNG225,1427,false,
45022,EXNG226,21,false,
45023,M-226-13-a,,false,
45024,16-304,151,false,
45026,16-309,62,false,
45027,EXNG239,1421,false,
45028,LNP28668,1,false,
45029,EXNG229,1422,false,
45030,EXNG230,680,false,
45031,EXNG232,21,false,
45032,EXNG301,636,false,
45033,EXNG305,1422,false,
45034,EXNG321,18,false,
45035,EXNG242,1122,false,
45036,EXNG252,1422,false,
45037,EXNG237,16,false,
45038,EXNG238,18,false,
45039,EXNG257,18,false,
45040,EXNG270,18,false,
45041,EXNG281,16,false,
45042,EXNG283,18,false,
45043,EXNG287,23,false,
45044,EXNG304,16,false,
45045,EXNG288,680,false,
45046,EXNG217,1422,false,
45047,EXNG218,1421,false,
45048,EXNG224,1421,false,
45049,EXNG234,1422,false,
45050,EXNG235,373,false,
45051,EXNG236,1422,false,
45052,EXNG248,1122,false,
45053,EXNG250,367,false,
45054,EXNG253,1421,false,
45055,EXNG254,1421,false,
45056,EXNG259,1421,false,
45057,EXNG261,680,false,
45058,EXNG264,680,false,
45059,EXNG266,1421,false,
45060,EXNG271,680,false,
45061,EXNG272,1421,false,
45062,EXNG277,1426,false,
45063,EXNG278,1422,false,
45064,EXNG282,1422,false,
45065,EXNG285,1422,false,
45066,EXNG289,1421,false,
45067,EXNG290,1422,false,
45068,EXNG294,680,false,
45069,EXNG295,16,false,
45070,EXNG296,680,false,
45071,EXNG302,367,false,
45072,EXNG307,16,false,
45073,EXNG309,1420,false,
45074,EXNG314,1454,false,
45075,EXNG316,1122,false,
45076,DEN4351056,,false,
45077,DEN462141,,false,
45078,DONV4446473,,false,
45081,AR05064_T8,1107,false,
45082,AR02128_T0,138,false,
45105,M22605,1455,false,
45107,M22957,67,false,
45109,M23083,67,false,
45110,M23151,2,false,
45111,M23327,3,false,
45114,M23600,257,false,
45115,M23677,257,false,
45118,M25165,581,false,
45119,M25241,2,false,
45120,M25244,257,false,
45121,M25633,2,false,
45122,M25635,1,false,
45124,M25683,1458,false,
45125,M25684,1459,false,
45127,M25688,257,false,
45133,M26021,1,false,
45138,M26093,1,false,
45139,M26247,45,false,
45157,M27458,257,false,
45158,M27459,257,false,
45159,M27471,2,false,
45161,M27885,257,false,
45162,M28051,67,false,
45163,M28053,67,false,
45165,M28357,1462,false,
45167,M28971,259,false,
45168,M28979,257,false,
45169,M28988,67,false,
45171,M29168,67,false,
45172,M29225,581,false,
45173,M29276,2,false,
45181,M37929,257,false,
45182,M37936,67,false,
45183,M37938,67,false,
45184,M38252,2,false,
45185,M38355,257,false,
45187,M38738,1,false,
45188,M38741,257,false,
45189,M38742,257,false,
45190,M38917,2,false,
45205,M21454,3,false,
45206,M21738,3,false,
45209,M23232,67,false,
45210,M23548,57,false,
45211,M23593,3,false,
45212,M23978,292,false,
45213,M23979,292,false,
45214,M23980,3,false,
45218,M24268,49,false,
45219,M24330,3,false,
45220,M24332,87,false,
45222,M24672,45,false,
45223,M24998,57,false,
45224,M24999,1465,false,
45225,M25000,1466,false,
45227,M25159,407,false,
45228,M25166,3,false,
45229,M25170,3,false,
45230,M25171,3,false,
45231,M25249,57,false,
45235,M25518,1467,false,
45237,M25777,1468,false,
45239,M25981,3,false,
45241,M26265,45,false,
45246,M26411,3,false,
45247,M27312,3,false,
45248,M27469,3,false,
45252,M27491,45,false,
45253,M27492,87,false,
45254,M27493,1470,false,
45260,M27811,3,false,
45263,M27892,554,false,
45264,M28126,77,false,
45266,M28430,3,false,
45268,M29308,3,false,
45278,M37349,3,false,
45279,M37443,1471,false,
45280,M37445,3,false,
45281,M38356,49,false,
45282,M38737,1472,false,
45283,M39150,49,false,
45284,M39153,1473,false,
45285,M0998-16,1,false,
45286,M0935-16,1,false,
45287,M0897-16,1,false,
45288,M0993-16,1,false,
45289,M0948-16,1,false,
45290,M0898-16,1,false,
45291,M0938-16,1,false,
45292,M1030-16,1,false,
45293,M1015-16,1,false,
45294,M0955-16,1,false,
45295,M1013-16,1,false,
45296,M0900-16,1,false,
45297,M1067-16,1,false,
45298,M1074-16,1,false,
45299,M1089-16,1,false,
45300,M1023-16,1,false,
45301,M1083-16,1,false,
45302,M1029-16,1,false,
45303,M1056-16,1,false,
45304,M1054-16,1,false,
45306,M0914-16,1,false,
45307,M1194-16,1,false,
45308,M1179-16,1,false,
45309,M1176-16,1,false,
45310,M1539-16,1,false,
45311,M1058-16,1,false,
45312,M1091-16,1,false,
45313,PMB4739,,false,
45314,PMB4680,,false,
45315,PMB4967,,false,
45316,PMB4676,,false,
45317,PMB4674,,false,
45318,PMB6000,,false,
45319,PMB4943,,false,
45320,PMB4927,,false,
45321,PMB4952,,false,
45322,PMB4810,,false,
45323,PMB5929,,false,
45324,PMB4774,,false,
45325,PMB5920,,false,
45326,PMB4717,,false,
45327,PMB6058,,false,
45328,PMB5967,,false,
45329,PMB6049,,false,
45330,EXNG322,636,false,
45331,M-077-15,,false,
45332,LNP28669,554,false,
45333,LNP28670,1,false,
45334,LNP28671,2,false,
45335,LNP28672,262,false,
45336,LNP28674,1424,false,
45337,LNP28675,62,false,
45338,LNP28679,,false,
45339,LNP28680,1,false,
45340,LNP28681,1,false,
45341,LNP28682,1,false,
45342,LNP28683,1,false,
45343,LNP28685,1475,false,
45344,LNP28686,2,false,
45345,LNP28687,262,false,
45346,LNP28688,93,false,
45347,LNP28689,262,false,
45348,LNP28690,87,false,
45349,LNP28691,2,false,
45350,LNP28692at,87,false,
45351,LNP28694,1476,false,
45352,LNP28695,262,false,
45353,LNP28646,1,false,
45354,LNP28647,93,false,
45355,LNP28655,1477,false,
45356,LNP28667,1916,false,
45357,2160598,1,false,
45358,2160641,1,false,
45359,2160884,1,false,
45360,2160974,1,false,
45361,2160995,1,false,
45362,2161092,1,false,
45363,2161142,1,false,
45364,2161150,49,false,
45365,2161186,1,false,
45366,2161199,1,false,
45367,2161295,1,false,
45368,2161317,1,false,
45369,2161318,1,false,
45370,2016-073,,false,
45371,Mk10/16,,false,
45372,2010-106,,false,
45373,2013-049,,false,
45374,2016-009,,false,
45375,2016-012,,false,
45376,100604,,false,
45377,100802,,false,
45378,100805,,false,
45379,101002,,false,
45380,130638,,false,
45381,130711,,false,
45382,130720,,false,
45383,130925,,false,
45384,131137,,false,
45385,131219,,false,
45386,131242,,false,
45387,131319,,false,
45388,131323,,false,
45389,131324,,false,
45390,131326,,false,
45391,131330,,false,
45392,131341,,false,
45393,131412,,false,
45394,131419,,false,
45395,131420,,false,
45396,131426,,false,
45397,131431,,false,
45398,131436,,false,
45399,131448,,false,
45400,131452,,false,
45401,131453,,false,
45402,131457,,false,
45403,141304,,false,
45404,210719,,false,
45405,211001,,false,
45406,211002,,false,
45407,231003,,false,
45408,231011,,false,
45409,311301,,false,
45410,321112,,false,
45411,341306,,false,
45412,341410,,false,
45413,360630,,false,
45414,370545,,false,
45415,370617,,false,
45416,371423,,false,
45417,371426,,false,
45418,420703,,false,
45419,420718,,false,
45420,420805,,false,
45421,421308,,false,
45422,421320,,false,
45423,421403,,false,
45424,431102,,false,
45425,431315,,false,
45426,441506,,false,
45427,510508,,false,
45428,510611,,false,
45429,510720,,false,
45430,510905,,false,
45431,520804,,false,
45432,620505,,false,
45433,651403,,false,
45434,651406,,false,
45435,651413,,false,
45436,JS267,,false,
45437,411604,,false,
45438,411606,,false,
45439,411607,,false,
45440,411608,,false,
45441,411609,,false,
45442,12036/16,,false,
45443,Iso20,,false,
45444,Iso26,,false,
45445,Iso9,,false,
45446,Iso24,,false,
45447,131417,,false,
45448,131444,,false,
45449,420615,,false,
45450,520702,,false,
45451,SZ240,,false,
45452,GS167,,false,
45453,421404,,false,
45819,Iso35,,false,
45893,L91543,13,false,
45955,AR05100_T0,1107,false,
45956,AR05100_T8,1107,false,
46029,EXNG324,22,false,
46030,12023-15,97,false,
46031,12024-15,,false,
46032,12026-15,,false,
46033,12027-15A,1478,false,
46034,12029-15A,1478,false,
46035,EXNG325,22,false,
46036,EXNG326,22,false,
46037,EXNG327,22,false,
46038,12035-15,,false,
46039,EXNG328,627,false,
46043,12040-15,,false,
46044,EXNG329,22,false,
46045,12048-15,,false,
46046,EXNG330,22,false,
46047,12051-15,,false,
46048,M15.1-A,62,false,
46049,M15.1-C,,false,
46050,M31.2,,false,
46051,M31.3,,false,
46052,M31.4,,false,
46053,M31.5,563,false,
46054,M31.6,,false,
46055,M31.7,563,false,
46056,M31.8,563,false,
46057,M31.9,,false,
46058,M31.10,,false,
46059,M35.4,,false,
46060,M35.4,,false,
46061,M35.5,,false,
46062,M35.6,,false,
46063,M35.8,,false,
46064,M35.9,,false,
46065,M35.10,45,false,
46066,M45.3,563,false,
46067,M45.4,,false,
46068,M45.5,,false,
46069,M45.6,,false,
46070,M45.7,563,false,
46071,M45.10,,false,
46072,M46.1,45,false,
46073,M46.5,,false,
46074,M46.7,,false,
46075,M46.8,,false,
46076,M46.9,,false,
46077,M46.10,,false,
46078,T-20455-4,,false,
46079,T-20455-10,,false,
46080,T-20455-10,,false,
46082,T-20457-1,,false,
46083,T-20458-P7,66,false,
46090,LNP28702,1,false,
46093,LNP28706abd,1481,false,
46098,LNP28711,1,false,
46100,LNP28713abd,49,false,
46114,LNP28729,,false,
46123,N19-2-Y,2697,false,
46127,N19-3-Y,2697,false,
46131,LNP31209,,false,
46136,G97_6093,1917,false,
46143,G97_5907,1918,false,
46148,114762_LGC,62,false,
46158,114772,3,false,
46173,G97_2571,1918,false,
46186,G97_1651,1919,false,
46192,G97_1403,1920,false,
46193,G97_1402,1920,false,
46196,G97_1162,1921,false,
46197,G97_1151,1922,false,
46199,G97_1072,1921,false,
46200,G97_1061,1923,false,
46230,M_676M,1525,false,
46231,M_700M,1526,false,
46267,NS19,1531,false,
46268,583_NLAC,1532,false,
46269,595_NLAC,1532,false,
46270,919_NLAC,,false,
46272,32867,21,false,
46273,34530,16,false,
46274,34769,367,false,
46275,FA19,22,false,
46276,FA6140,21,false,
46277,35/02,16,false,
46278,SRR515980,18,false,
46279,e03.04,22,false,
46280,i19.05,628,false,
46281,m07.05,,false,
46282,n01.08,367,false,
46283,NG05,367,false,
46284,SK8976,22,false,
46285,G2891,841,false,
46286,NG_869,16,false,
46287,H15_353,16,false,
46288,09_10_003,,false,
46307,EXNM672,1535,false,
46308,EXNM674,77,false,
46309,EXNM675,77,false,
46310,EXNM677,1,false,
46311,EXNM678,77,false,
46312,AG1-108,259,false,
46322,16.8707984,,false,
46360,M37244,3,false,
46361,M-036-16,,false,
46362,44122,,false,
46363,44123,,false,
46364,44148,,false,
46365,44163,,false,
46366,NIID642,,false,
46373,16-280,68,false,
46374,16-317,67,false,
46375,16-325,62,false,
46376,96-06,62,false,
46377,16-338,1,false,
46378,16-340,1,false,
46383,107533,57,false,
46384,107534,62,false,
46385,2805,57,false,
46386,2820,57,false,
46387,101203,,false,
46388,130639,,false,
46389,131103,,false,
46390,131110,,false,
46391,131123,,false,
46392,131226,,false,
46393,131303,,false,
46394,131458,,false,
46395,150807,,false,
46396,211309,,false,
46397,340807,,false,
46398,340813,,false,
46399,340814,,false,
46400,M-037,99,false,
46401,M-038,99,false,
46402,M-041,1536,false,
46403,M-046,158,false,
46404,M-052,159,false,
46405,M-064,163,false,
46406,M-065,1924,false,
46408,M-079,163,false,
46409,M-080,161,false,
46410,M-089,158,false,
46411,M-091,160,false,
46412,M-092,160,false,
46415,M-101,1925,false,
46416,M-102,1925,false,
46417,M-104,162,false,
46418,M-104A,162,false,
46421,M-129,99,false,
46422,M-130,99,false,
46423,M-131,158,false,
46424,M-161,99,false,
46425,M-173,158,false,
46426,M-174,158,false,
46427,M-190,99,false,
46428,M-198,1926,false,
46429,M-200,163,false,
46431,M-210,163,false,
46432,M-211,163,false,
46434,M-214,159,false,
46435,M-216,158,false,
46437,M-223,161,false,
46438,M-225,163,false,
46439,M-226,163,false,
46441,M-244,158,false,
46442,M-249,163,false,
46443,M-250,99,false,
46444,M-252,99,false,
46445,M-256C,99,false,
46447,M-261,1536,false,
46448,M-262,99,false,
46449,M-264,161,false,
46450,M-274,1538,false,
46451,M-286,161,false,
46452,M-290,99,false,
46455,M-318,158,false,
46456,M-337,158,false,
46457,M-338,158,false,
46458,M-345,158,false,
46459,M-357,1539,false,
46460,M-366,99,false,
46461,M-384,163,false,
46462,M-442,162,false,
46463,M-448,163,false,
46464,M-456,163,false,
46465,M-457,163,false,
46467,M-571,162,false,
46468,M-672M,163,false,
46469,M-718M,99,false,
46470,M-760,1540,false,
46471,M-784,163,false,
46472,M-786,163,false,
46473,M-802,163,false,
46475,M-856,161,false,
46476,M-872,163,false,
46477,M-875,163,false,
46478,M-879,163,false,
46479,370513,,false,
46480,371057,,false,
46481,441214,,false,
46482,441302,,false,
46483,GX34026,,false,
46484,22410089,,false,
46485,5097,67,false,
46486,324,67,false,
46487,359,150,false,
46488,12464,57,false,
46489,2507,1,false,
46490,27180,45,false,
46491,6653,1541,false,
46492,20464,148,false,
46493,11780,505,false,
46494,9748,150,false,
46495,24852,1542,false,
46496,10810,67,false,
46497,23886,150,false,
46498,6642,57,false,
46499,9708,150,false,
46500,2669,1541,false,
46501,26814,80,false,
46502,18005,1541,false,
46503,3782,67,false,
46504,5940,57,false,
46505,6712,57,false,
46506,20862,9,false,
46507,22978,150,false,
46508,601,150,false,
46509,1280,1542,false,
46510,538,150,false,
46511,26110,9,false,
46512,10953,148,false,
46513,18112,87,false,
46514,138,87,false,
46515,3955,148,false,
46516,689,67,false,
46517,1007,148,false,
46518,27033,1,false,
46519,4449,120,false,
46520,14862,66,false,
46521,12611,150,false,
46522,11736,150,false,
46523,9857,150,false,
46524,30910,80,false,
46525,24652,216,false,
46526,8651,150,false,
46527,11716,150,false,
46528,21405,108,false,
46529,21421,108,false,
46530,25851,9,false,
46531,6214,120,false,
46532,7236,87,false,
46533,7326,150,false,
46534,12618,148,false,
46535,11024,150,false,
46536,12431,1543,false,
46537,15963,1544,false,
46538,21731,141,false,
46539,25784,67,false,
46540,4219,150,false,
46541,5487,120,false,
46542,7676,1542,false,
46543,8313,1542,false,
46544,GL40048,95,false,
46545,GL40066,62,false,
46546,GL40077,1484,false,
46547,PL41414,930,false,
46548,GL40098,95,false,
46549,GL40107,65,false,
46550,GL40125,349,false,
46551,PL41609,1145,false,
46552,GL40145,822,false,
46553,GL40151,95,false,
46554,GL40172,62,false,
46555,GL40182,62,false,
46556,GL40215,259,false,
46557,GL40222,1234,false,
46558,GL40260,1488,false,
46559,GL40301,65,false,
46560,GL40386,62,false,
46561,GL40393,97,false,
46562,GL40407,97,false,
46563,GL40437,832,false,
46564,GL40486,1491,false,
46566,GL40545,62,false,
46567,GL40559,49,false,
46568,GL40560,,false,
46569,GL40564,65,false,
46570,GL40565,113,false,
46571,GL40575,104,false,
46572,PL41617,33,false,
46573,GL40580,97,false,
46575,GL40585,62,false,
46576,GL40586,62,false,
46578,GL40632,97,false,
46580,GL40670,1486,false,
46581,GL40674,259,false,
46582,GL40709,1489,false,
46583,CA40738,106,false,
46584,CA40402,259,false,
46585,GL40812,345,false,
46586,CA40517,62,false,
46587,CA40819,62,false,
46589,GL40868,345,false,
46590,CA40338,45,false,
46591,GL40886,15,false,
46592,GL40903,95,false,
46593,GL40915,141,false,
46594,GL40916,24,false,
46595,GL40926,141,false,
46596,GL40928,1487,false,
46597,GL40965,95,false,
46598,CA40483,97,false,
46599,GL41006,250,false,
46601,CA40805,1396,false,
46602,GL41053,50,false,
46603,GL41107,57,false,
46604,GL41113,57,false,
46605,CA40943,305,false,
46607,GL41183,332,false,
46608,GL41200,49,false,
46609,GL41208,259,false,
46610,GL41212,259,false,
46611,GL41235,62,false,
46612,GL41239,57,false,
46613,GL41245,62,false,
46614,GL41254,1492,false,
46615,GL41261,68,false,
46616,GL41316,1494,false,
46617,GL41339,65,false,
46618,GL41342,250,false,
46619,GL41357,65,false,
46620,GL41367,1,false,
46621,GL41379,62,false,
46622,GL41391,6,false,
46623,GL41392,250,false,
46624,GL41410,141,false,
46625,GL41483,407,false,
46626,GL41514,246,false,
46627,GL41521,95,false,
46628,GL41537,211,false,
46629,GL41566,1490,false,
46630,GL41574,93,false,
46631,GL41577,97,false,
46632,GL41581,259,false,
46634,GL41685,62,false,
46635,GL41705,57,false,
46636,GL41710,1194,false,
46637,GL41768,62,false,
46638,GL41769,62,false,
46639,GL41776,87,false,
46640,CA40176,1493,false,
46641,GL41793,68,false,
46642,GL41802,49,false,
46643,GL41804,68,false,
46644,GL41807,68,false,
46645,GL41827,68,false,
46646,GL41845,45,false,
46647,GL41846,1495,false,
46648,GL41861,1496,false,
46649,GL41866,68,false,
46650,GL41886,45,false,
46652,GL41898,62,false,
46653,GL41900,62,false,
46654,GL41902,822,false,
46655,GL41923,1204,false,
46656,GL41924,137,false,
46657,GL41940,62,false,
46659,GL41944,62,false,
46660,GL41970,65,false,
46661,GL41990,68,false,
46662,GL42005,1487,false,
46663,GL42015,345,false,
46664,GL42029,87,false,
46665,GL42034,57,false,
46666,GL42044,95,false,
46667,GL42049,1503,false,
46669,GL42112,259,false,
46670,GL42119,1502,false,
46671,GL42134,1491,false,
46674,CA40230,1504,false,
46675,GL42200,259,false,
46676,GL42220,67,false,
46677,GL42226,1497,false,
46678,GL42229,120,false,
46679,GL42248,67,false,
46681,GL42505,1,false,
46682,GL42509,62,false,
46683,GL42524,1498,false,
46684,GL42536,95,false,
46685,GL42545,1499,false,
46688,GL42572,259,false,
46689,GL42575,95,false,
46690,GL42583,141,false,
46693,GL42618,259,false,
46694,GL42620,137,false,
46696,GL42629,62,false,
46700,GL42680,77,false,
46701,GL42688,97,false,
46703,GL42700,1500,false,
46704,GL42705,97,false,
46708,GL42762,1501,false,
46710,GL42773,274,false,
46712,GL42800,1506,false,
46713,GL42830,97,false,
46714,GL42844,1507,false,
46715,GL42847,1505,false,
46716,GL42849,65,false,
46718,GL42874,259,false,
46719,GL42890,97,false,
46720,GL42893,96,false,
46722,CA40690,62,false,
46723,CA44194,65,false,
46724,PL40144,45,false,
46725,PL40213,120,false,
46726,CA44208,345,false,
46727,PL40288,1509,false,
46731,WG40094,1508,false,
46742,LNP27948,1,false,
46743,LNP27986,1,false,
46744,LNP28039,1,false,
46745,LNP28054abd,1,false,
46746,LNP28082,1,false,
46747,LNP28089,1,false,
46748,LNP28099abd,1,false,
46749,LNP28152,1,false,
46750,LNP28174,1,false,
46751,LNP28178,1,false,
46752,LNP28187,1,false,
46753,C6A,1510,false,
46754,LNP27989,68,false,
46848,521175,1549,false,
46849,521112,21,false,
46853,523392,373,false,
46854,523399,1122,false,
46855,523401,367,false,
46856,523471,1122,false,
46857,523473,16,false,
46858,523475,18,false,
46859,523848,16,false,
46860,523851,367,false,
46865,526504,18,false,
46868,529019,373,false,
46869,529558,16,false,
46870,529308,16,false,
46871,529311,16,false,
46872,529316,1551,false,
46874,529017,21,false,
46875,532439,627,false,
46876,532644,18,false,
46877,533451,18,false,
46878,530591,16,false,
46879,532249,1552,false,
46880,531664,16,false,
46881,531684,16,false,
46882,534296,21,false,
46884,533224,632,false,
46885,529775,1122,false,
46886,530615,367,false,
46887,530060,18,false,
46888,516428,1553,false,
46889,516932,367,false,
46890,ECDC_1807138,18,false,
46891,ECDC_1820983,18,false,
46892,518244,367,false,
46893,518242,18,false,
46894,518657,18,false,
46895,518916,16,false,
46896,518630,1006,false,
46897,518644,23,false,
46898,519462,378,false,
46899,519451,367,false,
46900,519014,16,false,
46901,518613,1006,false,
46902,518063,18,false,
46906,520479,1549,false,
46907,529782,1122,false,
46908,529779,1006,false,
46909,529771,1553,false,
46910,529785,18,false,
46911,529570,1122,false,
46913,530056,367,false,
46914,531362,1122,false,
46916,M1042-16,57,false,
46917,534211,1555,false,
46918,534283,1122,false,
46919,535164,654,false,
46922,539457,16,false,
46923,530801,1006,false,
46924,534289,1556,false,
46925,534448,1557,false,
46926,535699,23,false,
46927,536688,16,false,
46928,537844,16,false,
46929,539437,16,false,
46930,531223,1006,false,
46931,534273,1556,false,
46932,534321,1558,false,
46933,ECDC_1820984,18,false,
46934,536598,1122,false,
46935,538145,21,false,
46936,538826,657,false,
46937,531027,16,false,
46938,534293,21,false,
46939,534452,367,false,
46940,536169,367,false,
46941,535479,1556,false,
46942,536447,16,false,
46943,537175,1548,false,
46944,538583,16,false,
46945,539885,16,false,
46946,517052,367,false,
46947,517960,1006,false,
46949,534206,1553,false,
46950,539526,1548,false,
46951,537058,1553,false,
46952,537170,16,false,
46953,536292,367,false,
46954,534323,16,false,
46955,534219,937,false,
46956,539414,367,false,
46957,538405,367,false,
46958,537159,1560,false,
46959,536289,632,false,
46960,534235,937,false,
46961,534278,1117,false,
46962,539460,21,false,
46964,536928,21,false,
46965,16.8708183,,false,
46966,2121218,1,false,
46967,2121270,68,false,
46970,2131435,1,false,
46971,2131874,68,false,
46972,2132414,68,false,
46973,2132532,49,false,
46974,2141801,501,false,
46976,DE10444,141,false,
46977,DE8555,1,false,
46978,DE8669,45,false,
46979,M07149,1,false,
46980,M07161,1,false,
46981,M07162,1,false,
46982,M08000,1,false,
46983,M08001,1,false,
46984,M09261,1,false,
46985,M12752,1,false,
46986,M22191,1,false,
46987,M22718,1,false,
46988,M22722,1,false,
46989,M22740,1,false,
46990,M22745,1,false,
46991,M22748,1,false,
46992,M22759,1,false,
46993,M22769,1,false,
46994,M22772,1,false,
46995,M22783,738,false,
46996,M22801,,false,
46997,M22804,738,false,
46998,M22809,738,false,
46999,M22811,738,false,
47000,M22819,1561,false,
47001,M22822,738,false,
47002,M22828,738,false,
47003,M23413,1,false,
47004,M24705,738,false,
47005,M25070,1,false,
47006,M25087,1,false,
47007,M25419,1,false,
47008,M25438,1,false,
47009,M25472,1,false,
47010,M25476,1,false,
47011,M27559,1,false,
47012,WUE2121,1,false,
47013,44154,,false,
47014,B6116/77,37,false,
47015,M0579,125,false,
47016,M16 240253,1,false,
47017,M16 240277,1434,false,
47018,M16 240292,120,false,
47019,M16 240296,1,false,
47020,5430/14,,false,
47021,131316,,false,
47022,131328,,false,
47023,GX34298,,false,
47024,GX34348,,false,
47025,SS16MM6915,,false,
47026,GNCWGS_03GN_87,18,false,
47027,GNCWGS_03SQ_89,16,false,
47028,GNCWGS_04AV_95,16,false,
47029,GNCWGS_04CD,18,false,
47030,GNCWGS_05OP,635,false,
47031,GNCWGS_061Z,,false,
47032,GNCWGS_0712_63,18,false,
47033,GNCWGS_0747_64,21,false,
47034,GNCWGS_075N_65,21,false,
47035,GNCWGS_07AD_68,16,false,
47036,GNCWGS_07AG_69,16,false,
47037,GNCWGS_07D1_70,375,false,
47038,GNCWGS_07ED_71,375,false,
47039,GNCWGS_037L_77,1562,false,
47040,GNCWGS_03A0_78,18,false,
47041,GNCWGS_03AR_104,18,false,
47042,GNCWGS_03WO_81,1563,false,
47043,GNCWGS_042V_85,16,false,
47044,GNCWGS_07M2_73,21,false,
47045,GNCWGS_07MS_72,21,false,
47046,GNCWGS_07O6_75,16,false,
47047,GNCWGS_M1J6_97,16,false,
47048,GNCWGS_M1KK_99,16,false,
47049,GNCWGS_M1RK_102,16,false,
47050,SS16MM7440,,false,
47056,LNP28755,1,false,
47060,107538,1564,false,
47061,M40774,,false,
47062,PT1,95,false,
47063,PT2,1565,false,
47064,PT3,45,false,
47065,PT4,95,false,
47066,PT5,65,false,
47067,PT6,65,false,
47068,PT7,87,false,
47069,PT8,65,false,
47070,PT9,1565,false,
47071,PT10,65,false,
47072,PT11,1566,false,
47073,PT12,24,false,
47074,PT13,95,false,
47075,PT14,150,false,
47076,PT15,95,false,
47077,PT16,95,false,
47078,PT17,45,false,
47079,PT18,65,false,
47080,PT19,1567,false,
47081,PT20,1568,false,
47082,PT21,95,false,
47083,PT22,259,false,
47084,PT23,65,false,
47085,PT24,1569,false,
47086,PT25,407,false,
47087,PT27,24,false,
47088,PT28,65,false,
47089,PT29,95,false,
47090,PT30,67,false,
47091,PT32,104,false,
47092,PT33,259,false,
47093,PT34,150,false,
47094,PT35,67,false,
47095,PT36,65,false,
47096,PT37,65,false,
47097,PT38,95,false,
47098,PT39,250,false,
47099,PT40,24,false,
47100,PT41,150,false,
47101,PT42,738,false,
47102,PT43,57,false,
47103,PT44,65,false,
47104,PT45,57,false,
47105,PT46,150,false,
47106,PT47,497,false,
47107,PT48,150,false,
47108,PT49,262,false,
47109,PT50,141,false,
47110,PT51,65,false,
47111,PT52,62,false,
47112,PT53,47,false,
47113,PT54,95,false,
47114,PT55,292,false,
47115,PT56,738,false,
47116,PT57,93,false,
47117,PT58,45,false,
47118,PT59,67,false,
47119,PT60,141,false,
47120,PT61,1570,false,
47121,PT62,1571,false,
47122,PT63,87,false,
47123,PT64,62,false,
47124,PT65,141,false,
47125,PT66,95,false,
47126,PT67,9,false,
47127,PT68,95,false,
47128,PT69,1572,false,
47129,PT70,150,false,
47130,PT72,150,false,
47131,PT73,141,false,
47132,PT74,95,false,
47133,PT75,1573,false,
47134,PT76,1574,false,
47135,PT77,1570,false,
47136,PT79,95,false,
47137,PT80,1575,false,
47138,PT81,1575,false,
47139,PT82,45,false,
47140,PT83,65,false,
47141,PT84,65,false,
47142,PT85,95,false,
47143,PT86,1576,false,
47144,PT87,67,false,
47145,PT88,65,false,
47146,PT89,259,false,
47147,PT90,65,false,
47148,PT91,1574,false,
47149,PT92,65,false,
47150,PT93,67,false,
47151,PT94,259,false,
47152,PT95,65,false,
47153,PT96,141,false,
47154,PT97,24,false,
47155,PT98,67,false,
47156,PT99,570,false,
47157,PT100,95,false,
47158,PT101,57,false,
47159,PT102,67,false,
47160,PT103,45,false,
47161,PT104,1577,false,
47162,PT105,24,false,
47163,PT106,3,false,
47164,PT107,104,false,
47165,NML089,93,false,
47166,16-319,1,false,
47167,16-354,1,false,
47168,16-359,1,false,
47169,16-371,62,false,
47170,16-387,68,false,
47171,16-390,151,false,
47172,96-105,120,false,
47173,96-121,120,false,
47174,96-122,120,false,
47175,98-07,1,false,
47176,98-184,68,false,
47177,98-188,1,false,
47178,98-410,1,false,
47179,00-26,104,false,
47181,00-75,1,false,
47182,00-121,1,false,
47183,00-133,62,false,
47184,01-116,68,false,
47185,01-133,920,false,
47186,02-44,,false,
47187,02-256,1578,false,
47188,03-92,104,false,
47189,04-55,104,false,
47190,04-85,68,false,
47191,04-106,68,false,
47192,04-219,1579,false,
47193,04-232,68,false,
47194,04-238,104,false,
47195,05-50,1,false,
47196,06-131,1580,false,
47197,06-215,68,false,
47198,07-216,68,false,
47199,07-370,1578,false,
47200,08-399,1,false,
47201,09-07,68,false,
47202,09-25,49,false,
47203,09-35,62,false,
47204,10-151,1,false,
47205,10-201,68,false,
47207,12-79,68,false,
47209,12-375,1580,false,
47210,12-396,68,false,
47211,12-450,1580,false,
47212,AR01252_T9,1107,false,
47216,M37347,,false,
47217,M37446,902,false,
47218,M38354,5234,false,
47219,M38597,93,false,
47220,M38900,,false,
47221,M38911,,false,
47222,M38915,,false,
47223,M39092,3668,false,
47224,M39112,49,false,
47225,M39139,9,false,
47226,M39140,67,false,
47227,M39148,3669,false,
47228,M39250,3526,false,
47229,M39526,108,false,
47230,M40110,3670,false,
47231,M40237,292,false,
47232,M37471,62,false,
47233,CNM3,5165,false,
47234,M40240,24,false,
47235,M21273,24,false,
47236,2161467,1,false,
47237,2161494,1,false,
47238,2161506,1,false,
47239,2100384,1581,false,
47240,2100511,1582,false,
47241,2100543,68,false,
47242,2102654,68,false,
47243,2111345,49,false,
47244,2132650,1,false,
47245,NML069,93,false,
47246,NML208,93,false,
47247,NML051,1583,false,
47248,NML070,,false,
47249,NML179,93,false,
47250,NML110,93,false,
47251,NML150,93,false,
47252,NML216,1583,false,
47253,NML083,93,false,
47254,16-8704285,45,false,
47255,16-8705040,9,false,
47256,16-8705144,45,false,
47257,16-8707081,3,false,
47258,16-8707393,49,false,
47259,M16 240213,62,false,
47260,M16 240240,62,false,
47261,M16 240512,45,false,
47262,M16 240513,1,false,
47263,M16 240514,1,false,
47264,M16 240515,422,false,
47265,M16 240516,1,false,
47266,M16 240518,1,false,
47267,M16 240519,120,false,
47268,M16 240520,120,false,
47269,M16 240521,9,false,
47270,M16 240522,62,false,
47271,M16 240523,1,false,
47272,M16 240524,9,false,
47273,M16 240525,1,false,
47274,M16 240528,1,false,
47275,M16 240529,1,false,
47276,M16 240530,45,false,
47277,M16 240531,1,false,
47278,M16 240532,45,false,
47279,M16 240534,45,false,
47280,M16 240535,1,false,
47281,M16 240536,62,false,
47282,M16 240537,62,false,
47283,M16 240538,62,false,
47284,M16 240539,62,false,
47285,M16 240540,120,false,
47286,M16 240541,1584,false,
47287,M16 240542,1,false,
47288,M16 240543,93,false,
47289,M16 240544,1,false,
47290,M16 240547,65,false,
47291,M16 240548,3,false,
47292,M16 240549,150,false,
47293,M16 240550,57,false,
47294,M16 240552,1,false,
47295,M16 240554,62,false,
47296,M16 240562,150,false,
47297,M16 240563,62,false,
47298,M16 240564,1,false,
47299,M16 240565,1585,false,
47300,M16 240566,3,false,
47301,M16 240567,1,false,
47302,M16 240569,62,false,
47303,M16 240570,1,false,
47304,M16 240573,1,false,
47305,M16 240626,1,false,
47306,M16 240628,49,false,
47307,M16 240631,3,false,
47308,M16 240633,257,false,
47309,M16 240635,300,false,
47310,M16 240636,93,false,
47311,M16 240637,1,false,
47312,M16 240638,87,false,
47313,M16 240639,68,false,
47314,M16 240640,127,false,
47315,M16 240641,1586,false,
47316,M16 240642,,false,
47317,M16 240643,62,false,
47318,M16 240645,45,false,
47319,M16 240647,120,false,
47320,M16 240648,211,false,
47321,M16 240649,67,false,
47322,M16 240651,1,false,
47323,M16 240653,1587,false,
47324,M16 240655,211,false,
47325,M16 240656,1,false,
47326,M16 240657,1,false,
47327,M16 240659,62,false,
47328,M16 240661,3,false,
47329,M16 240667,1,false,
47330,M16 240668,62,false,
47331,M16 240669,1588,false,
47332,M16 240670,1588,false,
47333,M16 240671,45,false,
47334,M16 240672,,false,
47335,M16 240673,62,false,
47336,M16 240683,1,false,
47337,M16 240684,1,false,
47338,M16 240685,1,false,
47339,M16 240699,259,false,
47340,M16 240700,1,false,
47341,M16 240702,424,false,
47342,M16 240703,93,false,
47343,M16 240704,327,false,
47344,M16 240714,1,false,
47345,M16 240660,1589,false,
47346,M16.56,,false,
47347,SRR3343472,378,false,
47348,SRR3343473,367,false,
47349,SRR3343474,,false,
47350,SRR3343475,22,false,
47351,SRR3343476,1006,false,
47352,SRR3343477,1590,false,
47353,SRR3343479,,false,
47354,SRR3343480,18,false,
47355,SRR3343481,1006,false,
47356,SRR3343482,666,false,
47357,SRR3343483,367,false,
47358,SRR3343484,,false,
47359,SRR3343485,22,false,
47360,SRR3343486,,false,
47361,SRR3343487,19,false,
47362,SRR3343488,1006,false,
47363,SRR3343489,367,false,
47364,SRR3343490,1006,false,
47365,SRR3343491,666,false,
47366,SRR3343492,16,false,
47367,SRR3343493,1006,false,
47368,SRR3343494,18,false,
47369,SRR3343495,18,false,
47370,SRR3343496,18,false,
47371,SRR3343497,367,false,
47372,SRR3343498,1006,false,
47373,SRR3343499,,false,
47374,SRR3343500,1006,false,
47375,SRR3343501,367,false,
47376,SRR3343502,,false,
47377,SRR3343503,18,false,
47378,SRR3343504,666,false,
47379,SRR3343505,,false,
47380,SRR3343506,18,false,
47381,SRR3343507,,false,
47382,SRR3343508,367,false,
47383,SRR3343509,3354,false,
47384,SRR3343510,1006,false,
47385,SRR3343511,367,false,
47386,SRR3343512,367,false,
47387,SRR3343513,16,false,
47388,SRR3343514,,false,
47389,SRR3343515,1006,false,
47390,SRR3343516,1006,false,
47391,SRR3343517,16,false,
47392,SRR3343518,,false,
47393,SRR3343519,23,false,
47394,SRR3343520,22,false,
47395,SRR3343521,16,false,
47396,SRR3343522,,false,
47397,SRR3343523,18,false,
47398,SRR3343524,18,false,
47399,SRR3343525,367,false,
47400,SRR3343526,,false,
47401,SRR3343527,367,false,
47402,SRR3343528,,false,
47403,SRR3343529,18,false,
47404,SRR3343530,18,false,
47405,SRR3343531,367,false,
47406,SRR3343532,,false,
47407,SRR3343533,367,false,
47408,SRR3343534,1122,false,
47409,SRR3343535,18,false,
47410,SRR3343536,367,false,
47411,SRR3343537,1006,false,
47412,SRR3343538,16,false,
47413,SRR3343539,1591,false,
47414,SRR3343540,,false,
47415,SRR3343541,1006,false,
47416,SRR3343542,367,false,
47417,SRR3343543,367,false,
47418,SRR3343544,367,false,
47419,SRR3343545,367,false,
47420,SRR3343546,367,false,
47421,SRR3343547,367,false,
47422,SRR3343548,666,false,
47423,SRR3343549,19,false,
47424,SRR3343550,18,false,
47425,SRR3343551,367,false,
47426,SRR3343552,19,false,
47427,SRR3343553,1006,false,
47428,SRR3343554,367,false,
47429,SRR3343555,1006,false,
47430,SRR3343556,367,false,
47431,SRR3343557,18,false,
47432,SRR3343558,18,false,
47433,SRR3343559,,false,
47434,SRR3343560,,false,
47435,SRR3343561,367,false,
47436,SRR3343562,666,false,
47437,SRR3343563,666,false,
47438,SRR3343564,367,false,
47439,SRR3343565,367,false,
47440,SRR3343566,18,false,
47441,SRR3343567,378,false,
47442,SRR3343568,22,false,
47443,SRR3343569,367,false,
47444,SRR3343570,1006,false,
47445,SRR3343571,,false,
47446,SRR3343572,,false,
47447,SRR3343574,,false,
47448,SRR3343575,18,false,
47449,SRR3343576,367,false,
47450,SRR3343577,18,false,
47451,SRR3343578,18,false,
47452,SRR3343579,1006,false,
47453,SRR3343580,1592,false,
47454,SRR3343581,367,false,
47455,SRR3343582,1006,false,
47456,SRR3343583,,false,
47457,SRR3343584,19,false,
47458,SRR3343585,1006,false,
47459,SRR3343586,,false,
47460,SRR3343587,367,false,
47461,SRR3343588,666,false,
47462,SRR3343589,22,false,
47463,SRR3343590,,false,
47464,SRR3343591,1006,false,
47465,SRR3343592,378,false,
47466,SRR3343593,367,false,
47467,SRR3343594,,false,
47468,SRR3343595,16,false,
47469,SRR3343596,21,false,
47470,SRR3343597,636,false,
47471,SRR3343598,1006,false,
47472,SRR3343599,16,false,
47473,SRR3343600,,false,
47474,SRR3343601,18,false,
47475,SRR3343602,,false,
47476,SRR3343603,657,false,
47477,SRR3343604,,false,
47478,SRR3343605,367,false,
47479,SRR3343606,1006,false,
47480,SRR3343607,1006,false,
47481,SRR3343608,367,false,
47482,SRR3343609,1006,false,
47483,SRR3343610,367,false,
47484,SRR3343612,18,false,
47485,SRR3343613,16,false,
47486,SRR3343614,16,false,
47487,SRR3343615,18,false,
47488,SRR3343616,1006,false,
47489,SRR3343617,16,false,
47490,SRR3343618,1006,false,
47491,SRR3343619,22,false,
47492,SRR3343620,16,false,
47493,SRR3343621,378,false,
47494,SRR3343622,1006,false,
47495,SRR3343623,367,false,
47496,SRR3343625,22,false,
47497,SRR3343626,19,false,
47498,SRR3343627,,false,
47499,SRR3343628,1006,false,
47500,SRR3343629,,false,
47501,SRR3343630,18,false,
47502,SRR3343631,,false,
47503,SRR3343632,18,false,
47504,SRR3343633,1006,false,
47505,SRR3343635,367,false,
47506,SRR3343636,367,false,
47507,SRR3343638,1006,false,
47508,SRR3343639,369,false,
47509,SRR3343640,367,false,
47510,SRR3343641,16,false,
47511,SRR3343642,367,false,
47512,SRR3343643,22,false,
47513,SRR3343644,,false,
47514,SRR3343646,,false,
47515,SRR3343647,16,false,
47516,SRR3343648,1006,false,
47517,SRR3343649,16,false,
47518,SRR3343650,19,false,
47519,SRR3343651,16,false,
47520,SRR3343653,,false,
47521,SRR3343654,1006,false,
47522,SRR3343655,1122,false,
47523,SRR3343656,,false,
47524,SRR3343657,18,false,
47525,SRR3343659,367,false,
47526,SRR3343660,21,false,
47527,SRR3343661,841,false,
47528,SRR3343662,1006,false,
47529,SRR3343663,1006,false,
47530,SRR3343664,,false,
47531,SRR3343665,367,false,
47532,SRR3343666,,false,
47533,SRR3343667,19,false,
47534,SRR3343669,,false,
47535,SRR3343670,666,false,
47536,SRR3343671,1006,false,
47537,SRR3343672,657,false,
47538,SRR3343673,18,false,
47539,SRR3343674,666,false,
47540,SRR3343675,16,false,
47541,SRR3343676,18,false,
47542,SRR3343678,18,false,
47543,SRR3343679,367,false,
47544,SRR3343680,367,false,
47545,SRR3343681,841,false,
47546,SRR3343682,18,false,
47547,SRR3349137,18,false,
47548,SRR3349138,666,false,
47549,SRR3349139,1006,false,
47550,SRR3349140,1006,false,
47551,SRR3349141,16,false,
47552,SRR3349142,16,false,
47553,SRR3349143,1006,false,
47554,SRR3349145,16,false,
47555,SRR3349146,1006,false,
47556,SRR3349147,22,false,
47557,SRR3349148,22,false,
47558,SRR3349149,16,false,
47559,SRR3349150,1006,false,
47560,SRR3349151,666,false,
47561,SRR3349152,22,false,
47562,SRR3349153,666,false,
47563,SRR3349154,16,false,
47564,SRR3349165,367,false,
47565,SRR3349166,18,false,
47566,SRR3349167,18,false,
47567,SRR3349168,18,false,
47568,SRR3349169,367,false,
47569,SRR3349170,16,false,
47570,SRR3349171,18,false,
47571,SRR3349172,367,false,
47572,SRR3349173,666,false,
47573,SRR3349174,16,false,
47574,SRR3349175,22,false,
47575,SRR3349176,18,false,
47576,SRR3349177,16,false,
47577,SRR3349178,16,false,
47578,SRR3349179,16,false,
47579,SRR3349180,16,false,
47580,SRR3349181,16,false,
47581,SRR3349182,367,false,
47582,SRR3349183,18,false,
47583,SRR3349184,22,false,
47584,SRR3349185,666,false,
47585,SRR3349186,367,false,
47586,SRR3349187,16,false,
47587,SRR3349188,367,false,
47588,SRR3349189,367,false,
47589,SRR3349190,16,false,
47590,SRR3349191,666,false,
47591,SRR3349192,367,false,
47592,SRR3349193,1006,false,
47593,SRR3349194,666,false,
47594,SRR3349195,1006,false,
47595,SRR3349196,18,false,
47596,SRR3349197,23,false,
47597,SRR3349198,367,false,
47598,SRR3349199,18,false,
47599,SRR3349200,,false,
47600,SRR3349201,1006,false,
47601,SRR3349202,666,false,
47602,SRR3349203,16,false,
47603,SRR3349204,22,false,
47604,SRR3349205,22,false,
47605,SRR3349206,367,false,
47606,SRR3349207,22,false,
47607,SRR3349208,,false,
47608,SRR3349209,18,false,
47609,SRR3349210,21,false,
47610,SRR3349211,1006,false,
47611,SRR3349212,16,false,
47612,SRR3349213,1006,false,
47613,SRR3349214,16,false,
47614,SRR3349215,16,false,
47615,SRR3349216,1006,false,
47616,SRR3349217,1006,false,
47617,SRR3349218,1006,false,
47618,SRR3349219,1006,false,
47619,SRR3349220,367,false,
47620,SRR3349221,1006,false,
47621,SRR3349222,16,false,
47622,SRR3349223,16,false,
47623,SRR3349224,1006,false,
47624,SRR3349225,22,false,
47625,SRR3349226,367,false,
47626,SRR3349227,18,false,
47627,SRR3349228,367,false,
47628,SRR3349229,1006,false,
47629,SRR3349230,1006,false,
47630,SRR3349231,18,false,
47631,SRR3349232,18,false,
47632,SRR3349233,1006,false,
47633,SRR3349234,367,false,
47634,SRR3349235,16,false,
47635,SRR3349236,1006,false,
47636,SRR3349237,666,false,
47637,SRR3349238,16,false,
47638,SRR3349239,,false,
47639,SRR3349240,16,false,
47640,SRR3349241,367,false,
47641,SRR3349242,3354,false,
47642,SRR3349243,18,false,
47643,SRR3349244,18,false,
47644,SRR3349245,18,false,
47645,SRR3349246,16,false,
47646,SRR3349247,16,false,
47647,SRR3349248,18,false,
47648,SRR3349249,1006,false,
47649,SRR3349250,1006,false,
47650,SRR3349251,16,false,
47651,SRR3349252,18,false,
47652,SRR3349253,1006,false,
47653,SRR3349254,367,false,
47654,SRR3349255,367,false,
47655,SRR3349256,1006,false,
47656,SRR3349257,16,false,
47657,SRR3349258,1006,false,
47658,SRR3349259,,false,
47659,SRR3349260,16,false,
47660,SRR3349261,,false,
47661,SRR3349262,367,false,
47662,SRR3349263,16,false,
47663,SRR3349264,18,false,
47664,SRR3349265,1006,false,
47665,SRR3349266,16,false,
47666,SRR3349267,16,false,
47667,SRR3349268,,false,
47668,SRR3349269,367,false,
47669,SRR3349270,18,false,
47670,SRR3349271,367,false,
47671,SRR3349272,,false,
47672,SRR3349273,1006,false,
47673,SRR3349274,1006,false,
47674,SRR3349275,,false,
47675,SRR3349276,367,false,
47676,SRR3349277,367,false,
47677,SRR3349278,367,false,
47678,SRR3349279,16,false,
47679,SRR3349280,16,false,
47680,SRR3349281,,false,
47681,SRR3349282,1006,false,
47682,SRR3349283,367,false,
47683,SRR3349284,1006,false,
47684,SRR3349285,16,false,
47685,SRR3349286,1006,false,
47686,SRR3349287,16,false,
47687,SRR3349288,1006,false,
47688,SRR3349289,367,false,
47689,SRR3349290,18,false,
47690,SRR3349291,666,false,
47691,SRR3349292,16,false,
47692,SRR3349293,16,false,
47693,SRR3349294,18,false,
47694,SRR3349295,,false,
47695,SRR3349296,1006,false,
47696,SRR3349297,16,false,
47697,SRR3349298,1006,false,
47698,SRR3349299,367,false,
47699,SRR3349300,16,false,
47700,SRR3349301,666,false,
47701,SRR3349302,666,false,
47702,SRR3349303,16,false,
47703,SRR3349304,,false,
47704,SRR3349305,22,false,
47705,SRR3349306,367,false,
47706,SRR3349307,16,false,
47707,SRR3349308,1006,false,
47708,SRR3349309,657,false,
47709,SRR3349310,,false,
47710,SRR3349311,367,false,
47711,SRR3349312,16,false,
47712,SRR3349313,,false,
47713,SRR3349314,1006,false,
47714,SRR3349315,16,false,
47715,SRR3349316,1006,false,
47716,SRR3349317,1006,false,
47717,SRR3349318,1006,false,
47718,SRR3349319,18,false,
47719,SRR3349320,18,false,
47720,SRR3349321,1006,false,
47721,SRR3349322,16,false,
47722,SRR3349323,367,false,
47723,SRR3349324,1006,false,
47724,SRR3349325,22,false,
47725,SRR3349326,16,false,
47726,SRR3349327,1006,false,
47727,SRR3349328,16,false,
47728,SRR3349329,1006,false,
47729,SRR3349330,18,false,
47730,SRR3349331,16,false,
47731,SRR3349332,1006,false,
47732,SRR3349333,,false,
47733,SRR3349334,1006,false,
47734,SRR3349335,22,false,
47735,SRR3349336,16,false,
47736,SRR3349337,1006,false,
47737,SRR3349338,367,false,
47738,SRR3349339,367,false,
47739,SRR3349340,,false,
47740,SRR3349341,367,false,
47741,SRR3349342,1006,false,
47742,SRR3349343,367,false,
47743,SRR3349344,367,false,
47744,SRR3349345,,false,
47745,SRR3349346,1006,false,
47746,SRR3349347,16,false,
47747,SRR3349514,,false,
47748,SRR3349515,,false,
47749,SRR3349516,16,false,
47750,SRR3349517,18,false,
47751,SRR3349518,18,false,
47752,SRR3349520,16,false,
47753,SRR3349521,1006,false,
47754,SRR3349522,18,false,
47755,SRR3349523,,false,
47756,SRR3349524,367,false,
47757,SRR3349525,,false,
47758,SRR3349526,1006,false,
47759,SRR3349527,16,false,
47760,SRR3349528,1006,false,
47761,SRR3349529,367,false,
47762,SRR3349531,16,false,
47763,SRR3349532,16,false,
47764,SRR3349533,18,false,
47765,SRR3349534,18,false,
47766,SRR3349535,367,false,
47767,SRR3349536,16,false,
47768,SRR3349537,18,false,
47769,SRR3349538,16,false,
47770,SRR3349539,666,false,
47771,SRR3349540,1593,false,
47772,SRR3349542,,false,
47773,SRR3349543,18,false,
47774,SRR3349544,22,false,
47775,SRR3349545,1594,false,
47776,SRR3349546,18,false,
47777,SRR3349547,367,false,
47778,SRR3349548,657,false,
47779,SRR3349549,1006,false,
47780,SRR3349550,18,false,
47781,SRR3349551,18,false,
47782,SRR3349552,16,false,
47783,SRR3349553,1006,false,
47784,SRR3349554,,false,
47785,SRR3349555,22,false,
47786,SRR3349557,1006,false,
47787,SRR3349558,367,false,
47788,SRR3349559,18,false,
47789,SRR3349560,367,false,
47790,SRR3349561,18,false,
47791,SRR3349562,,false,
47792,SRR3349563,367,false,
47793,SRR3349564,18,false,
47794,SRR3349565,,false,
47795,SRR3349566,18,false,
47796,SRR3349567,367,false,
47797,SRR3349568,18,false,
47798,SRR3349569,1006,false,
47799,SRR3349570,16,false,
47800,SRR3349572,367,false,
47801,SRR3349573,16,false,
47802,SRR3349574,18,false,
47803,SRR3349575,16,false,
47804,SRR3349576,1006,false,
47805,SRR3349577,666,false,
47806,SRR3349578,167,false,
47807,SRR3349579,18,false,
47808,SRR3349580,,false,
47809,SRR3349581,18,false,
47810,SRR3349582,18,false,
47811,SRR3349583,18,false,
47812,SRR3349584,167,false,
47813,SRR3349585,1006,false,
47814,SRR3349587,18,false,
47815,SRR3349588,16,false,
47816,SRR3349589,657,false,
47817,SRR3349590,657,false,
47818,SRR3349591,1595,false,
47819,SRR3349592,666,false,
47820,SRR3349593,367,false,
47821,SRR3349594,1006,false,
47822,SRR3349596,16,false,
47823,SRR3349597,367,false,
47824,SRR3349598,367,false,
47825,SRR3349599,,false,
47826,SRR3349600,16,false,
47827,SRR3349601,18,false,
47828,SRR3349602,,false,
47829,SRR3349603,,false,
47830,SRR3349604,367,false,
47831,SRR3349606,16,false,
47832,SRR3349607,16,false,
47833,SRR3349608,657,false,
47834,SRR3349609,18,false,
47835,SRR3349610,18,false,
47836,SRR3349611,18,false,
47837,SRR3349612,21,false,
47838,SRR3349613,22,false,
47839,SRR3349614,1006,false,
47840,SRR3349615,,false,
47841,SRR3349617,16,false,
47842,SRR3349618,18,false,
47843,SRR3349619,18,false,
47844,SRR3349620,16,false,
47845,SRR3349621,1006,false,
47846,SRR3349622,657,false,
47847,SRR3349623,18,false,
47848,SRR3349624,18,false,
47849,SRR3349625,,false,
47850,SRR3349626,18,false,
47851,SRR3349627,1006,false,
47852,SRR3349628,18,false,
47853,SRR3349630,1006,false,
47854,SRR3349631,657,false,
47855,SRR3349632,16,false,
47856,SRR3349633,367,false,
47857,SRR3349634,1006,false,
47858,SRR3349635,18,false,
47859,SRR3349636,1006,false,
47860,SRR3349637,367,false,
47861,SRR3349638,18,false,
47862,SRR3349639,18,false,
47863,SRR3349640,22,false,
47864,SRR3349642,1006,false,
47865,SRR3349643,657,false,
47866,SRR3349644,367,false,
47867,SRR3349645,18,false,
47868,SRR3349646,18,false,
47869,SRR3349647,18,false,
47870,SRR3349648,18,false,
47871,SRR3349649,367,false,
47872,SRR3349650,657,false,
47873,SRR3349652,22,false,
47874,SRR3349653,1006,false,
47875,SRR3349654,16,false,
47876,SRR3349655,18,false,
47877,SRR3349656,18,false,
47878,SRR3349657,18,false,
47879,SRR3349658,1006,false,
47880,SRR3349659,1006,false,
47881,SRR3349661,16,false,
47882,SRR3349662,367,false,
47883,SRR3349663,16,false,
47884,SRR3349664,18,false,
47885,SRR3349665,18,false,
47886,SRR3349666,,false,
47887,SRR3349667,18,false,
47888,SRR3349669,18,false,
47889,SRR3349670,16,false,
47890,SRR3349671,367,false,
47891,SRR3349672,657,false,
47892,SRR3349673,18,false,
47893,SRR3349674,1006,false,
47894,SRR3349675,666,false,
47895,SRR3349676,18,false,
47896,SRR3349677,16,false,
47897,SRR3349679,1006,false,
47898,SRR3349680,,false,
47899,SRR3349681,18,false,
47900,SRR3349682,,false,
47901,SRR3349683,22,false,
47902,SRR3349684,16,false,
47903,SRR3349685,16,false,
47904,SRR3349686,367,false,
47905,SRR3349687,1006,false,
47906,SRR3349688,16,false,
47907,SRR3349689,18,false,
47908,SRR3349691,18,false,
47909,SRR3349692,1006,false,
47910,SRR3349693,18,false,
47911,SRR3349694,1006,false,
47912,SRR3349695,16,false,
47913,SRR3349696,1595,false,
47914,SRR3349697,657,false,
47915,SRR3349698,1006,false,
47916,SRR3349699,657,false,
47917,SRR3349700,18,false,
47918,SRR3349701,1006,false,
47919,SRR3349702,16,false,
47920,SRR3349703,1006,false,
47921,SRR3349704,18,false,
47922,SRR3349705,,false,
47923,SRR3349706,18,false,
47924,SRR3349707,18,false,
47925,SRR3349708,,false,
47926,SRR3349709,167,false,
47927,SRR3349710,,false,
47928,SRR3349711,16,false,
47929,SRR3349712,1006,false,
47930,SRR3349713,1006,false,
47931,SRR3349714,18,false,
47932,SRR3349715,1006,false,
47933,SRR3349716,375,false,
47934,SRR3349717,18,false,
47935,SRR3349718,1006,false,
47936,SRR3349719,18,false,
47937,SRR3349720,18,false,
47938,SRR3349721,367,false,
47939,SRR3349722,167,false,
47940,SRR3349723,167,false,
47941,SRR3349724,22,false,
47942,SRR3349725,1006,false,
47943,SRR3349726,367,false,
47944,SRR3349727,657,false,
47945,SRR3349728,1006,false,
47946,SRR3349729,,false,
47947,SRR3349811,18,false,
47948,SRR3349812,1122,false,
47949,SRR3349813,,false,
47950,SRR3349814,1006,false,
47951,SRR3349815,1006,false,
47952,SRR3349816,1006,false,
47953,SRR3349817,22,false,
47954,SRR3349818,21,false,
47955,SRR3349819,633,false,
47956,SRR3349820,21,false,
47957,SRR3349821,1122,false,
47958,SRR3349822,18,false,
47959,SRR3349823,1006,false,
47960,SRR3349824,16,false,
47961,SRR3349825,1006,false,
47962,SRR3349826,16,false,
47963,SRR3349827,1006,false,
47964,SRR3349828,1006,false,
47965,SRR3349829,18,false,
47966,SRR3349830,1006,false,
47967,SRR3349831,18,false,
47968,SRR3349832,21,false,
47969,SRR3349833,16,false,
47970,SRR3349834,1006,false,
47971,SRR3349835,16,false,
47972,SRR3349836,16,false,
47973,SRR3349837,1006,false,
47974,SRR3349838,22,false,
47975,SRR3349839,1006,false,
47976,SRR3349840,367,false,
47977,SRR3349841,1006,false,
47978,SRR3349842,,false,
47979,SRR3349843,18,false,
47980,SRR3349844,1006,false,
47981,SRR3349845,,false,
47982,SRR3349846,367,false,
47983,SRR3349847,367,false,
47984,SRR3349848,21,false,
47985,SRR3349849,1006,false,
47986,SRR3349851,367,false,
47987,SRR3349852,1006,false,
47988,SRR3349853,,false,
47989,SRR3349854,633,false,
47990,SRR3349855,18,false,
47991,SRR3349856,367,false,
47992,SRR3349857,22,false,
47993,SRR3349858,1006,false,
47994,SRR3349859,1006,false,
47995,SRR3349860,18,false,
47996,SRR3349861,22,false,
47997,SRR3349862,1122,false,
47998,SRR3349863,1006,false,
47999,SRR3349864,369,false,
48000,SRR3349865,16,false,
48001,SRR3349866,1006,false,
48002,SRR3349867,21,false,
48003,SRR3349868,21,false,
48004,SRR3349869,18,false,
48005,SRR3349870,1006,false,
48006,SRR3349871,18,false,
48007,SRR3349872,636,false,
48008,SRR3349873,1006,false,
48009,SRR3349874,,false,
48010,SRR3349875,1006,false,
48011,SRR3349876,,false,
48012,SRR3349877,16,false,
48013,SRR3349878,18,false,
48014,SRR3349879,18,false,
48015,SRR3349880,18,false,
48016,SRR3349881,18,false,
48017,SRR3349882,16,false,
48018,SRR3349883,18,false,
48019,SRR3349884,21,false,
48020,SRR3349885,,false,
48021,SRR3349886,18,false,
48022,SRR3349887,18,false,
48023,SRR3349888,1006,false,
48024,SRR3349889,1006,false,
48025,SRR3349890,18,false,
48026,SRR3349891,16,false,
48027,SRR3349892,,false,
48028,SRR3349893,636,false,
48029,SRR3349894,1122,false,
48030,SRR3349895,1006,false,
48031,SRR3349896,1006,false,
48032,SRR3349897,369,false,
48033,SRR3349898,18,false,
48034,SRR3349899,21,false,
48035,SRR3349900,1006,false,
48036,SRR3349901,18,false,
48037,SRR3349902,16,false,
48038,SRR3349903,22,false,
48039,SRR3349904,18,false,
48040,SRR3349905,18,false,
48041,SRR3349906,1006,false,
48042,SRR3349907,18,false,
48043,SRR3349908,16,false,
48044,SRR3349909,1006,false,
48045,SRR3349910,1006,false,
48046,SRR3349911,16,false,
48047,SRR3349912,367,false,
48048,SRR3349913,1122,false,
48049,SRR3349914,16,false,
48050,SRR3349915,1006,false,
48051,SRR3349916,,false,
48052,SRR3349917,1006,false,
48053,SRR3349918,1006,false,
48054,SRR3349919,16,false,
48055,SRR3349920,1122,false,
48056,SRR3349921,1006,false,
48057,SRR3349922,1006,false,
48058,SRR3349923,1006,false,
48059,SRR3349924,16,false,
48060,SRR3349925,,false,
48061,SRR3349926,16,false,
48062,SRR3349927,16,false,
48063,SRR3349928,666,false,
48064,SRR3349929,16,false,
48065,SRR3349930,18,false,
48066,SRR3349931,369,false,
48067,SRR3349932,21,false,
48068,SRR3349933,16,false,
48069,SRR3349934,21,false,
48070,SRR3349935,1006,false,
48071,SRR3349936,1006,false,
48072,SRR3349937,21,false,
48073,SRR3349938,,false,
48074,SRR3349939,22,false,
48075,SRR3349940,1122,false,
48076,SRR3349941,16,false,
48077,SRR3349942,16,false,
48078,SRR3349943,1006,false,
48079,SRR3349944,,false,
48080,SRR3349945,1006,false,
48081,SRR3349946,21,false,
48082,SRR3349947,18,false,
48083,SRR3349948,1006,false,
48084,SRR3349949,22,false,
48085,SRR3349950,18,false,
48086,SRR3349951,1006,false,
48087,SRR3349952,16,false,
48088,SRR3349953,22,false,
48089,SRR3349954,1006,false,
48090,SRR3349955,18,false,
48091,SRR3349956,666,false,
48092,SRR3349957,1006,false,
48093,SRR3349958,1006,false,
48094,SRR3349959,367,false,
48095,SRR3349960,1006,false,
48096,SRR3349961,367,false,
48097,SRR3349962,658,false,
48098,SRR3349963,22,false,
48099,SRR3349964,22,false,
48100,SRR3349965,16,false,
48101,SRR3349966,16,false,
48102,SRR3349967,367,false,
48103,SRR3349968,1006,false,
48104,SRR3349969,16,false,
48105,SRR3349970,,false,
48106,SRR3349971,16,false,
48107,SRR3349972,21,false,
48108,SRR3349973,1006,false,
48109,SRR3349974,1006,false,
48110,SRR3349975,22,false,
48111,SRR3349976,16,false,
48112,SRR3349977,21,false,
48113,SRR3349978,22,false,
48114,SRR3349979,367,false,
48115,SRR3349980,22,false,
48116,SRR3349981,16,false,
48117,SRR3349982,1006,false,
48118,SRR3349983,16,false,
48119,SRR3349984,1006,false,
48120,SRR3349985,1006,false,
48121,SRR3349986,367,false,
48122,SRR3349987,1006,false,
48123,SRR3349988,22,false,
48124,SRR3349989,18,false,
48125,SRR3349990,22,false,
48126,SRR3349991,18,false,
48127,SRR3349992,16,false,
48128,SRR3349993,1122,false,
48129,SRR3349994,1006,false,
48130,SRR3349995,1006,false,
48131,SRR3349996,16,false,
48132,SRR3349997,18,false,
48133,SRR3349998,1006,false,
48134,SRR3349999,1006,false,
48135,SRR3350000,1006,false,
48136,SRR3350001,22,false,
48137,SRR3350002,367,false,
48138,SRR3350003,1006,false,
48139,SRR3350004,1006,false,
48140,SRR3350005,636,false,
48141,SRR3350006,1006,false,
48142,SRR3350007,21,false,
48143,SRR3350008,1006,false,
48144,SRR3350009,16,false,
48145,SRR3350010,22,false,
48146,SRR3350011,22,false,
48147,SRR3350084,,false,
48148,SRR3350085,18,false,
48149,SRR3350086,,false,
48150,SRR3350087,16,false,
48151,SRR3350088,1006,false,
48152,SRR3350089,1006,false,
48153,SRR3350090,,false,
48154,SRR3350091,1006,false,
48155,SRR3350092,367,false,
48156,SRR3350093,367,false,
48157,SRR3350094,1006,false,
48158,SRR3350095,1006,false,
48159,SRR3350096,,false,
48160,SRR3350097,1596,false,
48161,SRR3350098,367,false,
48162,SRR3350099,,false,
48163,SRR3350100,,false,
48164,SRR3350101,18,false,
48165,SRR3350102,,false,
48166,SRR3350103,,false,
48167,SRR3350104,367,false,
48168,SRR3350105,1006,false,
48169,SRR3350106,367,false,
48170,SRR3350107,1006,false,
48171,SRR3350108,,false,
48172,SRR3350109,18,false,
48173,SRR3350110,367,false,
48174,SRR3350111,22,false,
48175,SRR3350112,,false,
48176,SRR3350113,3353,false,
48177,SRR3350114,3353,false,
48178,SRR3350115,1006,false,
48179,SRR3350116,,false,
48180,SRR3350117,,false,
48181,SRR3350118,367,false,
48182,SRR3350119,,false,
48183,SRR3350120,,false,
48184,SRR3350121,1006,false,
48185,SRR3350122,,false,
48186,SRR3350123,,false,
48187,SRR3350124,1006,false,
48188,SRR3350125,,false,
48189,SRR3350126,,false,
48190,SRR3350127,1006,false,
48191,SRR3350128,,false,
48192,SRR3350129,,false,
48193,SRR3350130,367,false,
48194,SRR3350131,1006,false,
48195,SRR3350132,,false,
48196,SRR3350133,1006,false,
48197,SRR3350134,18,false,
48198,SRR3350135,1006,false,
48199,SRR3350136,22,false,
48200,SRR3350137,367,false,
48201,SRR3350138,22,false,
48202,SRR3350139,,false,
48203,SRR3350140,1006,false,
48204,SRR3350141,,false,
48205,SRR3350142,,false,
48206,SRR3350143,1006,false,
48207,SRR3350144,18,false,
48208,SRR3350145,,false,
48209,SRR3350146,1122,false,
48210,SRR3350147,1006,false,
48211,SRR3350148,,false,
48212,SRR3350149,1006,false,
48213,SRR3350150,,false,
48214,SRR3350151,1006,false,
48215,SRR3350152,,false,
48216,SRR3350153,16,false,
48217,SRR3350154,18,false,
48218,SRR3350155,367,false,
48219,SRR3350156,,false,
48220,SRR3350157,,false,
48221,SRR3350158,16,false,
48222,SRR3350159,1006,false,
48223,SRR3350160,1006,false,
48224,SRR3350161,,false,
48225,SRR3350162,1006,false,
48226,SRR3350163,1006,false,
48227,SRR3350164,18,false,
48228,SRR3350165,1006,false,
48229,SRR3350166,367,false,
48230,SRR3350167,1006,false,
48231,SRR3350168,1006,false,
48232,SRR3350169,,false,
48233,SRR3350170,,false,
48234,SRR3350171,,false,
48235,SRR3350172,1006,false,
48236,SRR3350173,1006,false,
48237,SRR3350174,,false,
48238,SRR3350175,21,false,
48239,SRR3350176,1006,false,
48240,SRR3350177,,false,
48241,SRR3350178,18,false,
48242,SRR3350179,1006,false,
48243,SRR3350180,1560,false,
48244,SRR3350181,1006,false,
48245,SRR3350182,,false,
48246,SRR3350183,18,false,
48247,SRR3350184,1006,false,
48248,SRR3350185,,false,
48249,SRR3350186,16,false,
48250,SRR3350187,,false,
48251,SRR3350188,,false,
48252,SRR3350189,,false,
48253,SRR3350190,,false,
48254,SRR3350191,,false,
48255,SRR3350192,,false,
48256,SRR3350193,,false,
48257,SRR3350194,18,false,
48258,SRR3350195,,false,
48259,SRR3350196,1006,false,
48260,SRR3350197,367,false,
48261,SRR3350198,,false,
48262,SRR3350199,,false,
48263,SRR3350200,,false,
48264,SRR3350201,,false,
48265,SRR3350203,367,false,
48266,SRR3350204,1006,false,
48267,SRR3350205,,false,
48268,SRR3350206,18,false,
48269,SRR3350207,,false,
48270,SRR3350208,,false,
48271,SRR3350209,,false,
48272,SRR3350210,1006,false,
48273,SRR3350211,,false,
48274,SRR3350212,18,false,
48275,SRR3350213,22,false,
48276,SRR3350214,,false,
48277,SRR3350215,1006,false,
48278,SRR3350216,367,false,
48279,SRR3350217,1006,false,
48280,SRR3350218,16,false,
48281,SRR3350219,18,false,
48282,SRR3350220,,false,
48283,SRR3350221,,false,
48284,SRR3350222,1006,false,
48285,SRR3350223,,false,
48286,SRR3350224,,false,
48287,SRR3350225,1122,false,
48288,SRR3350226,,false,
48289,SRR3350227,,false,
48290,SRR3350228,,false,
48291,SRR3350229,,false,
48292,SRR3350230,1006,false,
48293,SRR3350231,,false,
48294,SRR3350232,1006,false,
48295,SRR3350233,367,false,
48296,SRR3350234,367,false,
48297,SRR3350235,1006,false,
48298,SRR3350236,367,false,
48299,SRR3350237,18,false,
48300,SRR3350238,,false,
48301,SRR3350239,,false,
48302,SRR3350240,,false,
48303,SRR3350241,1006,false,
48304,SRR3350242,,false,
48305,SRR3350243,,false,
48306,SRR3350244,,false,
48307,SRR3350245,18,false,
48308,SRR3350246,16,false,
48309,SRR3350247,,false,
48310,SRR3350248,657,false,
48311,SRR3350249,1006,false,
48312,SRR3350250,,false,
48313,SRR3350251,1006,false,
48314,SRR3350252,,false,
48315,SRR3350253,,false,
48316,SRR3350254,,false,
48317,SRR3350255,1006,false,
48318,SRR3350256,,false,
48319,SRR3350257,,false,
48320,SRR3350258,16,false,
48321,SRR3350259,1596,false,
48322,SRR3350260,,false,
48323,SRR3350261,1006,false,
48324,SRR3350262,367,false,
48325,SRR3350263,18,false,
48326,SRR3350264,,false,
48327,SRR3350265,3353,false,
48328,SRR3350266,22,false,
48329,SRR3350267,,false,
48330,SRR3350268,367,false,
48331,SRR3350269,,false,
48332,SRR3350270,,false,
48333,SRR3350271,,false,
48334,SRR3350272,,false,
48335,SRR3350273,367,false,
48336,SRR3350274,,false,
48337,SRR3350275,,false,
48338,SRR3350279,21,false,
48339,SRR3350280,,false,
48340,SRR3350281,,false,
48341,SRR3350282,,false,
48342,SRR3350283,,false,
48343,SRR3350284,,false,
48344,SRR3350285,1596,false,
48345,SRR3350286,1006,false,
48346,SRR3350287,,false,
48347,SRR3357010,,false,
48348,SRR3357011,,false,
48349,SRR3357012,633,false,
48350,SRR3357013,,false,
48351,SRR3357014,367,false,
48352,SRR3357015,,false,
48353,SRR3357016,367,false,
48354,SRR3357017,16,false,
48355,SRR3357018,16,false,
48356,SRR3357019,1006,false,
48357,SRR3357020,1006,false,
48358,SRR3357021,16,false,
48359,SRR3357022,1006,false,
48360,SRR3357023,,false,
48361,SRR3357024,18,false,
48362,SRR3357025,1006,false,
48363,SRR3357026,16,false,
48364,SRR3357027,,false,
48365,SRR3357028,16,false,
48366,SRR3357029,367,false,
48367,SRR3357030,18,false,
48368,SRR3357034,,false,
48369,SRR3357035,1006,false,
48370,SRR3357036,,false,
48371,SRR3357037,1006,false,
48372,SRR3357038,16,false,
48373,SRR3357039,1006,false,
48374,SRR3357040,666,false,
48375,SRR3357041,16,false,
48376,SRR3357047,,false,
48377,SRR3357062,,false,
48378,SRR3357073,,false,
48379,SRR3357074,666,false,
48380,SRR3357075,,false,
48381,SRR3357076,1006,false,
48382,SRR3357077,1006,false,
48383,SRR3357080,,false,
48384,SRR3357094,1006,false,
48385,SRR3357098,16,false,
48386,SRR3357110,16,false,
48387,SRR3357111,,false,
48388,SRR3357112,22,false,
48389,SRR3357113,369,false,
48390,SRR3357114,1006,false,
48391,SRR3357115,16,false,
48392,SRR3357116,16,false,
48393,SRR3357130,,false,
48394,SRR3357131,,false,
48395,SRR3357132,21,false,
48396,SRR3357133,,false,
48397,SRR3357134,666,false,
48398,SRR3357135,,false,
48399,SRR3357136,22,false,
48400,SRR3357137,18,false,
48401,SRR3357138,1006,false,
48402,SRR3357139,21,false,
48403,SRR3357140,367,false,
48404,SRR3357141,,false,
48405,SRR3357142,,false,
48406,SRR3357143,,false,
48407,SRR3357144,666,false,
48408,SRR3357145,,false,
48409,SRR3357146,,false,
48410,SRR3357147,,false,
48411,SRR3357148,16,false,
48412,SRR3357149,657,false,
48413,SRR3357150,,false,
48414,SRR3357151,1006,false,
48415,SRR3357152,,false,
48416,SRR3357153,1006,false,
48417,SRR3357155,369,false,
48418,SRR3357156,1006,false,
48419,SRR3357157,16,false,
48420,SRR3357158,,false,
48421,SRR3357159,,false,
48422,SRR3357160,1006,false,
48423,SRR3357161,,false,
48424,SRR3357162,,false,
48425,SRR3357163,1006,false,
48426,SRR3357164,,false,
48427,SRR3357165,,false,
48428,SRR3357166,16,false,
48429,SRR3357167,678,false,
48430,SRR3357168,,false,
48431,SRR3357169,21,false,
48432,SRR3357170,18,false,
48433,SRR3357171,,false,
48434,SRR3357172,16,false,
48435,SRR3357173,16,false,
48436,SRR3357174,1006,false,
48437,SRR3357175,16,false,
48438,SRR3357176,16,false,
48439,SRR3357177,,false,
48440,SRR3357178,,false,
48441,SRR3357179,,false,
48442,SRR3357180,,false,
48443,SRR3357181,16,false,
48444,SRR3357182,1006,false,
48445,SRR3357183,,false,
48446,SRR3357184,,false,
48447,SRR3357185,,false,
48448,SRR3357186,,false,
48449,SRR3357187,,false,
48450,SRR3357188,,false,
48451,SRR3357189,,false,
48452,SRR3357190,21,false,
48453,SRR3357191,16,false,
48454,SRR3357192,16,false,
48455,SRR3357193,666,false,
48456,SRR3357194,,false,
48457,SRR3357195,,false,
48458,SRR3357196,,false,
48459,SRR3357197,,false,
48460,SRR3357198,,false,
48461,SRR3357199,367,false,
48462,SRR3357200,666,false,
48463,SRR3357201,23,false,
48464,SRR3357202,16,false,
48465,SRR3357203,16,false,
48466,SRR3357204,1006,false,
48467,SRR3357215,,false,
48468,SRR3357229,18,false,
48469,SRR3357241,,false,
48470,SRR3357242,1006,false,
48471,SRR3357243,,false,
48472,SRR3357244,367,false,
48473,SRR3357245,,false,
48474,SRR3357246,22,false,
48475,SRR3357247,,false,
48476,SRR3357248,16,false,
48477,SRR3357249,1006,false,
48478,SRR3357250,1006,false,
48479,SRR3357251,,false,
48480,SRR3357252,16,false,
48481,SRR3357253,,false,
48482,SRR3357254,1006,false,
48483,SRR3357255,1006,false,
48484,SRR3357256,1006,false,
48485,SRR3357257,1006,false,
48486,SRR3357258,,false,
48487,SRR3357259,,false,
48488,SRR3357260,22,false,
48489,SRR3357261,1006,false,
48490,SRR3357262,,false,
48491,SRR3357263,378,false,
48492,SRR3357264,1006,false,
48493,SRR3357265,16,false,
48494,SRR3357266,1006,false,
48495,SRR3357267,16,false,
48496,SRR3357268,1006,false,
48497,SRR3357269,16,false,
48498,SRR3357270,16,false,
48499,SRR3357271,1006,false,
48500,SRR3357272,,false,
48501,SRR3357273,1597,false,
48502,SRR3357274,16,false,
48503,SRR3357275,1006,false,
48504,SRR3357276,,false,
48505,SRR3357277,16,false,
48506,SRR3357278,1006,false,
48507,SRR3357279,626,false,
48508,SRR3357280,22,false,
48509,SRR3357281,16,false,
48510,SRR3357283,,false,
48511,SRR3357284,,false,
48512,SRR3357285,1006,false,
48513,SRR3357286,369,false,
48514,SRR3357287,,false,
48515,SRR3357288,16,false,
48516,SRR3357289,,false,
48517,SRR3357290,,false,
48518,SRR3357291,,false,
48519,SRR3357304,1006,false,
48520,SRR3357305,369,false,
48521,SRR3357306,,false,
48522,SRR3357307,,false,
48523,SRR3357308,,false,
48524,SRR3357309,16,false,
48525,SRR3357310,1006,false,
48526,SRR3357311,,false,
48527,SRR3357312,16,false,
48528,SRR3357313,,false,
48529,SRR3357314,21,false,
48530,SRR3357315,16,false,
48531,SRR3357316,1006,false,
48532,SRR3357317,,false,
48533,SRR3357318,1006,false,
48534,SRR3357331,1006,false,
48535,SRR3357344,,false,
48536,SRR3357349,,false,
48537,SRR3357350,,false,
48538,SRR3357351,1006,false,
48539,SRR3357352,1006,false,
48540,SRR3357353,,false,
48541,SRR3357354,18,false,
48542,SRR3357355,367,false,
48543,SRR3357356,,false,
48544,SRR3357357,,false,
48545,SRR3357358,1006,false,
48546,SRR3357359,1006,false,
48547,SRR3360286,,false,
48548,SRR3360287,,false,
48549,SRR3360288,,false,
48550,SRR3360289,,false,
48551,SRR3360290,,false,
48552,SRR3360291,,false,
48553,SRR3360292,,false,
48554,SRR3360293,,false,
48555,SRR3360294,,false,
48556,SRR3360295,,false,
48557,SRR3360296,,false,
48558,SRR3360297,,false,
48559,SRR3360298,,false,
48560,SRR3360299,,false,
48561,SRR3360300,,false,
48562,SRR3360301,,false,
48563,SRR3360302,22,false,
48564,SRR3360303,,false,
48565,SRR3360304,,false,
48566,SRR3360305,,false,
48567,SRR3360306,,false,
48568,SRR3360307,,false,
48569,SRR3360308,,false,
48570,SRR3360309,,false,
48571,SRR3360310,22,false,
48572,SRR3360311,,false,
48573,SRR3360312,16,false,
48574,SRR3360313,,false,
48575,SRR3360314,,false,
48576,SRR3360315,,false,
48577,SRR3360316,22,false,
48578,SRR3360317,,false,
48579,SRR3360318,,false,
48580,SRR3360319,,false,
48581,SRR3360320,,false,
48582,SRR3360321,,false,
48583,SRR3360322,,false,
48584,SRR3360323,22,false,
48585,SRR3360324,,false,
48586,SRR3360325,,false,
48587,SRR3360326,,false,
48588,SRR3360327,,false,
48589,SRR3360328,,false,
48590,SRR3360329,,false,
48591,SRR3360330,,false,
48592,SRR3360331,,false,
48593,SRR3360332,,false,
48594,SRR3360333,,false,
48595,SRR3360334,,false,
48596,SRR3360335,,false,
48597,SRR3360336,,false,
48598,SRR3360337,,false,
48599,SRR3360338,,false,
48600,SRR3360339,,false,
48601,SRR3360340,,false,
48602,SRR3360341,,false,
48603,SRR3360342,,false,
48604,SRR3360343,,false,
48605,SRR3360344,,false,
48606,SRR3360345,,false,
48607,SRR3360346,,false,
48608,SRR3360347,,false,
48609,SRR3360348,,false,
48610,SRR3360349,,false,
48611,SRR3360350,,false,
48612,SRR3360351,,false,
48613,SRR3360352,,false,
48614,SRR3360353,,false,
48615,SRR3360354,,false,
48616,SRR3360355,,false,
48617,SRR3360356,,false,
48618,SRR3360357,,false,
48619,SRR3360605,21,false,
48620,SRR3360606,,false,
48621,SRR3360607,21,false,
48622,SRR3360608,22,false,
48623,SRR3360609,369,false,
48624,SRR3360610,16,false,
48625,SRR3360611,369,false,
48626,SRR3360612,16,false,
48627,SRR3360613,636,false,
48628,SRR3360614,18,false,
48629,SRR3360615,18,false,
48630,SRR3360616,16,false,
48631,SRR3360617,16,false,
48632,SRR3360618,16,false,
48633,SRR3360619,16,false,
48634,SRR3360620,,false,
48635,SRR3360621,1006,false,
48636,SRR3360622,16,false,
48637,SRR3360623,,false,
48638,SRR3360624,18,false,
48639,SRR3360625,18,false,
48640,SRR3360626,,false,
48641,SRR3360627,16,false,
48642,SRR3360628,16,false,
48643,SRR3360629,18,false,
48644,SRR3360630,367,false,
48645,SRR3360631,,false,
48646,SRR3360632,16,false,
48647,SRR3360633,16,false,
48648,SRR3360634,18,false,
48649,SRR3360635,,false,
48650,SRR3360636,1122,false,
48651,SRR3360637,18,false,
48652,SRR3360638,369,false,
48653,SRR3360639,,false,
48654,SRR3360640,1598,false,
48655,SRR3360641,18,false,
48656,SRR3360642,1006,false,
48657,SRR3360643,367,false,
48658,SRR3360644,18,false,
48659,SRR3360645,16,false,
48660,SRR3360646,16,false,
48661,SRR3360647,378,false,
48662,SRR3360648,16,false,
48663,SRR3360649,21,false,
48664,SRR3360650,1006,false,
48665,SRR3360651,18,false,
48666,SRR3360652,367,false,
48667,SRR3360653,18,false,
48668,SRR3360654,22,false,
48669,SRR3360655,,false,
48670,SRR3360656,,false,
48671,SRR3360657,16,false,
48672,SRR3360658,16,false,
48673,SRR3360659,16,false,
48674,SRR3360660,,false,
48675,SRR3360661,666,false,
48676,SRR3360662,636,false,
48677,SRR3360663,626,false,
48678,SRR3360664,21,false,
48679,SRR3360665,1599,false,
48680,SRR3360666,,false,
48681,SRR3360667,18,false,
48682,SRR3360668,627,false,
48683,SRR3360669,369,false,
48684,SRR3360670,369,false,
48685,SRR3360671,21,false,
48686,SRR3360672,18,false,
48687,SRR3360673,,false,
48688,SRR3360674,16,false,
48689,SRR3360675,21,false,
48690,SRR3360676,,false,
48691,SRR3360677,22,false,
48692,SRR3360678,18,false,
48693,SRR3360679,666,false,
48694,SRR3360680,18,false,
48695,SRR3360681,,false,
48696,SRR3360682,,false,
48697,SRR3360683,627,false,
48698,SRR3360684,16,false,
48699,SRR3360685,367,false,
48700,SRR3360686,16,false,
48701,SRR3360687,22,false,
48702,SRR3360688,18,false,
48703,SRR3360689,1006,false,
48704,SRR3360690,666,false,
48705,SRR3360691,18,false,
48706,SRR3360692,367,false,
48707,SRR3360693,16,false,
48708,SRR3360694,21,false,
48709,SRR3360695,1006,false,
48710,SRR3360696,666,false,
48711,SRR3360697,18,false,
48712,SRR3360698,18,false,
48713,SRR3360699,,false,
48714,SRR3360700,21,false,
48715,SRR3360701,369,false,
48716,SRR3360702,16,false,
48717,SRR3360703,1600,false,
48718,SRR3360704,21,false,
48719,SRR3360705,,false,
48720,SRR3360706,1006,false,
48721,SRR3360707,16,false,
48722,SRR3360708,18,false,
48723,SRR3360709,16,false,
48724,SRR3360710,1006,false,
48725,SRR3360711,16,false,
48726,SRR3360712,16,false,
48727,SRR3360713,367,false,
48728,SRR3360714,16,false,
48729,SRR3360715,627,false,
48730,SRR3360716,21,false,
48731,SRR3360717,18,false,
48732,SRR3360718,16,false,
48733,SRR3360719,16,false,
48734,SRR3360720,21,false,
48735,SRR3360721,18,false,
48736,SRR3360722,627,false,
48737,SRR3360723,16,false,
48738,SRR3360724,,false,
48739,SRR3360725,636,false,
48740,SRR3360726,367,false,
48741,SRR3360727,,false,
48742,SRR3360728,16,false,
48743,SRR3360729,22,false,
48744,SRR3360730,367,false,
48745,SRR3360731,16,false,
48746,SRR3360732,,false,
48747,SRR3360733,16,false,
48748,SRR3360734,636,false,
48749,SRR3360735,1599,false,
48750,SRR3360736,18,false,
48751,SRR3360737,22,false,
48752,SRR3360738,16,false,
48753,SRR3360739,,false,
48754,SRR3360740,1601,false,
48755,SRR3360741,,false,
48756,SRR3360743,16,false,
48757,SRR3360744,,false,
48758,SRR3360745,1006,false,
48759,SRR3360746,1006,false,
48760,SRR3360747,367,false,
48761,SRR3360748,16,false,
48762,SRR3360749,633,false,
48763,SRR3360750,18,false,
48764,SRR3360751,,false,
48765,SRR3360752,16,false,
48766,SRR3360753,16,false,
48767,SRR3360754,,false,
48768,SRR3360755,16,false,
48769,SRR3360766,626,false,
48770,SRR3360768,,false,
48771,SRR3360769,,false,
48772,SRR3360770,1006,false,
48773,SRR3360771,367,false,
48774,SRR3360772,18,false,
48775,SRR3360773,167,false,
48776,SRR3360774,18,false,
48777,SRR3360787,18,false,
48778,SRR3360800,1006,false,
48779,SRR3360806,16,false,
48780,SRR3360808,1006,false,
48781,SRR3360809,367,false,
48782,SRR3360810,18,false,
48783,SRR3360811,626,false,
48784,SRR3360812,22,false,
48785,SRR3360813,21,false,
48786,SRR3360818,22,false,
48787,SRR3360819,,false,
48788,SRR3360820,,false,
48789,SRR3360821,640,false,
48790,SRR3360822,627,false,
48791,SRR3360823,22,false,
48792,SRR3360824,367,false,
48793,SRR3360825,21,false,
48794,SRR3360826,,false,
48795,SRR3360827,626,false,
48796,SRR3360828,16,false,
48797,SRR3360829,367,false,
48798,SRR3360830,18,false,
48799,SRR3360831,367,false,
48800,SRR3360832,367,false,
48801,SRR3360833,16,false,
48802,SRR3360834,1006,false,
48803,SRR3360835,18,false,
48804,SRR3360836,636,false,
48805,SRR3360837,628,false,
48806,SRR3360838,843,false,
48807,SRR3360839,22,false,
48808,SRR3360840,1006,false,
48809,SRR3360841,1006,false,
48810,SRR3360842,18,false,
48811,SRR3360843,367,false,
48812,SRR3360844,1006,false,
48813,SRR3360845,666,false,
48814,SRR3360846,18,false,
48815,SRR3360847,18,false,
48816,SRR3360848,18,false,
48817,SRR3360849,22,false,
48818,SRR3360850,1006,false,
48819,SRR3360851,16,false,
48820,SRR3360852,18,false,
48821,SRR3360853,,false,
48822,SRR3360854,22,false,
48823,SRR3360855,,false,
48824,SRR3360856,16,false,
48825,SRR3360857,18,false,
48826,SRR3360858,375,false,
48827,SRR3360859,1006,false,
48828,SRR3360860,18,false,
48829,SRR3360861,18,false,
48830,SRR3360862,,false,
48831,SRR3360863,1006,false,
48832,SRR3360864,367,false,
48833,SRR3360865,18,false,
48834,SRR3360866,21,false,
48835,SRR3360867,18,false,
48836,SRR3360868,1006,false,
48837,SRR3360869,18,false,
48838,SRR3360870,16,false,
48839,SRR3360871,16,false,
48840,SRR3360872,22,false,
48841,SRR3360873,1006,false,
48842,SRR3360874,367,false,
48843,SRR3360875,18,false,
48844,SRR3360876,636,false,
48845,SRR3360877,22,false,
48846,SRR3360878,1006,false,
48847,SRR3360879,1006,false,
48848,SRR3360880,22,false,
48849,SRR3360881,18,false,
48850,SRR3360882,844,false,
48851,SRR3360883,657,false,
48852,SRR3360884,21,false,
48853,SRR3360885,16,false,
48854,SRR3360886,,false,
48855,SRR3360887,1006,false,
48856,SRR3360888,18,false,
48857,SRR3360889,16,false,
48858,SRR3360890,,false,
48859,SRR3360891,16,false,
48860,SRR3360892,1006,false,
48861,SRR3360893,18,false,
48862,SRR3360894,1006,false,
48863,SRR3360895,627,false,
48864,SRR3360896,22,false,
48865,SRR3360897,,false,
48866,SRR3360898,23,false,
48867,SRR3360899,367,false,
48868,SRR3360900,21,false,
48869,SRR3360902,16,false,
48870,SRR3360903,22,false,
48871,SRR3360904,633,false,
48872,SRR3360905,1006,false,
48873,SRR3360906,367,false,
48874,SRR3360907,16,false,
48875,SRR3360908,369,false,
48876,SRR3360909,,false,
48877,SRR3360910,636,false,
48878,SRR3360911,22,false,
48879,SRR3360912,,false,
48880,SRR3360913,636,false,
48881,SRR3360914,1006,false,
48882,SRR3360915,1602,false,
48883,SRR3360916,375,false,
48884,SRR3360917,18,false,
48885,SRR3360918,22,false,
48886,SRR3360919,367,false,
48887,SRR3360920,1006,false,
48888,SRR3360921,636,false,
48889,SRR3360922,367,false,
48890,SRR3360923,1006,false,
48891,SRR3360924,,false,
48892,SRR3360925,1006,false,
48893,SRR3360926,18,false,
48894,SRR3360927,16,false,
48895,SRR3360929,18,false,
48896,SRR3360930,21,false,
48897,SRR3360931,640,false,
48898,SRR3360932,18,false,
48899,SRR3360933,1006,false,
48900,SRR3360934,375,false,
48901,SRR3360935,16,false,
48902,SRR3360936,22,false,
48903,SRR3360937,18,false,
48904,SRR3360938,654,false,
48905,SRR3360939,678,false,
48906,SRR3360940,18,false,
48907,SRR3360941,22,false,
48908,SRR3360942,367,false,
48909,SRR3360943,626,false,
48910,SRR3360944,16,false,
48911,SRR3360945,641,false,
48912,SRR3360946,367,false,
48913,SRR3360947,626,false,
48914,SRR3360948,21,false,
48915,SRR3360949,21,false,
48916,SRR3360950,367,false,
48917,SRR3360951,16,false,
48918,SRR3360952,,false,
48919,SRR3360953,367,false,
48920,SRR3360954,367,false,
48921,SRR3360956,,false,
48922,SRR3360957,18,false,
48923,SRR3360958,628,false,
48924,SRR3360959,22,false,
48925,SRR3360960,1006,false,
48926,SRR3360961,367,false,
48927,SRR3360962,1006,false,
48928,SRR3360963,18,false,
48929,SRR3360964,367,false,
48930,SRR3360965,1006,false,
48931,SRR3360966,367,false,
48932,SRR3360967,22,false,
48933,SRR3360968,636,false,
48934,SRR3360969,367,false,
48935,SRR3360970,18,false,
48936,SRR3360971,657,false,
48937,SRR3360972,22,false,
48938,SRR3360973,666,false,
48939,SRR3360974,1006,false,
48940,SRR3360975,1006,false,
48941,SRR3360976,18,false,
48942,SRR3360977,18,false,
48943,SRR3360978,18,false,
48944,SRR3360979,367,false,
48945,SRR3360980,18,false,
48946,SRR3360981,,false,
48947,SRR3360982,827,false,
48948,SRR3360983,18,false,
48949,SRR3360984,18,false,
48950,SRR3360985,627,false,
48951,SRR3360986,666,false,
48952,SRR3360987,1006,false,
48953,SRR3360988,1603,false,
48954,SRR3360989,1006,false,
48955,SRR3360990,18,false,
48956,SRR3360991,22,false,
48957,SRR3360992,1599,false,
48958,SRR3360993,367,false,
48959,SRR3360994,367,false,
48960,SRR3360995,1006,false,
48961,SRR3360996,16,false,
48962,SRR3360997,167,false,
48963,SRR3360998,16,false,
48964,SRR3360999,1006,false,
48965,SRR3361000,636,false,
48966,SRR3361001,16,false,
48967,SRR3361002,21,false,
48968,SRR3361003,367,false,
48969,SRR3361011,167,false,
48970,SRR3361012,1006,false,
48971,SRR3361021,1006,false,
48972,SRR3361022,367,false,
48973,SRR3361023,18,false,
48974,SRR3361024,21,false,
48975,SRR3361025,657,false,
48976,SRR3361026,1006,false,
48977,SRR3361027,1006,false,
48978,SRR3361029,367,false,
48979,SRR3361031,678,false,
48980,SRR3361044,1006,false,
48981,SRR3361056,16,false,
48982,SRR3361070,21,false,
48983,SRR3361071,1006,false,
48984,SRR3361072,1006,false,
48985,SRR3361073,1006,false,
48986,SRR3361074,18,false,
48987,SRR3361075,1006,false,
48988,SRR3361083,18,false,
48989,SRR3361096,678,false,
48990,SRR3361098,1006,false,
48991,SRR3361099,18,false,
48992,SRR3361100,21,false,
48993,SRR3361101,1006,false,
48994,SRR3361102,1006,false,
48995,SRR3361103,21,false,
48996,SRR3361104,21,false,
48997,SRR3361105,378,false,
48998,SRR3361108,1006,false,
48999,SRR3361109,18,false,
49000,SRR3361110,1006,false,
49001,SRR3361111,21,false,
49002,SRR3361112,16,false,
49003,SRR3361113,18,false,
49004,SRR3361114,18,false,
49005,SRR3361115,657,false,
49006,SRR3361116,18,false,
49007,SRR3361118,1006,false,
49008,SRR3361119,367,false,
49009,SRR3361120,678,false,
49010,SRR3361121,1006,false,
49011,SRR3361122,1006,false,
49012,SRR3361123,1006,false,
49013,SRR3361124,1006,false,
49014,SRR3361125,18,false,
49015,SRR3361126,21,false,
49016,SRR3361128,21,false,
49017,SRR3361129,18,false,
49018,SRR3361130,1006,false,
49019,SRR3361131,369,false,
49020,SRR3361132,1006,false,
49021,SRR3361133,367,false,
49022,SRR3361134,1006,false,
49023,SRR3361135,21,false,
49024,SRR3361136,367,false,
49025,SRR3361137,1006,false,
49026,SRR3361138,16,false,
49027,SRR3361139,22,false,
49028,SRR3361140,1006,false,
49029,SRR3361141,16,false,
49030,SRR3361142,1006,false,
49031,SRR3361143,367,false,
49032,SRR3361144,367,false,
49033,SRR3361145,16,false,
49034,SRR3361146,367,false,
49035,SRR3361147,1006,false,
49036,SRR3361148,1006,false,
49037,SRR3361149,378,false,
49038,SRR3361150,21,false,
49039,SRR3361151,657,false,
49040,SRR3361152,1006,false,
49041,SRR3361154,378,false,
49042,SRR3361155,18,false,
49043,SRR3361156,16,false,
49044,SRR3361157,18,false,
49045,SRR3361158,1006,false,
49046,SRR3361159,16,false,
49047,SRR3361160,21,false,
49048,SRR3361161,1006,false,
49049,SRR3361162,22,false,
49050,SRR3361163,367,false,
49051,SRR3361164,1006,false,
49052,SRR3361165,1006,false,
49053,SRR3361166,678,false,
49054,SRR3361167,1006,false,
49055,SRR3361168,21,false,
49056,SRR3361169,1006,false,
49057,SRR3361170,22,false,
49058,SRR3361171,16,false,
49059,SRR3361172,16,false,
49060,SRR3361173,1006,false,
49061,SRR3361174,22,false,
49062,SRR3361175,367,false,
49063,SRR3361176,367,false,
49064,SRR3361177,1006,false,
49065,SRR3361178,1006,false,
49066,SRR3361179,1006,false,
49067,SRR3361180,18,false,
49068,SRR3361181,1006,false,
49069,SRR3361204,378,false,
49070,SRR3361205,1006,false,
49071,SRR3361206,22,false,
49072,SRR3361207,1006,false,
49073,SRR3361208,1006,false,
49074,SRR3361209,1006,false,
49075,SRR3361210,1006,false,
49076,SRR3361211,1006,false,
49077,SRR3361212,18,false,
49078,SRR3361213,21,false,
49079,SRR3361214,1006,false,
49080,SRR3361215,367,false,
49081,SRR3361216,1006,false,
49082,SRR3361217,1006,false,
49083,SRR3361218,16,false,
49084,SRR3361219,22,false,
49085,SRR3361220,16,false,
49086,SRR3361221,22,false,
49087,SRR3361222,16,false,
49088,SRR3361223,18,false,
49089,SRR3361224,367,false,
49090,SRR3361225,666,false,
49091,SRR3361226,666,false,
49092,SRR3361227,1006,false,
49093,SRR3361228,1006,false,
49094,SRR3361229,367,false,
49095,SRR3361230,22,false,
49096,SRR3361231,666,false,
49097,SRR3361232,21,false,
49098,SRR3361233,18,false,
49099,SRR3361234,1006,false,
49100,SRR3361235,,false,
49101,SRR3361236,1006,false,
49102,SRR3361237,18,false,
49103,SRR3361238,378,false,
49104,SRR3361239,678,false,
49105,SRR3361240,367,false,
49106,SRR3361241,21,false,
49107,SRR3361242,18,false,
49108,SRR3361243,367,false,
49109,SRR3361244,627,false,
49110,SRR3361245,367,false,
49111,SRR3361246,1006,false,
49112,SRR3361247,18,false,
49113,SRR3361248,21,false,
49114,SRR3361249,627,false,
49115,SRR3361250,367,false,
49116,SRR3361251,367,false,
49117,SRR3361252,21,false,
49118,SRR3361253,367,false,
49119,SRR3361254,367,false,
49120,SRR3361255,18,false,
49121,SRR3361256,1006,false,
49122,SRR3361257,367,false,
49123,SRR3361258,1122,false,
49124,SRR3361259,367,false,
49125,SRR3361260,367,false,
49126,SRR3361261,666,false,
49127,SRR3361262,18,false,
49128,SRR3361263,367,false,
49129,SRR3361264,1006,false,
49130,SRR3361265,367,false,
49131,SRR3361266,1006,false,
49132,SRR3361267,,false,
49133,SRR3361268,1006,false,
49134,SRR3361269,21,false,
49135,SRR3361270,367,false,
49136,SRR3361271,1006,false,
49137,SRR3361272,1006,false,
49138,SRR3361273,367,false,
49139,SRR3361274,1006,false,
49140,SRR3361275,1006,false,
49141,SRR3361276,1006,false,
49142,SRR3361277,1006,false,
49143,SRR3361278,1006,false,
49144,SRR3361279,21,false,
49145,SRR3361280,16,false,
49146,SRR3361281,1006,false,
49147,SRR3361282,1006,false,
49148,SRR3361283,367,false,
49149,SRR3361284,666,false,
49150,SRR3361285,1006,false,
49151,SRR3361286,22,false,
49152,SRR3361287,,false,
49153,SRR3361288,367,false,
49154,SRR3361289,,false,
49155,SRR3361290,1006,false,
49156,SRR3361291,18,false,
49157,SRR3361292,1006,false,
49158,SRR3361293,21,false,
49159,SRR3361294,18,false,
49160,SRR3361295,21,false,
49161,SRR3361296,1006,false,
49162,SRR3361297,1006,false,
49163,SRR3361298,18,false,
49164,SRR3361299,367,false,
49165,SRR3361300,367,false,
49166,SRR3361301,16,false,
49167,SRR3361302,367,false,
49168,SRR3361303,,false,
49169,SRR3361307,18,false,
49170,SRR3361308,22,false,
49171,SRR3361309,,false,
49172,SRR3361310,16,false,
49173,SRR3361311,16,false,
49174,SRR3361312,16,false,
49175,SRR3361313,22,false,
49176,SRR3361314,21,false,
49177,SRR3361315,633,false,
49178,SRR3361316,367,false,
49179,SRR3361317,21,false,
49180,SRR3361318,22,false,
49181,SRR3361319,18,false,
49182,SRR3361320,,false,
49183,SRR3361321,16,false,
49184,SRR3361322,18,false,
49185,SRR3361323,,false,
49186,SRR3361324,21,false,
49187,SRR3361325,16,false,
49188,SRR3361326,1604,false,
49189,SRR3361327,,false,
49190,SRR3361328,633,false,
49191,SRR3361329,16,false,
49192,SRR3361331,,false,
49193,SRR3361332,18,false,
49194,SRR3361333,167,false,
49195,SRR3361334,,false,
49196,SRR3361335,,false,
49197,SRR3361336,21,false,
49198,SRR3361337,16,false,
49199,SRR3361338,18,false,
49200,SRR3361339,,false,
49201,SRR3361340,369,false,
49202,SRR3361341,18,false,
49203,SRR3361342,16,false,
49204,SRR3361343,627,false,
49205,SRR3361344,16,false,
49206,SRR3361345,627,false,
49207,SRR3361346,18,false,
49208,SRR3361347,16,false,
49209,SRR3361348,16,false,
49210,SRR3361349,367,false,
49211,SRR3361350,,false,
49212,SRR3361351,21,false,
49213,SRR3361352,16,false,
49214,SRR3361353,369,false,
49215,SRR3361354,16,false,
49216,SRR3361355,,false,
49217,SRR3361356,16,false,
49218,SRR3361357,367,false,
49219,NML100,1605,false,
49220,NML175,1606,false,
49221,NML097,1607,false,
49222,NML186,93,false,
49223,NML290,1608,false,
49224,NML156,93,false,
49225,NML298,93,false,
49226,NML253,93,false,
49227,NML072,93,false,
49228,NML127,93,false,
49229,NML155,1609,false,
49230,NML049,93,false,
49231,NML092,1610,false,
49232,NML159,1583,false,
49233,NML046,93,false,
49234,NML111,93,false,
49235,NML197,93,false,
49236,NML087,1611,false,
49237,NML099,1612,false,
49238,NML088,93,false,
49249,LNP28768,1,false,
49250,LNP28769,424,false,
49253,LNP28772abd,1,false,
49255,LNP28777,1,false,
49258,LNP28378,1614,false,
49259,LNP28180,,false,
49260,M38076,1,false,
49261,2846,2,false,
49262,M38981,67,false,
49263,M38768,141,false,
49264,M38719,57,false,
49265,M37056,407,false,
49266,M37052,49,false,
49267,M29353,77,false,
49269,16-463,3,false,
49271,NM3,24,false,
49272,NM4,24,false,
49273,CA40003,62,false,
49274,Nmiss2821,1,false,
49275,Nmiss2824,257,false,
49276,Nmiss2838,2,false,
49277,Nmiss2839,257,false,
49278,Nmiss2841,2,false,
49279,Nmiss2842,2,false,
49280,Nmiss2844,2,false,
49281,Nmiss2845,257,false,
49282,Viet_94,,false,
49283,Viet_108,,false,
49284,Viet_25,,false,
49285,Viet_74,,false,
49286,Viet_36,,false,
49287,2016-122,,false,
49288,107539,68,false,
49294,M-052-13,,false,
49297,LNP28786,1535,false,
49303,LNP28792abd,1,false,
49304,LNP28793,1,false,
49307,LNP28796at,1,false,
49313,LNP28802,1753,false,
49318,27920,,false,
49319,29954,,false,
49320,32849,,false,
49321,32919,,false,
49322,33232,,false,
49323,33244,,false,
49324,33392,,false,
49325,33467,,false,
49326,33892,,false,
49327,34208,,false,
49328,34651,,false,
49329,35332,,false,
49330,35333,,false,
49331,35352,,false,
49332,38743,,false,
49333,40854,,false,
49334,43317,,false,
49335,030-24,223,false,
49336,014-24,224,false,
49337,09002S1,226,false,
49338,8206,227,false,
49339,15883,173,false,
49341,CCUG 346 T,235,false,
49342,CCUG 5746,186,false,
49343,CCUG 25879,177,false,
49344,CCUG 27178 A,381,false,
49346,CCUG 4788,182,false,
49347,CCUG 29761,179,false,
49348,CCUG 17913 T,172,false,
49349,CCUG 806,172,false,
49350,CCUG 28662,236,false,
49351,CCUG 41451 T,,false,
49352,CCUG 12106,170,false,
49353,CCUG 7826,135,false,
49354,CCUG 32036,,false,
49355,CCUG 32112,,false,
49356,CCUG 18031,98,false,
49357,CCUG 24845,193,false,
49358,CCUG 24846,175,false,
49359,CCUG 27182,178,false,
49360,CCUG 431,237,false,
49361,CCUG 24847,176,false,
49362,CCUG 24918,1811,false,
49363,CCUG 23930 T,174,false,
49364,CCUG 800,187,false,
49365,CCUG 801,187,false,
49366,CCUG 24960,174,false,
49367,CCUG 25198,,false,
49369,2007461,738,false,
49370,2016-102,,false,
49371,M38620,49,false,
49372,M40929,150,false,
49373,SK114,,false,
49374,3003,,false,
49376,CA40020,349,false,
49377,CA40030,62,false,
49378,CA40036,62,false,
49379,CA40041,45,false,
49380,CA40046,349,false,
49381,CA40049,65,false,
49382,CA40055,9,false,
49383,CA40059,49,false,
49384,CA40063,97,false,
49385,CA40067,95,false,
49386,CA40069,65,false,
49387,CA40074,349,false,
49388,CA40075,62,false,
49390,CA40097,49,false,
49391,CA40098,1,false,
49392,CA40111,349,false,
49393,CA40114,87,false,
49394,CA40117,1619,false,
49395,CA40118,45,false,
49396,CA40129,1194,false,
49398,CA40155,65,false,
49400,CA40172,104,false,
49402,CA40181,1204,false,
49404,CA40197,77,false,
49405,CA40198,65,false,
49406,CA40206,95,false,
49407,CA40208,141,false,
49408,CA40219,1345,false,
49409,CA40221,45,false,
49410,CA40250,1345,false,
49411,CA40259,104,false,
49412,CA40303,1504,false,
49413,CA40316,97,false,
49414,CA40342,,false,
49415,CA40352,339,false,
49416,CA40356,93,false,
49417,CA40360,45,false,
49418,CA40375,1345,false,
49419,CA40406,259,false,
49420,CA40412,62,false,
49421,CA40432,42,false,
49422,CA40476,120,false,
49423,CA40489,62,false,
49424,CA40507,305,false,
49425,CA40524,62,false,
49426,CA40526,120,false,
49427,CA40533,349,false,
49428,CA40541,62,false,
49429,CA40552,87,false,
49430,CA40553,87,false,
49431,CA40578,1620,false,
49432,CA40583,292,false,
49433,CA40584,62,false,
49434,CA40591,1621,false,
49435,CA40596,259,false,
49436,CA40605,65,false,
49437,CA40619,1204,false,
49438,CA40656,45,false,
49440,CA40706,259,false,
49441,CA40742,,false,
49442,CA40746,65,false,
49443,CA40748,62,false,
49444,CA40755,1622,false,
49445,CA40757,1623,false,
49446,CA40759,65,false,
49447,CA40769,141,false,
49448,CA40795,141,false,
49449,CA40796,97,false,
49450,CA40800,87,false,
49451,CA40808,97,false,
49452,CA40820,33,false,
49453,CA40833,292,false,
49454,CA40839,1345,false,
49455,CA40840,1624,false,
49456,CA40848,45,false,
49457,CA40849,97,false,
49458,CA40852,96,false,
49460,CA40862,102,false,
49461,CA40868,65,false,
49462,CA40875,141,false,
49463,CA40881,97,false,
49464,CA40883,97,false,
49465,CA40890,1489,false,
49466,CA40895,3,false,
49467,CA40946,62,false,
49468,CA40947,62,false,
49471,CA40956,259,false,
49472,CA40974,62,false,
49473,CA40979,62,false,
49474,CA41013,65,false,
49475,CA41014,1625,false,
49476,CA41016,345,false,
49477,CA41029,65,false,
49478,CA41036,1626,false,
49479,CA41041,120,false,
49480,CA41127,13,false,
49481,CA41144,292,false,
49482,CA41147,65,false,
49483,CA41154,1627,false,
49484,CA41161,1,false,
49485,CA41166,407,false,
49486,CA41174,259,false,
49487,CA41187,65,false,
49488,CA41188,77,false,
49489,CA41220,97,false,
49490,CA41229,305,false,
49491,CA41259,259,false,
49492,CA41277,1,false,
49493,CA41280,77,false,
49495,CA41316,259,false,
49496,CA41329,62,false,
49497,CA41346,87,false,
49498,CA41347,97,false,
49499,CA41369,250,false,
49500,CA41382,1484,false,
49501,CA41412,1628,false,
49502,CA41429,24,false,
49503,CA41451,62,false,
49504,CA41453,150,false,
49505,CA41456,65,false,
49506,CA41472,97,false,
49507,CA41475,,false,
49508,CA41506,62,false,
49509,CA41510,148,false,
49511,CA41520,97,false,
49512,CA41573,97,false,
49513,CA41583,62,false,
49514,CA41592,150,false,
49515,CA41615,1629,false,
49516,CA41620,1630,false,
49517,CA41628,339,false,
49518,CA41632,400,false,
49519,CA41636,211,false,
49520,CA41653,62,false,
49521,CA41689,120,false,
49522,CA41703,822,false,
49523,CA41704,97,false,
49524,CA41718,1739,false,
49525,CA41725,259,false,
49526,CA41727,97,false,
49527,CA41748,97,false,
49529,CA41772,49,false,
49530,CA41789,62,false,
49531,CA41792,259,false,
49532,CA41793,1631,false,
49534,CA41834,68,false,
49535,CA41844,97,false,
49536,CA41850,1,false,
49537,CA41858,305,false,
49538,CA41860,,false,
49539,CA41862,65,false,
49540,CA41865,1,false,
49541,CA41874,1310,false,
49542,CA41884,211,false,
49543,CA41893,62,false,
49544,CA41900,148,false,
49545,CA41902,65,false,
49546,CA41921,349,false,
49547,CA41952,57,false,
49548,CA41956,62,false,
49549,CA41958,1625,false,
49550,CA41960,97,false,
49551,CA41966,259,false,
49552,CA41967,148,false,
49553,CA41969,62,false,
49554,CA41992,349,false,
49555,CA41993,57,false,
49556,CA41997,250,false,
49557,CA42058,65,false,
49558,CA42061,535,false,
49559,CA42071,24,false,
49561,CA42151,65,false,
49562,CA42157,49,false,
49563,CA42160,95,false,
49564,CA42162,49,false,
49566,CA42332,1634,false,
49567,CA42333,49,false,
49568,CA42341,65,false,
49569,CA42422,1208,false,
49570,CA42425,65,false,
49571,CA42438,,false,
49572,CA42447,65,false,
49573,CA42470,65,false,
49574,CA42491,1633,false,
49575,CA42551,57,false,
49576,CA42560,1635,false,
49577,CA42640,49,false,
49578,CA42658,62,false,
49579,CA42665,87,false,
49580,CA42669,349,false,
49581,CA42671,120,false,
49582,CA42672,65,false,
49583,CA42696,3,false,
49584,CA42707,305,false,
49585,CA42717,120,false,
49586,CA42779,1378,false,
49588,CA42862,45,false,
49589,CA42865,259,false,
49590,CA42889,57,false,
49592,CA42914,1,false,
49593,CA42915,24,false,
49594,CA44002,1636,false,
49595,CA44003,93,false,
49596,CA44009,97,false,
49598,CA44022,1638,false,
49599,CA44039,62,false,
49601,CA44068,62,false,
49602,CA44075,97,false,
49604,CA44086,62,false,
49605,CA44110,1489,false,
49607,CA44133,120,false,
49608,CA44136,1639,false,
49610,CA44161,97,false,
49611,CA44168,62,false,
49612,CA44170,97,false,
49613,CA44173,62,false,
49614,CA44188,292,false,
49615,CA44196,62,false,
49616,CA44202,62,false,
49617,CA44204,120,false,
49619,CA44230,1640,false,
49620,CA44231,1641,false,
49621,CA44254,66,false,
49622,CA44255,62,false,
49623,CA44265,1642,false,
49624,CA44266,120,false,
49625,CA44273,68,false,
49626,CA44279,1408,false,
49629,CA44299,65,false,
49630,CA44314,1643,false,
49631,CA44315,62,false,
49632,CA44330,1,false,
49633,CA44339,,false,
49634,CA44345,120,false,
49635,CA44347,65,false,
49636,CA44356,65,false,
49637,CA44357,65,false,
49638,CA44362,120,false,
49639,CA44373,345,false,
49640,CA44411,65,false,
49641,CA44414,1644,false,
49642,CA44417,1645,false,
49643,CA44418,45,false,
49644,CA44422,250,false,
49646,CA44497,9,false,
49647,CA44553,259,false,
49648,CA44562,259,false,
49649,CA44565,62,false,
49650,CA44614,62,false,
49651,CA44633,292,false,
49652,CA44660,62,false,
49653,CA44663,62,false,
49654,CA44695,141,false,
49655,CA44698,62,false,
49656,CA44699,1646,false,
49657,CA44753,292,false,
49658,CA44812,1647,false,
49659,CA44853,1648,false,
49660,CA44881,318,false,
49661,CA44925,65,false,
49662,CA44938,1649,false,
49663,CA44946,87,false,
49664,GL40093,62,false,
49665,GL40131,259,false,
49666,GL40577,97,false,
49667,GL40581,1650,false,
49668,GL40744,65,false,
49669,GL40798,49,false,
49670,GL40827,15,false,
49672,GL40854,348,false,
49673,GL40874,1487,false,
49674,GL40966,1487,false,
49675,GL41030,1204,false,
49676,GL41128,62,false,
49677,2161572,1,false,
49678,GL42028,87,false,
49680,2161600,1,false,
49681,GL42775,87,false,
49682,LO40016,1651,false,
49683,LO40030,1652,false,
49684,LO40043,49,false,
49686,LO40121,1653,false,
49687,LO40132,1653,false,
49688,LO40200,1,false,
49689,LO40217,62,false,
49690,LO40226,45,false,
49691,LO40256,1565,false,
49692,LO40580,104,false,
49693,LO40584,1654,false,
49694,LO40696,1655,false,
49695,LO40703,1656,false,
49696,LO40728,120,false,
49697,LO40776,1657,false,
49698,LO40800,832,false,
49699,LO40810,141,false,
49700,LO40812,62,false,
49701,LO40814,141,false,
49702,LO40829,1,false,
49703,LO40999,65,false,
49704,LO41002,104,false,
49705,LO41005,45,false,
49706,LO41008,345,false,
49707,LO41012,65,false,
49708,LO41014,108,false,
49709,LO41015,65,false,
49710,LO41016,345,false,
49711,LO41021,345,false,
49712,LO41023,837,false,
49713,LO41350,259,false,
49714,LO41426,45,false,
49715,LO41456,1658,false,
49716,LO41459,1659,false,
49717,LO41494,259,false,
49718,LO41523,1660,false,
49719,LO41652,62,false,
49720,CM40023,1661,false,
49721,CM40185,97,false,
49723,CM40262,97,false,
49724,CM40265,259,false,
49726,CM40330,45,false,
49728,CM40360,1,false,
49729,CM40363,1405,false,
49730,CM40369,331,false,
49731,CM40386,1662,false,
49733,CM40392,1,false,
49734,CM40397,1663,false,
49738,CM40410,1,false,
49740,CM40456,87,false,
49742,CM40467,65,false,
49743,CM40479,1665,false,
49744,CM40483,65,false,
49747,CM40508,97,false,
49748,CM40509,104,false,
49749,CM40544,339,false,
49750,CM40554,62,false,
49751,CM40558,62,false,
49752,CM40563,24,false,
49754,CM40568,1666,false,
49755,CM40569,49,false,
49756,CM40585,120,false,
49757,CM40605,331,false,
49758,CM40606,97,false,
49759,CM40649,250,false,
49760,CM40658,62,false,
49762,CM40705,259,false,
49763,2017-015,,false,
49764,CM40716,93,false,
49765,CM40717,65,false,
49767,CM40734,211,false,
49768,CM40740,95,false,
49769,CM40742,1486,false,
49770,CM40745,104,false,
49771,CM40746,95,false,
49772,CM40767,62,false,
49773,CM40772,250,false,
49774,CM40805,259,false,
49775,CM40819,259,false,
49776,CM40834,332,false,
49777,CM40835,320,false,
49778,CM40843,1,false,
49779,CM40847,45,false,
49780,CM40850,62,false,
49781,CM40852,259,false,
49782,CM40868,24,false,
49783,CM40873,141,false,
49784,CM40892,339,false,
49786,CM40903,97,false,
49787,CM40906,1667,false,
49788,CM40907,97,false,
49789,CM40919,62,false,
49790,CM40924,93,false,
49791,CM40933,87,false,
49792,CM40940,211,false,
49793,CM40955,87,false,
49794,CM40987,45,false,
49795,CM40995,1668,false,
49797,CM41001,1653,false,
49798,CM41041,1669,false,
49799,CM41048,1,false,
49800,CM41054,209,false,
49802,CM41100,62,false,
49803,CM41101,97,false,
49805,CM41107,1670,false,
49808,CM41157,49,false,
49809,CM41196,62,false,
49810,CM41222,97,false,
49811,CM41253,890,false,
49814,CM41293,49,false,
49815,CM41315,68,false,
49816,CM41316,62,false,
49817,CM41330,141,false,
49818,CM41346,87,false,
49819,CM41414,65,false,
49820,CM41773,49,false,
49821,CM41804,1671,false,
49822,CM41807,1,false,
49823,CM41829,1672,false,
49826,CM41850,1673,false,
49827,CM41853,1674,false,
49828,CM41867,97,false,
49829,CM41876,87,false,
49830,CM41889,1675,false,
49832,CM41947,104,false,
49833,CM41957,45,false,
49834,CM41959,97,false,
49835,CM41970,62,false,
49836,CM42002,49,false,
49839,PL40022,262,false,
49840,PL40033,,false,
49841,PL40074,345,false,
49842,PL40092,345,false,
49843,PL40124,97,false,
49844,PL40153,1741,false,
49845,PL40181,1676,false,
49846,PL40186,62,false,
49847,PL40195,62,false,
49849,PL40271,24,false,
49850,PL40347,58,false,
49851,PL40360,104,false,
49852,PL40379,62,false,
49853,PL40384,45,false,
49854,PL40385,1677,false,
49855,PL40423,279,false,
49856,PL40465,49,false,
49857,PL40477,1678,false,
49858,PL40489,49,false,
49859,PL40493,97,false,
49860,PL40532,65,false,
49861,PL40535,97,false,
49862,PL40538,97,false,
49863,PL40548,,false,
49864,PL40553,1204,false,
49866,PL40562,211,false,
49867,PL40582,33,false,
49868,PL40588,62,false,
49869,PL40600,345,false,
49870,PL40625,1400,false,
49871,PL40630,65,false,
49872,PL40635,988,false,
49873,PL40640,1679,false,
49874,PL40656,1145,false,
49875,PL40755,272,false,
49876,PL40778,97,false,
49877,PL40789,327,false,
49878,PL40791,327,false,
49879,PL40797,49,false,
49880,PL40804,68,false,
49881,PL40811,1204,false,
49882,PL40814,259,false,
49883,PL40856,1,false,
49885,PL40887,93,false,
49886,PL40947,141,false,
49887,PL40967,95,false,
49888,PL40971,259,false,
49889,PL40976,95,false,
49890,PL40990,62,false,
49891,PL40992,1745,false,
49892,PL41006,1742,false,
49893,PL41007,259,false,
49894,PL41022,97,false,
49895,PL41026,1680,false,
49896,PL41028,890,false,
49897,PL41034,1680,false,
49898,PL41036,97,false,
49899,PL41037,97,false,
49900,PL41038,1746,false,
49901,PL41050,148,false,
49902,PL41088,1744,false,
49903,PL41098,1408,false,
49904,PL41106,97,false,
49905,PL41133,5,false,
49906,PL41139,108,false,
49907,PL41143,1216,false,
49908,PL41154,1232,false,
49909,PL41155,49,false,
49910,PL41161,24,false,
49911,PL41166,211,false,
49912,PL41167,141,false,
49913,PL41169,68,false,
49914,PL41184,837,false,
49916,PL41185,1681,false,
49917,PL41192,97,false,
49918,PL41208,1204,false,
49919,PL41248,1682,false,
49920,PL41254,327,false,
49921,PL41272,1682,false,
49922,PL41276,97,false,
49923,PL41312,1682,false,
49924,PL41328,97,false,
49925,PL41345,62,false,
49926,PL41355,97,false,
49927,PL41361,1683,false,
49928,PL41362,97,false,
49929,PL41375,62,false,
49930,PL41392,97,false,
49931,PL41393,62,false,
49932,PL41396,62,false,
49933,PL41413,1684,false,
49934,PL41432,97,false,
49935,PL41433,62,false,
49937,PL41446,62,false,
49938,PL41463,327,false,
49939,PL41465,1685,false,
49940,PL41500,62,false,
49941,PL41535,1484,false,
49942,PL41541,120,false,
49944,PL41581,93,false,
49945,PL41582,93,false,
49946,PL41583,49,false,
49947,PL41621,62,false,
49948,PL41638,97,false,
49949,PL41642,141,false,
49950,PL41655,62,false,
49951,PL41704,832,false,
49953,PL41762,97,false,
49954,PL41763,1687,false,
49955,PL41776,259,false,
49956,PL41792,97,false,
49957,PL41794,,false,
49958,PL41799,141,false,
49959,PL41811,65,false,
49960,PL41818,738,false,
49961,PL41825,97,false,
49962,PL41845,1688,false,
49963,PL41851,65,false,
49964,PL41900,5167,false,
49965,PL41931,49,false,
49966,PL41937,259,false,
49967,PL42019,62,false,
49968,PL42038,1689,false,
49969,PL42044,68,false,
49970,PL42046,1690,false,
49972,PL42083,1691,false,
49973,PL42084,250,false,
49974,PL42095,,false,
49975,PL42118,211,false,
49977,PL42156,259,false,
49978,PR40009,300,false,
49980,PR40017,97,false,
49981,PR40019,348,false,
49982,PR40021,97,false,
49983,PR40072,62,false,
49984,PR40077,217,false,
49985,PR40083,103,false,
49986,PR40090,62,false,
49987,PR40108,300,false,
49988,PR40109,1692,false,
49989,PR40113,259,false,
49990,PR40117,250,false,
49992,PR40141,15,false,
49993,PR40142,280,false,
49994,PR40149,280,false,
49995,PR40167,108,false,
49996,PR40174,87,false,
49997,PR40189,62,false,
49998,PR40193,211,false,
49999,PR40206,97,false,
50000,PR40207,422,false,
50001,PR40209,1747,false,
50002,PR40214,352,false,
50003,PR40237,1743,false,
50004,PR40239,120,false,
50005,PR40250,45,false,
50006,PR40289,890,false,
50007,PR40293,259,false,
50008,PR40294,104,false,
50009,PR40299,93,false,
50010,PR40301,250,false,
50011,PR40307,106,false,
50012,PR40312,3,false,
50013,PR40316,9,false,
50014,PR40317,141,false,
50015,PR40328,97,false,
50016,PR40332,68,false,
50017,PR40344,104,false,
50018,PR40365,150,false,
50019,PR40374,65,false,
50020,PR40377,104,false,
50021,PR40379,97,false,
50022,PR40385,345,false,
50023,PR40391,87,false,
50024,PR40392,87,false,
50025,PR40396,254,false,
50026,PR40412,349,false,
50027,PR40415,1750,false,
50028,PR40427,68,false,
50029,PR40439,1748,false,
50030,PR40453,1749,false,
50031,PR40454,57,false,
50032,PR40574,1693,false,
50033,PR40459,104,false,
50034,PR40471,87,false,
50035,PR40474,345,false,
50036,PR40479,93,false,
50037,PR40483,87,false,
50039,PR40487,5772,false,
50040,PR40493,97,false,
50041,PR40494,49,false,
50042,PR40498,3,false,
50043,PR40499,62,false,
50044,PR40505,,false,
50045,PR40506,345,false,
50046,PR40518,67,false,
50047,PR40522,49,false,
50048,PR40535,57,false,
50049,PR40545,1694,false,
50050,PR40568,250,false,
50051,PR40570,1653,false,
50052,PR40573,104,false,
50053,PL40457,49,false,
50054,PR40594,104,false,
50055,PR40634,1695,false,
50056,PR40636,104,false,
50057,PR40648,3,false,
50058,PR40664,87,false,
50059,PR40673,1696,false,
50060,PR40701,93,false,
50061,PR40702,62,false,
50062,PR40709,259,false,
50063,PR40736,1697,false,
50064,PR40756,45,false,
50065,PR40761,1698,false,
50066,PR40765,62,false,
50067,PR40773,1699,false,
50068,PR40805,93,false,
50069,PR40820,211,false,
50070,PR40840,1700,false,
50071,PR40870,211,false,
50072,PR40875,62,false,
50074,PR40882,211,false,
50075,PR40893,1701,false,
50076,PR40907,104,false,
50077,PR40922,157,false,
50078,PR40929,211,false,
50079,PR40939,97,false,
50080,PR40941,68,false,
50081,PR40945,272,false,
50082,PR40977,738,false,
50083,PR40987,1,false,
50084,PR40990,1,false,
50085,ST40217,65,false,
50086,ST41151,259,false,
50087,ST41155,339,false,
50088,ST41167,262,false,
50089,ST41197,97,false,
50090,ST41241,1702,false,
50091,ST41251,211,false,
50092,ST41255,87,false,
50093,ST41268,1,false,
50094,ST41288,1482,false,
50095,ST41293,339,false,
50096,ST41308,141,false,
50097,ST41323,1703,false,
50098,ST41325,345,false,
50099,ST41328,68,false,
50100,ST41337,62,false,
50101,ST41338,,false,
50102,ST41340,87,false,
50103,ST41343,1,false,
50105,ST41714,331,false,
50106,ST41803,96,false,
50107,ST42008,1704,false,
50109,WG40004,104,false,
50110,WG40008,49,false,
50111,WG40014,120,false,
50112,WG40017,120,false,
50113,WG40022,104,false,
50114,WG40023,62,false,
50115,WG40024,97,false,
50116,WG40033,1705,false,
50117,WG40035,259,false,
50118,WG40040,62,false,
50119,WG40041,49,false,
50120,WG40047,97,false,
50121,WG40065,1706,false,
50122,WG40619,259,false,
50123,WG40625,259,false,
50124,WG40634,137,false,
50125,WG40639,259,false,
50126,WG40658,1,false,
50127,WG40661,1707,false,
50128,WG40681,527,false,
50130,WG40743,1,false,
50131,WG40747,97,false,
50132,WG40753,104,false,
50134,WG40767,1709,false,
50135,WG40768,1710,false,
50136,WG40811,1,false,
50137,WG40820,1,false,
50138,WG40823,62,false,
50139,WG40825,211,false,
50140,WG40834,65,false,
50141,WG40840,62,false,
50143,WG40854,345,false,
50144,WG40855,67,false,
50145,WG40868,259,false,
50146,2161392,1754,false,
50148,WG40899,87,false,
50149,WG40906,1711,false,
50151,WG40922,1712,false,
50152,WG40923,68,false,
50153,WG40930,527,false,
50157,WG40949,396,false,
50158,WG40952,250,false,
50159,WG40976,104,false,
50161,WG41001,339,false,
50162,WG41017,97,false,
50164,WG41027,97,false,
50165,WG41032,1,false,
50167,WG41053,67,false,
50169,WG41063,1714,false,
50170,WG41068,62,false,
50171,WG41073,57,false,
50172,WG41079,62,false,
50173,WG41082,62,false,
50174,WG41085,1715,false,
50176,WG41091,57,false,
50178,WG41095,1716,false,
50179,WG41099,331,false,
50180,WG41105,1717,false,
50182,WG41112,62,false,
50183,WG41116,97,false,
50184,WG41120,97,false,
50185,WG41121,62,false,
50186,WG41133,1,false,
50187,WG41261,95,false,
50188,WG41274,97,false,
50189,WG41279,62,false,
50190,WG41297,141,false,
50191,WG41299,259,false,
50192,WG41302,97,false,
50193,WG41305,1719,false,
50194,WG41313,1720,false,
50195,WG41314,348,false,
50196,WG41317,87,false,
50198,WG41319,49,false,
50199,WG41330,1,false,
50200,WG41335,1677,false,
50201,WG41340,62,false,
50203,WG41352,,false,
50204,WG41359,97,false,
50205,WG41360,62,false,
50206,WG41361,45,false,
50207,WG41366,1721,false,
50208,WG41367,259,false,
50209,WG41368,67,false,
50210,WG41371,62,false,
50211,WG41374,259,false,
50212,WG41375,97,false,
50213,WG41382,120,false,
50214,WG41394,45,false,
50215,WG41396,65,false,
50216,WG41414,97,false,
50217,WG41435,1722,false,
50218,M1670LII/16,,false,
50219,M1579LII/16,,false,
50220,M1643LII/16,,false,
50221,M1599LII/16,,false,
50222,M1619LII/16,,false,
50223,M1633LII/16,,false,
50224,M1657LII/16,,false,
50225,M1686LII/16,,false,
50226,M1593LII/16,,false,
50227,M1637LII/16,,false,
50228,EXNM679,77,false,
50229,EXNM680,77,false,
50230,EXNM687,77,false,
50231,EXNM688,77,false,
50232,PL41597,1145,false,
50233,PL41608,62,false,
50235,CM40689,1,false,
50236,CM40713,1723,false,
50237,GL40059,87,false,
50238,PL41409,62,false,
50239,ST40435,62,false,
50241,M1647/16,1,false,
50242,BR40013,1196,false,
50244,BR40044,62,false,
50245,BR40076,1200,false,
50247,BR40158,1201,false,
50248,BR40197,1,false,
50249,BR40250,62,false,
50251,BR40257,62,false,
50252,BR40285,62,false,
50253,BR40286,1213,false,
50254,BR40312,62,false,
50255,BR40378,1216,false,
50256,BR40458,45,false,
50257,2161609,1,false,
50258,BR40490,24,false,
50259,BR40491,97,false,
50260,BR40494,24,false,
50261,BR40499,1,false,
50262,BR40503,49,false,
50263,BR40510,1,false,
50264,BR40614,62,false,
50266,BR40804,1378,false,
50267,BR40981,157,false,
50268,BR40999,1233,false,
50269,BR41099,97,false,
50270,BR41121,62,false,
50271,BR41252,810,false,
50272,BR41257,97,false,
50273,BR41292,262,false,
50274,BR41313,1,false,
50276,BR41389,1217,false,
50277,BR41408,1,false,
50278,BR41452,62,false,
50279,BR41454,62,false,
50280,BR41490,62,false,
50281,BR41497,1,false,
50283,BR41664,87,false,
50284,BR41719,68,false,
50285,BR41810,141,false,
50287,CA40145,45,false,
50288,CA40498,1,false,
50289,CA40699,280,false,
50292,CA44137,65,false,
50293,GL40646,62,false,
50294,GL40845,345,false,
50296,GL41538,352,false,
50297,GL41889,68,false,
50298,GL42097,68,false,
50299,GL42166,97,false,
50300,GL42557,831,false,
50301,GL42561,141,false,
50302,GL42616,62,false,
50303,GL42621,62,false,
50304,GL42643,62,false,
50305,GL42673,141,false,
50306,GL42674,141,false,
50307,GL42707,47,false,
50308,GL42770,62,false,
50309,GL42781,211,false,
50310,2161817,1,false,
50312,2161447,1,false,
50313,2161610,77,false,
50314,2161667,1,false,
50315,PL41926,49,false,
50316,PR40050,62,false,
50317,PR40056,339,false,
50318,ST40001,62,false,
50319,ST40050,259,false,
50320,ST40070,288,false,
50321,ST40119,211,false,
50322,ST40172,345,false,
50323,ST40310,1203,false,
50324,ST40366,57,false,
50326,ST40513,339,false,
50327,ST40691,1,false,
50328,ST40803,62,false,
50329,ST40837,104,false,
50330,ST40899,259,false,
50331,ST40951,1405,false,
50332,ST40967,67,false,
50333,ST41005,62,false,
50335,ST41053,62,false,
50336,ST41086,1,false,
50337,ST41115,104,false,
50338,ST41125,62,false,
50339,ST41140,97,false,
50340,ST41161,1,false,
50341,ST41162,68,false,
50342,ST41215,104,false,
50343,ST41347,62,false,
50345,ST41402,211,false,
50346,ST41427,62,false,
50348,ST41452,68,false,
50349,ST41455,1371,false,
50350,ST41570,97,false,
50351,ST41575,62,false,
50352,ST41582,1371,false,
50353,2161739,1,false,
50354,ST41605,62,false,
50356,ST41661,1,false,
50357,ST41663,1374,false,
50360,ST41696,62,false,
50361,ST41713,3,false,
50362,ST41715,259,false,
50363,ST41716,97,false,
50364,ST41720,1,false,
50365,ST41732,1371,false,
50366,ST41742,1,false,
50367,ST41746,1370,false,
50368,ST41750,137,false,
50369,ST41751,65,false,
50370,ST41758,66,false,
50371,ST41772,87,false,
50372,ST41775,1367,false,
50373,ST41777,65,false,
50374,ST41778,1483,false,
50375,ST41780,9,false,
50376,ST41785,87,false,
50377,ST41810,45,false,
50378,ST41812,45,false,
50379,ST41820,87,false,
50380,ST41823,68,false,
50381,ST41824,,false,
50382,ST41825,62,false,
50383,ST41830,62,false,
50384,ST41854,104,false,
50385,ST41856,57,false,
50386,ST41860,87,false,
50388,ST41870,62,false,
50389,ST41876,259,false,
50390,ST41878,345,false,
50391,ST41884,97,false,
50392,ST41887,62,false,
50393,ST41896,339,false,
50394,ST41910,97,false,
50395,ST41914,97,false,
50396,ST41934,62,false,
50397,ST41936,1387,false,
50398,ST41951,62,false,
50399,ST41963,1371,false,
50400,ST41988,259,false,
50401,ST41997,65,false,
50402,ST42003,68,false,
50403,ST42016,9,false,
50404,ST42017,1383,false,
50405,ST42025,87,false,
50406,ST42032,1,false,
50407,ST42036,,false,
50408,ST42038,890,false,
50410,ST42073,50,false,
50411,ST42087,62,false,
50412,ST42103,288,false,
50413,ST42117,62,false,
50414,ST42119,138,false,
50415,ST42156,65,false,
50416,ST42192,97,false,
50417,ST42203,259,false,
50418,ST42215,97,false,
50419,ST42227,65,false,
50420,ST42231,1,false,
50421,ST42235,57,false,
50423,ST42258,407,false,
50424,ST42261,259,false,
50425,ST42262,1385,false,
50426,ST42264,87,false,
50427,ST42267,104,false,
50428,ST42268,280,false,
50429,ST42270,87,false,
50430,ST42275,407,false,
50431,ST42288,65,false,
50432,ST42303,65,false,
50433,ST42305,288,false,
50434,ST42315,1,false,
50435,ST42319,259,false,
50436,ST42324,65,false,
50437,ST42326,211,false,
50438,WG40056,211,false,
50439,WG41094,272,false,
50440,107547,153,false,
50441,107545,65,false,
50447,NML007,93,false,
50448,NML023,93,false,
50449,NML028,93,false,
50450,NML112,93,false,
50451,NML054,93,false,
50452,NML061,93,false,
50453,NML062,93,false,
50454,NML170,93,false,
50455,NML012,93,false,
50456,NML047,93,false,
50457,NML050a,93,false,
50458,NML050b,93,false,
50459,NML078,93,false,
50460,NML161,1724,false,
50461,NML003,93,false,
50462,NML061a,93,false,
50463,NML069r,93,false,
50464,NML083r,93,false,
50465,NML175r,93,false,
50466,NML159r,93,false,
50467,NML111r,93,false,
50479,540484,16,false,
50480,540315,666,false,
50481,540998,1555,false,
50482,541000,16,false,
50483,541004,16,false,
50484,541220,1555,false,
50485,541213,1122,false,
50486,541996,22,false,
50487,542012,1553,false,
50488,542364,1725,false,
50489,542677,367,false,
50490,542783,18,false,
50491,542849,18,false,
50492,542781,16,false,
50493,542910,16,false,
50494,543561,18,false,
50495,543568,367,false,
50496,543452,1122,false,
50497,544352,367,false,
50498,544354,367,false,
50499,544360,666,false,
50500,544362,666,false,
50501,Niga24-16,33,false,
50502,Niga25-16,33,false,
50503,Niga26-16,33,false,
50504,Niga27-16,33,false,
50505,Niga28-16,33,false,
50506,Niga29-16,33,false,
50507,Niga30-16,33,false,
50508,Niga31-16,33,false,
50509,Niga32-16,1726,false,
50510,Niga33-16,33,false,
50511,547917,1006,false,
50512,547920,1548,false,
50513,546852,367,false,
50514,544365,666,false,
50515,544467,16,false,
50517,NEQAS_3695,,false,
50518,ATL-2,24,false,
50519,ATL-1,24,false,
50521,M16917,24,false,
50522,M17574,24,false,
50523,M17582,24,false,
50524,M17583,24,false,
50525,M17596,24,false,
50526,M17658,24,false,
50527,M17659,24,false,
50528,M17660,24,false,
50529,M21591,24,false,
50530,M21902,2,false,
50531,M25792,1,false,
50532,M25917,24,false,
50533,M26251,1,false,
50534,M27423,24,false,
50535,M28961,24,false,
50537,M29031,24,false,
50538,M29040,24,false,
50539,M37398,257,false,
50540,M37399,257,false,
50541,M37400,257,false,
50542,M37427,257,false,
50543,M37428,1727,false,
50544,M37429,15,false,
50545,M37430,257,false,
50546,M37450,24,false,
50547,M37451,24,false,
50548,M37452,24,false,
50549,M37453,24,false,
50550,M37454,24,false,
50551,M37470,257,false,
50552,M37654,257,false,
50553,M37674,97,false,
50554,M37945,24,false,
50555,M38001,257,false,
50556,M38333,24,false,
50557,M38351,24,false,
50558,M38352,24,false,
50559,M38353,24,false,
50560,M38357,24,false,
50561,M38522,62,false,
50562,M38542,24,false,
50563,M38543,24,false,
50564,M38544,24,false,
50565,M38545,24,false,
50566,M38546,24,false,
50567,M38547,24,false,
50568,M38548,24,false,
50569,M38549,24,false,
50570,M38550,24,false,
50571,M38551,24,false,
50572,M38552,24,false,
50573,M38553,24,false,
50574,M38554,24,false,
50575,M38555,24,false,
50576,M38557,24,false,
50577,M38558,24,false,
50578,M38559,24,false,
50579,M38560,24,false,
50580,M38561,24,false,
50581,M38562,24,false,
50582,M38563,24,false,
50583,M38564,24,false,
50584,M38565,24,false,
50585,M38566,24,false,
50586,M38567,24,false,
50587,M38568,24,false,
50588,M38569,24,false,
50589,M38570,24,false,
50590,M38571,24,false,
50591,M38572,24,false,
50592,M38573,24,false,
50593,M38574,24,false,
50594,M38575,24,false,
50595,M38576,24,false,
50596,M38577,24,false,
50597,M38578,24,false,
50598,M38579,24,false,
50599,M38580,24,false,
50600,M38581,24,false,
50601,M38582,24,false,
50602,M38583,24,false,
50603,M38584,24,false,
50604,M38585,24,false,
50605,M38586,24,false,
50606,M38587,24,false,
50607,M38588,24,false,
50608,M38589,24,false,
50609,M38590,24,false,
50610,M38591,24,false,
50611,M38608,5786,false,
50612,M38609,24,false,
50613,M38610,24,false,
50614,M38611,24,false,
50615,M38612,24,false,
50616,M38613,24,false,
50617,M38614,24,false,
50618,M38615,24,false,
50619,M38616,24,false,
50620,M38635,24,false,
50621,M38636,137,false,
50622,M38685,24,false,
50623,M38686,,false,
50624,M38687,24,false,
50625,M38688,24,false,
50626,M38689,24,false,
50627,M38690,24,false,
50628,M38729,24,false,
50629,M38744,24,false,
50630,M38745,24,false,
50631,M38746,24,false,
50632,M38747,24,false,
50633,M38748,24,false,
50635,M38750,24,false,
50636,M38751,24,false,
50637,M38752,24,false,
50638,M38753,24,false,
50639,M38754,24,false,
50640,M38851,24,false,
50641,M38852,24,false,
50642,M38853,24,false,
50643,M38854,24,false,
50644,M38855,24,false,
50645,M38856,24,false,
50646,M38857,24,false,
50647,M38858,24,false,
50648,M38859,24,false,
50649,M38860,24,false,
50650,M38861,24,false,
50651,M38862,24,false,
50652,M38873,24,false,
50653,M38894,65,false,
50654,M38896,5783,false,
50655,M38900,685,false,
50656,M38901,5160,false,
50658,M38903,24,false,
50659,M38904,45,false,
50660,M38905,24,false,
50661,M38907,24,false,
50662,M38908,24,false,
50663,M38910,24,false,
50664,M38912,138,false,
50665,M38913,24,false,
50666,M38914,1728,false,
50667,M38918,65,false,
50668,M38919,24,false,
50669,M39061,24,false,
50670,M39062,24,false,
50671,M39063,24,false,
50672,M39064,24,false,
50673,M39065,24,false,
50674,M39066,24,false,
50675,M39067,24,false,
50676,M39068,24,false,
50677,M39069,24,false,
50678,M39070,24,false,
50679,M39071,24,false,
50680,M39103,24,false,
50681,M39104,24,false,
50682,M39174,24,false,
50683,M39201,24,false,
50684,M39202,24,false,
50685,M39203,24,false,
50686,M39204,24,false,
50687,M39218,24,false,
50688,M39219,24,false,
50689,M39220,24,false,
50690,M39221,24,false,
50691,M39222,24,false,
50692,M39223,24,false,
50693,M39531,24,false,
50694,M39534,24,false,
50695,M39550,24,false,
50696,M39551,24,false,
50697,M39552,24,false,
50698,M39553,24,false,
50699,M39766,,false,
50700,M39803,24,false,
50701,M39804,24,false,
50702,M39805,24,false,
50703,M39806,24,false,
50704,M39819,24,false,
50705,M39820,24,false,
50706,M39821,24,false,
50707,M39822,24,false,
50708,M39823,24,false,
50709,M39824,24,false,
50710,M39825,24,false,
50711,M39844,24,false,
50712,M39845,24,false,
50713,M39846,24,false,
50714,M39847,24,false,
50715,M39848,257,false,
50716,M39849,24,false,
50717,M39850,24,false,
50718,M39851,24,false,
50719,M40039,24,false,
50720,M40090,24,false,
50721,M40091,24,false,
50722,M40092,24,false,
50723,M40093,24,false,
50724,M40103,24,false,
50725,M40104,24,false,
50726,M40105,57,false,
50727,M40107,24,false,
50728,M40108,24,false,
50729,M40216,1482,false,
50730,M40226,,false,
50731,M40227,24,false,
50732,M40228,1729,false,
50734,M40267,1730,false,
50735,M40268,24,false,
50736,M40269,24,false,
50737,M40270,24,false,
50738,M40273,24,false,
50739,M40275,24,false,
50740,M40280,24,false,
50741,M40281,24,false,
50742,M40317,24,false,
50743,M40328,24,false,
50744,M40329,24,false,
50745,M40411,24,false,
50746,M40412,24,false,
50747,M40414,24,false,
50748,M40415,257,false,
50749,M40416,24,false,
50750,M40417,24,false,
50751,M40418,24,false,
50752,M40419,24,false,
50753,M40421,24,false,
50754,M40428,24,false,
50755,M40429,24,false,
50756,M40430,24,false,
50757,M40431,24,false,
50758,M40432,24,false,
50759,M40820,,false,
50760,M40822,24,false,
50761,M40823,24,false,
50762,M40824,24,false,
50763,M40825,24,false,
50764,M40826,24,false,
50765,M40827,24,false,
50766,M40828,1216,false,
50767,M40829,24,false,
50792,LNP25564,68,false,
50793,LNP25634,68,false,
50794,LNP25671,1732,false,
50795,LNP25675,1733,false,
50796,LNP25749,68,false,
50797,LNP25770,68,false,
50798,LNP25838,102,false,
50799,LNP25881,68,false,
50800,LNP26286,68,false,
50801,LNP26327,1,false,
50802,LNP26347,45,false,
50803,LNP26404,68,false,
50804,LNP26433,1734,false,
50805,LNP26484,68,false,
50806,LNP26494,1,false,
50807,LNP26528,68,false,
50808,LNP26582,1,false,
50809,LNP26586,1,false,
50810,LNP26592,1,false,
50811,LNP26609,1,false,
50812,LNP26613,1,false,
50813,LNP26622,68,false,
50814,LNP26623,1,false,
50815,LNP26624,1,false,
50816,LNP26655,1,false,
50817,LNP26661,1,false,
50818,LNP26711,68,false,
50819,LNP26753abd,1,false,
50820,LNP26764,68,false,
50821,LNP26776,68,false,
50822,LNP26798,68,false,
50823,LNP26809,1,false,
50824,LNP26892,424,false,
50825,LNP26904,1,false,
50826,LNP26924,68,false,
50827,LNP26952,738,false,
50828,LNP26995,1,false,
50829,LNP27059,1,false,
50830,LNP27110,1,false,
50831,LNP27115,1,false,
50832,LNP27121,104,false,
50833,LNP27132,68,false,
50835,LNP27199,1,false,
50836,LNP27259,68,false,
50838,LNP27362,68,false,
50839,LNP27413,9,false,
50840,LNP27460,1,false,
50841,LNP27479,424,false,
50842,LNP27531at,1,false,
50843,LNP27550at,68,false,
50844,LNP27564,1,false,
50845,LNP27590,1735,false,
50846,LNP27655,1,false,
50847,LNP27691,1,false,
50848,LNP27742,1,false,
50849,LNP27743,1,false,
50850,LNP27754abd,1,false,
50851,LNP27762,1,false,
50852,LNP27796,1,false,
50853,LNP27798,68,false,
50854,LNP27886,68,false,
50855,LNP27903,1,false,
50856,LNP27907abd,1,false,
50857,BR40482,97,false,
50858,9571,,false,
50859,16-530,1589,false,
50861,16-481,127,false,
50862,16-482,1,false,
50863,16-485,1,false,
50864,16-494,62,false,
50865,16-519,1,false,
50867,16-558,1,false,
50868,16-559,62,false,
50869,876/16,,false,
50871,M-081-13,,false,
50872,16-566,1,false,
50873,16-567,141,false,
50874,16-568,454,false,
50875,16-574,1535,false,
50877,M-120-13,,false,
50878,M-195-13,,false,
50879,M-429-13,,false,
50880,M-510-13,,false,
50881,M-150-13,,false,
50882,M-404-13,,false,
50884,OX40017,106,false,
50888,MT40031,211,false,
50889,MT40035,1810,false,
50890,MT40038,148,false,
50891,MT40039,1204,false,
50892,MT40049,97,false,
50893,MT40051,150,false,
50899,MT40094,1755,false,
50900,MT40099,1756,false,
50903,MT40144,77,false,
50905,MT40169,288,false,
50911,MT40243,65,false,
50912,MT40258,65,false,
50913,MT40286,65,false,
50914,MT40317,211,false,
50915,MT40353,137,false,
50916,MT40356,62,false,
50918,MT40391,1757,false,
50919,MT40393,137,false,
50922,MT40444,1758,false,
50925,MT40493,65,false,
50928,MT40505,6,false,
50929,MT40522,1759,false,
50930,MT40530,207,false,
50931,MT40543,211,false,
50933,MT40550,207,false,
50934,PL40211,68,false,
50936,PL40501,1760,false,
50937,PL40549,97,false,
50938,PL41236,349,false,
50939,PL41991,1761,false,
50940,PL42224,1762,false,
50941,PR40657,1693,false,
50944,NIID650,,false,
50946,Nmiss2835,257,false,
50947,Nmiss2865,2,false,
50948,Nmiss2868,257,false,
50949,Nmiss2881,257,false,
50950,Nmiss2852,257,false,
50951,1987/16,,false,
50952,2581/16,,false,
50953,2875/16,,false,
50954,3432/16,,false,
50955,3667/16,,false,
50956,LNP28858abd,1,false,
50957,LNP28859,1,false,
50958,M29771,,false,
50959,M36743,,false,
50960,M36749,,false,
50961,M36811,,false,
50962,M37718,,false,
50963,M37731,,false,
50964,M37734,,false,
50965,M37753,,false,
50966,M37773,,false,
50967,M37775,,false,
50968,M37815,,false,
50969,M37820,,false,
50970,M37844,,false,
50971,M37852,,false,
50972,M37862,,false,
50973,M40525,,false,
50974,16-548,156,false,
50975,16-560,1736,false,
50976,1191/16,,false,
50977,M-227-13,,false,
50978,M-406-13,,false,
50979,2092/16,,false,
51008,LNP28838at,57,false,
51010,LNP28840abd,1,false,
51013,LNP28843,1,false,
51038,107541,68,false,
51039,107542,1765,false,
51040,107543,1,false,
51041,107544,49,false,
51042,GC_03A0_78-pacbio,18,false,
51043,GC_03AR_104-pacbio,18,false,
51044,GC_03WO_81-pacbio,1563,false,
51045,GC_037L_77-pacbio,1562,false,
51046,GC_042V_85-pacbio,16,false,
51047,GC_07MS_72-pacbio,21,false,
51048,GC_07M2_73-pacbio,21,false,
51049,GC_0706_75-pacbio,16,false,
51050,061Z-pacbio,16,false,
51051,04CD-pacbio,18,false,
51052,05OP-pacbio,635,false,
51053,0747_64-pacbio,,false,
51054,075N_65-pacbio,21,false,
51055,07D1_70-pacbio,375,false,
51056,07AD_68-pacbio,16,false,
51057,07AG_69-pacbio,16,false,
51058,Nmiss2618,127,false,
51059,07ED_71-pacbio,375,false,
51060,03GN_87-pacbio,18,false,
51061,04AV_95-pacbio,16,false,
51062,M1J6_97-pacbio,16,false,
51063,M1RK_102-pacbio,16,false,
51064,03SQ_89-pacbio,16,false,
51065,M1KK_99-pacbio,16,false,
51066,Nmiss2623,198,false,
51067,Nmiss2812,2,false,
51068,MK24/16,,false,
51070,Ngiss3648-I,16,false,
51071,Ngiss3648-II,16,false,
51072,ARG-3346,,false,
51073,ARG-3433,,false,
51074,ARG-3439,,false,
51075,ARG-3467,,false,
51076,ARG-3470,,false,
51077,ARG-3524,,false,
51078,ARG-3614,,false,
51079,ARG-3629,,false,
51080,ARG-3654,,false,
51081,ARG-3719,,false,
51082,ARG-3726,,false,
51083,ARG-3727,,false,
51084,ARG-3757,,false,
51085,ARG-3783,,false,
51086,ARG-3800,,false,
51087,ARG-3803,,false,
51088,ARG-3806,,false,
51089,ARG-3807,,false,
51090,ARG-3841,,false,
51091,ARG-3845,,false,
51092,ARG-3885,,false,
51093,ARG-3897,,false,
51095,NM229,,false,
51096,3644PcB,3,false,
51099,549070,16,false,
51100,549082,16,false,
51101,549092,16,false,
51102,549528,367,false,
51103,549760,1766,false,
51104,549872,18,false,
51105,550339,367,false,
51106,551037,16,false,
51107,551147,627,false,
51108,551154,18,false,
51109,542478,1122,false,
51110,551600,22,false,
51111,551979,16,false,
51112,552145,683,false,
51113,552460,1006,false,
51114,552468,367,false,
51115,552472,18,false,
51116,552476,16,false,
51117,552521,627,false,
51118,107546,87,false,
51120,0097/16,,false,
51121,M29921,,false,
51122,5254/16,,false,
51137,M36954,,false,
51138,M36979,,false,
51139,M37032,,false,
51140,M39637,,false,
51141,M36981,,false,
51142,M39726,,false,
51143,M37002,,false,
51144,M37013,,false,
51145,B003,1,false,
51146,B009,1,false,
51147,B021,1,false,
51148,B091,1,false,
51149,B100,68,false,
51150,B110,1,false,
51151,B135,1,false,
51152,B139,1,false,
51153,B141,1,false,
51154,B167,1,false,
51155,B193,68,false,
51156,B214,1,false,
51157,B222,1,false,
51158,B227,1,false,
51159,B240,1,false,
51160,B243,1,false,
51161,B251,1,false,
51162,B253,1,false,
51163,B256,1,false,
51164,B264,1,false,
51165,B284,87,false,
51166,B285,1,false,
51167,B295,1,false,
51168,B346,1,false,
51169,B366,1,false,
51170,B394,1,false,
51171,B396,1,false,
51172,R001,1,false,
51173,R191,1,false,
51174,R258,1,false,
51176,R558,1,false,
51177,R779,1,false,
51178,R811,1,false,
51179,R825,1,false,
51180,R838,1,false,
51181,R852,1,false,
51182,R888,1,false,
51183,R889,1,false,
51184,R920,1,false,
51185,R941,1,false,
51186,R949,1,false,
51187,R958,1,false,
51188,R980,1,false,
51189,R990,1,false,
51190,R998,1,false,
51191,V1/2016,,false,
51194,LNP28880,424,false,
51200,LNP28888,424,false,
51210,Nmiss2920,57,false,
51211,Nmiss2921,57,false,
51212,Nmiss2913,77,false,
51213,Nmiss2916,1,false,
51214,107548,153,false,
51215,B025,65,false,
51216,B044,65,false,
51221,B073,57,false,
51222,B081,65,false,
51223,B083,65,false,
51226,B101,1768,false,
51229,B119,62,false,
51233,B125,65,false,
51234,B132,65,false,
51235,B133,259,false,
51236,B147,95,false,
51237,B151,1770,false,
51238,B159,65,false,
51240,B166,15,false,
51241,B169,65,false,
51242,B170,259,false,
51243,B171,62,false,
51244,B182,62,false,
51246,B187,1095,false,
51247,B189,141,false,
51249,B195,259,false,
51250,B197,1,false,
51251,B200,1772,false,
51252,B201,259,false,
51253,B204,259,false,
51255,B208,62,false,
51258,B218,1,false,
51262,B237,65,false,
51263,B239,62,false,
51265,B245,65,false,
51266,B246,1,false,
51267,B250,65,false,
51268,B260,65,false,
51269,B261,65,false,
51271,B269,65,false,
51272,B276,148,false,
51273,B280,1776,false,
51278,B289,65,false,
51279,B290,65,false,
51282,B293,1777,false,
51285,B304,62,false,
51289,B317,45,false,
51290,B325,67,false,
51293,B331,259,false,
51294,B340,65,false,
51297,B364,65,false,
51299,B369,345,false,
51300,B370,24,false,
51302,B377,259,false,
51303,B379,65,false,
51304,B380,97,false,
51307,B401,259,false,
51308,B402,259,false,
51309,B403,95,false,
51311,B411,62,false,
51313,R011,62,false,
51314,R023,259,false,
51316,R035,24,false,
51317,R048,1779,false,
51318,R056,1780,false,
51319,R062,62,false,
51324,R109,97,false,
51326,R135,1782,false,
51327,R136,65,false,
51328,R156,141,false,
51329,R164,1657,false,
51331,R172,288,false,
51332,R174,345,false,
51333,R178,87,false,
51335,R192,65,false,
51337,R199,65,false,
51343,R265,259,false,
51348,R286,62,false,
51350,R297,62,false,
51351,R300,62,false,
51358,R346,1787,false,
51362,R383,62,false,
51365,R424,141,false,
51368,R477,62,false,
51369,R488,49,false,
51371,R504,65,false,
51373,R513,259,false,
51374,R531,1166,false,
51375,R534,211,false,
51376,R542,1788,false,
51379,R570,57,false,
51380,R575,1,false,
51382,R581,259,false,
51385,R589,345,false,
51386,R598,137,false,
51389,R621,65,false,
51392,R640,97,false,
51393,R642,1675,false,
51394,R663,62,false,
51400,R683,1790,false,
51403,R704,259,false,
51406,R741,65,false,
51407,R747,890,false,
51409,R765,292,false,
51410,R769,211,false,
51411,R777,211,false,
51415,R788,259,false,
51417,R796,1657,false,
51419,R803,1777,false,
51420,R805,148,false,
51421,R808,1770,false,
51422,R814,1770,false,
51423,R815,211,false,
51424,R822,211,false,
51426,R832,95,false,
51427,R839,259,false,
51430,R850,259,false,
51431,R855,1794,false,
51432,R856,259,false,
51433,R866,890,false,
51434,R872,62,false,
51438,R892,1772,false,
51439,R910,,false,
51442,R914,24,false,
51443,R915,259,false,
51446,R937,45,false,
51449,R950,67,false,
51450,R951,65,false,
51452,R953,1795,false,
51456,R962,345,false,
51458,R965,259,false,
51462,R973,259,false,
51464,NM1667,,false,
51465,DE13853,,false,
51466,LNP27310,68,false,
51467,LNP27312,68,false,
51468,LNP28169,1,false,
51469,LNP28241,1,false,
51470,LNP28243,424,false,
51471,101101,,false,
51472,130930,,false,
51473,141301,,false,
51474,220808,,false,
51475,221504,,false,
51476,231011,,false,
51477,320807,,false,
51478,321112,,false,
51479,421006,,false,
51480,431421,,false,
51481,641201,,false,
51482,2010-1,,false,
51483,2009-7,,false,
51484,2012-14,,false,
51485,2013-16,,false,
51495,100517,,false,
51496,211110,,false,
51497,220814,,false,
51498,321110,,false,
51499,421205,,false,
51500,130808,,false,
51501,210714,,false,
51502,320809,,false,
51503,341216,,false,
51504,341217,,false,
51505,421107,,false,
51506,421625,,false,
51507,431207,,false,
51508,441308,,false,
51509,510703,,false,
51510,80143,,false,
51511,510607,,false,
51512,M1656LII/16,,false,
51513,M1800LII/16,,false,
51514,M1556LII/16,,false,
51515,Neisseria meningitidis_VB734,,false,
51516,Neisseria meningitidis_VB860,,false,
51517,140511,,false,
51518,101102,,false,
51519,131457,,false,
51520,141401,,false,
51521,230919,,false,
51522,351304,,false,
51523,370538,,false,
51524,420613,,false,
51525,441508,,false,
51526,510703,,false,
51527,510801,,false,
51528,651301,,false,
51529,SC07-1224,,false,
51530,BC302,,false,
51531,411611,,false,
51532,411612,,false,
51533,651602,,false,
51534,651610,,false,
51535,651614,,false,
51536,651617,,false,
51537,651679,,false,
51538,371441,,false,
51539,371444,,false,
51545,LNP28909,22,false,
51551,LNP28915,45,false,
51557,LNP28927,1,false,
51558,LNP28928,1,false,
51564,107549,396,false,
51565,PMB4105,,false,
51566,PMB4109,,false,
51567,PMB5701,,false,
51568,0050/16,,false,
51569,0074/16,,false,
51570,0002/17,,false,
51571,Saha_2_11037,,false,
51572,Saha_619,,false,
51573,Saha_51460,,false,
51574,Saha_41010,,false,
51575,Saha_30273,,false,
51576,Saha_10060,,false,
51577,23/17,,false,
51578,7007/16,,false,
51579,7209/17,,false,
51580,M41408,5287,false,
51581,2017-014,,false,
51582,2017-016,,false,
51584,LNP28925,3,false,
51585,M-097-16,,false,
51586,M37939,257,false,
51587,3006,,false,
51588,ARG-3155,,false,
51589,ARG-3166,,false,
51590,ARG-3179,,false,
51591,ARG-3191,,false,
51592,ARG-3214,,false,
51593,ARG-3221,,false,
51594,ARG-3225,,false,
51595,M685,,false,
51596,22242,1,false,
51597,M-445-13,,false,
51598,14.8700178,,false,
51599,14.8701242,1,false,
51600,14.8701329,62,false,
51601,14.8701650,9,false,
51602,14.8701672,280,false,
51603,14.8701876,9,false,
51604,14.8702060,62,false,
51605,14.8702529,49,false,
51606,14.8703220,150,false,
51607,14.8703318,68,false,
51608,14.8703475,1,false,
51609,14.8703663,49,false,
51610,14.8703675,110,false,
51611,14.8703916,93,false,
51612,14.8703919,1801,false,
51613,14.8703928,1,false,
51614,Nmiss2693,1,false,
51615,Nmiss2857,1,false,
51616,Nmiss2858,1,false,
51617,Nmiss2904,1,false,
51618,Nmiss2916,1,false,
51619,22210,1,false,
51620,22242b,1,false,
51621,22264,1,false,
51622,22282,1,false,
51623,22315,1,false,
51624,22328,1,false,
51625,22329,,false,
51626,22344,1,false,
51627,22345,,false,
51628,18275,1,false,
51629,18333,524,false,
51630,20169,1,false,
51631,20745,1,false,
51632,20766,1,false,
51633,20949,1,false,
51634,21077,1,false,
51635,22089,1,false,
51636,22096,1,false,
51637,22160,1,false,
51638,22185,68,false,
51639,22201,1,false,
51640,22233,1,false,
51657,NM006,,false,
51658,481/17,,false,
51659,773/17,,false,
51660,552835,18,false,
51661,552837,657,false,
51662,552840,1122,false,
51663,552868,1122,false,
51664,552874,16,false,
51665,552878,16,false,
51666,552852,367,false,
51667,552854,18,false,
51668,552856,18,false,
51669,552858,18,false,
51670,552860,18,false,
51671,552885,367,false,
51672,552888,666,false,
51673,552891,367,false,
51674,552894,,false,
51675,552896,367,false,
51676,552910,367,false,
51678,553545,18,false,
51679,553566,16,false,
51680,553571,378,false,
51681,553579,16,false,
51682,553585,1122,false,
51683,553599,18,false,
51684,553601,367,false,
51685,553603,367,false,
51686,553615,1006,false,
51687,553617,367,false,
51688,553619,,false,
51689,553621,18,false,
51690,553630,666,false,
51691,553633,16,false,
51692,553637,,false,
51693,553647,16,false,
51694,553651,18,false,
51695,553653,1006,false,
51696,553821,654,false,
51697,553823,378,false,
51698,553826,18,false,
51699,553832,367,false,
51700,555869,22,false,
51701,555832,367,false,
51702,556567,367,false,
51703,556826,18,false,
51704,556830,1006,false,
51705,556832,367,false,
51706,556835,1006,false,
51707,556837,1802,false,
51708,556843,16,false,
51709,556846,22,false,
51710,556850,367,false,
51711,556853,1006,false,
51712,556857,1006,false,
51713,556860,367,false,
51714,556862,378,false,
51715,556874,16,false,
51716,556876,367,false,
51717,556880,1006,false,
51718,556882,1803,false,
51719,556884,18,false,
51720,556888,1803,false,
51721,556891,16,false,
51722,555548,16,false,
51723,555509,16,false,
51724,555507,1803,false,
51725,555500,666,false,
51726,555497,3353,false,
51727,552866,18,false,
51728,552872,633,false,
51729,552703,18,false,
51730,553597,666,false,
51731,553623,367,false,
51733,555607,367,false,
51734,555589,367,false,
51735,558906,18,false,
51736,555495,18,false,
51737,555491,1122,false,
51738,555122,367,false,
51739,557175,18,false,
51740,556902,666,false,
51741,557177,16,false,
51742,557179,666,false,
51743,554791,367,false,
51744,554793,367,false,
51745,553711,367,false,
51746,553714,367,false,
51747,553721,18,false,
51748,553724,18,false,
51749,553730,16,false,
51750,553734,367,false,
51751,553739,1804,false,
51752,553742,367,false,
51753,553744,367,false,
51754,553751,367,false,
51755,553753,18,false,
51756,553756,367,false,
51757,553760,378,false,
51758,551975,367,false,
51759,553887,22,false,
51760,553727,367,false,
51761,554395,378,false,
51762,554554,1122,false,
51763,554556,18,false,
51764,554561,666,false,
51765,554563,16,false,
51766,554565,18,false,
51767,554567,367,false,
51768,554569,1122,false,
51769,554584,367,false,
51770,554586,373,false,
51771,554590,367,false,
51772,554601,1122,false,
51773,554621,657,false,
51774,554624,367,false,
51775,554631,16,false,
51776,554635,367,false,
51777,554641,1006,false,
51778,554646,22,false,
51779,554649,16,false,
51780,554653,16,false,
51781,554470,367,false,
51782,554674,1560,false,
51783,554677,23,false,
51784,554680,18,false,
51785,554684,16,false,
51786,554689,18,false,
51787,554729,16,false,
51788,554735,666,false,
51789,554737,18,false,
51790,554739,16,false,
51791,554741,367,false,
51792,555855,367,false,
51793,555845,1006,false,
51794,555841,3354,false,
51795,555924,1803,false,
51796,555919,666,false,
51797,555899,1803,false,
51798,555897,367,false,
51799,555876,367,false,
51800,555834,654,false,
51801,555830,23,false,
51802,555827,18,false,
51803,555823,1122,false,
51804,555820,367,false,
51805,555818,367,false,
51806,555816,18,false,
51807,555814,3354,false,
51808,555812,3353,false,
51809,555617,367,false,
51810,555614,22,false,
51811,557753,367,false,
51812,554801,16,false,
51813,558222,657,false,
51814,560978,1006,false,
51815,560982,367,false,
51816,553829,1122,false,
51817,555861,18,false,
51818,553718,367,false,
51819,554613,18,false,
51820,555523,18,false,
51821,555504,1122,false,
51822,558650,1006,false,
51823,558902,367,false,
51824,560645,16,false,
51825,559226,16,false,
51826,559699,16,false,
51827,559716,1006,false,
51828,558652,16,false,
51829,560631,1122,false,
51830,559721,1805,false,
51831,560558,367,false,
51832,560546,1006,false,
51833,560534,1122,false,
51834,560639,666,false,
51835,560642,1006,false,
51836,Niga2-14,33,false,
51837,Niga3-14,33,false,
51838,Kgz_128,,false,
51839,Kgz_129,,false,
51840,M-119-16,,false,
51841,19/17,,false,
51842,AK-1949,45,false,
51843,AK-1960,67,false,
51844,BM-1245a,104,false,
51845,BM-1246a,104,false,
51846,BM-1247,558,false,
51847,BM-1258,905,false,
51848,BM-1262,24,false,
51849,BM-1267,104,false,
51850,K-31,1,false,
51851,K-33,1806,false,
51852,W-5855,87,false,
51853,W-5889a,93,false,
51854,W-5899,1,false,
51855,W-5914,62,false,
51856,W-5943,93,false,
51857,W-5959,45,false,
51858,W-5969,3,false,
51859,W-5974,3,false,
51860,W-5981,45,false,
51861,W-5996,62,false,
51862,W-6157,1807,false,
51863,W-6264,67,false,
51864,W-6292,93,false,
51865,W-6315,93,false,
51866,W-6343,45,false,
51867,W-6351,49,false,
51868,W-6376,9,false,
51869,NMLW005,,false,
51870,NMLW062,1808,false,
51871,NMLW119,68,false,
51872,NMLW069,68,false,
51873,NMLW090,1,false,
51874,NMLW115L,857,false,
51875,NMLW130,1,false,
51876,NMLW171,68,false,
51877,NMLW020,857,false,
51878,NMLW051,857,false,
51879,NMLW052,857,false,
51880,NMLW110,77,false,
51881,NMLW046,857,false,
51882,NMLW056,1809,false,
51883,NMLW083,1,false,
51884,NMLW132,1,false,
51885,NMLW019,1,false,
51886,NMLW144,1,false,
51887,NMLW009,1,false,
51888,NMLW080,77,false,
51889,NMLW017,1,false,
51890,13-600,62,false,
51891,555572,367,false,
51892,555564,1803,false,
51893,555561,378,false,
51894,555559,367,false,
51895,554795,1122,false,
51896,554797,16,false,
51897,554799,367,false,
51898,554804,367,false,
51899,554806,16,false,
51900,554813,627,false,
51901,554816,18,false,
51902,17-9,1064,false,
51903,17-36,3,false,
51904,17-52,151,false,
51905,17-83,62,false,
51906,17-99,62,false,
51907,17-106,49,false,
51908,17-107,49,false,
51909,17-112,62,false,
51910,17-118,1,false,
51911,M41520,67,false,
51912,NMLW042a,68,false,
51913,NMLW059,68,false,
51914,NMLW233,68,false,
51915,NMLW115,68,false,
51916,NMLW013,68,false,
51917,NMLW143,68,false,
51918,NMLW259,68,false,
51919,NMLW040,68,false,
51920,NMLW024,68,false,
51921,NMLW059L,68,false,
51922,NMLW100,1,false,
51923,NMLW071,1,false,
51924,NMLW072,1,false,
51925,NMLW076,1,false,
51929,R837,65,false,
51933,R902,279,false,
51934,M41530,3521,false,
52131,LNP28960abd,1,false,
52139,M41094,925,false,
52140,M41194,3671,false,
52141,M41199,292,false,
52142,M41201,565,false,
52143,NM005,,false,
52151,552524,367,false,
52152,552526,367,false,
52153,552553,367,false,
52154,552560,21,false,
52155,552577,16,false,
52156,552580,367,false,
52157,552588,18,false,
52158,552591,1006,false,
52159,552594,367,false,
52160,552602,632,false,
52161,552606,367,false,
52162,552610,367,false,
52163,552586,18,false,
52164,552474,636,false,
52165,552659,367,false,
52166,552828,367,false,
52167,552832,18,false,
52168,555585,18,false,
52169,NIID689,,false,
52180,Nm394,407,false,
52183,Nm424,2418,false,
52195,PMB4524,,false,
52196,PMB4528,,false,
52197,PMB4865,,false,
52198,PMB5899,,false,
52200,Nm002,407,false,
52201,Nm014,407,false,
52202,Nm015,407,false,
52203,Nm021,407,false,
52204,Nm025,407,false,
52205,Nm029,407,false,
52206,Nm032,407,false,
52207,Nm033,407,false,
52208,Nm039,407,false,
52210,Nm044,407,false,
52211,Nm045,407,false,
52212,Nm046,407,false,
52213,Nm047,407,false,
52214,Nm049,407,false,
52216,Nm053,407,false,
52217,Nm055,407,false,
52219,Nm059,1828,false,
52221,Nm063,407,false,
52222,Nm064,1829,false,
52223,Nm075,407,false,
52224,Nm119,407,false,
52227,Nm213,407,false,
52228,Nm220,407,false,
52229,Nm221,407,false,
52230,Nm267,407,false,
52231,Nm268,1830,false,
52232,Nm277,407,false,
52233,Nm278,407,false,
52234,Nm282,407,false,
52235,Nm290,407,false,
52236,Nm297,407,false,
52238,Nm319,407,false,
52239,Nm322,407,false,
52241,Nm325,407,false,
52242,Nm374,407,false,
52243,Nm408,407,false,
52244,Nm449,407,false,
52245,PMB4849,,false,
52246,Nm390,407,false,
52272,107550,62,false,
52273,107482,68,false,
52274,M41636,,false,
52298,Nm013,3,false,
52302,Nm043,1858,false,
52304,Nm061,407,false,
52305,Nm071,1,false,
52313,Nm142,1816,false,
52315,Nm153,1816,false,
52323,Nm180,1,false,
52334,Nm200,407,false,
52365,Nm376,407,false,
52368,Nm380,407,false,
52370,Nm385,407,false,
52373,Nm395,407,false,
52374,Nm396,2417,false,
52375,Nm397,407,false,
52376,Nm398,407,false,
52377,Nm406,407,false,
52379,Nm409,407,false,
52382,Nm416,407,false,
52384,Nm422,407,false,
52385,Nm423,407,false,
52388,Nm435,407,false,
52389,Nm436,1835,false,
52395,Nm450,407,false,
52396,Nm453,1836,false,
52400,Nm461,407,false,
52401,Nm462,407,false,
52403,GZ001,,false,
52418,GCWGS-2199,,false,
52419,GCWGS-2277,,false,
52420,GCWGS-2344,,false,
52421,GCWGS-2515,,false,
52422,GCWGS-2516,,false,
52423,GCWGS-2530,,false,
52424,GCWGS-2650,,false,
52425,SZ11003,407,false,
52431,LNP28991abd,1,false,
52432,LNP28992,1837,false,
52438,0029/16,,false,
52439,0033/16,,false,
52440,0041/16,,false,
52441,0043/16,,false,
52442,0046/16,,false,
52443,0049/16,,false,
52444,0051/16,,false,
52447,0058/16,,false,
52448,0060/16,,false,
52450,0062/16,,false,
52453,0069/16,,false,
52454,0070/16,,false,
52466,0093/16,,false,
52468,0096/16,,false,
52469,0098/16,,false,
52470,0003/17,,false,
52473,0007/17,,false,
52478,0012/17,,false,
52481,0015/17,,false,
52482,0016/17,,false,
52483,0017/17,,false,
52484,0018/17,,false,
52487,0021/17,,false,
52499,17.8702859,,false,
52500,16.8711143,,false,
52501,BRZ_6333,,false,
52502,BRZ_8975,,false,
52511,Nm152,68,false,
52529,1209/17,,false,
52530,BRZ_9224,,false,
52531,BRZ_9721,,false,
52532,BRZ_11219,,false,
52533,BRZ_11741,,false,
52534,BRZ_9008,,false,
52535,BRZ_9671,,false,
52536,BRZ_11549,,false,
52537,2701,,false,
52538,M29650,257,false,
52539,BR40021,97,false,
52540,BR40152,68,false,
52541,BR40329,97,false,
52542,BR40765,149,false,
52543,BR40934,349,false,
52544,BR41123,1218,false,
52545,BR41160,87,false,
52546,BR41208,1197,false,
52547,BR41219,246,false,
52548,BR41294,57,false,
52549,BR41314,1217,false,
52550,BR41378,49,false,
52552,BR41445,62,false,
52553,BR41449,62,false,
52554,BR41456,292,false,
52555,BR41465,1,false,
52556,BR41492,45,false,
52557,BR41515,62,false,
52558,BR41628,62,false,
52559,BR41667,62,false,
52560,BR41688,211,false,
52561,CA40083,141,false,
52562,CA40160,65,false,
52563,CA40177,93,false,
52564,CA40191,97,false,
52566,CA40856,62,false,
52568,CA40952,102,false,
52569,CA40954,246,false,
52570,CA40963,349,false,
52571,CA41303,141,false,
52572,CA41519,738,false,
52574,CA41762,120,false,
52575,CA41819,93,false,
52576,CA42139,1632,false,
52577,CA42266,1633,false,
52578,CA42822,141,false,
52579,CA42906,49,false,
52580,CA44016,1637,false,
52581,CA44041,1,false,
52582,CA44085,62,false,
52583,CA44125,97,false,
52584,CA44205,87,false,
52585,CA44284,62,false,
52586,CA44292,1843,false,
52587,CA44429,97,false,
52588,CM40088,1623,false,
52589,CM40189,77,false,
52590,CM40350,45,false,
52592,CM40389,87,false,
52593,CM40400,68,false,
52594,CM40401,62,false,
52595,CM40408,120,false,
52596,CM40412,67,false,
52597,CM40462,65,false,
52598,CM40494,87,false,
52599,CM40500,1,false,
52601,CM40719,131,false,
52602,CM40899,87,false,
52603,CM41000,62,false,
52604,CM41063,62,false,
52606,CM41104,62,false,
52607,CM41110,150,false,
52608,CM41121,326,false,
52609,CM41280,1220,false,
52610,CM41286,57,false,
52611,CM41832,49,false,
52612,CM41841,68,false,
52614,CM41908,738,false,
52616,GL40616,1485,false,
52618,GL41017,45,false,
52619,GL41176,108,false,
52623,GL42143,139,false,
52624,GL42194,93,false,
52625,GL42501,93,false,
52626,GL42588,62,false,
52628,GL42697,87,false,
52629,GL42743,45,false,
52630,GL42747,87,false,
52631,GL42872,87,false,
52632,GL42894,49,false,
52634,LO40075,62,false,
52636,OX40028,1236,false,
52637,OX40064,87,false,
52639,OX40224,1,false,
52640,OX40226,1,false,
52641,OX40264,211,false,
52642,OX40273,87,false,
52643,OX40300,87,false,
52644,OX40340,87,false,
52645,OX40397,49,false,
52647,OX40533,62,false,
52649,OX40640,87,false,
52650,OX40657,150,false,
52651,OX40672,87,false,
52652,OX40674,211,false,
52654,OX40952,416,false,
52655,OX41085,87,false,
52658,OX41354,15,false,
52660,PL40261,62,false,
52661,PL40555,87,false,
52662,PL40857,62,false,
52663,PL41434,288,false,
52664,PL41580,62,false,
52665,PL41733,1686,false,
52667,PL42080,1,false,
52668,PL42154,87,false,
52669,PR40013,49,false,
52670,PR40026,87,false,
52671,PR40027,45,false,
52673,PR40118,400,false,
52674,PR40486,49,false,
52675,PR40877,137,false,
52677,ST40037,209,false,
52680,ST40801,137,false,
52682,ST40978,87,false,
52683,ST41048,1371,false,
52685,ST41357,1371,false,
52686,ST41447,87,false,
52688,ST41464,1376,false,
52689,ST41465,199,false,
52692,ST41612,87,false,
52693,ST41619,87,false,
52694,ST41640,87,false,
52695,ST41648,57,false,
52696,ST41653,1371,false,
52697,ST41668,62,false,
52698,ST41671,62,false,
52701,ST41868,1371,false,
52702,ST42061,50,false,
52705,ST42251,288,false,
52707,ST42397,1384,false,
52709,WG40058,150,false,
52710,WG40060,45,false,
52712,WG40739,1169,false,
52713,WG40761,1708,false,
52714,WG40850,150,false,
52715,WG40897,738,false,
52716,WG40912,527,false,
52717,WG40932,1,false,
52718,WG40933,87,false,
52719,WG40939,1,false,
52720,WG40990,87,false,
52721,WG41026,93,false,
52722,WG41050,62,false,
52723,WG41050B,1713,false,
52724,WG41062,262,false,
52725,WG41087,211,false,
52726,WG41108,1718,false,
52727,WG41318,49,false,
52728,WG41345,104,false,
52734,107551,49,false,
52735,NM007,,false,
52736,NM012,,false,
52737,Kgz077,,false,
52738,Rgz078,,false,
52739,M39765,4453,false,
52740,M41067,49,false,
52741,M41676,15,false,
52745,Nm384,2855,false,
52746,Nm393,350,false,
52751,BRZ_9799,,false,
52752,Ng41-41,,false,
52753,Ng01-34,18,false,
52754,Ng23-78,1421,false,
52755,Ng21-17,1421,false,
52756,Ng22-19,1421,false,
52757,Ng23-57,18,false,
52758,Ng34-63,16,false,
52759,Ng38-58,18,false,
52760,Ng39-60,1422,false,
52761,Ng41-41,1421,false,
52762,Ng41-67,18,false,
52763,Ng42-42,1421,false,
52764,Ng47-54,1421,false,
52765,Ng50-32,1421,false,
52766,Ng51-55,1421,false,
52767,Ng51-59,1421,false,
52768,Ng53-42,1844,false,
52769,SI08-023,,false,
52778,LNP29022,424,false,
52785,LNP29034,424,false,
52796,17-186,61,false,
52797,17-211,61,false,
52798,M38401,,false,
52799,M38407,,false,
52800,M38410,,false,
52801,M38419,,false,
52802,M38425,,false,
52803,M38473,,false,
52804,M38493,,false,
52805,M39299,,false,
52806,M39334,,false,
52807,M39338,,false,
52808,M39387,,false,
52809,M39426,,false,
52810,2546,87,false,
52811,2554,9,false,
52812,2556,2,false,
52813,2586,68,false,
52814,2594,1846,false,
52815,2624,9,false,
52816,2629,301,false,
52817,2632,257,false,
52818,2636,257,false,
52819,2639,829,false,
52820,2640,64,false,
52821,2643,45,false,
52822,2646,257,false,
52823,2648,67,false,
52824,2652,257,false,
52825,2663,1847,false,
52826,2664,257,false,
52827,2665,257,false,
52828,2669,,false,
52829,2670,,false,
52830,11.5620,45,false,
52831,14.8704457,211,false,
52833,14.8705466,211,false,
52834,14.8705522,62,false,
52835,14.8705635,1,false,
52836,14.8706298,62,false,
52837,14.8706990,1,false,
52838,14.8707646,1,false,
52839,15.8703050,62,false,
52840,15.8704035,,false,
52841,15.8705494,1,false,
52842,15.8705782,62,false,
52843,15.8706232,62,false,
52844,15.8706311,1848,false,
52845,15.8707666,1,false,
52846,15.8708749,1,false,
52847,15.8708877,1,false,
52848,15.8709301,1849,false,
52850,SMG_17_141,1,false,
52851,16.8700175,1,false,
52852,SMG_17_142,62,false,
52853,SMG_17_143,141,false,
52854,SMG_17_144,62,false,
52855,SMG_17_145,62,false,
52856,SMG_17_146,1,false,
52857,SMG_17_147,1,false,
52858,SMG_17_148,1,false,
52859,16.8703048,1,false,
52860,16.8703541,1,false,
52861,16.8703924,1,false,
52862,16.8704391,1,false,
52863,16.8705056,9,false,
52864,16.8705113,120,false,
52865,16.8705336,1,false,
52866,16.8705683,1,false,
52867,16.8706461,1,false,
52868,16.8707104,1,false,
52869,16.8707261,1,false,
52870,16.8707696,120,false,
52871,16.8707908,9,false,
52872,16.8707965,1,false,
52873,16.8708125,,false,
52874,16.8708517,1,false,
52875,16.8708574,1,false,
52876,16.8708601,150,false,
52877,16.8708839,62,false,
52878,16.8709026,87,false,
52879,16.8709292,45,false,
52880,16.8709479,1,false,
52881,16.8709679,62,false,
52882,16.8709512,62,false,
52883,16.8709527,93,false,
52884,16.8709956,62,false,
52885,16.8709973,1,false,
52886,16.8710422,1,false,
52887,16.8710467,62,false,
52888,16.8710714,1,false,
52889,16.8710760,90,false,
52890,16.8710761,3,false,
52891,16.8711411,87,false,
52893,80.26509,126,false,
52894,82.26437,68,false,
52895,82.43080,520,false,
52896,84.002265,68,false,
52897,84.002266,68,false,
52898,87.04698,68,false,
52899,87.17621,120,false,
52900,79.04376,68,false,
52901,88.14237,120,false,
52902,88.14238,120,false,
52903,89.28036,120,false,
52904,89.40004,68,false,
52905,89.49303,68,false,
52906,72.45184,1,false,
52907,74.13506,1,false,
52908,74.22712,1,false,
52909,74.32455,1,false,
52910,75.13006,120,false,
52911,75.18461,1,false,
52912,75.22828,1,false,
52913,75.32480,1,false,
52914,76.08444,120,false,
52915,76.21742,1,false,
52916,76.28474,520,false,
52917,76.37812,1,false,
52918,76.38279,37,false,
52919,77.27720,1,false,
52920,77.28838,120,false,
52921,77.41038,120,false,
52922,78.05436,68,false,
52923,78.27631,68,false,
52924,2677,2,false,
52925,2678,9,false,
52926,2690,257,false,
52927,2691,257,false,
52928,2701,257,false,
52929,2718,257,false,
52930,2783,141,false,
52931,2790,292,false,
52932,2802,2,false,
52933,2812,2,false,
52934,2813,2,false,
52935,2814,141,false,
52936,2816,141,false,
52937,2818,67,false,
52938,2822,9,false,
52939,2840,9,false,
52940,2843,9,false,
52941,2851,67,false,
52942,2862,1250,false,
52943,2873,1850,false,
52944,2874,150,false,
52945,2876,45,false,
52946,2879,87,false,
52947,2884,257,false,
52948,2890,9,false,
52949,2891,9,false,
52950,2894,3,false,
52951,2896,,false,
52952,2899,257,false,
52953,2901,45,false,
52954,2905,45,false,
52955,2906,257,false,
52956,2907,141,false,
52957,2908,3,false,
52958,2935,9,false,
52960,2938,262,false,
52961,2847,64,false,
52962,NML016,93,false,
52963,NML033,1851,false,
52964,NML043,13,false,
52965,NML054c,1852,false,
52966,NML072cc,1583,false,
52967,NML073,1853,false,
52968,NML160,93,false,
52969,NML203,93,false,
52970,NML203b,93,false,
52971,NML228,1854,false,
52972,NML242,1583,false,
52973,NML294,1855,false,
52974,NML034,1856,false,
52975,NML157,1857,false,
52976,NML248,93,false,
52977,M29897,,false,
52978,M29906,,false,
52979,M29927,,false,
52980,M29933,,false,
52981,M29944,,false,
52982,M29952,,false,
52983,M29971,,false,
52984,M29973,,false,
52985,M29987,,false,
52986,M36372,,false,
52987,M36396,,false,
52988,M36414,,false,
52989,M36457,,false,
52990,M36464,,false,
52991,M36506,,false,
52992,M36517,,false,
52993,M36521,,false,
52994,M36525,,false,
52995,M39432,,false,
52996,M39442,,false,
52997,M39444,,false,
52998,M41341,,false,
52999,M41639,141,false,
53000,M41824,1939,false,
53001,M41835,,false,
53002,NML034r,93,false,
53003,0095/16,,false,
53006,0048/17,,false,
53008,571/17,,false,
53009,1774/17,,false,
53010,Nm032,,false,
53011,Nm063,,false,
53034,BRZ-11816,,false,
53036,0054/17,,false,
53037,0055/17,,false,
53040,114727,153,false,
53041,22120,9,false,
53042,99-177,,false,
53043,99-194,,false,
53044,15340,,false,
53045,3260,,false,
53046,2302/17,,false,
53047,2017-017,,false,
53048,2017-025,,false,
53049,2017-038,,false,
53050,M16 240681,1,false,
53051,M16 240705,87,false,
53052,M16 240706,1,false,
53053,M16 240707,1,false,
53054,M16 240708,1,false,
53055,M16 240709,292,false,
53056,M16 240710,1,false,
53057,M16 240711,45,false,
53058,M16 240712,1,false,
53059,M16 240713,45,false,
53060,M16 240715,1,false,
53061,M16 240718,211,false,
53062,M16 240719,62,false,
53063,M16 240720,62,false,
53064,M16 240721,1,false,
53065,M16 240722,45,false,
53066,M16 240723,141,false,
53067,M16 240727,1,false,
53068,M16 240728,87,false,
53069,M16 240729,1,false,
53070,M16 240730,45,false,
53071,M16 240732,45,false,
53072,M16 240734,1,false,
53073,M16 240735,130,false,
53074,M16 240736,1,false,
53075,M16 240737,1866,false,
53076,M16 240738,1,false,
53078,M16 240740,1,false,
53079,M16 240742,62,false,
53080,M16 240743,1,false,
53081,M16 240744,1,false,
53082,M16 240745,1,false,
53083,M16 240746,93,false,
53084,M16 240748,1,false,
53085,M16 240749,62,false,
53086,M16 240750,1,false,
53087,M16 240751,120,false,
53088,M16 240752,1,false,
53089,M16 240753,1,false,
53090,M16 240754,257,false,
53091,M16 240755,1,false,
53092,M16 240756,1,false,
53093,M16 240757,1,false,
53094,M16 240759,57,false,
53095,M16 240760,1,false,
53096,M16 240762,1,false,
53097,M16 240763,65,false,
53098,M16 240767,62,false,
53099,M16 240768,262,false,
53100,M16 240769,257,false,
53101,M16 240770,87,false,
53102,M16 240772,45,false,
53103,M16 240773,141,false,
53104,M16 240774,1867,false,
53105,M16 240775,1,false,
53106,M16 240777,62,false,
53107,M16 240778,45,false,
53108,M16 240779,62,false,
53109,M16 240780,308,false,
53110,M16 240781,1,false,
53111,M16 240782,49,false,
53112,M16 240783,,false,
53113,M16 240784,1,false,
53114,M16 240786,260,false,
53115,M16 240788,45,false,
53116,M16 240789,1868,false,
53117,M16 240790,45,false,
53118,M16 240793,120,false,
53119,M16 240794,77,false,
53120,M16 240795,1869,false,
53121,M16 240796,1,false,
53122,M16 240797,62,false,
53123,M16 240800,1,false,
53124,M16 240802,50,false,
53125,M16 240803,62,false,
53126,M16 240804,45,false,
53127,M16 240805,198,false,
53128,M16 240806,45,false,
53129,M16 240807,45,false,
53130,M16 240808,93,false,
53131,M16 240810,1,false,
53132,M16 240815,3,false,
53133,M16 240816,1,false,
53134,M16 240818,3,false,
53135,M16 240819,1,false,
53136,M16 240822,120,false,
53137,M16 240823,3,false,
53138,M16 240826,93,false,
53139,M16 240828,1,false,
53140,M16 240832,45,false,
53141,M16 240834,1,false,
53142,M16 240835,1,false,
53143,M16 240836,1,false,
53144,M16 240837,93,false,
53145,M16 240838,55,false,
53146,M16 240839,1,false,
53147,M16 240840,62,false,
53148,M16 240841,45,false,
53149,M16 240842,1,false,
53150,M16 240843,1,false,
53152,M16 240846,3,false,
53153,M16 240848,45,false,
53154,M16 240849,1,false,
53155,M16 240850,62,false,
53156,M16 240851,1,false,
53157,M16 240852,45,false,
53158,M16 240853,62,false,
53159,M16 240855,1,false,
53160,M16 240856,259,false,
53161,M16 240857,275,false,
53162,M16 240858,62,false,
53163,M16 240859,3,false,
53164,M16 240860,1,false,
53165,M16 240862,1,false,
53166,M16 240865,1,false,
53167,M16 240866,1,false,
53168,M16 240867,1,false,
53169,M16 240868,93,false,
53170,M16 240869,1,false,
53171,M16 240870,1870,false,
53172,M16 240873,1,false,
53173,M16 240874,41,false,
53174,M16 240875,62,false,
53175,M16 240876,45,false,
53176,M16 240877,1,false,
53177,M16 240878,93,false,
53178,M16 240879,1,false,
53179,M16 240881,1,false,
53180,M16 240882,62,false,
53181,M16 240883,3,false,
53182,M16 240884,9,false,
53183,M16 240885,1,false,
53184,M16 240886,45,false,
53185,M16 240887,45,false,
53186,M16 240888,93,false,
53187,M16 240889,9,false,
53188,M16 240891,857,false,
53189,M16 240892,120,false,
53190,M16 240893,1,false,
53191,M16 240894,106,false,
53192,M16 240895,1,false,
53193,M16 240896,259,false,
53194,M16 240897,1,false,
53195,M16 240900,1,false,
53196,M16 240901,1,false,
53197,M16 240903,45,false,
53198,M16 240904,1,false,
53199,M16 240905,857,false,
53200,M16 240906,1,false,
53201,M16 240909,62,false,
53202,M16 240910,62,false,
53203,M17 240001,62,false,
53204,M17 240002,,false,
53205,M17 240003,62,false,
53206,M17 240004,87,false,
53207,M17 240005,141,false,
53208,M17 240006,1,false,
53209,M17 240007,62,false,
53210,M17 240008,45,false,
53211,M17 240009,62,false,
53212,M17 240010,1,false,
53213,M17 240011,1,false,
53214,M17 240012,2,false,
53215,M17 240013,1,false,
53216,M17 240014,87,false,
53217,M17 240015,1,false,
53218,M17 240016,62,false,
53219,M17 240017,1871,false,
53220,M17 240018,141,false,
53221,M17 240019,1,false,
53222,M17 240020,1,false,
53223,M17 240021,1,false,
53224,M17 240022,1,false,
53225,M17 240023,87,false,
53226,M17 240025,1,false,
53227,M17 240026,62,false,
53228,M17 240027,150,false,
53229,M17 240028,3696,false,
53230,M17 240029,77,false,
53231,M17 240030,1,false,
53232,M17 240031,1,false,
53233,M17 240032,1,false,
53234,M17 240033,246,false,
53235,M17 240034,45,false,
53236,M17 240035,1,false,
53237,M17 240036,1,false,
53238,M17 240037,120,false,
53239,M17 240038,62,false,
53240,M17 240039,87,false,
53241,M17 240040,45,false,
53242,M17 240041,3,false,
53243,M17 240042,93,false,
53244,M17 240044,1872,false,
53245,M17 240045,62,false,
53246,M17 240046,3,false,
53247,M17 240047,1873,false,
53248,M17 240048,65,false,
53249,M17 240049,1,false,
53250,M17 240050,93,false,
53251,M17 240051,148,false,
53252,M17 240052,857,false,
53253,M17 240054,62,false,
53254,M17 240055,246,false,
53255,M17 240057,1,false,
53256,M17 240058,1,false,
53257,M17 240059,62,false,
53258,M17 240062,62,false,
53259,M17 240063,1,false,
53260,M17 240064,1874,false,
53261,M17 240065,292,false,
53262,M17 240066,1,false,
53263,M17 240067,120,false,
53264,M17 240068,1,false,
53265,M17 240069,45,false,
53266,M17 240070,93,false,
53267,M17 240071,535,false,
53268,M17 240072,424,false,
53269,M17 240073,1,false,
53270,M17 240076,1,false,
53271,M17 240077,217,false,
53272,M17 240079,49,false,
53273,M17 240080,45,false,
53274,M17 240084,1,false,
53275,M17 240085,1,false,
53276,M17 240086,257,false,
53277,M17 240088,62,false,
53278,M17 240089,1,false,
53279,M17 240092,1,false,
53280,M17 240095,1,false,
53281,M17 240096,3,false,
53282,M17 240097,276,false,
53283,M17 240098,62,false,
53284,M17 240100,1,false,
53285,M17 240101,3,false,
53286,M17 240102,120,false,
53287,M17 240103,1,false,
53288,M17 240104,45,false,
53289,M17 240105,128,false,
53290,M17 240119,259,false,
53291,M17 240120,1,false,
53292,M17 240122,1,false,
53293,M17 240124,93,false,
53294,M17 240125,62,false,
53295,M17 240126,87,false,
53296,M17 240127,1,false,
53297,M17 240129,1,false,
53298,M17 240130,93,false,
53299,M17 240131,3,false,
53300,M17 240133,1,false,
53301,M17 240134,1,false,
53302,M17 240135,1,false,
53303,M17 240136,1,false,
53304,M17 240137,257,false,
53305,M17 240138,1,false,
53306,M17 240139,1,false,
53307,M17 240140,1,false,
53308,M17 240141,1,false,
53309,M17 240142,1,false,
53310,M17 240143,93,false,
53311,M17 240144,1875,false,
53312,M17 240146,104,false,
53313,M17 240147,120,false,
53314,M17 240148,120,false,
53315,M17 240149,1,false,
53316,M17 240150,1,false,
53317,M17 240153,1876,false,
53318,M17 240154,62,false,
53319,M17 240156,87,false,
53320,M17 240157,45,false,
53321,M17 240159,262,false,
53322,M17 240161,1,false,
53323,M17 240162,1,false,
53324,M17 240163,62,false,
53325,M17 240164,1,false,
53326,M17 240165,148,false,
53327,M17 240166,108,false,
53328,M17 240167,1,false,
53329,M17 240168,15,false,
53330,M17 240169,62,false,
53331,M17 240170,45,false,
53332,M17 240171,87,false,
53333,M17 240173,93,false,
53334,M17 240174,62,false,
53335,M17 240176,45,false,
53336,M17 240177,3,false,
53337,M17 240178,120,false,
53338,M17 240179,1,false,
53339,M17 240180,1,false,
53340,M17 240181,1,false,
53341,M17 240182,1,false,
53342,M17 240183,396,false,
53343,M17 240184,1,false,
53344,M17 240185,1,false,
53345,M17 240190,87,false,
53346,M17 240192,1,false,
53347,M17 240193,1,false,
53348,M17 240194,45,false,
53349,M17 240195,9,false,
53350,M17 240196,1,false,
53351,M17 240197,87,false,
53352,M17 240198,1,false,
53353,M17 240199,1877,false,
53354,M17 240200,1,false,
53355,M17 240201,1,false,
53356,M17 240202,387,false,
53357,M17 240203,45,false,
53358,M17 240204,1,false,
53359,M17 240206,120,false,
53360,M17 240207,1,false,
53361,M17 240208,66,false,
53362,M17 240211,1,false,
53363,M17 240212,45,false,
53364,M17 240213,97,false,
53365,M17 240214,1,false,
53366,M17 240216,87,false,
53367,M17 240217,1,false,
53368,M17 240218,1,false,
53369,M17 240221,1,false,
53370,M17 240223,49,false,
53371,M17 240226,1,false,
53372,M17 240227,1,false,
53373,M17 240228,1878,false,
53374,16-8703069,1428,false,
53376,16-8707908,9,false,
53378,16-8708600,150,false,
53381,16-8709292,45,false,
53384,16-8711120,45,false,
53387,17-8700380,93,false,
53388,M16 240324,2,false,
53389,2,3,false,
53390,3,3,false,
53391,4,49,false,
53392,6,120,false,
53393,7,33,false,
53394,8,45,false,
53395,9,711,false,
53396,10,3,false,
53397,M17 240123,1879,false,
53398,M16 240812,62,false,
53399,M16 240813,961,false,
53400,M17 240155,,false,
53401,54,68,false,
53402,M08 240717,49,false,
53403,M09 240775,1880,false,
53404,5,57,false,
53405,M16 240333,68,false,
53406,ZJ028,,false,
53407,SH024,,false,
53408,SH038,,false,
53409,SH015,,false,
53410,GX1214,,false,
53411,GX1242,,false,
53412,XJ13087,,false,
53413,LN045,,false,
53414,SZ037,,false,
53415,ZJ057,,false,
53416,SH049,,false,
53417,GD033,,false,
53418,JS674,,false,
53419,CQ044,,false,
53422,LNP26283,29,false,
53427,107553,102,false,
53440,14-563,62,false,
53441,M17 240568,45,false,
53442,3160/17,,false,
53443,4438/17,,false,
53444,5669/17,,false,
53445,114731,2001,false,
53446,114732,153,false,
53447,114733,62,false,
53448,114734,62,false,
53449,3686/17,,false,
53450,5379/17,,false,
53452,568626,367,false,
53454,572710,367,false,
53455,592364,1122,false,
53456,577023,367,false,
53457,571800,1122,false,
53458,577547,,false,
53460,576045,654,false,
53461,577551,1006,false,
53462,577534,367,false,
53463,577982,16,false,
53465,572803,367,false,
53466,572805,367,false,
53467,572813,367,false,
53468,572919,1548,false,
53469,573089,367,false,
53470,573092,367,false,
53471,573138,628,false,
53472,573136,1006,false,
53473,573338,16,false,
53475,573321,1006,false,
53479,3016,,false,
53481,3017,,false,
53490,NMLY144,141,false,
53504,0057/16,,false,
53505,0051/17,,false,
53506,0071/17,,false,
53509,0077/17,,false,
53511,0080/17,,false,
53516,M43255,2423,false,
53517,M42530,45,false,
53518,M15463,,false,
53519,LNP29116,1,false,
53526,LNP29128abd,1,false,
53539,MK10/17,,false,
53540,515386,23,false,
53541,515634,367,false,
53543,515707,367,false,
53544,515710,16,false,
53545,516303,367,false,
53546,516308,367,false,
53547,536453,1122,false,
53548,536036,16,false,
53554,2017002-4,,false,
53555,555119,16,false,
53556,560980,16,false,
53557,560974,18,false,
53558,555609,18,false,
53559,561156,16,false,
53560,561473,1884,false,
53561,561285,18,false,
53562,561287,1553,false,
53563,561738,18,false,
53564,561752,1006,false,
53565,561755,1006,false,
53566,561760,1885,false,
53567,561767,16,false,
53568,561772,1803,false,
53569,561776,367,false,
53570,560870,1553,false,
53571,561995,1803,false,
53572,562099,22,false,
53573,Nmiss2885,2,false,
53574,Nmiss2919,257,false,
53575,Nmiss2933,257,false,
53576,Nmiss2937,257,false,
53577,Nmiss2942,2,false,
53578,Nmiss2950,2,false,
53579,562687,1886,false,
53580,562691,367,false,
53581,562697,373,false,
53582,562694,1006,false,
53583,562700,367,false,
53584,562927,1549,false,
53585,562554,1553,false,
53586,562568,1548,false,
53587,562702,367,false,
53588,561732,1006,false,
53589,567121,632,false,
53590,566809,1122,false,
53591,567315,1122,false,
53592,567332,1887,false,
53593,567334,1122,false,
53594,567341,367,false,
53595,567383,367,false,
53596,567385,636,false,
53597,567326,1006,false,
53598,567616,1006,false,
53599,567933,18,false,
53600,568533,1888,false,
53601,568535,1122,false,
53602,2017-077,,false,
53603,568633,1006,false,
53604,568642,,false,
53605,563148,367,false,
53606,563150,1803,false,
53607,563153,367,false,
53608,563160,1006,false,
53609,563192,367,false,
53610,563196,367,false,
53611,563198,1553,false,
53612,563203,367,false,
53613,563210,1006,false,
53614,563253,23,false,
53615,562969,367,false,
53616,562974,18,false,
53617,563896,1549,false,
53618,563915,16,false,
53619,563898,367,false,
53620,563908,16,false,
53621,567052,1122,false,
53622,567058,16,false,
53623,567063,367,false,
53624,567065,1122,false,
53625,567117,18,false,
53626,565760,367,false,
53627,565763,1122,false,
53628,565874,1549,false,
53629,566481,367,false,
53630,566483,367,false,
53631,566485,1006,false,
53632,566760,16,false,
53633,566763,18,false,
53634,566769,367,false,
53635,566806,1555,false,
53636,567119,1122,false,
53637,567125,367,false,
53640,0066/16,,false,
53641,0097/17,,false,
53644,562564,16,false,
53645,562571,1889,false,
53646,564102,1553,false,
53647,564104,1006,false,
53648,564538,1006,false,
53649,564544,367,false,
53650,564548,1006,false,
53651,564704,1006,false,
53652,564715,1122,false,
53653,564717,683,false,
53654,564719,683,false,
53655,564721,367,false,
53656,564725,1890,false,
53657,564734,1006,false,
53658,564736,367,false,
53659,564776,1122,false,
53660,565100,367,false,
53661,565102,1006,false,
53662,565144,16,false,
53663,565162,1006,false,
53664,565166,1006,false,
53665,565168,1006,false,
53666,565338,16,false,
53667,565457,367,false,
53668,565460,367,false,
53669,565462,18,false,
53670,565464,367,false,
53671,565707,1006,false,
53672,565709,1006,false,
53673,565753,1122,false,
53674,565757,1122,false,
53675,567354,1555,false,
53676,567377,1006,false,
53677,567623,367,false,
53678,568538,1803,false,
53679,563155,1006,false,
53680,563194,1006,false,
53693,NMLW031,68,false,
53694,NMLW099,1,false,
53695,NMLW137,68,false,
53696,NMLW002,68,false,
53697,NMLW114,548,false,
53698,NMLW120,68,false,
53699,NMLW234,1,false,
53700,NMLW261,1808,false,
53701,NMLW399,68,false,
53702,NMLW047,2,false,
53703,NMLW249,68,false,
53704,NMLW007,1,false,
53705,NMLW016,1,false,
53706,NMLW174,2,false,
53707,NMLW117,68,false,
53708,NMLW129,68,false,
53709,NMLW174i,2,false,
53710,NMLW034,24,false,
53711,NMLW064,68,false,
53712,NMLW082,24,false,
53713,Nmiss2578,257,false,
53714,Nmiss2669,257,false,
53715,Nmiss2832,257,false,
53716,Nmiss2971,49,false,
53717,Nmiss2974,257,false,
53718,Nmiss2978,2,false,
53719,Nmiss2980,257,false,
53720,Nmiss2983,14,false,
53721,NmissPE26,141,false,
53722,M36474,,false,
53723,M39106,104,false,
53724,M39197,,false,
53725,M41225,,false,
53726,M41226,,false,
53727,M41229,,false,
53728,M41230,,false,
53729,M41239,,false,
53730,M41240,,false,
53731,M41242,,false,
53732,M41245,,false,
53733,M41255,,false,
53734,M41261,,false,
53735,M41263,,false,
53736,M41269,,false,
53737,M41270,,false,
53738,M41271,,false,
53739,M41273,,false,
53740,M41275,,false,
53741,M41280,,false,
53742,M41286,,false,
53743,M41287,,false,
53744,M41290,,false,
53745,M41294,,false,
53746,M41295,,false,
53747,M41297,,false,
53748,M41299,,false,
53749,M41304,,false,
53750,M41305,,false,
53751,M41312,,false,
53752,M41313,,false,
53753,M41322,,false,
53754,M41326,,false,
53755,M41327,,false,
53756,M41329,,false,
53757,M41330,,false,
53758,M41331,,false,
53759,M41339,,false,
53760,M41340,,false,
53761,M41344,,false,
53762,M41602,,false,
53763,M41747,77,false,
53764,M41868,5241,false,
53765,M41869,,false,
53766,M41870,9,false,
53767,M41959,3672,false,
53768,M42341,9,false,
53769,371401,1,false,
53770,371402,1,false,
53771,371404,1891,false,
53772,371428,1,false,
53773,321108,1,false,
53774,440728,1,false,
53775,450801,1,false,
53776,17-289,61,false,
53777,17-264,1158,false,
53778,17-271,1158,false,
53779,NMLW104,68,false,
53780,NMLW174a,1892,false,
53781,NMLW211,68,false,
53782,NMLW032,68,false,
53783,NMLW314,68,false,
53784,NMLW031i,68,false,
53785,NMLC120,1,false,
53786,NMLC249,1,false,
53787,NMLC311,548,false,
53788,NMLC113,546,false,
53789,NMLC203,1,false,
53790,NMLC228,2,false,
53791,NMLC030,1,false,
53792,NMLC042,1,false,
53793,NMLC064,2,false,
53794,NMLC091,1,false,
53795,NMLC253,257,false,
53796,NMLC066,1,false,
53797,NMLC102,1,false,
53798,NMLC107,1,false,
53799,515640,16,false,
53800,NMLW094,1,false,
53801,NMLW132i,1,false,
53802,NMLW141,857,false,
53803,NMLW014,857,false,
53804,NMLW018,1,false,
53805,NMLW020i,857,false,
53806,NMLW029,4789,false,
53807,NMLC114,548,false,
53808,NMLC047,2,false,
53809,NMLC174,2,false,
53810,NMLC174i,2,false,
53811,NMLC034,24,false,
53812,NMLC082,24,false,
53813,PF1,,false,
53814,PF2,,false,
53815,MB16371762,,false,
53820,LNP29202abd,141,false,
53827,0030/16,,false,
53828,0001/17,,false,
53829,0035/17,,false,
53833,0060/17,,false,
53835,0062/17,,false,
53836,0064/17,,false,
53840,M42482,,false,
53841,M40615,,false,
53842,M40614,,false,
53843,M40613,,false,
53844,M40612,,false,
53845,M40611,,false,
53846,M40604,,false,
53847,M40593,,false,
53848,M40591,,false,
53849,M40590,,false,
53850,M40589,,false,
53851,M40585,,false,
53852,M40577,,false,
53853,M40574,,false,
53854,M37698,,false,
53855,M37036,,false,
53856,M37012,,false,
53857,M36998,,false,
53858,M36980,,false,
53859,M36349,,false,
53860,M36337,,false,
53861,M36311,,false,
53862,Nm 075,,false,
53863,Nm 079,,false,
53864,Nm 090,,false,
53865,Nm 119,,false,
53866,Nm 123,,false,
53867,Nm 148,,false,
53868,Nm 182,,false,
53869,Nm 196,,false,
53870,Nm 237,,false,
53871,Nm 263,,false,
53872,Nm 275,,false,
53873,Nm 280,,false,
53874,Nm 340,,false,
53875,Nm 342,,false,
53876,Nm 394,,false,
53877,Nm 404,,false,
53878,Nm 506,,false,
53879,Nm 550,,false,
53880,Nm 602,,false,
53881,Nm 613,,false,
53882,Nm 615,,false,
53883,Nm 686,,false,
53884,3014,,false,
53887,4925/17,,false,
53888,5020/17,,false,
53889,N51.2,120,false,
53890,N51.3,120,false,
53891,N51.4,120,false,
53892,N51.5,120,false,
53893,N51.6,120,false,
53894,N236.1,120,false,
53895,N236.2,120,false,
53896,N236.3,120,false,
53897,N236.4,120,false,
53898,N236.5,120,false,
53899,N236.6,120,false,
53900,N354.1,120,false,
53901,N354.2,120,false,
53902,N354.3,120,false,
53903,N354.4,120,false,
53904,N354.5,120,false,
53905,N354.6,120,false,
53906,N424.2,120,false,
53907,N424.3,120,false,
53908,N424.4,120,false,
53909,N424.5,120,false,
53910,N424.6,120,false,
53911,N258.2,62,false,
53912,N258.3,62,false,
53913,N258.4,62,false,
53914,N258.5,62,false,
53915,N258.6,62,false,
53916,N431.2,62,false,
53917,N431.3,62,false,
53918,N431.4,62,false,
53919,N431.5,62,false,
53920,N431.6,62,false,
53921,N264.2,62,false,
53922,N264.3,62,false,
53923,N264.4,62,false,
53924,N264.5,62,false,
53925,N264.6,62,false,
53926,N359.2,62,false,
53927,N359.3,62,false,
53928,N359.4,62,false,
53929,N359.6,62,false,
53930,N222.2,62,false,
53931,N222.3,62,false,
53932,N222.4,62,false,
53933,N222.5,62,false,
53934,N222.6,62,false,
53935,N309.1,62,false,
53936,N309.2,62,false,
53937,N309.3,62,false,
53938,N309.4,62,false,
53939,N309.5,62,false,
53940,N309.6,62,false,
53941,N391.1,62,false,
53942,N391.2,62,false,
53943,N391.3,62,false,
53944,N391.4,62,false,
53945,N391.5,62,false,
53946,N391.6,62,false,
53947,N459.2,62,false,
53948,N459.3,62,false,
53949,N459.4,62,false,
53950,N459.5,62,false,
53951,N459.6,62,false,
53952,N259.2,62,false,
53953,N259.3,62,false,
53954,N259.4,62,false,
53955,N259.5,62,false,
53956,N259.6,62,false,
53957,N370.1,62,false,
53958,N370.2,62,false,
53959,N370.3,62,false,
53960,N370.4,62,false,
53961,N370.5,62,false,
53962,N370.6,62,false,
53963,N445.2,62,false,
53964,N445.3,62,false,
53965,N445.4,62,false,
53966,N445.5,62,false,
53967,N445.6,62,false,
53968,N428.1,68,false,
53969,N63.1.1,120,false,
53970,N244.2,120,false,
53971,N458.1,68,false,
53972,N82.1,121,false,
53973,N292.1,65,false,
53974,N311.1,87,false,
53975,N467.1,65,false,
53976,N137.1,104,false,
53977,N337.1,45,false,
54017,M37059,1930,false,
54018,M37060,1521,false,
54019,M37064,3,false,
54020,M37065,1780,false,
54021,M37067,1931,false,
54022,M37068,1932,false,
54023,M37069,45,false,
54024,M37074,1931,false,
54025,M37082,1780,false,
54026,M37087,250,false,
54027,M37089,68,false,
54028,M37093,1780,false,
54029,M37095,1780,false,
54030,M37098,1930,false,
54031,M37099,141,false,
54032,M37102,65,false,
54033,M37103,1933,false,
54034,M37104,1,false,
54035,M37108,259,false,
54036,M37111,250,false,
54037,M37112,3,false,
54038,M37113,884,false,
54039,M37114,1931,false,
54040,M37115,435,false,
54041,M37116,1780,false,
54042,M37118,1521,false,
54043,M37121,407,false,
54044,M37122,68,false,
54045,M37125,95,false,
54046,M37126,1166,false,
54047,M37127,499,false,
54048,M37128,886,false,
54049,M37133,1780,false,
54050,M37134,1930,false,
54051,M37135,,false,
54052,M37139,1780,false,
54053,M37141,1,false,
54054,M37144,805,false,
54055,M37148,259,false,
54056,M37150,65,false,
54057,M37151,259,false,
54058,M37152,68,false,
54059,M37153,1482,false,
54060,M37154,259,false,
54061,M37958,65,false,
54062,M37959,885,false,
54063,M37960,259,false,
54118,M28900,1,false,
54119,M29024,24,false,
54133,M28676,62,false,
54175,M39811,24,false,
54176,M24013,902,false,
54178,M28954,9,false,
54269,NM023,,false,
54270,LNP10941abd,499,false,
54271,LRRBGS_0039,21,false,
54272,LRRBGS_0040,16,false,
54273,LRRBGS_0041,16,false,
54274,LRRBGS_0042,18,false,
54275,LRRBGS_0043,21,false,
54276,LRRBGS_0044,21,false,
54277,LRRBGS_0045,16,false,
54278,LRRBGS_0046,18,false,
54279,LRRBGS_0047,16,false,
54280,LRRBGS_0048,16,false,
54281,LRRBGS_0049,16,false,
54282,LRRBGS_0050,,false,
54283,LRRBGS_0051,367,false,
54284,LRRBGS_0052,,false,
54285,LRRBGS_0053,,false,
54286,LRRBGS_0054,16,false,
54287,LRRBGS_0055,16,false,
54288,LRRBGS_0056,16,false,
54289,LRRBGS_0057,16,false,
54290,LRRBGS_0058,18,false,
54291,LRRBGS_0059,16,false,
54292,LRRBGS_0060,,false,
54293,LRRBGS_0061,22,false,
54294,LRRBGS_0062,,false,
54295,LRRBGS_0063,636,false,
54296,LRRBGS_0064,18,false,
54297,LRRBGS_0065,16,false,
54298,LRRBGS_0066,,false,
54299,LRRBGS_0067,18,false,
54300,LRRBGS_0068,367,false,
54301,LRRBGS_0069,23,false,
54302,LRRBGS_0070,21,false,
54303,LRRBGS_0071,367,false,
54304,LRRBGS_0072,18,false,
54305,LRRBGS_0073,636,false,
54306,LRRBGS_0074,22,false,
54307,LRRBGS_0075,1943,false,
54308,LRRBGS_0076,1598,false,
54309,LRRBGS_0077,16,false,
54310,LRRBGS_0078,657,false,
54311,LRRBGS_0079,23,false,
54312,LRRBGS_0080,636,false,
54313,LRRBGS_0081,18,false,
54314,LRRBGS_0082,666,false,
54315,LRRBGS_0083,18,false,
54316,LRRBGS_0084,18,false,
54317,LRRBGS_0085,21,false,
54318,LRRBGS_0086,16,false,
54319,LRRBGS_0087,18,false,
54320,LRRBGS_0088,18,false,
54321,LRRBGS_0089,,false,
54322,LRRBGS_0090,22,false,
54323,LRRBGS_0091,378,false,
54324,LRRBGS_0092,22,false,
54325,LRRBGS_0093,21,false,
54326,LRRBGS_0094,636,false,
54327,LRRBGS_0095,636,false,
54328,LRRBGS_0096,1006,false,
54329,LRRBGS_0097,16,false,
54330,LRRBGS_0098,18,false,
54331,LRRBGS_0099,21,false,
54332,LRRBGS_0100,18,false,
54333,LRRBGS_0101,,false,
54334,LRRBGS_0102,367,false,
54336,LRRBGS_0104,21,false,
54337,LRRBGS_0105,1560,false,
54338,LRRBGS_0106,16,false,
54339,LRRBGS_0107,16,false,
54340,LRRBGS_0108,21,false,
54341,LRRBGS_0109,16,false,
54342,LRRBGS_0110,18,false,
54343,LRRBGS_0111,16,false,
54344,LRRBGS_0112,1006,false,
54345,LRRBGS_0113,18,false,
54346,LRRBGS_0114,1944,false,
54347,LRRBGS_0115,1006,false,
54348,LRRBGS_0116,18,false,
54349,LRRBGS_0117,1945,false,
54351,LRRBGS_0119,16,false,
54352,LRRBGS_0120,1006,false,
54353,LRRBGS_0121,367,false,
54354,LRRBGS_0122,18,false,
54355,LRRBGS_0123,18,false,
54356,LRRBGS_0124,18,false,
54357,LRRBGS_0125,18,false,
54358,LRRBGS_0126,1946,false,
54359,LRRBGS_0127,367,false,
54360,LRRBGS_0128,16,false,
54361,LRRBGS_0129,367,false,
54362,LRRBGS_0130,367,false,
54363,LRRBGS_0131,16,false,
54364,LRRBGS_0132,,false,
54365,LRRBGS_0133,1947,false,
54366,LRRBGS_0134,1006,false,
54367,LRRBGS_0135,1006,false,
54368,LRRBGS_0136,367,false,
54369,LRRBGS_0137,1006,false,
54370,LRRBGS_0138,657,false,
54371,LRRBGS_0139,16,false,
54372,LRRBGS_0140,16,false,
54373,LRRBGS_0141,367,false,
54374,LRRBGS_0142,18,false,
54375,LRRBGS_0143,1006,false,
54376,LRRBGS_0144,18,false,
54377,LRRBGS_0145,18,false,
54378,LRRBGS_0146,367,false,
54379,LRRBGS_0147,18,false,
54380,LRRBGS_0148,657,false,
54381,LRRBGS_0149,18,false,
54382,LRRBGS_0150,378,false,
54383,LRRBGS_0151,1006,false,
54384,LRRBGS_0152,1006,false,
54385,LRRBGS_0153,636,false,
54386,LRRBGS_0154,1006,false,
54387,LRRBGS_0155,16,false,
54388,M36834,,false,
54389,M36873,,false,
54390,M36896,,false,
54391,M36905,,false,
54392,M36949,,false,
54393,M37007,,false,
54394,M37709,,false,
54395,M39267,,false,
54396,M39620,,false,
54397,M39651,,false,
54398,M39666,,false,
54399,M39686,,false,
54400,M39704,,false,
54401,Nmiss2938,262,false,
54402,M36745,,false,
54403,B005,1,false,
54405,B018,1,false,
54412,B064,1,false,
54421,B103,1,false,
54422,B114,1,false,
54439,B343,1,false,
54440,B345,1,false,
54441,B349,1,false,
54457,N115,104,false,
54458,N120,104,false,
54459,N145,104,false,
54460,N320,62,false,
54461,N329,120,false,
54462,N418,104,false,
54463,N421,121,false,
54464,Niga4-17,33,false,
54465,Niga6-17,33,false,
54466,Niga9-17,33,false,
54467,Niga11-17,33,false,
54468,Niga20-17,33,false,
54469,Niga14-17,33,false,
54477,LNP21447abd,310,false,
54478,17-140,1623,false,
54479,17-150,1948,false,
54480,17-184,62,false,
54481,17-266,62,false,
54482,17-275,93,false,
54483,17-292,62,false,
54484,17-328,,false,
54485,17-329,1,false,
54486,17-345,1,false,
54487,17-361,,false,
54488,17-387,,false,
54489,17-399,,false,
54490,M42418,,false,
54491,M42424,,false,
54492,M42442,,false,
54493,M42444,,false,
54494,M42448,,false,
54495,M42454,,false,
54496,17.8706096,,false,
54498,EXNG323,22,false,
54499,114729,424,false,
54500,114730,62,false,
54501,2764/15,,false,
54502,1038/16,,false,
54503,4288/16,,false,
54504,6501/16,,false,
54563,LNP10049abd,1950,false,
54564,LNP10436abd,93,false,
54565,LNP11060abd,1,false,
54566,LNP11548abd,1,false,
54567,LNP11972abd,1,false,
54568,LNP12043abd,1,false,
54569,LNP12355abd,80,false,
54570,LNP13122abd,,false,
54571,LNP13408abd,1,false,
54572,LNP13755abd,3,false,
54573,LNP15138abd,141,false,
54574,LNP15363abd,28,false,
54575,LNP16393abd,67,false,
54576,LNP16397abd,3,false,
54577,LNP16739abd,49,false,
54578,LNP17159abd,45,false,
54579,LNP17561abd,87,false,
54580,LNP17566abd,68,false,
54581,LNP17987abd,1,false,
54582,LNP17993abd,68,false,
54583,LNP18254abd,5171,false,
54584,LNP18292abd,14,false,
54585,LNP18775abd,108,false,
54586,LNP18914abd,3,false,
54587,LNP18915abd,3,false,
54588,LNP18948abd,57,false,
54589,LNP19006abd,217,false,
54590,LNP19020abd,1,false,
54591,LNP19425abd,47,false,
54592,LNP19477abd,2,false,
54593,LNP19808abd,1951,false,
54594,LNP19811abd,120,false,
54595,LNP19969abd,352,false,
54596,LNP20098abd,120,false,
54597,LNP20214abd,1,false,
54598,LNP20244abd,2,false,
54599,LNP20320abd,1,false,
54600,LNP20810abd,2,false,
54601,LNP20813abd,68,false,
54602,LNP20830abd,120,false,
54603,LNP21088abd,139,false,
54604,LNP21202abd,68,false,
54605,LNP21299abd,2,false,
54607,LNP21763abd,141,false,
54608,LNP21819abd,982,false,
54609,LNP21887abd,310,false,
54610,LNP21936abd,310,false,
54611,LNP22117abd,1,false,
54612,LNP22143abd,68,false,
54613,LNP22294abd,1952,false,
54614,LNP22323abd,14,false,
54615,LNP22516abd,1,false,
54616,LNP22638abd,2,false,
54617,LNP22840abd,1953,false,
54618,LNP22912abd,1,false,
54619,LNP23213abd,1794,false,
54620,LNP23290abd,93,false,
54621,LNP23363abd,2,false,
54622,LNP23532abd,62,false,
54623,LNP23749abd,45,false,
54624,LNP24131abd,3,false,
54625,LNP24174abd,1,false,
54626,LNP24231abd,3,false,
54627,LNP24274abd,1,false,
54628,LNP24347abd,1954,false,
54629,LNP26521abd,3,false,
54630,LNP26626abd,2,false,
54631,LNP28018abd,1,false,
54632,LNP28033abd,1,false,
54633,LNP28072abd,1,false,
54634,LNP28134abd,1,false,
54635,LNP28229abd,45,false,
54636,7209/16,,false,
54637,17.8706187,,false,
54651,NIID678,,false,
54652,Tch63-11,29,false,
54653,Tch64-11,29,false,
54654,Tch65-11,29,false,
54655,Tch66-11,29,false,
54656,Gu1-11,29,false,
54657,Gu2-11,29,false,
54658,Gu3-11,29,false,
54659,Gu5-11,29,false,
54660,BuFa1-11,57,false,
54661,BuFa2-11,1,false,
54662,BuFa3-11,57,false,
54663,BuFa4-11,1,false,
54664,BuFa5-11,1,false,
54665,BuFa6-11,57,false,
54666,BuFa7-11,57,false,
54667,BuFa8-11,57,false,
54668,BuFa9-11,57,false,
54669,BuFa10-11,57,false,
54670,BuFa11-11,29,false,
54671,BuFa12-11,1,false,
54672,BuFa13-11,1,false,
54673,BuFa14-11,57,false,
54674,BuFa15-11,57,false,
54675,BuFa17-11,57,false,
54676,BuFa18-11,1,false,
54677,Tch78-11,29,false,
54678,Tch81-11,29,false,
54679,Tch83-11,29,false,
54680,Tch84-11,29,false,
54681,Tch85-11,29,false,
54682,Tch87-11,29,false,
54683,Tch88-11,29,false,
54684,Tch95-11,29,false,
54685,Tch103-11,29,false,
54686,Tch105-11,29,false,
54688,Tch108-11,29,false,
54689,Mali2-11,1,false,
54690,Mali3-11,1,false,
54691,Mali6-11,1,false,
54692,Mali7-11,1,false,
54701,BuFa6_13,1,false,
54702,BuFa7_13,1,false,
54705,BuFa10_13,1,false,
54706,BuFa11_13,1,false,
54707,BuFa12_13,1,false,
54708,BuFa13_13,1,false,
54709,BuFa14_13,1,false,
54710,BuFa16_13,1,false,
54711,BuFa19_13,1,false,
54712,BuFa21_13,57,false,
54713,Niga1_14,33,false,
54714,Tch35_13,29,false,
54715,Tch36_13,29,false,
54716,Tch39_13,29,false,
54717,Tch43_13,29,false,
54718,Tch44_13,1956,false,
54719,Smolensk/2016,,false,
54720,M1888LII/2017,,false,
54721,M1889LII/2017,,false,
54722,M1906LII/2017,,false,
54723,M1927LII/2017,,false,
54724,Tch46-13,29,false,
54725,Tch48-13,29,false,
54726,Tch49-13,29,false,
54727,Tch50-13,1,false,
54728,Tch51-13,29,false,
54729,Tch54-13,29,false,
54730,Tch55-13,29,false,
54731,Tch59-13,29,false,
54732,Tch64-13,29,false,
54733,Tch70-13,29,false,
54734,Tch78-13,1,false,
54735,Tch82-13,29,false,
54736,BuFa1-13,1,false,
54737,BuFa2-13,57,false,
54738,BuFa3-13,57,false,
54739,Niga2-14,33,false,
54740,Niga3-14,33,false,
54741,M596-14,1,false,
54742,M561-14,1,false,
54743,M592-14,1,false,
54744,Tch7-15,1,false,
54745,Tch6-12,1,false,
54746,Tch12-12,1,false,
54747,M555-14,1,false,
54748,Tch15-12,1,false,
54749,Tch16-12,29,false,
54750,Tch38-12,29,false,
54751,Tch48-12,29,false,
54752,Tch55-12,1,false,
54753,Tch56-12,29,false,
54754,Tch60-12,29,false,
54755,Tch64-12,29,false,
54756,Tch66-12,29,false,
54757,Tch81-12,29,false,
54758,Tch83-12,29,false,
54759,Tch89-12,1,false,
54760,Tch100-12,29,false,
54761,Tch102-12,29,false,
54762,Tch103-12,29,false,
54763,BuFa3-12,1,false,
54764,BuFa8-12,1,false,
54765,BuFa9-12,1,false,
54766,BuFa13-12,1,false,
54768,BuFa19-12,1,false,
54769,BuFa20-12,141,false,
54770,BuFa18-12,1,false,
54771,Ben3-12,1,false,
54772,Ben5-12,1,false,
54773,Ben7-12,1,false,
54774,Ben8-12,1,false,
54775,Ben11-12,1,false,
54776,Ben14-12,1,false,
54777,Tch9-13,1,false,
54778,Guin2-13,29,false,
54779,Guin3-13,1,false,
54780,Guin5-13,1,false,
54781,Guin6-13,1,false,
54782,Guin7-13,1,false,
54783,Guin8-13,1,false,
54784,Guin11-13,1,false,
54785,Guin13-13,1,false,
54787,Nig9-13,33,false,
54788,Nig13-13,33,false,
54789,Nig17-13,33,false,
54790,Nig19-13,33,false,
54791,Nig20-13,33,false,
54792,Nig21-13,33,false,
54793,Tch34-13,29,false,
54794,M532-14,1,false,
54795,M551-14,1,false,
54796,M563-14,1,false,
54797,M503-14,1,false,
54798,Mali8-11,1,false,
54799,Tch34-12,1,false,
54800,Tch44-12,29,false,
54801,Tch11-13,1,false,
54802,Niga10-14,33,false,
54803,Tch10-14,1,false,
54804,Niga17-14,1958,false,
54805,M535-14,1,false,
54806,M515-14,1,false,
54807,M545-14,1,false,
54808,BuFa4-12,1,false,
54809,BuFa6-12,57,false,
54810,Ben4-12,1,false,
54811,Ben6-12,1,false,
54812,M271-14,1,false,
54813,M569-14,1,false,
54814,M552-14,1,false,
54815,M562-14,1,false,
54816,M448-14,1,false,
54817,BuFa18-13,2131,false,
54818,Tch38-13,29,false,
54819,Tch40-13,29,false,
54820,Tch41-13,29,false,
54821,Tch53-13,57,false,
54822,BuFa16-12,57,false,
54823,BuFa17-12,1,false,
54824,Ben15-12,1,false,
54825,BuFa1-12,1,false,
54826,Tch104-12,29,false,
54827,Tch82-12,29,false,
54828,Tch67-12,29,false,
54829,Tch52-12,1,false,
54843,Mali4-11,1,false,
54844,BuFa16-11,1,false,
54845,Tch79-11,29,false,
54846,Tch89-11,29,false,
54847,Tch90-11,29,false,
54848,BuFa14-12,1,false,
54849,BuFa5-12,57,false,
54850,Guin12-13,1,false,
54851,Tch91-11,29,false,
54852,Tch98-11,57,false,
54853,NML243,13,false,
54854,NML248(09),93,false,
54855,Tch1-11,29,false,
54856,Tch4-11,29,false,
54857,Tch6-11,29,false,
54858,Tch7-11,29,false,
54859,Tch9-11,1,false,
54860,Tch11-11,29,false,
54861,Tch13-11,29,false,
54862,Tch14-11,29,false,
54863,Tch15-11,29,false,
54864,Tch16-11,29,false,
54865,Tch17-11,29,false,
54866,Tch18-11,29,false,
54867,Tch20-11,29,false,
54868,Tch22-11,29,false,
54869,Tch23-11,29,false,
54870,Tch49-11,29,false,
54871,Tch50-11,29,false,
54872,Tch52-11,29,false,
54873,Tch54-11,29,false,
54874,Tch55-11,29,false,
54875,Tch56-11,29,false,
54876,Tch57-11,29,false,
54877,Tch58-11,29,false,
54878,Tch59-11,29,false,
54879,Tch60-11,29,false,
54880,Tch61-11,29,false,
54881,Tch62-11,29,false,
55088,MK2/3,,false,
55089,MK4/5,,false,
55090,1761/13,,false,
55091,742/10,,false,
55092,1383/13,,false,
55093,5318/14,,false,
55094,2161819,1,false,
55095,2162046,1,false,
55096,2162097,1,false,
55097,2162106,1,false,
55098,2162129,1,false,
55099,2162196,1,false,
55100,2162199,1,false,
55101,2162200,1,false,
55102,2162201,1,false,
55103,2170011,68,false,
55104,2170013,1,false,
55105,2170061,1,false,
55106,2170151,,false,
55107,2170183,1,false,
55108,2170184,1,false,
55109,2170200,1,false,
55110,2170201,1,false,
55111,2170257,1,false,
55112,2170379,1,false,
55113,2170509,1,false,
55114,2170769,1,false,
55115,2170921,1,false,
55116,2170957,1,false,
55117,2170958,1,false,
55118,2171002,1,false,
55119,2171062,1,false,
55120,2171087,1969,false,
55121,2171088,1,false,
55122,2171106,1,false,
55123,2171253,1,false,
55124,2171320,1,false,
55125,2171358,1,false,
55126,2171390,1,false,
55127,2171444,424,false,
55128,2171449,1,false,
55129,2141605,93,false,
55130,2141613,93,false,
55131,2160994,3,false,
55132,2161342,3,false,
55133,2161796_I,3,false,
55134,2161796_II,3,false,
55135,2170129_I,3,false,
55136,2170129_II,3,false,
55137,2170182,3,false,
55138,2170249,3,false,
55139,2171285,3,false,
55140,2171398,3,false,
55141,2171487,3,false,
55142,2171497,3,false,
55143,2161359,1970,false,
55144,2162152,95,false,
55145,2170139,1,false,
55146,2171085,65,false,
55147,2171086,67,false,
55148,2171411,87,false,
55149,2171494,1,false,
55150,2171500,77,false,
55151,2171518,1,false,
55152,2171572,1971,false,
55153,2171576,1,false,
55154,2171668,1,false,
55155,2171701,1,false,
55156,2171702,1,false,
55157,2171724,1969,false,
55158,2171725,1,false,
55159,2171726,1,false,
55160,2171737,1,false,
55161,2171751,65,false,
55162,2171800,69,false,
55163,2171656_I,93,false,
55164,2171656_II,93,false,
55165,2171673_I,3,false,
55166,2171673_II,3,false,
55167,2141506,,false,
55168,2141971_I,97,false,
55169,2141971_II,97,false,
55170,2142109,1972,false,
55186,Nm419,2417,false,
55192,0070/17,,false,
55193,0072/17,,false,
55194,0076/17,,false,
55195,0081/17,,false,
55197,0096/17,,false,
55198,M5929,,false,
55199,M6517,,false,
55200,NIID599,1,false,
55201,NIID601,1,false,
55208,23711,1,false,
55234,23748,288,false,
55304,23834,1,false,
55316,23847,1,false,
55331,23863,1982,false,
55339,23873,68,false,
55346,23883,288,false,
55347,23884,288,false,
55354,23893,288,false,
55359,23898,97,false,
55364,23903,1,false,
55380,23920,288,false,
55383,23923,1,false,
55384,23924,1,false,
55393,23934,1,false,
55395,23938,1,false,
55447,24007,1,false,
55464,24034,288,false,
55465,24035,352,false,
55467,24039,77,false,
55478,24060,68,false,
55482,24064,77,false,
55490,24075,1740,false,
55492,24077,1,false,
55495,24089,1,false,
55507,23943,1,false,
55509,IE15Nm22,1,false,
55510,IE15Nm25,150,false,
55511,IE15Nm27,87,false,
55512,IE15Nm29,65,false,
55513,IE15Nm30,220,false,
55514,IE15Nm31,257,false,
55515,IE15Nm32,62,false,
55516,IE15Nm34,1996,false,
55517,IE15Nm36,93,false,
55518,IE15Nm41,959,false,
55519,IE15Nm44,49,false,
55520,IE15Nm49,45,false,
55521,IE15Nm50,62,false,
55522,IE15Nm54,1,false,
55523,IE16Nm00,3,false,
55524,IE16Nm12,45,false,
55525,IE16Nm04,3,false,
55526,IE16Nm05,62,false,
55527,IE16Nm06,1,false,
55528,IE16Nm08,45,false,
55529,IE16Nm09,93,false,
55530,IE16Nm10,1,false,
55531,IE16Nm11,87,false,
55532,IE16Nm02,1997,false,
55533,IE16Nm15,3,false,
55534,IE16Nm16,77,false,
55535,IE16Nm18,763,false,
55536,IE16Nm19,93,false,
55537,IE16Nm20,1,false,
55538,IE16Nm21,1,false,
55539,IE16Nm24,424,false,
55540,IE16Nm25,68,false,
55541,IE16Nm26,1,false,
55542,IE16Nm27,1,false,
55543,IE16Nm30,1,false,
55544,IE16Nm32,45,false,
55545,IE16Nm33,318,false,
55546,IE16Nm34,150,false,
55547,IE16Nm37,87,false,
55548,IE16Nm38,62,false,
55549,IE16Nm40,93,false,
55550,IE16Nm41,1085,false,
55551,IE16Nm43,1,false,
55552,IE16Nm44,150,false,
55553,IE16Nm45,211,false,
55554,IE16Nm46,1,false,
55555,IE16Nm48,1,false,
55556,IE16Nm50,840,false,
55557,IE16Nm51,62,false,
55558,IE16Nm53,93,false,
55559,IE16Nm54,62,false,
55560,IE16Nm55,93,false,
55561,IE16Nm60,45,false,
55562,IE16Nm62,1,false,
55563,IE16Nm63,1995,false,
55564,IE16Nm65,33,false,
55565,IE16Nm66,65,false,
55566,IE17Nm01,1,false,
55567,IE17Nm02,1,false,
55568,IE17Nm03,1,false,
55569,IE17Nm04,1,false,
55570,IE17Nm05,257,false,
55571,IE17Nm06,87,false,
55572,IE17Nm07,1,false,
55573,IE17Nm08,57,false,
55574,IE17Nm11,3,false,
55575,IE17Nm13,1,false,
55576,IE17Nm14,1,false,
55577,IE17Nm16,1,false,
55578,IE17Nm17,1,false,
55579,IE17Nm18,77,false,
55580,IE17Nm19,3,false,
55581,IE17Nm20,1,false,
55582,IE17Nm21,1,false,
55583,IE17Nm24,1998,false,
55584,12024-17-PlateD,1998,false,
55585,IE17Nm26,1,false,
55588,15-107,1,false,
55589,LNP29289abd,68,false,
55600,NIID685,,false,
55601,ZJ069,,false,
55602,ZJ010,,false,
55603,ZJ015,,false,
55604,ZJ033,,false,
55605,ZJ034,,false,
55606,ZJ051,,false,
55607,ZJ053,,false,
55608,ZJ079,,false,
55609,ZJ081,,false,
55610,ZJ082,,false,
55611,ZJ084,,false,
55612,ZJ087,,false,
55613,ZJ088,,false,
55614,ZJ090,,false,
55615,ZJ009,,false,
55616,ZJ011,,false,
55617,ZJ020,,false,
55618,ZJ021,,false,
55619,ZJ064,,false,
55620,ZJ067,,false,
55621,ZJ024,,false,
55622,SH003,,false,
55623,SH004,,false,
55624,SH005,,false,
55625,SH007,,false,
55626,SH010,,false,
55627,SH011,,false,
55628,SH012,,false,
55629,SH016,,false,
55630,SH017,,false,
55631,SH048,,false,
55632,SH087,,false,
55633,SH091,,false,
55634,SH092,,false,
55635,SH029,,false,
55636,SH002,,false,
55637,SH014,,false,
55638,SH026,,false,
55639,GX1213,,false,
55640,GX1223,,false,
55641,GX1227,,false,
55642,GX1218,,false,
55643,GX1205,,false,
55644,GX1215,,false,
55645,GX1224,,false,
55646,GX1225,,false,
55647,GX1232,,false,
55648,GX1236,,false,
55649,GX1238,,false,
55650,GX1241,,false,
55651,GX1244,,false,
55652,GX1201,,false,
55653,GX1203,,false,
55654,GX1208,,false,
55655,GX1210,,false,
55656,TJ12002,,false,
55657,TJ12004,,false,
55658,TJ12013,,false,
55659,TJ12017,,false,
55660,TJ12018,,false,
55661,TJ12032,,false,
55662,TJ12035,,false,
55663,TJ12036,,false,
55664,TJ12037,,false,
55665,TJ12038,,false,
55666,TJ12039,,false,
55667,TJ12040,,false,
55668,TJ12042,,false,
55669,TJ12043,,false,
55670,TJ12044,,false,
55671,TJ12068,,false,
55672,TJ12113,,false,
55673,CQ001,,false,
55674,CQ003,,false,
55675,CQ012,,false,
55676,CQ015,,false,
55677,CQ016,,false,
55678,CQ018,,false,
55679,CQ020,,false,
55680,CQ022,,false,
55681,CQ023,,false,
55682,CQ026,,false,
55683,CQ027,,false,
55684,CQ028,,false,
55685,CQ031,,false,
55686,CQ033,,false,
55687,CQ034,,false,
55688,CQ040,,false,
55689,CQ045,,false,
55690,CQ049,,false,
55691,CQ050,,false,
55692,CQ052,,false,
55693,CQ058,,false,
55694,XJ12140,,false,
55695,XJ12144,,false,
55696,XJ12145,,false,
55697,XJ13019,,false,
55698,XJ13020,,false,
55699,XJ13021,,false,
55700,XJ13042,,false,
55701,XJ13057,,false,
55702,XJ13060,,false,
55703,XJ13069,,false,
55704,XJ13074,,false,
55705,XJ13075,,false,
55706,XJ13081,,false,
55707,XJ13082,,false,
55708,XJ13088,,false,
55709,XJ13091,,false,
55710,XJ13093,,false,
55711,XJ13094,,false,
55712,LN043,,false,
55713,LN052,,false,
55714,LN054,,false,
55715,LN058,,false,
55716,LN059,,false,
55717,LN062,,false,
55718,LN063,,false,
55719,LN064,,false,
55720,LN065,,false,
55721,LN067,,false,
55722,LN068,,false,
55723,LN072,,false,
55724,LN073,,false,
55725,LN074,,false,
55726,LN076,,false,
55727,LN077,,false,
55728,LN078,,false,
55729,LN090,,false,
55730,LN091,,false,
55731,LN092,,false,
55732,LN093,,false,
55733,LN094,,false,
55734,LN095,,false,
55735,LN096,,false,
55736,LN100,,false,
55737,SZ028,,false,
55738,SZ035,,false,
55739,SZ036,,false,
55740,SZ038,,false,
55741,SZ058,,false,
55742,SZ060,,false,
55743,SZ061,,false,
55744,SZ071,,false,
55745,SZ080,,false,
55746,SZ081,,false,
55747,SZ082,,false,
55748,SZ113,,false,
55749,SZ108,,false,
55750,SZ117,,false,
55751,SZ126,,false,
55752,SZ137,,false,
55753,SZ175,,false,
55754,JS002,,false,
55755,JS009,,false,
55756,JS010,,false,
55757,JS011,,false,
55758,JS012,,false,
55759,HN003,,false,
55760,HN004,,false,
55761,HN008,,false,
55762,HN011,,false,
55763,HN013,,false,
55764,HN014,,false,
55765,HN015,,false,
55766,HN016,,false,
55767,HN017,,false,
55768,HN019,,false,
55769,HN021,,false,
55770,HN023,,false,
55771,HN026,,false,
55772,HN033,,false,
55773,HN034,,false,
55774,HN035,,false,
55775,HN036,,false,
55776,HN037,,false,
55777,HN039,,false,
55778,HN042,,false,
55779,HN049,,false,
55780,HN050,,false,
55781,HN053,,false,
55782,HN059,,false,
55783,HN060,,false,
55784,HN061,,false,
55785,HN079,,false,
55786,HN081,,false,
55787,HN105,,false,
55788,SC052,,false,
55789,SC062,,false,
55790,SC088,,false,
55791,SC100,,false,
55792,SC063,,false,
55793,SC073,,false,
55794,SC077,,false,
55795,SC058,,false,
55796,SC070,,false,
55797,SC071,,false,
55798,SC082,,false,
55799,SC086,,false,
55800,SC089,,false,
55801,SC095,,false,
55802,SC050,,false,
55803,SC056,,false,
55804,SC059,,false,
55805,SC002,,false,
55806,SC025,,false,
55807,SC034,,false,
55808,SC036,,false,
55809,SC041,,false,
55810,SC045,,false,
55811,SC046,,false,
55812,SC047,,false,
55813,ZJ036,,false,
55814,ZJ037,,false,
55815,ZJ054,,false,
55816,ZJ074,,false,
55817,ZJ005,,false,
55818,ZJ006,,false,
55819,ZJ007,,false,
55820,ZJ060,,false,
55821,ZJ091,,false,
55822,ZJ002,,false,
55823,ZJ014,,false,
55824,ZJ016,,false,
55825,ZJ018,,false,
55826,ZJ023,,false,
55827,ZJ026,,false,
55828,ZJ027,,false,
55829,ZJ040,,false,
55830,ZJ041,,false,
55831,ZJ059,,false,
55832,ZJ062,,false,
55833,ZJ078,,false,
55834,ZJ085,,false,
55835,ZJ086,,false,
55836,ZJ089,,false,
55837,SH027,,false,
55838,SH031,,false,
55839,SH035,,false,
55840,SH039,,false,
55841,SH040,,false,
55842,SH041,,false,
55843,SH043,,false,
55844,SH045,,false,
55845,SH046,,false,
55846,SH050,,false,
55847,SH056,,false,
55848,SH058,,false,
55849,SH061,,false,
55850,SH062,,false,
55851,SH064,,false,
55852,SH065,,false,
55853,GX1207,,false,
55854,GX1211,,false,
55855,GX1209,,false,
55856,GX1217,,false,
55857,GX1228,,false,
55858,GX1229,,false,
55859,GX1237,,false,
55860,GX1302,,false,
55861,GX1303,,false,
55862,GX1304,,false,
55863,GX1305,,false,
55864,GX1306,,false,
55865,GX1319,,false,
55866,GX1395,,false,
55867,TJ12001,,false,
55868,TJ12003,,false,
55869,TJ12009,,false,
55870,TJ12028,,false,
55871,TJ12045,,false,
55872,TJ12056,,false,
55873,TJ12078,,false,
55874,TJ12083,,false,
55875,TJ12088,,false,
55876,CQ002,,false,
55877,CQ005,,false,
55878,CQ009,,false,
55879,CQ010,,false,
55880,CQ011,,false,
55881,CQ014,,false,
55882,CQ017,,false,
55883,GD119,,false,
55884,GD073,,false,
55885,GD075,,false,
55886,GD085,,false,
55887,GD091,,false,
55888,GD079,,false,
55889,GZ003,,false,
55890,GZ007,,false,
55891,GZ042,,false,
55892,GZ046,,false,
55893,GD029,,false,
55894,GD042,,false,
55895,GD067,,false,
55896,GD086,,false,
55897,GD088,,false,
55898,GZ002,,false,
55899,GZ071,,false,
55900,GZ010,,false,
55901,GZ012,,false,
55902,GD104,,false,
55903,GD021,,false,
55904,GD093,,false,
55905,GD101,,false,
55906,GD113,,false,
55907,GD017,,false,
55908,GD107,,false,
55909,GD108,,false,
55910,GD087,,false,
55911,GD003,,false,
55912,GZ094,,false,
55913,GZ100,,false,
55914,TJ12005,,false,
55915,TJ12144,,false,
55916,TJ12112,,false,
55917,TJ12143,,false,
55918,TJ12148,,false,
55919,TJ12096,,false,
55920,TJ12116,,false,
55921,TJ12081,,false,
55922,SH073,,false,
55923,SH063,,false,
55924,SH076,,false,
55925,SH098,,false,
55926,SH090,,false,
55927,SH075,,false,
55928,SH097,,false,
55929,SH094,,false,
55930,JS013,,false,
55931,JS014,,false,
55932,JS015,,false,
55933,JS017,,false,
55934,JS021,,false,
55935,JS024,,false,
55936,JS025,,false,
55937,JS026,,false,
55938,JS027,,false,
55939,JS669,,false,
55940,JS671,,false,
55941,JS673,,false,
55942,JS675,,false,
55943,JS679,,false,
55944,JS680,,false,
55945,JS681,,false,
55946,JS682,,false,
55947,JS683,,false,
55948,JS688,,false,
55949,ZJ017,,false,
55950,ZJ099,,false,
55951,ZJ058,,false,
55952,ZJ073,,false,
55953,ZJ080,,false,
55954,ZJ013,,false,
55955,HN052,,false,
55956,HN057,,false,
55957,HN064,,false,
55958,HN084,,false,
55959,HN007,,false,
55960,HN024,,false,
55961,HN058,,false,
55962,HN068,,false,
55963,HN080,,false,
55964,HN056,,false,
55965,CQ064,,false,
55966,CQ055,,false,
55967,CQ030,,false,
55968,CQ024,,false,
55969,CQ063,,false,
55970,CQ039,,false,
55971,CQ007,,false,
55972,SC037,,false,
55973,SC030,,false,
55974,SC007,,false,
55975,SC012,,false,
55976,SC029,,false,
55977,SC022,,false,
55978,SC023,,false,
55979,SC066,,false,
55980,SC096,,false,
55981,SC010,,false,
55982,SC042,,false,
55983,SC016,,false,
55984,SC008,,false,
55985,SC011,,false,
55986,SC051,,false,
55987,TJ12033,,false,
55988,TJ12132,,false,
55989,TJ12126,,false,
55990,TJ12019,,false,
55991,TJ12067,,false,
55992,TJ12086,,false,
55993,SH028,,false,
55994,SH070,,false,
55995,SH060,,false,
55996,GD014,,false,
55997,GD011,,false,
55998,GZ018,,false,
55999,GD070,,false,
56000,GD007,,false,
56001,GD025,,false,
56002,GD026,,false,
56003,HN065,,false,
56004,HN074,,false,
56005,HN075,,false,
56006,HN069,,false,
56007,HN108,,false,
56008,HN043,,false,
56009,HN041,,false,
56010,HN106,,false,
56011,CQ042,,false,
56012,CQ047,,false,
56013,GD010,,false,
56014,GD018,,false,
56015,GD024,,false,
56016,JS668,,false,
56017,JS670,,false,
56018,SH008,,false,
56019,SH013,,false,
56020,SH052,,false,
56021,SH054,,false,
56022,SH069,,false,
56023,SH074,,false,
56024,NML006,93,false,
56025,NML133,13,false,
56026,NML205,93,false,
56027,NML122,93,false,
56028,NML057,93,false,
56029,NML061c,93,false,
56031,NML107,93,false,
56032,NML259,93,false,
56033,NML283,13,false,
56034,NML037,93,false,
56035,NML167,93,false,
56036,NML020,93,false,
56037,NML031,93,false,
56038,NML114,93,false,
56039,NML290,93,false,
56040,NML297,93,false,
56041,NML079,93,false,
56042,NML041,93,false,
56043,NML058,93,false,
56060,NML073c,93,false,
56061,NML083,93,false,
56062,NM02990,65,false,
56063,NM02991,2004,false,
56064,NM02992,149,false,
56065,NM02993,2004,false,
56066,NM02994,65,false,
56067,NM02995,65,false,
56068,NM02996,65,false,
56069,NM02997,3,false,
56070,NM02998,740,false,
56071,NM02999,2005,false,
56072,NM03000,902,false,
56073,NM03001,97,false,
56074,NM03002,104,false,
56075,NM03003,104,false,
56076,NM03004,49,false,
56077,NM03005,49,false,
56078,NM03006,49,false,
56079,NM03007,65,false,
56080,NM03008,141,false,
56081,NM03009,348,false,
56082,NM03010,62,false,
56083,NM03011,97,false,
56084,NM03012,49,false,
56085,NM03013,902,false,
56086,NM03014,65,false,
56087,NM03015,104,false,
56088,NM03016,2006,false,
56089,NM03017,1472,false,
56090,NM03018,9,false,
56091,NM03019,2007,false,
56092,NM03021,9,false,
56093,NM03022,9,false,
56094,NM03023,345,false,
56095,NM03024,49,false,
56096,NM03025,49,false,
56097,NM03026,2008,false,
56098,NM03027,93,false,
56099,NM03028,345,false,
56100,NM03029,345,false,
56101,NM03030,104,false,
56102,NM03031,2009,false,
56103,NM03032,49,false,
56104,NM03033,57,false,
56105,NM03034,902,false,
56106,NM03035,49,false,
56107,NM03036,65,false,
56108,NM03037,49,false,
56109,NM03038,902,false,
56110,NM03039,57,false,
56111,NM03040,62,false,
56112,NM03041,141,false,
56113,NM03042,62,false,
56114,NM03044,49,false,
56115,NM03045,62,false,
56116,NM03046,97,false,
56117,NM03047,62,false,
56118,NM03048,62,false,
56119,NM03049,97,false,
56120,NM03050,62,false,
56121,NM03051,348,false,
56122,NM03052,104,false,
56123,NM03053,62,false,
56124,M42400,45,false,
56125,M14408,,false,
56126,564723,18,false,
56127,564779,2010,false,
56128,567322,18,false,
56129,567369,367,false,
56130,567380,367,false,
56131,567752,1803,false,
56132,568630,1006,false,
56133,568826,2011,false,
56134,568828,1006,false,
56135,568645,1006,false,
56136,568905,367,false,
56137,569368,1553,false,
56138,569370,367,false,
56139,569374,628,false,
56140,569376,367,false,
56141,569223,657,false,
56142,569225,367,false,
56143,569456,1006,false,
56144,570005,1555,false,
56145,570007,16,false,
56146,570009,1006,false,
56147,570002,1122,false,
56149,567930,16,false,
56150,556909,367,false,
56151,570835,1122,false,
56152,569261,,false,
56153,571551,1006,false,
56154,571553,367,false,
56155,571555,367,false,
56156,571557,367,false,
56157,571559,1006,false,
56158,571535,1006,false,
56159,571541,1006,false,
56160,571505,378,false,
56161,571509,18,false,
56162,571516,1006,false,
56163,571521,1553,false,
56164,571547,2012,false,
56165,571549,367,false,
56166,571543,367,false,
56168,571444,367,false,
56169,572276,1006,false,
56170,573324,1122,false,
56171,573398,367,false,
56172,573406,367,false,
56173,573414,367,false,
56174,573422,367,false,
56175,573425,16,false,
56176,573427,654,false,
56177,573969,18,false,
56178,573972,2013,false,
56179,573974,367,false,
56180,573976,367,false,
56181,573978,18,false,
56182,573713,367,false,
56183,573718,657,false,
56184,573721,16,false,
56185,573567,1006,false,
56186,573495,1122,false,
56188,573980,22,false,
56189,573982,367,false,
56190,574623,1553,false,
56191,574772,16,false,
56192,574837,367,false,
56193,574847,1006,false,
56194,574850,1006,false,
56195,574853,1889,false,
56196,574859,1006,false,
56197,574861,23,false,
56198,574506,373,false,
56199,575409,378,false,
56200,575440,627,false,
56201,575772,1006,false,
56202,575775,1006,false,
56203,575779,2014,false,
56204,575784,1006,false,
56205,575786,2015,false,
56206,575788,1006,false,
56207,575792,2016,false,
56208,575794,16,false,
56209,575796,1006,false,
56210,575878,16,false,
56211,575939,367,false,
56213,576176,1122,false,
56214,576043,367,false,
56215,576450,2017,false,
56216,576564,3353,false,
56217,576566,367,false,
56218,576568,367,false,
56219,568824,1122,false,
56220,569227,1006,false,
56221,569792,666,false,
56222,570384,16,false,
56224,571518,,false,
56225,571545,16,false,
56227,572278,18,false,
56228,572280,1553,false,
56229,571795,367,false,
56230,592330,654,false,
56231,592358,18,false,
56232,592362,367,false,
56233,592339,16,false,
56234,592342,2018,false,
56235,592348,1802,false,
56236,592360,367,false,
56237,592026,654,false,
56238,592017,21,false,
56239,592092,654,false,
56240,591886,367,false,
56241,591881,654,false,
56242,591882,654,false,
56243,591982,367,false,
56245,591620,1553,false,
56246,591736,2019,false,
56247,580683,18,false,
56248,591432,367,false,
56249,591434,1006,false,
56250,591436,367,false,
56251,591438,2020,false,
56252,591426,16,false,
56253,590884,1553,false,
56254,590887,16,false,
56255,590801,2021,false,
56256,590794,3353,false,
56257,591244,18,false,
56258,591246,367,false,
56259,591253,367,false,
56260,591259,367,false,
56261,590200,632,false,
56262,590783,367,false,
56263,590462,1006,false,
56264,590785,16,false,
56265,580429,1548,false,
56266,580687,367,false,
56267,589854,18,false,
56268,590005,367,false,
56269,590003,367,false,
56270,580466,367,false,
56271,580468,367,false,
56272,580470,2022,false,
56273,580685,1549,false,
56274,580689,1555,false,
56275,581036,16,false,
56276,579116,21,false,
56277,580145,1553,false,
56278,577003,1006,false,
56279,577555,1006,false,
56280,577883,1006,false,
56281,577666,1549,false,
56282,579358,654,false,
56283,580147,367,false,
56284,577007,654,false,
56285,577223,1006,false,
56286,577121,22,false,
56287,577889,1006,false,
56288,578289,367,false,
56289,578271,367,false,
56290,579028,1006,false,
56291,579421,367,false,
56292,580143,367,false,
56293,577012,654,false,
56294,577226,367,false,
56295,577537,373,false,
56296,577910,1122,false,
56297,578291,18,false,
56298,578273,378,false,
56299,579030,1006,false,
56300,579424,2017,false,
56301,LNP29344,2023,false,
56302,577558,367,false,
56303,577912,367,false,
56304,578293,367,false,
56306,579032,367,false,
56307,580400,1006,false,
56308,577230,18,false,
56309,577914,2024,false,
56376,OL24904,138,false,
56377,55185,,false,
56390,LNP29363abd,1,false,
56391,LNP29366abdat,1,false,
56396,LNP29371,424,false,
56400,82432,,false,
56401,177574,,false,
56402,420132,,false,
56403,2172049,,false,
56404,155_89R,,false,
56414,Men20A1,29,false,
56415,Men20B1,45,false,
56416,Men20C1,1,false,
56417,Men20D1,1,false,
56418,Men20E1,57,false,
56419,Men20F1,1877,false,
56420,M8206,,false,
56421,037F,1562,false,
56422,3018,,false,
56423,3019,,false,
56424,M7423,,false,
56425,CLHP,1,false,
56426,10a,,false,
56427,76,,false,
56428,Y92-1009_Pacbio,96,false,
56438,LNP29400,424,false,
56442,LNP29409,424,false,
56458,M-048-17,,false,
56459,M-049-17,,false,
56460,17.8708344,,false,
56461,52MT,,false,
56462,CSF specimen NML 2017-184,,false,
56463,M-069-16,,false,
56464,170-11,1,false,
56465,177-11,1,false,
56466,217-11,1,false,
56467,218-11,1,false,
56468,270-11,1,false,
56469,312-11,1,false,
56470,342-11,1,false,
56471,343-11,1,false,
56472,47-11,1,false,
56473,572-11,1,false,
56474,625-11,1,false,
56475,67-11,1,false,
56476,680-11,1,false,
56477,829-11,1,false,
56478,886-11,1,false,
56479,906-11,1,false,
56480,909-11,1,false,
56481,BEN-115,1,false,
56482,BEN-118,1,false,
56483,BEN-124,1,false,
56484,BEN-137,1,false,
56485,BEN-138,1,false,
56486,BEN-142,1,false,
56487,BEN-154,1,false,
56488,BEN-155,1,false,
56489,BEN-156,1,false,
56490,BEN-162,1,false,
56491,BEN-164,1,false,
56492,BEN-175,1,false,
56493,BEN-177,1,false,
56494,BEN-180,1,false,
56495,BEN-181,1,false,
56496,BEN-191,1,false,
56497,BEN-200,1,false,
56498,BEN-202,1,false,
56499,BEN-203,1,false,
56500,BEN-207,1,false,
56501,BEN-219,1,false,
56502,BEN-225,1,false,
56503,BEN-229,1,false,
56504,BEN-231,1,false,
56505,BEN-238,1,false,
56506,BEN-243,1,false,
56507,BEN-254,1,false,
56508,BEN-167/165,1,false,
56509,BEN-190,1,false,
56510,BEN-187,57,false,
56511,BEN-230,57,false,
56512,CAM-42,29,false,
56513,CAM-77,29,false,
56516,Ubc 560,1,false,
56517,Ubc 561,1,false,
56519,Ubc 894,1,false,
56520,Ubc 909,1,false,
56521,Ubc 910,1,false,
56522,Ubc 911,1,false,
56523,Ubc 915,1,false,
56524,Y0115012,1,false,
56525,Y0210024,1,false,
56526,Z0303111,1,false,
56527,LNP28143,57,false,
56528,38MT,,false,
56529,NM035,,false,
56534,SK163,33,false,
56535,SK193,33,false,
56536,SK225,1518,false,
56537,SK246,33,false,
56541,MM/B/1631,1726,false,
56544,MM/B/4593,33,false,
56545,MM/B/4691,33,false,
56546,MM/C/4691,1726,false,
56554,SK069,1726,false,
56555,SK075,33,false,
56556,SK96,1518,false,
56557,SK99,33,false,
56558,SK101,33,false,
56559,SK153,33,false,
56560,SK186,33,false,
56561,SK187,33,false,
56562,SK192,33,false,
56563,SK203,1518,false,
56564,SK233,33,false,
56565,SK250,33,false,
56566,SK292,1517,false,
56567,SK304,33,false,
56568,SK307,33,false,
56569,SK319,33,false,
56570,SK325,33,false,
56571,SK326,33,false,
56572,SK327,1517,false,
56573,SK336,33,false,
56574,SK352,33,false,
56575,SK356,2034,false,
56577,SK150,33,false,
56586,M-557-13,,false,
56587,Nig19_13,33,false,
56588,Nig17_13,33,false,
56589,Nig9_13,33,false,
56590,Nig20_13,33,false,
56591,BuFa9_13,1,false,
56592,BuFa15_12,1,false,
56593,982-15,33,false,
56594,1782-15,,false,
56595,85-16,,false,
56596,2313-16,,false,
56598,1395-15,33,false,
56599,2586-15,33,false,
56600,Niga25_15,33,false,
56601,M-028-13,,false,
56602,Nig8/13,33,false,
56603,BL16188,33,false,
56604,NMLW061,1,false,
56605,NMLW069a,4789,false,
56606,NMLW079,1,false,
56607,NMLW093,4789,false,
56620,LNP29459abd,1,false,
56633,BEN-198,57,false,
56635,NMLW136,4789,false,
56636,NMLW143,1,false,
56637,NMLW153,2054,false,
56638,NMLW154,68,false,
56639,NMLY155,1,false,
56641,Nmiss2940,1,false,
56642,M8824,,false,
56643,100902,1,false,
56644,100907,1,false,
56645,210903,1,false,
56646,340620,1,false,
56647,341221,1,false,
56648,341301,1,false,
56649,341302,1,false,
56650,341304,1,false,
56651,371501,1,false,
56652,411216,1,false,
56653,431222,1,false,
56654,441401,1,false,
56655,441507,1,false,
56656,451201,1,false,
56657,460902,1,false,
56658,441208,1,false,
56659,NMLY048,141,false,
56660,NLMB049,93,false,
56661,NLMB152,93,false,
56662,NLMB101,93,false,
56663,NLMB154,2055,false,
56664,NLMB252,93,false,
56665,NLMB009,2056,false,
56666,NLMB047,93,false,
56667,NLMB006,93,false,
56668,NMLB138,724,false,
56669,NLMB248,93,false,
56670,NLMB243,13,false,
56671,NLMB131,2057,false,
56672,NLMB157,93,false,
56673,NLMB135,93,false,
56674,NLMB033,93,false,
56675,NLMB034,93,false,
56676,NLMB221,1859,false,
56677,NMLB133,2057,false,
56678,NLMB095,93,false,
56679,NLMB149,93,false,
56680,NLMB038,93,false,
56681,NLMB165,2058,false,
56682,NLMB146,93,false,
56683,NLMB004,93,false,
56684,NLMB033i,93,false,
56685,NLMB195,93,false,
56686,NLMB013,93,false,
56687,NLMB238,120,false,
56688,NLMB260,120,false,
56689,NLMB160,120,false,
56690,NLMB007,120,false,
56691,NLMB049i,120,false,
56692,NLMB222,239,false,
56693,NLMB104,93,false,
56694,NLMB153,13,false,
56695,NLMB042,13,false,
56696,NLMB126,93,false,
56697,NLMB075,234,false,
56698,NLMB077,93,false,
56699,NLMB035,93,false,
56700,NLMB120,93,false,
56701,NLMB157i,93,false,
56702,NLMB174,13,false,
56703,NLMB177,2059,false,
56704,NLMB192,13,false,
56705,NLMB330,13,false,
56706,NLMB101i,93,false,
56707,NLMB248i,93,false,
56708,NLMB097,49,false,
56709,NLMB184,13,false,
56710,NLMB057,13,false,
56711,NLMB195i,93,false,
56712,NLMB231,93,false,
56713,NLMB235,93,false,
56714,NLMB059,93,false,
56715,NLMB241,2055,false,
56716,NLMB033ii,2060,false,
56717,NLMB138,93,false,
56718,NLMB069,13,false,
56719,NLMB099,93,false,
56720,NLMB082,1584,false,
56721,NLMB060,2056,false,
56722,NLMB019,93,false,
56723,NLMW086,4789,false,
56724,NLMW090,4789,false,
56725,NLMW119,1,false,
56726,NLMW037,857,false,
56727,NLMW082,857,false,
56728,NLMW111,857,false,
56729,NLMW137,1,false,
56730,NLMW018,1,false,
56731,NLMW135,77,false,
56732,NLMW005,857,false,
56733,M09617,,false,
56734,M41751,1618,false,
56735,M42342,,false,
56736,M42382,97,false,
56737,M43306,,false,
56738,0105/17,,false,
56739,0106/17,,false,
56740,0107/17,,false,
56741,0108/17,,false,
56743,0111/17,,false,
56745,0113/17,,false,
56746,0115/17,,false,
56747,0116/17,,false,
56748,0117/17,,false,
56749,MCRJ 001,2923,false,
56750,MCRJ 074,2,false,
56751,MCRJ 107,765,false,
56752,MCRJ 108,67,false,
56753,M20933,2,false,
56754,M40148,2,false,
56755,M40214,2,false,
56756,M40215,2,false,
56759,AR05971,1107,false,
56760,LNP29515abd,1,false,
56770,NG6a,16,false,
56771,NG3,16,false,
56772,NG6b,16,false,
56773,NG4,18,false,
56774,NG5a,16,false,
56775,NG5b,16,false,
56776,NG7a,16,false,
56777,NG7b,16,false,
56778,NG8a,16,false,
56779,NG8b,16,false,
56780,NG9a,18,false,
56781,NG9b,18,false,
56782,NG10a,1006,false,
56783,NG10b,1006,false,
56784,NG11a,1006,false,
56785,NG11b,1006,false,
56786,NG12a,18,false,
56787,NG12b,18,false,
56788,NG13a,1006,false,
56789,NG13b,1006,false,
56790,OX9930234,104,false,
56791,OX9930811,62,false,
56792,OX9930239,1,false,
56793,OX9930812,97,false,
56794,OX9930245,1,false,
56795,OX9930813,104,false,
56796,OX9930251,148,false,
56797,OX9930818,49,false,
56798,OX9930252,49,false,
56799,OX9930820,104,false,
56800,OX9930253,49,false,
56801,OX9930822,148,false,
56802,OX9930254,90,false,
56803,OX9930825,1,false,
56804,OX9930260,14,false,
56805,OX9930261,87,false,
56806,OX9930827,50,false,
56807,OX9930289,148,false,
56808,OX9930828,1,false,
56809,OX9930298,104,false,
56810,OX9930853,93,false,
56811,OX9930310,90,false,
56812,OX9930857,2,false,
56813,OX9930311,104,false,
56814,OX9930863,1,false,
56815,OX9930314,24,false,
56816,OX9930868,87,false,
56817,OX9930317,275,false,
56818,OX9930326,49,false,
56819,OX9930338,137,false,
56820,OX9930346,13,false,
56821,OX9930875,93,false,
56822,OX9930883,24,false,
56823,OX9930885,141,false,
56824,OX9930892,3,false,
56825,OX9930898,141,false,
56826,OX9930390,288,false,
56827,OX9930397,93,false,
56828,OX9930433,864,false,
56829,OX9930918,130,false,
56830,OX9930443,499,false,
56831,OX9930920,130,false,
56832,OX9930445,97,false,
56833,OX9930459,104,false,
56834,OX9930928,65,false,
56835,OX9930932,65,false,
56836,OX9930485,13,false,
56837,OX9930509,97,false,
56838,OX9930943,93,false,
56839,OX9930952,57,false,
56840,OX9930515,57,false,
56841,OX9930957,3,false,
56842,OX9930961,87,false,
56843,OX9930517,87,false,
56844,OX9930966,141,false,
56845,OX9930520,24,false,
56846,OX9930971,1,false,
56847,OX9930525,9,false,
56848,OX9930975,87,false,
56849,OX9930533,104,false,
56850,OX9930534,24,false,
56851,OX9930547,2,false,
56852,OX9930986,148,false,
56853,OX9930989,93,false,
56854,OX9930563,67,false,
56855,OX9931000,24,false,
56856,OX9931006,24,false,
56857,OX9930564,2061,false,
56858,OX9931008,90,false,
56859,OX9930565,67,false,
56860,OX9930569,67,false,
56861,OX9931024,97,false,
56862,OX9930581,13,false,
56863,OX9930110,57,false,
56864,OX9930593,67,false,
56865,OX9931033,117,false,
56866,OX9930240,68,false,
56867,OX9930604,39,false,
56868,OX9931040,1,false,
56869,OX9930417,68,false,
56870,OX9930605,93,false,
56871,OX9931050,90,false,
56872,OX9930440,68,false,
56873,OX9930612,1743,false,
56874,OX9931051,93,false,
56875,OX9930602,68,false,
56876,OX9931052,104,false,
56877,OX9930611,68,false,
56878,OX9931061,97,false,
56879,OX9930670,68,false,
56880,OX9930644,348,false,
56881,OX9930005,57,false,
56882,OX9930788,68,false,
56883,OX9930648,148,false,
56884,OX9930019,57,false,
56885,OX9930876,68,false,
56886,OX9930650,49,false,
56887,OX9930033,24,false,
56888,OX9930982,68,false,
56889,OX9930654,86,false,
56890,OX9931166,68,false,
56891,OX9930656,97,false,
56892,OX9930044,148,false,
56893,OX9931256,68,false,
56894,OX9930678,2062,false,
56895,OX9931315,68,false,
56896,OX9931495,68,false,
56897,OX9930687,15,false,
56898,OX9931508,68,false,
56899,OX9930707,87,false,
56900,OX9930710,2038,false,
56901,OX9930101,1,false,
56902,OX9930712,87,false,
56903,OX9930114,2063,false,
56904,OX9930714,97,false,
56905,OX9930134,65,false,
56906,OX9930200,87,false,
56907,OX9930292,49,false,
56908,OX9930104,87,false,
56909,OX9930727,2064,false,
56910,OX9930107,259,false,
56911,OX9930728,130,false,
56912,OX9930730,24,false,
56913,OX9930118,1623,false,
56914,OX9930735,66,false,
56915,OX9930738,326,false,
56916,OX9930125,326,false,
56917,OX9930740,65,false,
56918,OX9930757,106,false,
56919,OX9930760,141,false,
56920,OX9930148,345,false,
56921,OX9930773,97,false,
56922,OX9930161,1,false,
56923,OX9930170,2065,false,
56924,OX9930780,108,false,
56925,OX9930198,2066,false,
56926,OX9930791,130,false,
56927,OX9930178,2067,false,
56928,OX9930799,292,false,
56929,OX9930179,104,false,
56930,OX9930801,1808,false,
56931,OX9930802,62,false,
56932,OX9930211,49,false,
56933,OX9930809,24,false,
56934,OX9930218,1,false,
56935,OX9930810,148,false,
56936,OX9930228,1,false,
56937,OX9931351,24,false,
56938,OX9931963,332,false,
56939,OX9931353,87,false,
56940,OX9931970,305,false,
56941,OX9931358,24,false,
56942,OX9931981,9,false,
56943,OX9931359,24,false,
56944,OX9931984,9,false,
56945,OX9931363,95,false,
56946,OX9932006,87,false,
56947,OX9931387,93,false,
56948,OX9932018,57,false,
56949,OX9932027,97,false,
56950,OX9931417,93,false,
56951,OX9931421,141,false,
56952,OX9931427,24,false,
56953,OX9932061,97,false,
56954,OX9932065,141,false,
56955,OX9931429,13,false,
56956,OX9932070,68,false,
56957,OX9932076,104,false,
56958,OX9931433,87,false,
56959,OX9932082,93,false,
56960,OX9931441,93,false,
56961,OX9932083,2068,false,
56962,OX9931449,348,false,
56963,OX9931468,2053,false,
56964,OX9932094,90,false,
56965,OX9931473,2066,false,
56966,OX9931481,93,false,
56967,OX9932133,24,false,
56968,OX9932164,348,false,
56969,OX9932190,93,false,
56970,OX9931491,65,false,
56971,OX9931497,141,false,
56972,OX9931498,87,false,
56973,OX9931502,93,false,
56974,OX9932222,97,false,
56975,OX9931509,2066,false,
56976,OX9932238,326,false,
56977,OX9931513,93,false,
56978,OX9932241,66,false,
56979,OX9932245,97,false,
56980,OX9931514,68,false,
56981,OX9932257,15,false,
56982,OX9931516,141,false,
56983,OX9932259,24,false,
56984,OX9931523,248,false,
56985,OX9931526,93,false,
56986,OX9932263,39,false,
56987,OX9931529,2069,false,
56988,OX9932264,94,false,
56989,OX9931532,499,false,
56990,OX9932270,15,false,
56991,OX9931534,93,false,
56992,OX9932271,404,false,
56993,OX9932274,87,false,
56994,OX9932279,97,false,
56995,OX9931543,1580,false,
56996,OX9931551,104,false,
56997,OX9931366,141,false,
56998,OX9932291,24,false,
56999,OX9932293,24,false,
57000,OX9932315,288,false,
57001,OX9931585,24,false,
57002,OX9932370,24,false,
57003,OX9931597,93,false,
57004,OX9932383,67,false,
57005,OX9932399,305,false,
57006,OX9931605,68,false,
57007,OX9931608,97,false,
57008,OX9931077,24,false,
57009,OX9931100,97,false,
57010,OX9931101,24,false,
57011,OX9931119,24,false,
57012,OX9931122,66,false,
57013,OX9931632,141,false,
57014,OX9931141,66,false,
57015,OX9931145,141,false,
57016,OX9931154,65,false,
57017,OX9931530,68,false,
57018,OX9931157,93,false,
57019,OX9931591,68,false,
57020,OX9931647,2070,false,
57021,OX9931185,68,false,
57022,OX9931653,68,false,
57023,OX9931188,66,false,
57024,OX9931667,68,false,
57025,OX9931191,104,false,
57026,OX9931897,68,false,
57027,OX9931195,104,false,
57028,OX9931901,68,false,
57029,OX9931198,2038,false,
57030,OX9932010,68,false,
57031,OX9931201,2071,false,
57032,OX9932215,68,false,
57033,OX9931203,568,false,
57034,OX9932278,68,false,
57035,OX9931204,87,false,
57036,OX9932288,532,false,
57037,OX9931705,68,false,
57038,OX9931231,1,false,
57039,OX9930036,45,false,
57040,OX9930040,93,false,
57041,OX9931239,345,false,
57042,OX9931013,87,false,
57043,OX9931240,2038,false,
57044,OX9931819,68,false,
57045,OX9931245,352,false,
57046,OX9931248,50,false,
57047,OX9931822,141,false,
57048,OX9931260,15,false,
57049,OX9931826,50,false,
57050,OX9931276,97,false,
57051,OX9931829,67,false,
57052,OX9931278,2072,false,
57053,OX9931834,68,false,
57054,OX9931840,68,false,
57055,OX9931279,15,false,
57056,OX9931876,97,false,
57057,OX9931282,1,false,
57058,OX9931878,248,false,
57059,OX9931879,68,false,
57060,OX9931285,97,false,
57061,OX9931289,326,false,
57062,OX9931894,68,false,
57063,OX9931294,24,false,
57064,OX9931905,62,false,
57065,OX9931295,15,false,
57066,OX9931309,141,false,
57067,OX9931912,97,false,
57068,OX9931344,24,false,
57069,OX9931346,87,false,
57070,OX9931960,24,false,
57071,OX9931349,57,false,
57092,NG1,666,false,
57093,NG2,18,false,
57094,NG14,18,false,
57095,NG15,16,false,
57096,NG16,1595,false,
57097,NG17,666,false,
57098,NG18,654,false,
57099,NG19,16,false,
57100,NG20,18,false,
57101,NG21,367,false,
57102,NG22,654,false,
57103,NG23,367,false,
57104,NG24,367,false,
57105,NG25,367,false,
57106,NG26,16,false,
57107,NG27,367,false,
57108,NG28,16,false,
57109,NG29,16,false,
57110,NG30,1122,false,
57111,NG31,367,false,
57112,NG32,367,false,
57113,NG33a,367,false,
57114,NG33b,1006,false,
57115,NG34,367,false,
57116,NG35,367,false,
57117,NG36,367,false,
57118,NG37,16,false,
57119,NG38,16,false,
57120,NG39,1122,false,
57121,NG40,1006,false,
57122,NG41,18,false,
57123,NG42,1122,false,
57124,EXNG331,22,false,
57125,EXNG332,627,false,
57126,NG43,367,false,
57127,NG44,367,false,
57128,NG45,367,false,
57129,NG46,367,false,
57130,NG47,1006,false,
57131,NG48,367,false,
57132,NG49,367,false,
57133,NG50,1006,false,
57134,NG51,369,false,
57135,NG52,367,false,
57136,NG53,666,false,
57137,NG54,367,false,
57138,NG55,1006,false,
57139,NG56,367,false,
57140,NG57,654,false,
57141,NG58,16,false,
57142,NG59,627,false,
57143,NG60,654,false,
57144,NG61,666,false,
57145,NG62,1595,false,
57146,NG63,367,false,
57147,NG64,367,false,
57148,NG65,1006,false,
57149,NG66,18,false,
57150,NG67,18,false,
57151,NG68,654,false,
57152,NG69,367,false,
57153,NG70,16,false,
57154,NG71,18,false,
57155,NG72,3353,false,
57156,NG73,367,false,
57157,NG74,654,false,
57158,NML033NT,403,false,
57159,NML036,49,false,
57160,NML088,104,false,
57161,NML155,104,false,
57162,NG75,18,false,
57163,NG76,1591,false,
57164,NG77,367,false,
57165,NG78,367,false,
57166,NG79,16,false,
57167,NG80,367,false,
57168,NG81,367,false,
57169,NG82,18,false,
57170,NG83,373,false,
57171,NG85,367,false,
57172,NG86,367,false,
57173,NG87,18,false,
57174,NG88,1122,false,
57175,NG89,1006,false,
57176,NG90,367,false,
57177,NG91,18,false,
57178,NG92,16,false,
57179,NG93,367,false,
57180,NG94,16,false,
57206,201758495,,false,
57207,17.8709368,,false,
57208,0021/84,68,false,
57209,0025/14,2076,false,
57210,0039/03,2,false,
57211,0039/96,1,false,
57212,0061/16,608,false,
57213,0063/16,1,false,
57214,0067/12,608,false,
57215,0071/11,608,false,
57216,0077/12,608,false,
57217,0094/16,2077,false,
57218,0104/04,68,false,
57219,0104/11,68,false,
57220,0107/01,2078,false,
57221,0128/00,120,false,
57222,0162/98,120,false,
57223,0170/02,611,false,
57224,0172/02,120,false,
57225,0182/03,68,false,
57226,0290/94,1,false,
57227,0318/95,1,false,
57231,Togo_M0768-17,1,false,
57232,Togo_M0776-17,1,false,
57233,Togo_M0781-17,1,false,
57234,Togo_M0784-17,1,false,
57235,Togo_M0797-17,1,false,
57236,Togo_M0834-17,1,false,
57237,Togo_M0836-17,1,false,
57238,Togo_M0855-17,1,false,
57239,Togo_M0860-17,1,false,
57240,Togo_M0863-17,1,false,
57241,Togo_M0872-17,1,false,
57242,Togo_M0761-17,1,false,
57243,Niga11-15,33,false,
57246,NMLB099,93,false,
57247,NMLB096,93,false,
57248,NMLB069,13,false,
57249,NMLB036,49,false,
57250,NMLB001,66,false,
57251,NMLB006,45,false,
57252,NMLB033,66,false,
57253,NMLB157,45,false,
57254,M191-58,45,false,
57255,411130112,,false,
57256,LNP29531,,false,
57266,LNP29554,108,false,
57277,LNP29577,9,false,
57278,LNP29579abd,1,false,
57287,NMLB034,104,false,
57288,NMLB126,104,false,
57289,NMLB100,49,false,
57290,0099/17,,false,
57293,0122/17,,false,
57298,0128/17,,false,
57299,0133/17,,false,
57300,0134/17,,false,
57302,BF0689,917,false,
57303,BF0692,917,false,
57304,BF0751,917,false,
57305,BF0791,917,false,
57306,BF1626,919,false,
57307,BF1736,137,false,
57308,BF1742,137,false,
57309,BF2880,141,false,
57310,N20,,false,
57311,N31,,false,
57312,3160,,false,
57315,AR00033,1107,false,
57316,AR00053,1107,false,
57317,AR00060,1443,false,
57318,AR00087,105,false,
57319,AR00093,1107,false,
57320,AR00160,1107,false,
57321,AR00161,1107,false,
57322,AR00173,1107,false,
57323,AR00115,1107,false,
57324,AR00123,1107,false,
57325,AR00126,1107,false,
57326,AR00128,,false,
57327,AR00134,1107,false,
57328,AR00145,1,false,
57329,AR00182,1107,false,
57330,AR00167,1107,false,
57331,AR00226,105,false,
57332,AR00238,1107,false,
57333,AR00249,2082,false,
57334,AR00259,1443,false,
57335,AR00283,1,false,
57336,AR00302,2083,false,
57337,AR00329,24,false,
57338,AR00335,1107,false,
57339,AR00356,1443,false,
57340,AR00416,2079,false,
57341,AR00440,138,false,
57343,AR00451,1181,false,
57344,AR00453,138,false,
57345,AR00454,138,false,
57346,AR00388,1107,false,
57347,AR00457,24,false,
57349,AR00463,1,false,
57350,AR00470,1107,false,
57351,AR00482,1107,false,
57352,AR00510,1,false,
57353,AR00515,138,false,
57354,AR00540,1107,false,
57355,AR00542,1,false,
57356,AR00564,1,false,
57357,AR00593,24,false,
57358,AR00612,1,false,
57359,AR00633,1,false,
57360,AR00638,1,false,
57361,AR00680,1474,false,
57362,AR00685,1107,false,
57363,AR00689,24,false,
57364,AR00697,1107,false,
57365,AR00712,1107,false,
57366,AR00713,1107,false,
57367,AR00733,1107,false,
57368,AR00737,1107,false,
57369,AR00744,1107,false,
57370,AR00747,1107,false,
57371,AR00750,1107,false,
57372,AR00760,1107,false,
57373,AR00761,1107,false,
57374,AR00765,1107,false,
57375,AR00771,1107,false,
57376,AR00772,1107,false,
57377,AR00773,57,false,
57378,3020,,false,
57379,3021,,false,
57380,23767,57,false,
57381,23779,77,false,
57382,23783,1,false,
57383,23786,1675,false,
57384,23910.2,65,false,
57385,23937,87,false,
57386,23960,93,false,
57387,23973,352,false,
57388,23984,407,false,
57389,24036,2084,false,
57390,24046,2085,false,
57391,24052,62,false,
57392,24056,1,false,
57393,24057,77,false,
57394,24058,2086,false,
57395,24059,87,false,
57396,24080,68,false,
57397,24081,66,false,
57398,24082,2087,false,
57399,24083,1,false,
57400,24084,1,false,
57401,24085,148,false,
57402,24087,280,false,
57403,24094,65,false,
57404,24098,262,false,
57405,24100,2088,false,
57406,24102,407,false,
57407,24103,97,false,
57408,24104,97,false,
57409,24105,65,false,
57410,24106,288,false,
57411,24107,1,false,
57412,24108,120,false,
57413,24109,97,false,
57414,24110,45,false,
57415,24111,3,false,
57416,24112,104,false,
57417,24113,93,false,
57418,24114,87,false,
57419,24115,45,false,
57420,24116,288,false,
57421,24117,49,false,
57422,24118,97,false,
57423,24119,262,false,
57424,24120,259,false,
57425,24121,1779,false,
57426,24122,288,false,
57427,24123,2089,false,
57428,24124,,false,
57429,24125,1,false,
57430,24126,65,false,
57431,24127,9,false,
57432,24128,2090,false,
57433,24129,1481,false,
57434,24130,65,false,
57435,24131,77,false,
57436,24132,1984,false,
57437,24133,87,false,
57438,24134,62,false,
57439,24135,318,false,
57440,24136,45,false,
57441,24137,77,false,
57442,24138,2091,false,
57443,24139,57,false,
57444,24140,45,false,
57445,24141,288,false,
57446,24142,2092,false,
57447,24143,87,false,
57448,24144,2093,false,
57449,24145,65,false,
57450,24146,262,false,
57451,24147,259,false,
57452,24150,262,false,
57453,24151,87,false,
57454,24152,77,false,
57455,24153,280,false,
57456,24154,3,false,
57457,24155,97,false,
57458,24156,2094,false,
57459,24157,45,false,
57460,24158,5779,false,
57461,24159,148,false,
57462,24160,120,false,
57463,24161.2,97,false,
57464,24162,1,false,
57465,24164,97,false,
57466,24165,1780,false,
57467,24166,9,false,
57468,24167,65,false,
57469,24168,830,false,
57470,24169,45,false,
57471,24170,1,false,
57472,24171,137,false,
57473,24172,68,false,
57474,24173,1779,false,
57475,24174,24,false,
57476,24175,,false,
57477,24176,1,false,
57478,24177,2095,false,
57479,24179,97,false,
57480,24180,141,false,
57481,24181,87,false,
57482,24182,97,false,
57483,24183,97,false,
57484,24185,97,false,
57485,24186,1,false,
57486,24188,1,false,
57487,24189,62,false,
57488,24190,62,false,
57489,24191,57,false,
57490,24192,93,false,
57491,24193,65,false,
57492,24194,93,false,
57493,24195,5174,false,
57494,24196,262,false,
57495,24197,77,false,
57496,24198,127,false,
57497,24199,68,false,
57498,24200,68,false,
57499,24201,97,false,
57500,24202,97,false,
57501,24203,1,false,
57502,24204,50,false,
57503,24205,1,false,
57504,24206,1,false,
57505,24207,318,false,
57506,24208,77,false,
57507,24209,77,false,
57508,24210,77,false,
57509,24211,1623,false,
57510,24212,77,false,
57511,24214,2091,false,
57512,24215,1675,false,
57513,24216,87,false,
57514,24217,87,false,
57515,24218,77,false,
57516,24219,62,false,
57517,24221,280,false,
57518,24222,97,false,
57519,24223,62,false,
57520,24224,77,false,
57521,24225,62,false,
57522,24226,2091,false,
57523,24227,65,false,
57524,1066-97,1,false,
57525,1090-97,2096,false,
57526,1091-97,1,false,
57527,1105-97,1,false,
57528,1123-97,1,false,
57529,1165-97,1,false,
57530,12008-04,1,false,
57531,12009-01,1,false,
57532,12009-09,257,false,
57533,12011-08,2,false,
57534,12014-02,2097,false,
57535,12018-03,1,false,
57536,12020-02,1,false,
57537,12022-09,310,false,
57538,12025-02,1,false,
57539,IE17Nm27,45,false,
57540,IE17Nm29,2098,false,
57541,12031-06,2,false,
57542,IE17Nm32,87,false,
57543,12035-00,2,false,
57544,12043-05,1,false,
57545,12044-06,2,false,
57546,12049-01,87,false,
57547,12049-05,2,false,
57548,12060-00,1,false,
57549,12062-05,1,false,
57550,12063-02,1,false,
57551,12078-03,1,false,
57552,12083-00,1,false,
57553,12084-06,2,false,
57554,12094-01,1,false,
57555,12129-01,2,false,
57556,12135-01,1,false,
57557,12148-00,1,false,
57558,12149-00,2,false,
57559,12151-00,14,false,
57560,12188-00,1,false,
57561,3003-98,1,false,
57562,3020-98,1,false,
57563,3039-99,2096,false,
57564,3067-98,1,false,
57565,3082-98,1,false,
57566,3087-99,1,false,
57567,3095-98,2099,false,
57568,3124-99,1,false,
57569,3130-98,2,false,
57570,3139-98,1,false,
57571,3180-99,2,false,
57572,11-590-251,1,false,
57573,12-590-208,77,false,
57574,14-590-159,1,false,
57575,14-590-627,1,false,
57578,NEIS-15-198,1,false,
57579,NEIS-15-215,1,false,
57580,NEIS-15-236,,false,
57582,NEIS-16-92,1,false,
57583,NEIS-16-306,1,false,
57584,NEIS-16-579,1,false,
57585,2017-088,,false,
57586,130918,,false,
57587,N22,,false,
57588,N25,,false,
57589,150704,,false,
57590,2017-152,,false,
57592,AR05973,138,false,
57594,AR05983,57,false,
57597,LNP29590,1,false,
57598,LNP29591abd,1,false,
57622,LNP29633,424,false,
57665,2017-091,,false,
57755,18.8700487,,false,
57819,NMLW159,77,false,
57820,NMLW169,4789,false,
57821,NMLW171i,4789,false,
57822,NMLW176,4789,false,
57823,NMLW179,4789,false,
57824,NMLW183,1,false,
57825,114738,62,false,
57827,0004/16,1,false,
57828,0004/17,1,false,
57829,0005/17,2117,false,
57830,0007/16,1,false,
57831,0008/17,1,false,
57832,0011/17,,false,
57833,0018/16,1,false,
57834,0024/14,68,false,
57835,0039/16,288,false,
57836,0067/01,428,false,
57837,0073/16,49,false,
57838,0078/16,1,false,
57839,0081/16,1,false,
57840,0082/16,2,false,
57841,0086/01,611,false,
57842,0114/03,68,false,
57843,0124/03,,false,
57844,0148/01,,false,
57845,0149/01,24,false,
57846,0165/02,68,false,
57847,155-58,,false,
57848,155-89,,false,
57849,155-210U,,false,
57850,155-217R,,false,
57851,220601,407,false,
57852,440902,407,false,
57853,100603,407,false,
57854,131148,407,false,
57855,130803,1066,false,
57856,340552,1067,false,
57857,34173,407,false,
57858,100572,352,false,
57859,440501,407,false,
57860,100514,407,false,
57861,421007,407,false,
57862,420718,407,false,
57863,100601,407,false,
57864,360624,1068,false,
57865,311112,407,false,
57866,100530,1069,false,
57867,321114,1070,false,
57868,370601,1071,false,
57869,320501,407,false,
57870,320503,,false,
57871,330505,1065,false,
57872,341215,407,false,
57874,651708,407,false,
57875,651402,407,false,
57876,130903,407,false,
57877,130943,407,false,
57878,131728,407,false,
57879,141303,407,false,
57880,411609,407,false,
57881,421613,407,false,
57882,101703,407,false,
57883,6757/17,,false,
57884,7033/17,,false,
57885,8007/17,,false,
57886,8358/17,,false,
57887,18.8700667,,false,
57888,18.8700680,,false,
57889,14457,2118,false,
57890,15134,2119,false,
57891,15446,738,false,
57892,17105,524,false,
57893,17106,738,false,
57894,17351,2,false,
57895,17380,524,false,
57896,17574,1,false,
57897,17979,68,false,
57898,19543,1,false,
57899,20237,1,false,
57900,22374,1,false,
57901,22397,1,false,
57902,22413,1,false,
57903,22419,1,false,
57904,22433,1,false,
57905,22472,1,false,
57906,22480,77,false,
57907,22493,1,false,
57908,22494,1,false,
57909,22497,1,false,
57910,22532,1,false,
57911,22558,1,false,
57912,22565,77,false,
57913,22569,1,false,
57914,NIID698,,false,
57915,155M,3,false,
57916,156M,62,false,
57917,157M,45,false,
57918,158M,262,false,
57919,159M,57,false,
57920,160M,127,false,
57921,161M,67,false,
57922,162M,93,false,
57923,99M,87,false,
57924,100M,62,false,
57925,101M,2120,false,
57951,0118/17,,false,
57952,0120/17,,false,
57953,0127/17,,false,
57954,0129/17,,false,
57957,114735,1848,false,
57958,463,1,false,
57959,775,503,false,
57960,896,503,false,
57961,M17 240857,45,false,
57966,M43840,77,false,
57967,M43847,62,false,
57968,M43855,77,false,
57969,M43863,5178,false,
57970,M44053,3686,false,
57971,M44098,,false,
57972,17-682,2123,false,
57973,190440,18,false,
57974,AR00777,1107,false,
57975,AR00784,1107,false,
57977,AR00786,1107,false,
57978,AR00823,105,false,
57979,AR00926,1107,false,
57980,AR00946,1107,false,
57981,AR00951,1107,false,
57983,AR00917,1107,false,
57985,AR00941,1107,false,
57986,AR00909,1107,false,
57987,AR00981,1107,false,
57988,AR00928,1107,false,
57989,AR00910,1107,false,
57990,AR01045,1107,false,
57991,AR00954,1107,false,
57992,AR00923,1107,false,
57993,AR00993,1107,false,
57994,AR01000,1107,false,
57995,AR01007,1107,false,
57996,AR01017,1107,false,
57997,AR01096,105,false,
57998,AR01192,1107,false,
57999,AR01201,1107,false,
58000,AR01202,,false,
58001,AR01207,1107,false,
58002,AR01209,2124,false,
58003,AR01260,1107,false,
58032,NEIS_16_36,,false,
58033,NEIS_16_45,,false,
58034,NEIS_16_47,,false,
58035,NEIS_16_169,,false,
58036,NEIS_16_183,,false,
58037,NEIS_16_200,,false,
58038,NEIS_16_216,,false,
58039,NEIS_16_218,,false,
58040,NEIS_16_220,,false,
58041,NEIS_16_286,,false,
58042,NEIS_16_439,,false,
58043,NEIS_16_440,,false,
58044,NEIS_16_273,,false,
58045,NEIS_16_327,,false,
58046,NEIS_16_351,,false,
58047,NEIS_16_366,,false,
58048,NEIS_16_399,,false,
58049,NEIS_16_411,,false,
58050,NEIS_16_51,,false,
58051,NEIS_16_500,,false,
58052,18.8701373,,false,
58053,M-086-17,,false,
58054,2017-145,,false,
58055,18.8701646,,false,
58056,18.8701611,,false,
58057,2170974,1,false,
58058,2171806,1,false,
58059,2171829,1,false,
58060,2171830,1,false,
58061,2171843,1,false,
58062,2171844,1,false,
58063,2171845,1,false,
58064,2171885,1,false,
58065,2171897,1,false,
58066,2171899,1,false,
58067,2171907,2126,false,
58068,2171921,1,false,
58069,2171949,1,false,
58070,2171957,1,false,
58071,2171958,1,false,
58072,2171991,1,false,
58073,2172005,1,false,
58074,2172017,1,false,
58075,2172051,1,false,
58076,2172052,1,false,
58077,2172156,1,false,
58078,2172183,1,false,
58079,2172198,1,false,
58080,2172199,1,false,
58081,2172255,1,false,
58082,2172302,2127,false,
58083,2172328,1,false,
58084,2172395,1,false,
58085,2172408,1,false,
58086,2172477,1,false,
58088,N33,,false,
58089,N49,,false,
58090,N50,,false,
58091,N51,,false,
58092,N170,,false,
58093,N162,,false,
58102,LNP29737,424,false,
58112,GCWGS-2776,,false,
58113,GCWGS-2848,,false,
58114,N164,,false,
58120,N48,,false,
58123,SMG_18_15,45,false,
58130,NM040,407,false,
58131,NM050,407,false,
58132,NM323,407,false,
58133,NM001,407,false,
58134,NM062,407,false,
58135,NM193,407,false,
58136,NM205,407,false,
58137,NM313,407,false,
58138,18.8702129,,false,
58139,Nmiss3060,257,false,
58140,Nmiss3063,257,false,
58141,M27554,1,false,
58142,M27544,1,false,
58143,M27545,1,false,
58144,M27547,1,false,
58145,M27549,1,false,
58146,M27551,1,false,
58147,M27555,1,false,
58148,M27557,1,false,
58149,M27558,1,false,
58150,M27560,1,false,
58151,M27562,1,false,
58152,M27565,1,false,
58153,M27566,1,false,
58154,M27543,57,false,
58155,M27546,57,false,
58156,M27548,57,false,
58157,M27550,57,false,
58158,M27553,57,false,
58159,M27556,57,false,
58160,M27561,57,false,
58161,17-406,,false,
58162,17-422,3,false,
58163,17-495,,false,
58164,17-508,,false,
58165,17-514,1,false,
58166,17-537,,false,
58167,17-549,,false,
58168,17-571,,false,
58169,17-594,,false,
58170,17-607,,false,
58171,17-608,2128,false,
58172,17-610,,false,
58173,17-631,,false,
58174,17-654,62,false,
58175,17-657,1,false,
58176,17-664,1,false,
58177,17-669,1,false,
58178,SMG_18_68,396,false,
58179,SMG_18_92,1,false,
58180,SMG_18_93,1,false,
58181,SMG_18_94,87,false,
58182,SMG_18_95,93,false,
58183,SMG_18_97,87,false,
58184,SMG_18_98,2129,false,
58185,SMG_18_104,49,false,
58186,SMG_18_105,1,false,
58187,SMG_18_106,45,false,
58188,SMG_18_107,95,false,
58189,SMG_18_108,1,false,
58190,SMG_18_109,137,false,
58191,SMG_18_163,1,false,
58192,SMG_18_164,424,false,
58193,SMG_18_218,280,false,
58194,M27563,57,false,
58195,M27564,57,false,
58196,M27604,1,false,
58197,M27587,1,false,
58198,M27584,57,false,
58199,M27738,1,false,
58200,M27747,1,false,
58201,M27769,1,false,
58202,M27770,1,false,
58203,M27771,1,false,
58204,M27772,1,false,
58205,M27773,1,false,
58206,M27774,1,false,
58207,M27592,1,false,
58208,M27593,1,false,
58209,M27594,1,false,
58210,M27595,1,false,
58211,M27776,1,false,
58212,M27599,1,false,
58213,M27600,1,false,
58214,M27601,1,false,
58215,M27778,1,false,
58216,M27779,1,false,
58217,M27602,1,false,
58218,M27781,1,false,
58219,M27662,1,false,
58220,M27663,1,false,
58221,M27786,1,false,
58222,M27782,1,false,
58223,M27605,1,false,
58224,M27783,1,false,
58225,M25466,1,false,
58226,M27784,1,false,
58227,M27785,1,false,
58228,M27608,1,false,
58229,M27610,1,false,
58230,M25462,1,false,
58231,M25468,1,false,
58232,M25467,1,false,
58233,M27611,1,false,
58234,M27612,1,false,
58235,M27613,1,false,
58236,M27614,1,false,
58237,M27615,1,false,
58238,M27616,1,false,
58239,M27618,1,false,
58240,M27571,1,false,
58241,M27619,738,false,
58242,M27621,1,false,
58243,M27622,1,false,
58244,M27623,1,false,
58245,M27624,1,false,
58246,M27573,1,false,
58247,M27575,1,false,
58248,M27627,1,false,
58249,M27572,1,false,
58250,M27574,1,false,
58251,M27570,1,false,
58252,M27628,1,false,
58253,M25456,1,false,
58254,M27629,1,false,
58255,M27630,1,false,
58256,M27631,1,false,
58257,M27632,1,false,
58258,M27590,1,false,
58259,M27634,1,false,
58260,M27635,1,false,
58261,M27636,1,false,
58262,M27637,1,false,
58263,M27638,1,false,
58264,M27640,1,false,
58265,M27641,1,false,
58266,M27642,1,false,
58267,M27643,1,false,
58268,M27644,1,false,
58269,M27645,1,false,
58270,M27577,1,false,
58271,M25459,1,false,
58272,M27647,1,false,
58273,M27648,1,false,
58274,M27649,1,false,
58275,M27650,1,false,
58276,M27651,1,false,
58277,M27652,1,false,
58278,M27653,1,false,
58279,M27654,1,false,
58280,M27655,1,false,
58281,M27656,1,false,
58282,M27583,1,false,
58283,M27578,1,false,
58284,M27657,1,false,
58285,M27658,1,false,
58286,M27659,1,false,
58287,M27660,1,false,
58288,M27582,1,false,
58289,M27586,1,false,
58290,M27767,1,false,
58291,M25431,738,false,
58292,M27589,1,false,
58293,M27764,1,false,
58294,M27768,1,false,
58295,M27761,1,false,
58296,M27765,1,false,
58297,M27762,1,false,
58298,M27591,1,false,
58299,M25435,1,false,
58300,M25439,1,false,
58301,M27751,1,false,
58302,M27739,1,false,
58303,M25440,1,false,
58304,M27734,1,false,
58305,M27736,1,false,
58306,M27742,1,false,
58307,M25433,1,false,
58308,M27752,1,false,
58309,M25436,1,false,
58310,M27741,1,false,
58311,M27740,1,false,
58312,M27733,1,false,
58313,M27750,1,false,
58314,M27748,1,false,
58315,M27745,1,false,
58316,M27753,1,false,
58317,M27746,1,false,
58318,M27755,1,false,
58319,M27756,1,false,
58320,M27757,1,false,
58321,M27758,1,false,
58322,M25474,1,false,
58323,M25471,1,false,
58324,M25473,1,false,
58325,M25470,1,false,
58326,M27775,57,false,
58327,M27596,57,false,
58328,M27597,57,false,
58329,M27661,57,false,
58330,M27777,57,false,
58331,M27780,57,false,
58332,M27606,57,false,
58333,M27788,57,false,
58334,M27567,57,false,
58335,M27620,57,false,
58336,M27626,57,false,
58337,M27633,57,false,
58338,M27580,57,false,
58339,M27588,57,false,
58340,M27763,57,false,
58341,M27766,57,false,
58342,M27743,57,false,
58343,M27735,57,false,
58344,M27749,57,false,
58345,M27759,141,false,
58346,M25072,1,false,
58347,M25073,1,false,
58348,M25074,1,false,
58349,M25075,1,false,
58350,M25076,1,false,
58351,M25077,1,false,
58352,M25078,1,false,
58353,M25079,1,false,
58354,M25080,1,false,
58355,M25081,1,false,
58356,M25082,1,false,
58357,M25086,1,false,
58358,M25088,1,false,
58359,M25089,1,false,
58360,M25093,1,false,
58361,M25094,1,false,
58362,M25097,1,false,
58363,M25100,1,false,
58364,M25101,1,false,
58365,M25102,1,false,
58366,M25103,1,false,
58367,M25104,1,false,
58368,M25106,1,false,
58369,M25107,1,false,
58370,M25108,1,false,
58371,M25109,1,false,
58372,M25110,1,false,
58373,M25111,1,false,
58374,M42599,1,false,
58375,M42628,1,false,
58376,M42590,57,false,
58377,M42596,57,false,
58378,M42614,1,false,
58379,M42612,1,false,
58380,M42613,1,false,
58381,M42615,1,false,
58382,M38799,2130,false,
58383,M38788,1,false,
58384,M38824,1,false,
58385,M38825,1,false,
58386,M38822,1,false,
58387,M38790,1,false,
58388,M38826,1,false,
58389,M38827,1,false,
58390,M38828,1,false,
58391,M38829,1,false,
58392,M38830,1,false,
58393,M40789,33,false,
58394,M40775,33,false,
58395,M40776,33,false,
58396,M40777,33,false,
58397,M40778,33,false,
58398,M38260,33,false,
58399,M40780,33,false,
58400,M40783,33,false,
58401,M40781,1,false,
58402,M40782,57,false,
58403,M40784,57,false,
58404,M40785,57,false,
58405,M40786,57,false,
58406,M40787,57,false,
58407,M40788,57,false,
58408,4036-15,33,false,
58409,Niga16/15,33,false,
58410,Niga29/15,33,false,
58411,Niga6/15,33,false,
58412,Niga9/15,33,false,
58413,Niga8/15,33,false,
58414,Niga17/15,33,false,
58415,M42629,1,false,
58416,M42635,1,false,
58417,M42630,1,false,
58418,M42631,1,false,
58419,M42634,1,false,
58420,Niga3/16,33,false,
58421,Niga1/16,33,false,
58422,Niga4/16,33,false,
58423,Niga2/16,33,false,
58424,Niga24/16,33,false,
58425,Niga25/16,33,false,
58426,Niga26/16,33,false,
58427,Niga27/16,33,false,
58428,Niga28/16,33,false,
58429,Niga29/16,33,false,
58430,Niga30/16,33,false,
58431,Niga31/16,33,false,
58432,Niga33/16,33,false,
58433,Niga32/16,33,false,
58434,00050,1,false,
58435,M1082,57,false,
58436,SMG_18_238,148,false,
58437,SMG_18_243,408,false,
58438,Nm463,2858,false,
58439,Nm465,407,false,
58440,Nm468,407,false,
58441,Nm464,4294,false,
58442,Nm466,1,false,
58812,AK-1973_Str,45,false,
58813,K-47_Str,45,false,
58814,W-6390_Str,62,false,
58815,W-6423_Str,1082,false,
58816,W-6435_Str,3,false,
58817,W-6440_Str,887,false,
58818,W-6462_Str,62,false,
58819,W-6597_Str,87,false,
58820,W-6617_Str,1,false,
58821,W-6658_Str,259,false,
58822,W-6665_Str,77,false,
58823,W-6684_Str,45,false,
58824,W-6695_Str,45,false,
58825,W-6744_Str,62,false,
58826,W-6917_Str,2132,false,
58827,W-6921_Str,2133,false,
58828,SMG_18_253,3,false,
58829,SMG_18_254,2134,false,
58830,SMG_18_255,87,false,
58831,SMG_18_256,1,false,
58832,SMG_18_257,87,false,
58835,M44880,,false,
58836,M44838,292,false,
58837,M44833,,false,
58844,SMG_18_252,1482,false,
58845,M44798,,false,
58846,M44796,,false,
58847,M44790,,false,
58848,M44777,,false,
58849,M44765,,false,
58850,M44764,,false,
58851,M44744,3687,false,
58852,M44660,,false,
58853,M43657,,false,
58854,M37053,65,false,
58855,M22255,,false,
58856,M15113,67,false,
58857,20150007,,false,
58858,SMG_17_962,211,false,
58859,SMG_17_964,2072,false,
58860,SMG_17_965,65,false,
58861,SMG_17_966,872,false,
58862,SMG_17_968,407,false,
58863,SMG_17_969,1,false,
58864,SMG_17_970,57,false,
58865,SMG_18_291,49,false,
58866,GCGS0980,16,false,
58867,12CFX_T_039,16,false,
58868,NM003,,false,
58869,NM005,,false,
58870,M1245/2017,49,false,
58871,3022,,false,
58872,LNP29217,1843,false,
58873,LNP29576,1916,false,
58874,LNP_MET,,false,
58875,SMG_17_1066,1,false,
58876,SMG_17_1067,1,false,
58877,SMG_17_1068,2129,false,
58878,SMG_17_1069,318,false,
58879,SMG_17_1070,217,false,
58880,SMG_17_1071,1,false,
58881,SMG_17_1072,1,false,
58882,SMG_17_1073,1,false,
58883,SMG_17_1074,1,false,
58884,SMG_17_1075,280,false,
58885,SMG_17_1076,1,false,
58886,SMG_17_1077,87,false,
58887,SMG_17_1078,87,false,
58888,SMG_17_1079,1035,false,
58889,SMG_17_1080,1,false,
58891,0001/18,,false,
58892,0002/18,,false,
58894,0004/18,,false,
58896,0006/18,,false,
58899,0009/18,,false,
58901,0011/18,,false,
58902,0012/18,,false,
58904,0014/18,,false,
58906,0017/18,,false,
58907,18.8702669,,false,
58908,GCWGS-0439,,false,
58909,GCWGS-0445,,false,
58910,GCWGS-0478,,false,
58911,GCWGS-0763,,false,
58912,GCWGS-0777,,false,
58913,GCWGS-0865,,false,
58914,GCWGS-0868,,false,
58915,GCWGS-0897,,false,
58916,GCWGS-0900,,false,
58917,GCWGS-0910,,false,
58918,GCWGS-0912,,false,
58919,GCWGS-0969,,false,
58920,GCWGS-0987,,false,
58921,GCWGS-1039,,false,
58922,GCWGS-1040,,false,
58923,GCWGS-1131,,false,
58924,GCWGS-1142,,false,
58925,GCWGS-1255,,false,
58926,GCWGS-1257,,false,
58927,GCWGS-1296,,false,
58928,GCWGS-1322,,false,
58929,GCWGS-1342,,false,
58930,GCWGS-1344,,false,
58931,GCWGS-1350,,false,
58932,GCWGS-1369,,false,
58933,GCWGS-1598,,false,
58934,LRRBGS-0281,,false,
58935,GCWGS-0014,,false,
58936,LRRBGS-0197,,false,
58937,LRRBGS-0203,,false,
58938,LRRBGS-0220,,false,
58939,LRRBGS-0245,,false,
58940,LRRBGS-0637,,false,
58941,SMG_17_1081,3,false,
58942,2018-016,,false,
58952,LNP29853abd,1,false,
58955,LNP29859abd,1,false,
58966,1971-001,,false,
58967,1971-002,,false,
58968,1971-003,,false,
58969,1971-004,,false,
58970,1971-005,,false,
58971,1971-010,,false,
58972,1972-003,,false,
58973,1972-005,,false,
58974,1972-008,,false,
58975,1972-010,,false,
58976,1973-002,,false,
58977,1973-006,,false,
58978,1976-007,,false,
58979,1979-003,,false,
58980,1980-004,,false,
58981,1983-009,,false,
58982,1983-011,,false,
58983,1984-004,,false,
58984,1984-005,,false,
58985,1984-006,,false,
58986,1985-010,,false,
58987,1986-011,,false,
58988,1987-002,,false,
58989,1987-009,,false,
58990,1990-011,,false,
58991,1993-010,,false,
58992,1999-001,,false,
58993,2001-007,,false,
58994,2003-002,,false,
58995,2003-003,,false,
58996,2004-001,,false,
58997,5591,,false,
59000,114741,1,false,
59001,SMG_18_376,1,false,
59002,SMG_18_377,65,false,
59003,SMG_18_382,62,false,
59004,NM053,,false,
59005,NML2017-154,68,false,
59006,NML2017-159,77,false,
59007,NML2017-160,62,false,
59008,NML2017-169,4789,false,
59009,NML2017-171,4789,false,
59010,NML2017-179,4789,false,
59011,NML2018-001,4789,false,
59012,NML2018-017,4789,false,
59013,NML2018-027,68,false,
59014,NML2018-035,2136,false,
59015,M-005-18,,false,
59016,SMG_18_401,57,false,
59017,SMG_18_402,250,false,
59052,NM01423,62,false,
59053,NM01424,3,false,
59054,NML2009-051,66,false,
59055,NML2009-135,66,false,
59056,NML2009-296,66,false,
59057,NML2010-062,66,false,
59058,NML2010-139,66,false,
59059,NML2010-199,66,false,
59060,NML2010-203,66,false,
59061,NML2011-052,66,false,
59062,NML2011-059,66,false,
59063,NML2011-106,66,false,
59064,NML2012-074,66,false,
59065,NML2012-098,45,false,
59066,NML2012-182,66,false,
59067,NML2012-237,66,false,
59068,NML2013-063,66,false,
59069,NML2014-078,66,false,
59070,NML2014-162,45,false,
59071,NML2015-055,66,false,
59072,M-091-17,,false,
59073,SMG_18_403,1,false,
59074,SMG_18_404,407,false,
59075,SMG_18_405,3697,false,
59076,SMG_18_398,93,false,
59077,Nmiss2914,45,false,
59078,Nmiss3012,1999,false,
59079,Nmiss2970,93,false,
59080,Nmiss2948,93,false,
59081,Nmiss3016,87,false,
59082,Nmiss3015,87,false,
59083,Nmiss2972,9,false,
59084,NML2015-086,66,false,
59085,NML2015-098,66,false,
59086,NMLNZ98-254,45,false,
59087,NMLM191-58,45,false,
59088,NM01425,2137,false,
59089,NM01588,141,false,
59090,M49260,104,false,
59091,NM01808,2,false,
59092,NM01809,66,false,
59093,NM01893,77,false,
59094,NM01895,2138,false,
59095,NM01897,65,false,
59096,NM01899,104,false,
59097,M48468,,false,
59098,NM01901,49,false,
59099,M47575,2003,false,
59100,M46398,45,false,
59101,NM01907,45,false,
59102,NM01909,141,false,
59103,NM01911,62,false,
59104,NM01913,141,false,
59105,NM01914,49,false,
59106,NM01916,62,false,
59107,NM01918,65,false,
59108,NM01919,57,false,
59109,NM01921,2139,false,
59110,NM01923,97,false,
59111,NM01925,2140,false,
59112,NM01926,141,false,
59113,NM01928,141,false,
59114,NM01929,684,false,
59115,NM01933,1859,false,
59116,NM01934,104,false,
59117,NM01935,62,false,
59118,NM01936,65,false,
59119,NM01937,141,false,
59120,NM01939,141,false,
59121,NM01941,3,false,
59122,NM01943,45,false,
59123,NM01944,45,false,
59124,NM01945,68,false,
59125,M45954,9,false,
59126,NM01948,1374,false,
59127,NM01949,65,false,
59128,NM01951,9,false,
59129,NM01954,65,false,
59130,NM01956,24,false,
59131,NM01958,62,false,
59132,NM01961,217,false,
59133,NM01963,45,false,
59134,NM01965,49,false,
59135,NM01967,348,false,
59136,NM01970,62,false,
59137,NM01972,49,false,
59138,NM01973,45,false,
59139,NM01974,104,false,
59140,NM01975,65,false,
59141,NM01977,62,false,
59142,NM01979,65,false,
59143,NM01980,740,false,
59144,NM01982,62,false,
59145,NM01986,65,false,
59146,NM01987,65,false,
59147,NM01989,65,false,
59148,NM01991,77,false,
59149,NM02487,2141,false,
59150,NM02489,2142,false,
59151,NM02490,3,false,
59152,NM02493,65,false,
59153,NM02496,62,false,
59154,NM02497,62,false,
59155,NM02499,49,false,
59156,NM02501,348,false,
59157,NM02503,62,false,
59158,NM02504,2138,false,
59159,NM02505,65,false,
59160,NM02507,2143,false,
59161,NM02509,62,false,
59162,NM02511,24,false,
59163,NM02514,57,false,
59164,NM02516,65,false,
59165,NM02517,141,false,
59166,NM02519,259,false,
59167,NM02522,62,false,
59168,NM02523,97,false,
59169,NM02525,65,false,
59170,NM02527,141,false,
59171,NM02529,141,false,
59172,NM02531,3,false,
59173,NM02534,684,false,
59174,NM02535,2144,false,
59175,NM02537,65,false,
59176,NM02539,141,false,
59177,NM02541,65,false,
59178,NM02543,65,false,
59179,NM02545,68,false,
59180,NM02547,141,false,
59181,NM02549,65,false,
59182,NM02552,1374,false,
59183,NM02554,65,false,
59184,NM02555,9,false,
59185,NM02557,65,false,
59186,NM02558,24,false,
59187,NM02560,45,false,
59188,NM02561,9,false,
59189,NM02564,65,false,
59190,NM02565,62,false,
59191,NM02567,65,false,
59192,NM02569,65,false,
59193,NM02571,57,false,
59194,NM02573,1859,false,
59195,NM02575,104,false,
59196,NM02577,104,false,
59197,M45928,5184,false,
59198,NM02581,45,false,
59199,NM02582,57,false,
59200,NM02584,65,false,
59201,NM02586,93,false,
59202,NM02589,65,false,
59203,NM02591,65,false,
59204,NM02592,77,false,
59205,NM02594,65,false,
59206,NM02596,740,false,
59207,NM02598,62,false,
59208,NM02600,24,false,
59209,NM02604,141,false,
59210,NM02607,49,false,
59211,NM02608,62,false,
59212,NM02610,2139,false,
59213,NM02612,62,false,
59214,NM02615,62,false,
59215,NM02616,49,false,
59216,NM02617,348,false,
59217,NM02619,62,false,
59218,NM02621,348,false,
59219,NM02624,65,false,
59220,NM02625,62,false,
59221,NM02626,49,false,
59222,NM02628,62,false,
59223,NM02630,65,false,
59224,NM02632,104,false,
59225,NM02634,141,false,
59226,NM02637,104,false,
59227,NM02638,62,false,
59228,NM02643,104,false,
59229,NM02648,104,false,
59230,NM02649,59,false,
59231,NM02651,3,false,
59232,NM02653,97,false,
59233,NM02655,65,false,
59234,NM02657,104,false,
59235,NM02658,104,false,
59236,NM02659,141,false,
59237,NM02661,141,false,
59238,NM02663,684,false,
59239,NM02666,2144,false,
59240,NM02667,65,false,
59241,NM02669,141,false,
59242,NM02671,65,false,
59243,NM02676,65,false,
59244,NM02678,65,false,
59245,NM02679,65,false,
59246,NM02681,9,false,
59247,NM02683,65,false,
59248,NM02685,9,false,
59249,NM02687,104,false,
59250,NM02689,65,false,
59251,NM02691,65,false,
59252,NM02693,62,false,
59253,NM02697,65,false,
59254,NM02699,57,false,
59255,NM02701,104,false,
59256,NM02702,65,false,
59257,NM02705,65,false,
59258,NM02707,65,false,
59259,NM02709,93,false,
59260,M45920,407,false,
59261,NM02714,62,false,
59262,NM02715,97,false,
59263,NM02717,45,false,
59264,NM02719,65,false,
59265,NM02724,57,false,
59266,NM02725,2145,false,
59267,NM02727,97,false,
59268,NM02730,93,false,
59269,NM02732,104,false,
59270,NM02733,141,false,
59271,NM02735,77,false,
59272,NM02737,2146,false,
59273,NM02738,3,false,
59274,NM02740,407,false,
59275,NM02742,104,false,
59276,NM02744,65,false,
59277,NM02745,62,false,
59278,NM02747,57,false,
59279,NM02750,62,false,
59280,NM02752,24,false,
59281,NM02754,65,false,
59282,NM02755,62,false,
59283,NM02756,62,false,
59284,NM02757,62,false,
59285,NM02758,3,false,
59286,NM02759,3,false,
59287,NM02760,1995,false,
59288,NM02761,24,false,
59289,M44950,65,false,
59290,NM02764,9,false,
59291,NM02766,3,false,
59292,NM02767,141,false,
59293,NM02768,1,false,
59294,M24043,3688,false,
59295,NM02770,141,false,
59296,NM02771,2147,false,
59297,NM02772,141,false,
59298,NM02968,1,false,
59299,NM02969,3,false,
59300,M22069,49,false,
59301,NM02971,2149,false,
59302,NM02972,57,false,
59303,NM02975,3,false,
59304,NM02976,568,false,
59305,NM02977,62,false,
59306,NM02978,68,false,
59307,NM02979,3,false,
59308,NM02980,3,false,
59309,NM02981,141,false,
59310,NM02982,2150,false,
59311,NM02983,3,false,
59312,NM02984,3,false,
59313,NM02985,62,false,
59314,NM02986,3,false,
59315,NM02987,24,false,
59316,NM02988,45,false,
59317,NM02989,45,false,
59318,NM03020,902,false,
59319,NM03043,62,false,
59320,NM03054,2007,false,
59321,NM03055,49,false,
59322,NM03056,49,false,
59323,NM03057,345,false,
59324,NM03058,95,false,
59325,NM03059,49,false,
59326,NM03060,65,false,
59327,NM03061,9,false,
59328,NM03062,65,false,
59329,NM03063,65,false,
59330,NM03064,97,false,
59331,NM03065,345,false,
59332,NM03066,345,false,
59333,NM03067,292,false,
59334,NM03068,568,false,
59335,NM03069,104,false,
59393,NM03070,95,false,
59394,NM03071,65,false,
59395,NM03072,2005,false,
59396,NM03073,65,false,
59397,NM03074,65,false,
59398,NM03075,137,false,
59399,NM03076,65,false,
59400,NM03077,49,false,
59401,NM03078,,false,
59402,NM03079,137,false,
59403,NM03080,141,false,
59404,NM03081,740,false,
59405,NM03082,104,false,
59406,NM03083,49,false,
59407,NM03084,902,false,
59408,NM03085,65,false,
59409,NM03086,95,false,
59410,NM03087,2007,false,
59411,NM03088,902,false,
59412,NM03089,49,false,
59413,NM03090,62,false,
59414,NM03091,49,false,
59415,NM03092,49,false,
59416,NM03093,65,false,
59417,NM03094,62,false,
59418,NM03095,348,false,
59419,NM03096,97,false,
59420,NM03097,902,false,
59421,NM03098,62,false,
59422,NM03099,62,false,
59423,NM03101,62,false,
59424,NM03102,2008,false,
59425,NM03103,65,false,
59426,NM03104,24,false,
59427,NM03105,95,false,
59428,NM03106,24,false,
59429,NM03107,49,false,
59430,NM03108,2005,false,
59431,NM03109,104,false,
59432,NM03110,65,false,
59433,NM03111,65,false,
59434,NM03112,49,false,
59435,NM03113,65,false,
59436,NM03114,137,false,
59437,NM03115,137,false,
59438,NM03116,65,false,
59439,NM03117,62,false,
59440,NM03118,345,false,
59441,NM03119,141,false,
59442,NM03120,292,false,
59443,NM03121,65,false,
59444,NM03122,104,false,
59445,NM03123,104,false,
59446,NM03124,104,false,
59447,NM03125,104,false,
59448,NM03126,104,false,
59449,NM03127,57,false,
59450,NM03128,57,false,
59451,NM03130,2,false,
59452,NM03131,141,false,
59453,NM03132,45,false,
59454,NM03752,2,false,
59455,NM03753,57,false,
59456,NM03754,2153,false,
59457,NM03755,67,false,
59458,NM03756,2154,false,
59459,NM03757,3,false,
59460,NM03758,3,false,
59461,NM03759,2155,false,
59462,NM03760,3,false,
59463,NM03761,2156,false,
59464,8966/17,,false,
59465,NM03763,141,false,
59466,NM03764,49,false,
59467,NM03765,49,false,
59468,NM03766,57,false,
59469,NM03767,141,false,
59470,NM03768,4474,false,
59471,NM03769,49,false,
59472,NM03770,62,false,
59473,NM03771,3,false,
59474,NM03772,3,false,
59475,NM03773,87,false,
59476,NM03774,49,false,
59477,Nmiss3057,2157,false,
59478,Nmiss3040,257,false,
59479,173/18,,false,
59480,183/18,,false,
59481,308/18,,false,
59482,310/18,,false,
59483,922/18,,false,
59484,P3637,,false,
59485,P3712,,false,
59486,P3766,,false,
59487,P3858,,false,
59488,P4146,,false,
59489,P4247,,false,
59495,Nmiss3100,257,false,
59496,Nmiss3101,257,false,
59497,Nmiss3102,257,false,
59498,Nmiss3095,257,false,
59499,Nmiss3096,257,false,
59500,Nmiss3039,257,false,
59501,Nmiss3031,257,false,
59502,Nmiss3030,,false,
59503,Nmiss3025,2,false,
59504,NM036,,false,
59505,7399,,false,
59506,8411,,false,
59507,5121,,false,
59508,1011,,false,
59509,MB020,318,false,
59511,KNY_NGAMR/9,825,false,
59512,12142,,false,
59519,LNP29899,424,false,
59525,LNP29916abd,1,false,
59536,SA1065,407,false,
59537,MB047,2159,false,
59538,MB061,62,false,
59539,MB071,1166,false,
59540,MB106,62,false,
59541,MB116,77,false,
59542,MB132,62,false,
59543,MB150,62,false,
59544,MB163,69,false,
59545,MB166,68,false,
59546,MB193,49,false,
59547,MB202,4286,false,
59548,MB218,49,false,
59549,MB242,1,false,
59550,MB264,87,false,
59551,MB278A,65,false,
59552,MB278B,407,false,
59553,MB293,62,false,
59554,MB308B,149,false,
59555,MB322,57,false,
59556,MB331,65,false,
59557,MB351,149,false,
59558,MB354,45,false,
59559,MB363,149,false,
59560,MB377,65,false,
59561,MB422,4286,false,
59562,TS1203,97,false,
59563,TS1156,259,false,
59564,SA1156,259,false,
59565,TS1239,62,false,
59566,TS1183,62,false,
59567,TS1268,62,false,
59568,TS1262,2160,false,
59569,SA1268,62,false,
59570,TS1257,57,false,
59571,TS1233,4286,false,
59572,TS1217,45,false,
59573,TS1213,149,false,
59574,SA1257,57,false,
59575,SA1246,77,false,
59576,SA1239,62,false,
59577,TS1121,,false,
59578,TS1069,69,false,
59579,TS1065,407,false,
59580,SA1069,69,false,
59581,SMG_18_431,62,false,
59582,TS1237,1,false,
59583,18.8703480,,false,
59584,SMG_18_464,3698,false,
59585,SMG_18_465,288,false,
59586,SMG_18_466,1,false,
59587,IM8071/15,,false,
59588,PMB5316,,false,
59589,PMB5335,,false,
59590,PMB5361,,false,
59591,PMB5367,,false,
59592,PMB5399,,false,
59593,PMB5435,,false,
59594,PMB5453,,false,
59595,130,,false,
59596,1643,,false,
59597,PMB5324,,false,
59598,PMB5380,,false,
59599,PMB5383,,false,
59600,PMB5387,,false,
59601,PMB5396,,false,
59602,PMB5405,,false,
59603,PMB5406,,false,
59604,PMB5430,,false,
59605,PMB5473,,false,
59606,PMB5437,,false,
59607,CHB18SZ72,,false,
59608,IM7069/14,,false,
59609,282,,false,
59610,498,,false,
59611,862,,false,
59612,1332,,false,
59613,1438,,false,
59614,1470,,false,
59615,1680,,false,
59616,CHB18SZ143,,false,
59617,CHB18SZ148,,false,
59618,CHB18SZ242,,false,
59619,CHB18SZ243,,false,
59620,CHB18SZ228,,false,
59621,CHB18SY94,,false,
59622,CHB13YCdu,,false,
59632,2172619,,false,
59633,2172621,93,false,
59634,2172639,2163,false,
59635,2171786_I,87,false,
59637,0015/18,,false,
59638,2172642,1,false,
59639,2172666_I,3,false,
59642,2180007_I,198,false,
59644,2180008,1,false,
59645,2180044,1,false,
59646,2180082,1,false,
59647,2180083,1,false,
59648,2180102,87,false,
59649,2180103,1,false,
59650,2180104,1,false,
59651,2180200,68,false,
59652,2180201,791,false,
59653,2180220,3,false,
59654,2180236,1,false,
59655,2180248,45,false,
59656,2180249_I,1,false,
59658,2180272,87,false,
59659,2180302,1,false,
59660,2180316,1,false,
59661,2180332,1,false,
59663,2180378,87,false,
59664,2180379,416,false,
59665,2180380,4193,false,
59666,2180391,93,false,
59668,0019/18,,false,
59669,0020/18,,false,
59671,0022/18,,false,
59672,0023/18,,false,
59674,0026/18,,false,
59675,0028/18,,false,
59676,0029/18,,false,
59677,844,,false,
59678,984,,false,
59679,1024,,false,
59680,1245,,false,
59681,47575,1,false,
59682,47576,1,false,
59683,47603,1,false,
59684,47690,1,false,
59685,47719,2164,false,
59686,47729,138,false,
59687,47917,97,false,
59688,47969,3,false,
59689,47986,2165,false,
59690,48172,2166,false,
59691,48266,1,false,
59692,48335,67,false,
59693,48434,1,false,
59694,48458,3,false,
59695,48460,446,false,
59696,48550,62,false,
59697,48673,2167,false,
59698,48675,503,false,
59699,48758,141,false,
59700,48772,45,false,
59701,48802,67,false,
59702,48803,2168,false,
59703,49038,2169,false,
59704,49119,62,false,
59705,49254,137,false,
59706,49267,1,false,
59707,49337,67,false,
59708,49344,2170,false,
59709,49392,137,false,
59710,49670,1,false,
59711,50742,332,false,
59712,50976,137,false,
59713,51003,40,false,
59715,51072,332,false,
59716,51202,2171,false,
59717,51225,2164,false,
59718,51260,1,false,
59719,51310,58,false,
59720,51422,332,false,
59721,51460,62,false,
59722,51544,503,false,
59723,51593,49,false,
59724,51658,1,false,
59725,51709,49,false,
59726,51737,3,false,
59727,51837,104,false,
59728,51936,1,false,
59729,51947,3,false,
59730,52050,332,false,
59731,52109,1,false,
59732,52117,1,false,
59733,52179,137,false,
59735,52196,332,false,
59736,52240,1,false,
59737,52321,1,false,
59738,52394,332,false,
59739,52418,49,false,
59740,52605,68,false,
59741,52822,49,false,
59742,52891,49,false,
59743,52996,68,false,
59744,2180392,1,false,
59746,2180465,62,false,
59747,2180466,1,false,
59748,2180510,1,false,
59749,2180564,87,false,
59750,2180581,424,false,
59751,2180592,1,false,
59752,2180593_I,119,false,
59754,2180633,262,false,
59755,2180634,1,false,
59756,2180663,1,false,
59757,2180664,,false,
59758,2180665,68,false,
59759,2180684,62,false,
59760,2180687,87,false,
59761,2180696,1,false,
59762,2180697,791,false,
59763,2180742_I,3,false,
59765,2180765_I,1,false,
59766,2180765_II,2173,false,
59767,2180798,3,false,
59768,2180799,87,false,
59769,2180800_I,1,false,
59770,2180800_II,1,false,
59771,2180819,3,false,
59772,2180822_I,1,false,
59773,2180822_II,1,false,
59774,2180823,791,false,
59775,2180824,1,false,
59776,2180825,1,false,
59777,2180842,1,false,
59778,2180843,424,false,
59779,2180865,1,false,
59780,2180895,791,false,
59781,2180896,416,false,
59782,2180897,45,false,
59783,2180939,1,false,
59784,2180961,1,false,
59785,2180962,62,false,
59786,NML2018-064,1,false,
59787,M87104,97,false,
59788,M83379,97,false,
59789,52997,3,false,
59790,53003,40,false,
59791,53010,57,false,
59792,53012,3,false,
59793,53027,2174,false,
59794,53036,332,false,
59795,53319,3,false,
59796,53347,3,false,
59797,53348,138,false,
59798,53405,2175,false,
59799,53406,1,false,
59800,53407,1,false,
59801,53420,68,false,
59802,53494,784,false,
59803,53574,332,false,
59804,53603,87,false,
59805,53834,300,false,
59806,53928,49,false,
59807,53935,1,false,
59809,54004,2175,false,
59810,54172,40,false,
59811,47748,49,false,
59812,48252,2176,false,
59813,48357,3,false,
59814,48646,3,false,
59815,48720,67,false,
59816,49037,503,false,
59817,49048,67,false,
59818,49121,1,false,
59819,49559,503,false,
59820,50952,105,false,
59821,51447,68,false,
59822,51533,68,false,
59823,51700,2176,false,
59824,51705,2176,false,
59825,51949,58,false,
59827,52710,49,false,
59828,52707,1,false,
59829,52763,62,false,
59830,53034,1,false,
59831,54005,1,false,
59832,C10434,45,false,
59833,C10453,141,false,
59834,C10060,62,false,
59835,C10763,137,false,
59836,C10861,259,false,
59837,C10158,95,false,
59838,C10270,77,false,
59839,C10478,97,false,
59840,C10114,77,false,
59841,W10891,77,false,
59842,C10152,1216,false,
59843,C10199,2177,false,
59844,C10680,259,false,
59845,C10910,95,false,
59846,W10334,259,false,
59847,W10349,1216,false,
59848,W10490,259,false,
59849,W10828,259,false,
59850,W11092,24,false,
59851,C10069,332,false,
59852,C10775,137,false,
59853,C10277,3,false,
59854,C10695,1521,false,
59855,C10718,1216,false,
59856,C10719,1989,false,
59857,W10041,1702,false,
59858,W10470,2178,false,
59859,W10747,1216,false,
59860,W10853,33,false,
59861,W10858,33,false,
59862,C10153,332,false,
59863,C10234,332,false,
59864,W10673,62,false,
59866,C10272,66,false,
59867,W10823,77,false,
59868,C10526,3,false,
59869,C10242,138,false,
59870,C10407,259,false,
59871,C10408,259,false,
59872,W10266,259,false,
59873,C10725,65,false,
59874,C10504,47,false,
59875,C10792,97,false,
59876,C10266,332,false,
59877,C10371,2179,false,
59878,C10531,138,false,
59879,C10679,259,false,
59880,C10130,50,false,
59881,C10438,97,false,
59882,C10392,141,false,
59884,C10506,65,false,
59885,W10243,97,false,
59886,C10561,503,false,
59887,W10982,332,false,
59888,C10686,141,false,
59889,C10770,2180,false,
59890,W10255,332,false,
59891,W11241,2181,false,
59892,W10882,62,false,
59893,C20434,45,false,
59894,C20453,62,false,
59895,C20270,62,false,
59896,C20478,97,false,
59897,C20152,1216,false,
59898,C20199,2177,false,
59899,C20680,259,false,
59900,C20910,259,false,
59901,W20334,1216,false,
59902,W20349,1216,false,
59903,W20490,1216,false,
59904,W20828,259,false,
59905,W21092,1216,false,
59906,C20153,332,false,
59907,C20234,332,false,
59908,W20673,62,false,
59909,W21124,332,false,
59910,C20272,66,false,
59911,W20823,77,false,
59912,C20201,326,false,
59913,W20875,137,false,
59914,C20490,65,false,
59915,C20405,137,false,
59916,C20571,141,false,
59917,C20124,62,false,
59918,C20039,141,false,
59919,C20047,65,false,
59920,C20067,2182,false,
59921,C20169,2182,false,
59923,C20289,97,false,
59924,C20342,141,false,
59925,C20354,62,false,
59926,C20367,141,false,
59927,C20389,262,false,
59928,C20477,97,false,
59929,C20548,97,false,
59930,C20633,65,false,
59931,C20648,62,false,
59932,C20655,2183,false,
59933,C20698,97,false,
59934,C20894,332,false,
59935,W20170,332,false,
59936,W20771,67,false,
59937,W20932,68,false,
59938,W21112,68,false,
59939,W21157,68,false,
59940,C20725,65,false,
59941,C20504,47,false,
59942,C20130,259,false,
59943,C20438,97,false,
59944,C20392,141,false,
59945,C20749,62,false,
59946,W20692,1040,false,
59947,C20567,62,false,
59948,W20982,332,false,
59949,W21313,68,false,
59950,AG2-002,259,false,
59951,AG2-026,259,false,
59952,AG2-099,33,false,
59953,AG2-156,,false,
59954,AG2-242,33,false,
59955,KL2-112,33,false,
59956,KL2-129,33,false,
59957,KL2-166,332,false,
59958,KL2-171,332,false,
59959,KL2-201,259,false,
59960,KL2-203,259,false,
59961,KL2-205,259,false,
59962,KL2-211,138,false,
59963,KL2-220,138,false,
59964,KL2-254,2184,false,
59965,KL2-257,332,false,
59966,KL2-259,150,false,
59967,M-010-18,,false,
59968,M-019-18,,false,
59969,55,,false,
59970,647,,false,
59971,806,,false,
59972,915,,false,
59973,967,,false,
59974,1261,,false,
59975,1624,,false,
59976,1669,,false,
59977,1683,,false,
60002,LNP29989abd,1,false,
60027,M45192,3668,false,
60028,M46032,62,false,
60029,M46057,,false,
60030,AR01263,1107,false,
60031,AR01271,1107,false,
60033,AR01579,1107,false,
60034,AR01589,1,false,
60035,AR01595,1107,false,
60036,AR01602,2033,false,
60037,AR01609,1107,false,
60038,AR01617,2104,false,
60039,AR01623,1107,false,
60040,AR01632,105,false,
60041,AR01683,1107,false,
60042,AR01690,1107,false,
60043,AR01696,1107,false,
60044,AR01717,1107,false,
60045,AR01718,1107,false,
60046,AR01740,1107,false,
60047,AR01742,1107,false,
60048,AR01764,1107,false,
60049,AR01767,1111,false,
60050,AR01768,1107,false,
60051,AR01788,57,false,
60052,AR01806,1107,false,
60053,AR01848,2104,false,
60054,AR01857,1107,false,
60055,AR01883,1107,false,
60056,AR01997,2101,false,
60057,AR02037,2102,false,
60058,AR02067,24,false,
60059,AR02128,138,false,
60061,AR02148,2103,false,
60062,AR02163,1107,false,
60064,AR02354,1107,false,
60065,AR02675,1107,false,
60066,AR02559,1107,false,
60067,AR02565,1107,false,
60068,AR02730,2105,false,
60069,AR02746,2106,false,
60070,AR02792,1,false,
60071,AR02861,1107,false,
60072,AR02866,1107,false,
60073,AR02889,1443,false,
60074,AR02917,1,false,
60075,AR02931,1107,false,
60076,AR02933,1107,false,
60077,AR02940,1107,false,
60078,AR02946,1107,false,
60079,AR02967,1107,false,
60080,AR02982,1107,false,
60081,AR02991,1443,false,
60082,AR03004,57,false,
60083,AR03005,2107,false,
60084,AR03006,2108,false,
60085,AR03027,2074,false,
60086,AR03037,1107,false,
60087,AR03038,1107,false,
60088,AR03066,57,false,
60089,AR03067,1443,false,
60090,AR03082,1107,false,
60091,AR03094,138,false,
60092,AR03106,1474,false,
60093,AR03114,138,false,
60094,AR03148,24,false,
60095,AR03165,1111,false,
60096,AR03204,1111,false,
60097,AR03522,1443,false,
60098,AR03534,24,false,
60099,AR03573,24,false,
60100,AR03399,24,false,
60101,AR03449,2116,false,
60102,AR03467,57,false,
60103,AR03579,57,false,
60104,AR03583,2115,false,
60105,AR03585,57,false,
60106,AR03586,24,false,
60107,AR03604,1107,false,
60108,AR03609,138,false,
60109,AR03613,24,false,
60110,AR03615,1107,false,
60111,AR03621,1107,false,
60112,AR03622,1443,false,
60113,AR03627,1107,false,
60114,AR03631,1443,false,
60115,AR03635,1107,false,
60116,AR03662,1107,false,
60117,AR03700,1107,false,
60118,AR03706,1107,false,
60119,AR03710,1107,false,
60120,AR03739,1107,false,
60121,AR03741,24,false,
60122,AR03770,1107,false,
60123,AR03776,1443,false,
60124,AR03787,1107,false,
60125,AR03791,2074,false,
60126,AR03792,1107,false,
60127,AR03805,24,false,
60128,AR03807,1107,false,
60129,AR03812,1107,false,
60130,AR03816,1107,false,
60131,AR03820,1107,false,
60132,AR03822,1107,false,
60133,AR03469,105,false,
60134,AR03481,738,false,
60135,AR03493,24,false,
60136,AR03499,1107,false,
60137,AR03832,105,false,
60138,AR03835,1,false,
60139,AR03864,1107,false,
60140,AR03872,1107,false,
60141,AR03881,2101,false,
60142,AR03920,1443,false,
60143,AR03921,738,false,
60144,AR03951,2190,false,
60145,AR03953,1107,false,
60146,AR03978,1107,false,
60147,AR04095,57,false,
60148,AR04097,1107,false,
60149,AR04102,1443,false,
60150,AR04103,1107,false,
60151,AR04114,1107,false,
60152,AR04116,1107,false,
60153,AR04117,1107,false,
60154,AR04122,1107,false,
60155,AR04131,1107,false,
60156,AR04132,2191,false,
60157,AR04133,1443,false,
60158,AR04144,57,false,
60159,AR04160,1107,false,
60160,AR04162,1107,false,
60161,AR04170,2074,false,
60162,AR04176,1107,false,
60163,AR04181,2114,false,
60164,AR04192,57,false,
60165,AR04208,1443,false,
60166,AR04213,138,false,
60167,AR04215,138,false,
60168,AR04242,138,false,
60169,AR03983,1446,false,
60170,AR04006,1474,false,
60171,AR04244,1107,false,
60172,AR04456,1107,false,
60173,AR04459,2112,false,
60174,AR04468,1107,false,
60175,AR04469,1107,false,
60176,AR04472,2113,false,
60177,AR04497,57,false,
60178,AR04498,57,false,
60179,AR04499,2074,false,
60180,AR04506,1443,false,
60181,AR04538,57,false,
60182,AR04575,57,false,
60183,AR04623,2111,false,
60204,AR04363,1107,false,
60205,AR04510,24,false,
60206,AR04546,,false,
60207,AR04597,2082,false,
60208,AR04603,1104,false,
60209,AR04661,1107,false,
60210,AR04662,138,false,
60211,AR04686,5176,false,
60212,AR04693,138,false,
60213,AR04706,1107,false,
60214,AR04707,1107,false,
60215,AR04709,1107,false,
60216,AR04729,24,false,
60217,AR04732,1443,false,
60218,AR04759,57,false,
60219,AR04775,1107,false,
60220,AR04805,1,false,
60221,AR04810,2106,false,
60222,AR04816,1107,false,
60223,AR04828,2114,false,
60224,AR04857,2106,false,
60225,AR04859,1107,false,
60226,AR04867,1181,false,
60227,AR04873,57,false,
60228,AR04888,67,false,
60229,AR07320,2114,false,
60230,AR07365,1,false,
60231,AR07612,348,false,
60232,AR07672,57,false,
60233,AR07702,1443,false,
60234,AR04890,2125,false,
60235,AR05064,1107,false,
60236,AR05065,1107,false,
60237,AR05068,1,false,
60238,AR05072,1107,false,
60239,AR05100,1107,false,
60240,AR05106,1107,false,
60241,AR05204,1107,false,
60242,AR05220,1107,false,
60243,AR05233,1107,false,
60244,AR05235,1107,false,
60245,AR05236,1107,false,
60246,AR05252,489,false,
60247,AR05259,1107,false,
60248,AR05264,24,false,
60249,AR05298,1107,false,
60250,AR05301,1446,false,
60251,AR05309,138,false,
60252,AR05311,138,false,
60253,AR05337,138,false,
60254,AR05343,1107,false,
60255,AR05567,57,false,
60256,AR05574,105,false,
60257,AR05576,1107,false,
60258,AR05577,1106,false,
60259,AR05578,1107,false,
60260,AR05601,1107,false,
60262,AR05765,1107,false,
60263,AR05796,,false,
60264,AR05827,2192,false,
60266,AR05849,1181,false,
60267,AR05896,1107,false,
60268,AR05899,1107,false,
60269,AR06069,57,false,
60270,AR06369,57,false,
60271,AR06384,57,false,
60272,AR06385,57,false,
60273,AR06631,1307,false,
60274,AR06633,1443,false,
60275,AR06637,57,false,
60276,AR06686,57,false,
60277,AR06696,2115,false,
60278,AR06867,1107,false,
60279,AR06891,105,false,
60280,AR06897,2114,false,
60281,AR06911,105,false,
60282,AR06919,1107,false,
60283,AR06953,1107,false,
60284,AR06955,57,false,
60285,AR06997,1107,false,
60286,AR07230,2114,false,
60287,AR07307,57,false,
60288,AR07436,57,false,
60290,AR07487,65,false,
60291,AR07515,57,false,
60292,AR07550,57,false,
60293,AR07556,57,false,
60294,AR07558,1,false,
60295,AR07578,57,false,
60296,AR04359,1107,false,
60297,AR04521,1107,false,
60298,AR04573,1107,false,
60299,AR04607,57,false,
60300,AR04839,1107,false,
60301,AR04843,57,false,
60302,AR04939,2106,false,
60303,AR04961,57,false,
60304,AR05007,1107,false,
60305,AR05079,1107,false,
60306,AR05104,1106,false,
60307,AR05227,1107,false,
60308,AR05331,738,false,
60309,AR07116,24,false,
60310,AR07119,1,false,
60311,AR07154,1107,false,
60313,AR04739,1106,false,
60314,AR04768,1,false,
60315,AR04786,1106,false,
60316,AR01022,1107,false,
60317,AR01529,24,false,
60318,AR01691,1107,false,
60319,AR02217,1,false,
60320,AR02932,1107,false,
60321,AR03134,1107,false,
60322,AR03645,1107,false,
60323,AR03733,105,false,
60324,AR03777,1107,false,
60325,AR03778,2193,false,
60326,AR03794,57,false,
60327,AR04038,2194,false,
60328,AR05830,1107,false,
60329,AR05858,24,false,
60330,AR05906,1,false,
60331,AR05911,57,false,
60332,AR05916,1107,false,
60333,AR05928,1107,false,
60334,AR05932,57,false,
60335,AR05941,1107,false,
60336,AR05950,1107,false,
60337,AR05958,1107,false,
60338,AR05962,1107,false,
60339,AR05969,1107,false,
60340,AR05990,1107,false,
60342,AR06004,24,false,
60343,AR06022,57,false,
60344,AR06027,57,false,
60345,AR06056,1107,false,
60346,AR06066,57,false,
60347,AR06071,57,false,
60348,AR00041,1107,false,
60349,AR00058,1107,false,
60350,AR00228,1107,false,
60351,AR00492,1107,false,
60352,AR00742,1107,false,
60353,AR00962,57,false,
60354,AR01790,2102,false,
60355,AR02966,1107,false,
60356,AR03497,1107,false,
60357,AR03575,24,false,
60358,AR03610,138,false,
60359,AR04108,105,false,
60360,AR04301,24,false,
60361,AR04668,1107,false,
60362,AR04894,57,false,
60363,AR05174,2106,false,
60364,AR05175,1107,false,
60365,AR05196,2106,false,
60366,AR05234,1107,false,
60367,AR05342,1107,false,
60368,AR05676,105,false,
60369,AR05678,1107,false,
60370,AR05679,1108,false,
60371,AR05691,105,false,
60372,AR05726,105,false,
60373,AR05771,57,false,
60374,AR05772,1107,false,
60375,AR05791,138,false,
60376,AR05878,1107,false,
60377,AR05879,1107,false,
60378,AR05609,1107,false,
60379,AR05626,1107,false,
60380,AR05634,1107,false,
60381,AR05638,1107,false,
60382,AR05640,1107,false,
60383,AR05641,138,false,
60384,AR05652,1107,false,
60385,AR05654,1107,false,
60386,AR05673,1107,false,
60387,AR05862,67,false,
60388,AR05863,138,false,
60389,AR05871,1107,false,
60390,AR05875,24,false,
60391,AR05890,1107,false,
60392,AR05893,1107,false,
60393,AR06524,2104,false,
60394,AR06528,2075,false,
60395,AR06559,67,false,
60396,AR06582,2115,false,
60397,AR06606,1107,false,
60398,AR06734,57,false,
60399,AR06775,57,false,
60400,AR06832,1107,false,
60401,AR06851,1107,false,
60402,AR07088,1107,false,
60403,AR07092,5183,false,
60404,AR07160,57,false,
60405,AR07183,105,false,
60406,AR07194,1106,false,
60407,AR07198,24,false,
60408,AR07466,2195,false,
60409,AR00107,1107,false,
60410,AR01252,1107,false,
60411,AR03130,1,false,
60412,AR05623,1107,false,
60413,AR05683,1108,false,
60414,AR05692,105,false,
60415,AR06573,57,false,
60416,AR06758,57,false,
60417,AR06849,57,false,
60418,AR07123,57,false,
60419,AR07222,1107,false,
60422,21057,87,false,
60423,21065,9,false,
60424,21072,352,false,
60425,22008,3500,false,
60426,22026,262,false,
60427,22058,308,false,
60428,22073,3501,false,
60429,22260,3450,false,
60430,22287,87,false,
60431,22289,288,false,
60432,22361,,false,
60433,22387,,false,
60434,2018-033,,false,
60435,18.8703993,,false,
60436,KNY_NGAMR/1,826,false,
60437,KNY_NGAMR9p,825,false,
60439,KNY_NGAMR26,2236,false,
60440,KNY_NGAMR27,378,false,
60441,KNY_NGAMR30p,18,false,
60442,KNY_NGAMR33,937,false,
60445,SMG_18_621,45,false,
60446,SMG_18_622,1,false,
60447,22035,87,false,
60448,22087,352,false,
60449,22099,127,false,
60450,22103,87,false,
60451,22107,3460,false,
60452,22128,400,false,
60453,22218,77,false,
60454,22237,57,false,
60455,22264,,false,
60456,22280,45,false,
60457,22320,3502,false,
60458,22183,93,false,
60459,22189,67,false,
60460,22207,87,false,
60478,Ngiss3377,16,false,
60479,Ngiss3635,841,false,
60480,Ngiss3815,16,false,
60481,Ngiss3819,841,false,
60482,Ngiss3832,16,false,
60483,Ngiss3835,375,false,
60484,Ngiss3848,375,false,
60485,Ngiss3854,373,false,
60486,Ngiss3884,3353,false,
60487,Ngiss3897,16,false,
60488,Ngiss3898,16,false,
60489,Ngiss3899,16,false,
60490,Ngiss3902,3353,false,
60491,Ngiss3912,375,false,
60492,Ngiss3913,3353,false,
60493,Ngiss3919,18,false,
60494,Ngiss3926,16,false,
60495,Ngiss3927,841,false,
60496,Ngiss3930,18,false,
60497,Ngiss3934,1006,false,
60498,Ngiss3952,2197,false,
60499,Ngiss3965C,16,false,
60500,Ngiss3965R,16,false,
60501,KNY_NGAMR2,2198,false,
60502,KNY_NGAMR3,683,false,
60503,KNY_NGAMR4,654,false,
60504,KNY_NGAMR5,18,false,
60505,KNY_NGAMR6,825,false,
60506,KNY_NGAMR7,824,false,
60507,KNY_NGAMR8,18,false,
60508,KNY_NGAMR10,18,false,
60509,KNY_NGAMR11,18,false,
60510,KNY_NGAMR23,18,false,
60511,KNY_NGAMR14,18,false,
60512,KNY_NGAMR20,18,false,
60513,KNY_NGAMR17,669,false,
60514,KNY_NGAMR18,2199,false,
60515,KNY_NGAMR19,683,false,
60516,KNY_NGAMR15,18,false,
60517,KNY_NGAMR21,18,false,
60518,KNY_NGAMR22,2199,false,
60519,KNY_NGAMR13,18,false,
60520,KNY_NGAMR24,2199,false,
60521,KNY_NGAMR28,18,false,
60522,KNY_NGAMR29,18,false,
60523,KNY_NGAMR31,18,false,
60524,KNY_NGAMR32,18,false,
60525,KNY_NGAMR35,18,false,
60526,KNY_NGAMR41,2199,false,
60527,KNY_NGAMR42,844,false,
60528,KNY_NGAMR50,2200,false,
60530,KNY_NGAMR53,937,false,
60531,KNY_NGAMR54,18,false,
60544,M17 240291,1,false,
60545,M17 240608,1,false,
60546,M18 240064,93,false,
60547,M17 240814,45,false,
60548,M17 240424,62,false,
60549,M17 240292,1,false,
60550,M17 240609,2202,false,
60551,M18 240065,45,false,
60552,M17 240815,1,false,
60553,M17 240425,1,false,
60554,46,618,false,
60555,M17 240610,1,false,
60556,M18 240066,62,false,
60557,M17 240817,1,false,
60558,M17 240426,1,false,
60559,47,3,false,
60560,M17 240619,93,false,
60561,M16 240733,1,false,
60562,M17 240818,1,false,
60563,M17 240428,120,false,
60564,M17 240528,1,false,
60565,M17 240431,857,false,
60566,48,57,false,
60567,M17 240620,1,false,
60568,M17 240878,257,false,
60569,M17 240715,211,false,
60570,M17 240432,57,false,
60571,49,49,false,
60572,M17 240621,1,false,
60574,M17 240820,,false,
60575,25,45,false,
60576,50,57,false,
60577,M17 240622,2203,false,
60578,M18 240054,1,false,
60579,M17 240824,1,false,
60580,M17 240405,93,false,
60581,51,150,false,
60582,M17 240623,45,false,
60583,M18 240067,45,false,
60584,55,57,false,
60585,M17 240625,2,false,
60586,M18 240068,2204,false,
60587,M17 240825,1,false,
60588,M17 240433,257,false,
60589,M17 240304,1,false,
60590,M17 240626,1,false,
60591,M18 240070,1,false,
60592,M17 240826,1,false,
60593,M17 240434,45,false,
60594,M16 240739,256,false,
60595,M17 240627,93,false,
60596,M18 240071,2205,false,
60597,M17 240829,1,false,
60598,M17 240438,120,false,
60599,18,45,false,
60600,M17 240628,45,false,
60601,M18 240072,1,false,
60602,M17 240830,1,false,
60603,M17 240439,1,false,
60604,M17 240832,127,false,
60605,M17 240440,1,false,
60606,20,2206,false,
60607,M17 240629,45,false,
60608,M18 240073,9,false,
60609,M17 240833,288,false,
60610,M17 240441,93,false,
60611,21,120,false,
60612,M17 240631,1,false,
60613,M18 240074,1,false,
60614,M17 240834,1,false,
60615,M17 240442,1,false,
60616,22,9,false,
60617,M17 240632,3,false,
60618,M18 240075,120,false,
60619,M17 240835,1,false,
60620,M17 240443,93,false,
60621,23,57,false,
60622,M17 240660,45,false,
60623,M18 240076,45,false,
60624,24,87,false,
60625,M17 240661,45,false,
60626,M18 240077,3,false,
60627,M17 240836,45,false,
60628,M17 240444,68,false,
60629,26,87,false,
60630,M17 240662,62,false,
60631,M18 240078,77,false,
60632,M17 240838,1,false,
60633,M17 240446,45,false,
60634,27,57,false,
60635,M17 240663,1,false,
60636,M18 240079,62,false,
60637,M17 240839,45,false,
60638,M17 240447,2207,false,
60639,28,120,false,
60640,M17 240664,93,false,
60641,M18 240080,45,false,
60642,M17 240840,1,false,
60643,M17 240448,1867,false,
60644,M17 240842,150,false,
60645,M17 240449,1,false,
60646,29,532,false,
60647,M17 240665,150,false,
60648,M18 240081,62,false,
60649,M17 240844,1,false,
60650,M17 240450,1035,false,
60651,30,1,false,
60652,M17 240666,292,false,
60653,M18 240083,424,false,
60654,M17 240846,3,false,
60655,M17 240451,45,false,
60656,31,1,false,
60657,M17 240667,1,false,
60658,M18 240084,87,false,
60659,M17 240847,3,false,
60660,M17 240452,3,false,
60661,32,1,false,
60662,M17 240668,1092,false,
60663,M18 240085,1,false,
60664,33,58,false,
60665,M17 240669,45,false,
60666,M18 240086,93,false,
60667,M17 240863,65,false,
60668,M17 240453,93,false,
60669,34,120,false,
60670,M17 240672,87,false,
60671,M18 240087,1,false,
60672,M17 240848,1,false,
60673,M17 240457,45,false,
60674,M17 240270,1,false,
60675,M17 240676,1,false,
60676,M18 240088,1,false,
60677,M17 240850,2208,false,
60678,M17 240458,2129,false,
60679,M17 240273,2209,false,
60680,M17 240677,150,false,
60681,M18 240089,2210,false,
60682,M17 240851,1,false,
60683,M17 240461,62,false,
60684,M17 240853,396,false,
60685,M17 240463,1,false,
60686,36,544,false,
60687,M17 240678,3,false,
60688,M18 240090,93,false,
60689,M17 240854,1,false,
60690,M17 240464,49,false,
60691,37,618,false,
60692,M17 240679,1,false,
60693,M18 240091,10,false,
60694,M17 240856,1,false,
60695,M17 240465,2211,false,
60696,39,1,false,
60697,M17 240680,93,false,
60698,M18 240092,1,false,
60699,M17 240858,1,false,
60700,M17 240466,857,false,
60701,40,2168,false,
60702,M17 240671,87,false,
60703,M18 240093,2518,false,
60704,41,2206,false,
60705,M17 240706,62,false,
60706,M18 240094,1,false,
60707,M17 240859,1,false,
60708,M17 240467,77,false,
60709,43,9,false,
60710,M17 240707,1,false,
60711,M18 240095,141,false,
60712,M17 240860,120,false,
60713,M17 240471,68,false,
60714,44,9,false,
60715,M17 240709,62,false,
60716,M18 240096,49,false,
60717,M17 240865,3,false,
60718,M17 240472,1,false,
60719,45,1,false,
60720,M17 240710,2212,false,
60721,M18 240097,120,false,
60722,M17 240867,3,false,
60723,M17 240474,1,false,
60724,M17 240868,1849,false,
60725,M17 240475,49,false,
60726,M17 240286,1,false,
60727,M17 240711,1,false,
60728,M18 240098,1,false,
60729,M17 240869,1,false,
60730,M17 240476,1,false,
60731,M17 240287,1,false,
60732,M17 240713,62,false,
60733,M18 240102,49,false,
60734,M17 240875,128,false,
60735,M17 240477,1,false,
60736,M17 240288,1,false,
60737,M17 240718,9,false,
60738,M18 240104,87,false,
60739,M17 240876,128,false,
60740,M17 240478,45,false,
60741,56,104,false,
60742,M17 240747,120,false,
60743,M18 240105,93,false,
60744,M18 240003,66,false,
60745,58,1535,false,
60746,M17 240748,1,false,
60747,M17 240879,62,false,
60748,M17 240479,87,false,
60749,M18 240106,104,false,
60750,M18 240004,77,false,
60751,M17 240309,45,false,
60752,M17 240749,62,false,
60753,M17 240880,1,false,
60754,M17 240481,1,false,
60755,M18 240107,45,false,
60756,M18 240005,1,false,
60757,M17 240310,49,false,
60758,M17 240750,45,false,
60759,M17 240881,97,false,
60760,M17 240482,1674,false,
60761,M18 240108,57,false,
60762,M18 240006,2519,false,
60763,M17 240313,1,false,
60764,M17 240751,1,false,
60765,M17 240823,1,false,
60766,M17 240487,9,false,
60767,M18 240109,45,false,
60768,M17 240862,62,false,
60769,M17 240488,1,false,
60770,M18 240112,1,false,
60771,M18 240007,3,false,
60772,M17 240314,2213,false,
60773,M17 240753,1,false,
60774,M17 240882,87,false,
60775,M17 240489,62,false,
60776,M18 240115,1,false,
60777,M18 240008,62,false,
60778,M17 240315,1,false,
60779,M17 240754,45,false,
60780,M17 240883,68,false,
60781,M17 240491,45,false,
60782,M18 240009,87,false,
60783,M17 240316,45,false,
60784,M17 240755,1,false,
60785,M17 240884,62,false,
60786,M17 240493,1,false,
60787,M18 240010,45,false,
60788,M17 240317,45,false,
60789,M17 240756,352,false,
60790,M17 240502,45,false,
60791,M18 240012,1,false,
60792,M17 240319,1,false,
60793,M17 240494,45,false,
60794,M18 240116,29,false,
60795,M17 240758,1,false,
60796,M17 240504,1,false,
60797,M18 240014,1,false,
60798,M17 240320,62,false,
60799,M17 240495,62,false,
60800,M18 240117,33,false,
60801,M17 240759,1,false,
60802,M17 240505,1,false,
60803,M18 240015,1,false,
60804,M17 240322,49,false,
60805,M17 240285,1,false,
60806,53,2214,false,
60807,M17 240763,87,false,
60808,M17 240507,1,false,
60809,M18 240016,62,false,
60810,M17 240324,62,false,
60811,M17 240435,87,false,
60812,19,2215,false,
60813,M17 240764,87,false,
60814,M17 240496,9,false,
60815,M17 240254,120,false,
60816,M17 240766,1,false,
60817,M17 240508,352,false,
60818,M18 240017,3,false,
60819,M17 240326,2216,false,
60820,M17 240497,41,false,
60821,M17 240774,106,false,
60822,M17 240767,1,false,
60823,M17 240510,93,false,
60824,M18 240018,87,false,
60825,M17 240328,857,false,
60826,M17 240499,45,false,
60828,M17 240513,1,false,
60829,M18 240019,62,false,
60830,M17 240329,1,false,
60831,M17 240500,2217,false,
60832,M17 240521,137,false,
60833,M17 240515,1,false,
60834,M17 240819,62,false,
60835,M16 240845,87,false,
60837,M17 240517,1,false,
60838,M17 240861,387,false,
60839,M17 240841,45,false,
60840,M17 240674,108,false,
60841,38,618,false,
60842,BRI015,62,false,
60843,M17 240518,45,false,
60844,M17 240873,1,false,
60845,M17 240845,257,false,
60846,M17 240768,217,false,
60847,42,120,false,
60848,BRI018,141,false,
60849,M17 240519,49,false,
60850,M18 240013,1,false,
60851,14,2218,false,
60852,M17 240769,2219,false,
60853,M17 240330,1,false,
60854,BRI020,2220,false,
60855,M17 240522,103,false,
60856,M18 240020,127,false,
60857,15,120,false,
60858,M17 240770,62,false,
60859,M17 240331,62,false,
60860,16,3,false,
60861,M17 240771,106,false,
60862,M17 240370,93,false,
60863,BRI008,97,false,
60865,M18 240021,148,false,
60866,M17 240772,62,false,
60867,M17 240372,1,false,
60868,BRI006,568,false,
60869,M17 240525,97,false,
60870,M18 240022,259,false,
60871,M17 240776,62,false,
60872,M17 240374,,false,
60873,BRI011,779,false,
60874,M17 240498,62,false,
60875,M18 240023,45,false,
60876,M17 240777,1,false,
60877,M17 240375,1,false,
60878,BRI012,1489,false,
60879,M17 240524,45,false,
60880,M18 240024,1,false,
60881,BRI013,1489,false,
60882,M17 240531,45,false,
60883,M18 240026,1,false,
60884,M17 240778,1,false,
60885,M17 240377,55,false,
60886,BRI001,2514,false,
60887,M17 240532,805,false,
60888,M18 240027,93,false,
60889,M17 240780,1,false,
60890,M17 240378,3,false,
60891,BRI023,104,false,
60892,M17 240533,3699,false,
60893,M18 240028,1,false,
60894,M17 240781,87,false,
60895,M17 240379,1,false,
60896,BRI022,804,false,
60897,M17 240534,150,false,
60898,M18 240029,1,false,
60899,M17 240782,1,false,
60900,M17 240381,49,false,
60901,M17 240783,106,false,
60902,M17 240382,62,false,
60903,BRI007,1,false,
60904,M17 240536,2221,false,
60905,M18 240030,,false,
60906,M17 240785,1,false,
60907,M17 240383,1,false,
60908,BRI005,45,false,
60909,M17 240537,120,false,
60910,M18 240031,137,false,
60911,M17 240786,62,false,
60912,M17 240384,62,false,
60913,BRI002,65,false,
60914,M17 240538,1,false,
60915,M18 240032,93,false,
60916,M17 240788,141,false,
60917,M17 240385,87,false,
60918,BRI004,342,false,
60919,M17 240541,1,false,
60920,M18 240033,1876,false,
60921,BRI024,49,false,
60922,M17 240545,1,false,
60923,M18 240034,1,false,
60924,M17 240789,87,false,
60925,M17 240387,1,false,
60926,BRI017,1,false,
60927,M17 240546,1,false,
60928,M18 240036,1,false,
60929,M17 240790,1,false,
60930,M17 240388,49,false,
60931,BRI016,97,false,
60932,M17 240548,1,false,
60933,M18 240037,93,false,
60934,M17 240791,1,false,
60935,M17 240389,45,false,
60936,BRI003,,false,
60937,M17 240549,257,false,
60938,M18 240040,45,false,
60939,M17 240792,1,false,
60940,M17 240390,45,false,
60941,M17 240569,1,false,
60942,M17 240391,57,false,
60943,BRI009,97,false,
60944,M17 240550,1077,false,
60945,M18 240041,127,false,
60946,M17 240630,93,false,
60947,M17 240392,1,false,
60948,BRI010,1232,false,
60949,M17 240551,1,false,
60950,M18 240042,93,false,
60951,M17 240757,68,false,
60952,M17 240394,1,false,
60953,BRI019,49,false,
60954,M17 240552,1,false,
60955,M18 240043,93,false,
60956,M17 240794,1,false,
60957,M17 240395,2222,false,
60958,BRI021,50,false,
60959,M17 240553,1,false,
60960,M18 240044,62,false,
60961,MT40165,97,false,
60962,M17 240557,62,false,
60963,M18 240045,1,false,
60964,M17 240795,141,false,
60965,M17 240398,1,false,
60966,MT40397,97,false,
60967,M17 240558,257,false,
60968,M18 240046,62,false,
60969,M17 240797,62,false,
60970,M17 240401,62,false,
60971,ST41710,62,false,
60972,M17 240559,93,false,
60973,M18 240047,62,false,
60974,M17 240798,1,false,
60975,M17 240404,93,false,
60976,M17 240128,3,false,
60977,M17 240560,62,false,
60978,M18 240048,62,false,
60979,M17 240799,127,false,
60980,M17 240406,45,false,
60981,M17 240800,62,false,
60982,M17 240407,254,false,
60983,M17 240239,1,false,
60984,M17 240561,1,false,
60985,M18 240049,211,false,
60986,M17 240801,141,false,
60987,M17 240408,1,false,
60988,M17 240240,120,false,
60989,M17 240512,49,false,
60990,M18 240050,1,false,
60991,M17 240802,2208,false,
60992,M17 240409,211,false,
60993,M17 240241,93,false,
60994,M17 240563,1,false,
60995,M18 240052,2,false,
60996,M17 240803,45,false,
60997,M17 240411,1,false,
60998,M17 240242,87,false,
60999,M17 240565,3,false,
61000,M18 240053,1,false,
61001,M17 240871,93,false,
61002,M17 240566,1849,false,
61003,M18 240056,1,false,
61004,M17 240804,1,false,
61005,M17 240412,45,false,
61006,M17 240872,1,false,
61007,M17 240571,62,false,
61008,M18 240057,1,false,
61009,M17 240805,45,false,
61010,M17 240414,729,false,
61011,M17 240874,49,false,
61012,M17 240572,1,false,
61013,M18 240058,62,false,
61014,M17 240806,2223,false,
61015,M17 240416,62,false,
61016,M17 240885,62,false,
61017,M17 240576,45,false,
61018,M18 240059,3,false,
61019,M17 240807,49,false,
61020,M17 240417,1,false,
61021,M17 240808,62,false,
61022,M17 240420,45,false,
61023,M18 240011,1,false,
61024,M17 240577,45,false,
61025,M18 240060,262,false,
61026,M17 240809,3,false,
61027,M17 240421,259,false,
61028,M17 240415,87,false,
61029,M17 240578,128,false,
61030,M18 240061,62,false,
61031,M17 240811,1,false,
61032,M17 240422,1,false,
61033,17,41,false,
61034,M17 240606,3,false,
61035,M18 240062,1,false,
61036,M17 240813,1,false,
61037,M17 240423,1,false,
61038,M17 240289,77,false,
61039,M17 240607,2224,false,
61040,M18 240063,87,false,
61041,592633,367,false,
61042,592904,367,false,
61043,592911,367,false,
61044,593227,367,false,
61045,593229,367,false,
61046,593231,367,false,
61047,593237,22,false,
61048,593239,22,false,
61049,593243,1122,false,
61050,593245,367,false,
61051,593252,367,false,
61052,594354,367,false,
61053,594368,654,false,
61054,595710,16,false,
61055,595714,654,false,
61056,597251,654,false,
61057,597652,18,false,
61059,598028,1548,false,
61060,598032,367,false,
61061,598593,18,false,
61062,598596,18,false,
61063,599347,16,false,
61064,599991,1006,false,
61065,600020,16,false,
61066,600022,16,false,
61067,601476,18,false,
61068,601479,666,false,
61069,601955,367,false,
61070,603813,367,false,
61071,603942,367,false,
61072,604965,3353,false,
61073,609666,16,false,
61074,610096,367,false,
61075,610098,666,false,
61076,610102,367,false,
61077,610104,367,false,
61078,708,,false,
61079,1033,,false,
61080,1236,,false,
61081,1493,,false,
61082,SMG_18_652,1,false,
61108,2171561,396,false,
61109,2171599,3,false,
61110,2171643,274,false,
61111,2171698,2,false,
61112,2171708,62,false,
61113,2171712,45,false,
61114,2171760,62,false,
61115,2171761,93,false,
61116,2171832,87,false,
61117,2171854,49,false,
61118,2171863,45,false,
61119,2171927,62,false,
61120,2171970,288,false,
61121,2171971,259,false,
61122,2172049,28,false,
61123,2172138,1,false,
61124,2172155_I,3,false,
61126,2172173,49,false,
61127,2172174,3,false,
61128,2172182_I,45,false,
61130,2172191,97,false,
61131,2172208,49,false,
61132,2172221,45,false,
61133,2172228,288,false,
61134,2172254,2228,false,
61135,2172277,49,false,
61136,2172278,791,false,
61137,2172370,2229,false,
61138,2172371,49,false,
61141,EXNG716,367,false,
61142,EXNG717,367,false,
61148,GCWGS-2165,,false,
61149,GCWGS-2278,,false,
61150,GCWGS-2462,,false,
61151,GCWGS-2446,,false,
61152,GCWGS-2426,,false,
61153,GCWGS-2239,,false,
61154,GCWGS-2203,,false,
61155,GCWGS-2202,,false,
61156,SMG_18_685,1,false,
61158,NmissMEN47,,false,
61159,NmissMEN52,,false,
61160,NmissMEN2,6,false,
61161,NmissMEN3,150,false,
61162,NmissMen5,,false,
61163,NmissMEN6,396,false,
61164,NmissMEN7,5330,false,
61165,NmissMEN8,2230,false,
61166,NmissMEN9,259,false,
61167,NmissMEN10,68,false,
61168,NmissMEN11,6,false,
61169,NmissMEN12,5781,false,
61170,NmissMEN13,396,false,
61171,NmissMEN14,2231,false,
61172,NmissMEN15,396,false,
61173,NmissMEN16,262,false,
61174,NmissMEN18,610,false,
61175,NmissMEN20,65,false,
61176,NmissMEN24,455,false,
61177,NmissMEN28,9,false,
61178,NmissMEN39,68,false,
61179,NmissMEN44,1730,false,
61180,NmissMEN48,5173,false,
61181,NmissMEN49,5173,false,
61182,NmissMEN53,250,false,
61183,NmissMEN54,65,false,
61184,NmissMEN55,407,false,
61185,NmissMEN57,1,false,
61186,NmissMEN58,2232,false,
61187,NmissMEN60,65,false,
61188,NmissMEN61,150,false,
61189,53980,3,false,
61190,52105,215,false,
61191,W11124,62,false,
61192,C10749,62,false,
61193,C20259,62,false,
61194,1948-17,,false,
61195,M1755/18,618,false,
61196,M1732/18,1,false,
61197,M1766/18,1,false,
61198,Belgorod1644/18,2233,false,
61199,AR04263,57,false,
61200,AR04284,2109,false,
61201,AR04285,1447,false,
61202,AR04302,2110,false,
61203,AR04304,24,false,
61204,AR04311,24,false,
61205,AR04321,1104,false,
61206,AR04322,1104,false,
61207,AR04332,738,false,
61208,AR04337,1107,false,
61209,AR04344,1107,false,
61210,AR04320,1104,false,
61211,AR04366,1,false,
61212,AR04373,24,false,
61213,AR04411,1107,false,
61214,AR04430,1443,false,
61215,AR04431,1107,false,
61216,AR04441,1107,false,
61217,AR04445,1107,false,
61218,AR04454,57,false,
61219,AR04455,2075,false,
61220,AR04473,1107,false,
61221,AR04500,2108,false,
61240,Nmiss2572,68,false,
61241,Nmiss2811,64,false,
61242,Nmiss2837,444,false,
61243,Nmiss2861,64,false,
61244,Nmiss2898,1,false,
61245,Nmiss2900,1,false,
61246,Nmiss2917,64,false,
61247,Nmiss2926,318,false,
61248,Nmiss2932,64,false,
61249,Nmiss2936,1,false,
61250,Nmiss2941,1,false,
61251,Nmiss2957,1,false,
61252,Nmiss2961,1,false,
61253,Nmiss2968,1,false,
61254,Nmiss2975,64,false,
61255,Nmiss2985,257,false,
61256,Nmiss2998,257,false,
61257,Nmiss2999,257,false,
61258,Nmiss3008,2,false,
61259,Nmiss3051,64,false,
61260,Nmiss3058,1,false,
61261,SMG_18_804,1,false,
61262,SMG_18_805,1,false,
61263,Nm472,87,false,
61264,Nm473,407,false,
61266,Nmiss3019,1035,false,
61267,Nmiss3020,257,false,
61268,02/18/12,,false,
61269,07/18/31,,false,
61270,07/18/02,,false,
61271,EXNG617,367,false,
61272,EXNG685,367,false,
61274,EXNG827,367,false,
61275,0027/18,,false,
61277,0031/18,,false,
61280,0035/18,,false,
61284,0042/18,,false,
61286,18-14,,false,
61287,18-26,,false,
61288,18-62,,false,
61289,18-87,,false,
61290,18-114,,false,
61291,18-118,,false,
61292,18-122,,false,
61293,18-126,1,false,
61294,18-151,,false,
61295,18-161,,false,
61296,18-164,,false,
61297,18-166,,false,
61298,18-174,,false,
61299,18-185,1,false,
61300,18-192,,false,
61301,18-208,,false,
61302,18-210,,false,
61303,18-215,,false,
61304,18-256,,false,
61305,18-259,,false,
61306,18-271,,false,
61307,18-293,,false,
61308,18-296,,false,
61309,18-299,,false,
61310,M-075-17,,false,
61323,LNP30109,424,false,
61327,SMG-18-951,57,false,
61329,20925-23,5136,false,
61332,WHO_V,16,false,
61337,999000103,18,false,
61338,989000108,,false,
61339,989000141,,false,
61340,999000115,367,false,
61341,999000097,367,false,
61342,05_590_283,,false,
61343,6394,,false,
61344,KN13_19,16,false,
61345,KN13_30,16,false,
61346,KN13_116,16,false,
61347,05_590_19,18,false,
61348,08_590_256,367,false,
61349,Nm-771,2238,false,
61350,Nm-81,618,false,
61351,Nm-105,1,false,
61352,Nm-146,1,false,
61353,IN_09_3875,367,false,
61354,IN_09_3830,23,false,
61355,6M6316,45,false,
61356,95M325,57,false,
61357,95M493,67,false,
61358,98M3236,130,false,
61359,6M6454,62,false,
61360,7M2004,97,false,
61361,8M4551,97,false,
61362,8M4944,49,false,
61363,8M5381,2239,false,
61364,9M1980,2240,false,
61365,9M3534,722,false,
61366,9M4750,97,false,
61367,10M4386,50,false,
61368,11M3529,97,false,
61369,11M3530,97,false,
61370,11M4554,2241,false,
61371,11978,,false,
61372,12226,,false,
61373,12227,,false,
61374,12228,,false,
61375,12309,,false,
61376,12907,,false,
61377,12908,,false,
61378,12996,,false,
61379,WHO_Z,2242,false,
61380,BEL_10_3,632,false,
61381,989000041,18,false,
61382,IC_CNR077,367,false,
61383,IC_15039,18,false,
61384,M-038-17,,false,
61385,M-011-16,2243,false,
61386,M-015-16,67,false,
61387,M-023-16,1156,false,
61388,M-046-16,1156,false,
61389,M-047-16,1156,false,
61394,2170130,62,false,
61397,2170154_A,1,false,
61410,2172388,791,false,
61411,2172478,62,false,
61412,2172488,2245,false,
61413,2172533,791,false,
61414,2172559,2246,false,
61415,2172560_I,93,false,
61417,2172575_I,288,false,
61419,2172595,3,false,
61420,2172599_II,49,false,
61422,2172615,3,false,
61423,2180996,62,false,
61424,2181033,1,false,
61425,2181049,1,false,
61426,2181075,93,false,
61427,2181076,1,false,
61428,2181077,49,false,
61429,2181110_I,1,false,
61430,2181110_II,1,false,
61431,2181137,1,false,
61432,2181138,150,false,
61433,2181167,1,false,
61434,2181198,78,false,
61435,M44726,,false,
61436,M44733,5175,false,
61437,M44736,49,false,
61438,M44740,93,false,
61439,M44943,,false,
61440,M44959,57,false,
61441,M44974,5177,false,
61442,M45044,,false,
61443,M45138,5179,false,
61444,M45142,57,false,
61446,M45826,,false,
61447,M45891,,false,
61448,M46010,,false,
61449,M46066,45,false,
61450,M46084,5180,false,
61451,M46212,,false,
61453,M47225,,false,
61454,NM037,,false,
61455,NIID724,,false,
61461,2171723,87,false,
61462,2171789,993,false,
61463,2171898,2247,false,
61464,2171956,2248,false,
61465,2181243,1,false,
61466,2181244,1,false,
61467,2181290,1,false,
61468,2181316,1,false,
61469,2181331,,false,
61470,2181333,1,false,
61471,2181368,1,false,
61472,2181372,1,false,
61473,2181373,1,false,
61474,2181396,1,false,
61475,2181446,1,false,
61476,2181447,257,false,
61477,2181477,1,false,
61478,2181545,49,false,
61479,2181546,1,false,
61480,2181554,1,false,
61481,2181593,62,false,
61482,2181595,87,false,
61483,2181636,791,false,
61484,2181651,3,false,
61485,2181652,87,false,
61486,2181688,1,false,
61487,2181717,1,false,
61488,2181719,1,false,
61489,2181750,45,false,
61490,2181802,1382,false,
61491,2181803,3,false,
61492,2181332_1,2249,false,
61494,2181448_1,62,false,
61496,2181485_1,68,false,
61497,2181485_2,68,false,
61498,2181499_1,49,false,
61500,2181506_1,62,false,
61502,2181508_1,93,false,
61504,2181718_a,292,false,
61505,2181718_b,292,false,
61506,2181894,2122,false,
61507,LNP_NL1,2122,false,
61508,2181886,1,false,
61509,2181893,1,false,
61510,2181371,1,false,
61511,2181594_I,1,false,
61512,2181594_II,1,false,
61513,2181617,1,false,
61514,2181689,62,false,
61515,2181959_n,87,false,
61516,2181960_n,1,false,
61517,2180448_n,67,false,
61520,2181960_e,2250,false,
61523,2181592,1,false,
61524,2181834,3,false,
61541,560/18,,false,
61542,1123/18,,false,
61543,1149/18,,false,
61544,1316/18,,false,
61545,1555/18,,false,
61546,1643/18,,false,
61547,2291/18,,false,
61548,2320/18,,false,
61549,2852/18,,false,
61550,3601/18,,false,
61551,3602/18,,false,
61552,4017/18,,false,
61553,4348/18,,false,
61554,6940,57,false,
61555,SMG-18-1152,1,false,
61556,M-009-16,1,false,
61557,M-014-16,1,false,
61558,M-016-16,1,false,
61559,M-018-16,1,false,
61560,M-026-16,67,false,
61561,M-064-16,1,false,
61562,M-067-16,1,false,
61563,M-079-16,1,false,
61564,M-092-16,1,false,
61565,M-103-16,1,false,
61566,M185550,348,false,
61567,M-079-17,,false,
61568,M-082-17,,false,
61569,M18 240285,77,false,
61570,M18 240314,2252,false,
61571,M18 240357,1,false,
61572,M18 240359,1,false,
61573,2963/18,,false,
61574,4969/18,,false,
61575,5262/18,,false,
61576,SMG-18-1316,97,false,
61577,1975-008,,false,
61578,1976-003,,false,
61579,1976-008,,false,
61580,1978-004,,false,
61581,1981-003,,false,
61582,1982-009,,false,
61583,1986-004,,false,
61584,1987-004,,false,
61585,1987-011,,false,
61586,2001-006,,false,
61587,2004-004,,false,
61588,2005-005,,false,
61589,1991-007,,false,
61590,2001-007,,false,
61591,2003-003,,false,
61592,DE14264,,false,
61593,2465/18,,false,
61595,107535,1,false,
61596,107536,1,false,
61597,107537,1,false,
61598,107552,1,false,
61599,114736,1,false,
61600,114737,1,false,
61601,114742,1,false,
61602,114743,1,false,
61603,114728,1,false,
61604,107540,1,false,
61607,114748,1,false,
61621,12390,,false,
61622,GU008,21,false,
61623,GU027,21,false,
61624,GU033,21,false,
61625,GU040,16,false,
61626,GU067,16,false,
61627,GU075,16,false,
61628,GU139,16,false,
61629,GU149,16,false,
61630,GU155,21,false,
61631,GU195,16,false,
61632,GU225,16,false,
61633,GU250,16,false,
61634,GU294,366,false,
61635,DRR117965,16,false,
61636,GU309,16,false,
61637,GU323,16,false,
61638,GU345,16,false,
61639,GU379,16,false,
61640,GU384,16,false,
61641,GU402,16,false,
61642,GU416,16,false,
61643,GU422,16,false,
61644,GU431,16,false,
61645,GU441,16,false,
61646,GU442,16,false,
61647,GU443,16,false,
61648,GU448,16,false,
61649,GU449,16,false,
61650,GU478,16,false,
61651,GU483,21,false,
61652,GU511,16,false,
61653,GU512,16,false,
61654,GU534,16,false,
61655,GU543,16,false,
61656,GU549,16,false,
61657,GU562,16,false,
61658,GU571,21,false,
61659,GU574,16,false,
61660,GU577,16,false,
61661,GU598,16,false,
61662,IT022,16,false,
61663,KM096,16,false,
61664,FC143,,false,
61665,FC142,,false,
61666,FC233,16,false,
61667,DRR124688,16,false,
61668,DRR124689,16,false,
61669,FC425,16,false,
61670,FC426,2253,false,
61671,FC427,16,false,
61673,FC429,366,false,
61674,FC430,1122,false,
61675,FC431,16,false,
61676,FC432,16,false,
61677,FC433,2253,false,
61678,FC434,16,false,
61679,FC435,16,false,
61680,FC436,16,false,
61681,FC437,22,false,
61682,FC438,22,false,
61683,FC439,22,false,
61684,FC440,366,false,
61685,FC441,16,false,
61686,FC442,657,false,
61687,FC443,657,false,
61688,FC444,366,false,
61689,FC445,1122,false,
61690,FC446,16,false,
61691,FC447,657,false,
61692,FC448,657,false,
61693,FC449,16,false,
61694,FC450,16,false,
61695,FC451,16,false,
61696,FC452,16,false,
61697,FC453,16,false,
61698,FC454,366,false,
61699,FC455,657,false,
61700,FC456,1006,false,
61701,FC457,22,false,
61702,FC458,378,false,
61703,FC459,1122,false,
61705,FC461,16,false,
61706,FC462,16,false,
61707,FC463,16,false,
61708,FC464,16,false,
61709,FC465,1122,false,
61710,FC466,1122,false,
61711,FC467,16,false,
61712,FC468,16,false,
61713,FC469,366,false,
61714,FC470,366,false,
61715,FC471,1006,false,
61716,FC472,16,false,
61717,FC473,16,false,
61718,FC474,16,false,
61719,FC475,16,false,
61720,FC476,16,false,
61721,FC477,16,false,
61722,FC478,16,false,
61723,FC479,16,false,
61724,FC480,16,false,
61725,FC481,657,false,
61726,FC482,16,false,
61727,FC483,16,false,
61728,FC484,22,false,
61729,FC485,22,false,
61730,FC486,16,false,
61731,FC487,366,false,
61732,FC488,18,false,
61733,FC489,16,false,
61734,FC490,18,false,
61735,FC491,22,false,
61736,FC492,16,false,
61737,FC493,367,false,
61738,FC494,657,false,
61739,FC495,16,false,
61740,FC496,16,false,
61741,FC497,657,false,
61743,FC499,16,false,
61744,FC500,16,false,
61745,FC501,16,false,
61746,FC502,16,false,
61747,FC503,16,false,
61748,FC504,2253,false,
61749,FC505,16,false,
61750,FC506,16,false,
61751,FC507,16,false,
61752,FC508,16,false,
61753,FC509,16,false,
61754,FC510,16,false,
61755,FC511,16,false,
61756,FC512,16,false,
61757,FC513,16,false,
61758,FC514,22,false,
61759,FC515,657,false,
61760,FC516,22,false,
61761,FC517,375,false,
61762,FC518,375,false,
61763,FC519,16,false,
61764,FC520,16,false,
61765,FC521,16,false,
61766,FC522,841,false,
61767,FC523,16,false,
61768,FC524,22,false,
61769,FC525,22,false,
61770,FC526,22,false,
61771,FC527,375,false,
61772,FC528,16,false,
61773,FC529,16,false,
61774,FC530,1122,false,
61775,FC531,16,false,
61776,FC532,22,false,
61777,FC533,16,false,
61778,FC534,657,false,
61779,FC535,2254,false,
61780,FC536,2254,false,
61781,FC537,16,false,
61782,FC538,16,false,
61783,FC539,16,false,
61784,FC540,16,false,
61785,FC541,657,false,
61786,FC542,1006,false,
61787,FC543,657,false,
61788,HI54,16,false,
61789,HI55,657,false,
61790,HI56,16,false,
61791,HI57,16,false,
61792,HI58,16,false,
61793,HI59,16,false,
61794,IT66,16,false,
61795,IT67,2253,false,
61796,IT68,16,false,
61797,IT69,16,false,
61798,IT70,16,false,
61799,IT71,16,false,
61800,IT72,1006,false,
61801,IT73,1006,false,
61802,IT74,16,false,
61803,IT75,2255,false,
61804,IT76,16,false,
61805,IT77,16,false,
61806,KM247,16,false,
61807,KM248,16,false,
61808,KM249,2253,false,
61809,KM250,16,false,
61810,KM251,16,false,
61811,KM252,16,false,
61812,KM253,16,false,
61813,KM254,16,false,
61814,KM255,16,false,
61815,KM256,657,false,
61816,KM257,22,false,
61817,KM258,16,false,
61818,KM259,16,false,
61819,KM260,16,false,
61820,KM261,16,false,
61821,KM262,16,false,
61822,KM263,16,false,
61823,KM264,16,false,
61824,KM265,16,false,
61825,KM266,16,false,
61826,KM267,16,false,
61827,KM268,1006,false,
61828,KM269,16,false,
61829,KM270,16,false,
61830,KM271,1122,false,
61831,KM272,657,false,
61832,KM273,16,false,
61833,KM274,657,false,
61834,KM275,16,false,
61835,KM276,,false,
61836,KM277,16,false,
61837,KM278,16,false,
61838,KM279,1122,false,
61839,KM280,2253,false,
61840,KM281,16,false,
61841,KM282,16,false,
61842,KM283,2253,false,
61843,KM284,16,false,
61844,KM285,2253,false,
61845,KM286,16,false,
61846,KM287,1122,false,
61847,KM288,16,false,
61848,KM289,635,false,
61849,KM290,16,false,
61850,KM291,657,false,
61851,KM292,375,false,
61852,KM293,16,false,
61853,KM294,16,false,
61854,KM295,16,false,
61855,KM296,16,false,
61856,KM297,2253,false,
61857,KM298,16,false,
61858,KM299,657,false,
61859,KM300,16,false,
61860,KM302,16,false,
61861,KM303,16,false,
61862,KM304,16,false,
61863,KM305,16,false,
61864,KM306,16,false,
61865,KM307,22,false,
61866,KM308,23,false,
61867,KM309,16,false,
61868,KM310,657,false,
61869,KM311,18,false,
61870,KM312,16,false,
61871,KM313,1122,false,
61872,KM314,22,false,
61873,08-040,16,false,
61874,98-028,16,false,
61875,98-046,16,false,
61876,98-051,16,false,
61877,98-053,16,false,
61878,98-054,16,false,
61879,98-055,16,false,
61880,98-058,635,false,
61881,98-059,16,false,
61882,98-142,16,false,
61883,11-010,635,false,
61884,98-152,635,false,
61885,98-101,,false,
61886,11-032,,false,
61887,13-068,,false,
61888,12-015,,false,
61889,12-032,,false,
61890,12-020,,false,
61891,12-038,16,false,
61892,12-041,635,false,
61893,12-040,635,false,
61894,16271,,false,
61895,NIID725,,false,
61897,NIID727,,false,
61898,12147,,false,
61899,12153,,false,
61900,N.m089,,false,
61908,LNP30197abd,424,false,
61910,Nmiss1492.fasta,68,false,
61911,Nmiss1879.fasta,68,false,
61912,Nmiss2733.fasta,1084,false,
61913,TA8301,,false,
61914,0036/18,,false,
61921,0057/18,,false,
61923,0063/18,,false,
61930,16290,,false,
61931,BYm672,,false,
61935,Bris005,57,false,
61936,Bris038,259,false,
61937,Bris013,97,false,
61938,Bris002,62,false,
61939,Bris035,65,false,
61940,Bris019,62,false,
61941,Bris043,857,false,
61942,Bris014,65,false,
61943,Bris032,1219,false,
61944,Bris022,1217,false,
61945,Bris004,259,false,
61946,Bris021,1,false,
61947,Bris039,259,false,
61948,Bris001,97,false,
61949,Bris044,57,false,
61950,Bris028,87,false,
61951,Bris006,57,false,
61952,Bris017,87,false,
61953,Bris031,288,false,
61954,Bris024,259,false,
61955,Bris041,3,false,
61956,Bris047,66,false,
61957,Bris025,57,false,
61958,Bris010,,false,
61959,Bris003,62,false,
61960,Bris036,65,false,
61961,Bris016,3,false,
61962,Bris007,157,false,
61963,Bris027,65,false,
61964,Bris020,150,false,
61965,Bris029,1217,false,
61966,Bris023B,1217,false,
61967,Bris045,97,false,
61968,Bris037,9,false,
61969,Bris033,248,false,
61970,Bris008,57,false,
61971,Bris012,65,false,
61972,Bris026,1219,false,
61973,Bris034,259,false,
61974,Bris009,68,false,
61975,Bris042,57,false,
61976,Bris015,49,false,
61977,Bris040,1217,false,
61978,Bris046,248,false,
61979,Bris030,259,false,
61980,Bris011,62,false,
61981,Bris018,,false,
61982,Bris023A,1217,false,
61983,M18 240265,1,false,
61984,M18 240413,,false,
61985,M18 240274,1,false,
61986,M18 240277,1,false,
61987,M18 240222,1,false,
61988,M18 240399,1,false,
61989,M18 240430,1,false,
61990,M18 240447,1,false,
62968,WHO F,640,false,
62970,020-06,6,false,
62971,38277,890,false,
62972,M22718,1,false,
62973,alpha710,100,false,
62974,B611677,37,false,
62975,DE8669,45,false,
62976,G2136,37,false,
62977,H4476,3,false,
62978,LNP21362,3,false,
62979,M01240149,45,false,
62980,M0579,125,false,
62981,NZ18MD0033,,false,
62982,NZ533,45,false,
62983,53442,1,false,
62984,DW8555,1,false,
62985,20188370,87,false,
62986,WUE2121,1,false,
62987,3683,1,false,
62988,M07149,1,false,
62989,M07162,1,false,
62990,20188450,15,false,
62991,M25459,1,false,
62992,NM1205006,,false,
62993,NM1302004,,false,
62994,NM1503008,,false,
62995,SMG-18-1776,62,false,
62996,SMG-18-1777,45,false,
62997,NML2017-037,857,false,
62998,NML2017-082,857,false,
62999,NML2017-086,4789,false,
63000,NML2017-090,4789,false,
63001,NML2017-111,857,false,
63002,NML2017-119,1,false,
63003,NML2017-135,77,false,
63004,NML2017-137,1,false,
63005,NML2018-014,1,false,
63006,NML2018-019,77,false,
63007,NML2018-022,857,false,
63008,NML2018-030,77,false,
63009,NML2018-039,77,false,
63010,NML2018-044,77,false,
63011,NML2018-051,857,false,
63012,NML2018-064,1,false,
63013,NML2018-075,1,false,
63014,NML2018-076,857,false,
63015,NML2018-090,1,false,
63016,NML2018-095,1,false,
63017,NML2018-096,4789,false,
63018,NML2018-097,4789,false,
63019,NML2018-100,2122,false,
63020,NML2018-102,77,false,
63021,NML2018-103,77,false,
63022,NML2018-104,857,false,
63023,NML2018-108,4789,false,
63024,NML2018-113,4789,false,
63025,NML2018-114,4789,false,
63026,NML2018-121,1,false,
63027,M2307LII/2018,,false,
63028,M2327LII/2018,,false,
63029,M2343LII/2018,,false,
63030,M2404LII/2018,,false,
63031,M2482LII/2018,,false,
63032,Nmiss3122,9,false,
63033,NmissMEN1,764,false,
63034,NmissMEN4,766,false,
63035,NmissMEN27,407,false,
63036,NmissMEN35,2283,false,
63037,NmissMEN47,5173,false,
63038,NmissMEN52,250,false,
63039,NmissMEN56,455,false,
63040,NmissMEN59,95,false,
63041,NmissMEN62,87,false,
63042,17366,407,false,
63043,EXNG338,1422,false,
63044,EXNG345,16,false,
63045,EXNG347,1422,false,
63046,EXNG351,2284,false,
63047,EXNG359,2285,false,
63048,EXNG370,16,false,
63049,EXNG371,1421,false,
63050,EXNG376,1422,false,
63051,EXNG378,1421,false,
63052,EXNG390,1422,false,
63053,EXNG395,1422,false,
63054,EXNG402,16,false,
63055,EXNG421,16,false,
63056,EXNG430,1421,false,
63057,EXNG438,16,false,
63058,EXNG453,1422,false,
63059,EXNG456,1422,false,
63060,EXNG457,2285,false,
63061,EXNG458,2285,false,
63062,EXNG463,1421,false,
63063,EXNG464,1421,false,
63064,EXNG467,23,false,
63065,EXNG468,1421,false,
63066,EXNG475,16,false,
63067,EXNG480,16,false,
63068,EXNG484,1421,false,
63069,EXNG493,16,false,
63070,EXNG495,1421,false,
63071,EXNG505,16,false,
63072,EXNG510,1422,false,
63073,EXNG512,16,false,
63074,EXNG516,1422,false,
63075,EXNG526,1421,false,
63076,EXNG527,16,false,
63077,EXNG532,16,false,
63078,EXNG547,1421,false,
63079,EXNG549,16,false,
63080,EXNG553,2237,false,
63081,EXNG555,1422,false,
63082,EXNG556,2285,false,
63083,EXNG574,1421,false,
63084,EXNG580,16,false,
63085,EXNG583,1421,false,
63086,EXNG591,1422,false,
63087,EXNG592,16,false,
63088,EXNG596,2285,false,
63089,EXNG605,1422,false,
63090,EXNG606,1421,false,
63091,EXNG613,2285,false,
63092,EXNG624,1421,false,
63093,EXNG626,1422,false,
63094,EXNG638,16,false,
63095,EXNG640,16,false,
63096,EXNG641,2285,false,
63097,EXNG648,1421,false,
63098,EXNG650,1006,false,
63099,EXNG662,2285,false,
63100,EXNG675,1422,false,
63101,EXNG676,1422,false,
63102,EXNG687,16,false,
63103,EXNG689,16,false,
63104,EXNG697,16,false,
63105,EXNG711,16,false,
63106,EXNG718,1422,false,
63107,EXNG748,16,false,
63108,EXNG750,16,false,
63109,EXNG752,16,false,
63110,EXNG755,16,false,
63111,EXNG763,16,false,
63112,EXNG765,16,false,
63113,EXNG769,16,false,
63114,EXNG771,2285,false,
63115,EXNG773,16,false,
63116,EXNG782,1422,false,
63117,EXNG793,1422,false,
63118,EXNG811,2285,false,
63119,EXNG800,2237,false,
63120,EXNG844,23,false,
63121,EXNG855,1422,false,
63122,EXNG856,2285,false,
63123,EXNG861,1422,false,
63124,EXNG863,16,false,
63125,EXNG864,1422,false,
63126,EXNG875,16,false,
63127,EXNG906,2237,false,
63128,EXNG907,21,false,
63129,EXNG912,1421,false,
63130,EXNG915,16,false,
63131,EXNG916,16,false,
63132,EXNG931,1421,false,
63133,EXNG932,2285,false,
63134,EXNG934,1422,false,
63135,EXNG936,16,false,
63136,EXNG941,1422,false,
63137,SMG-19-1949,1,false,
63138,SMG-19-1964,62,false,
63139,SMG-19-1978,318,false,
63156,NM2019-104,,false,
63157,NM2019-133,,false,
63158,SMG-19-1977,1,false,
63159,SMG-19-1995,257,false,
63160,SMG-19-2003,62,false,
63353,N.191-16,,false,
63354,Nmen103,150,false,
63355,Nmen106,93,false,
63356,Nmen107,2700,false,
63357,Nmen108,77,false,
63358,Nmen109,961,false,
63359,Nmen118,1,false,
63360,Nmen120,77,false,
63361,Nmen122,62,false,
63362,Nmen123,77,false,
63363,Nmen124,1,false,
63365,SS3160,18,false,
63369,M09779,49,false,
63370,M47346,,false,
63371,M47350,,false,
63372,M47352,,false,
63373,M47404,,false,
63374,M47412,,false,
63375,M47857,69,false,
63376,M47876,3689,false,
63377,M48002,65,false,
63378,M48013,5181,false,
63379,M48018,3998,false,
63380,M49422,2170,false,
63381,M50330,,false,
63382,M50348,77,false,
63383,M50498,2059,false,
63384,SMG-19-2020,211,false,
63385,SMG-19-2025,1,false,
63386,SMG-19-2038,3,false,
63393,SMG-19-2051,2701,false,
63394,SMG-19-2066,24,false,
63395,MA77,636,false,
63396,POA19,16,false,
63397,POA06,636,false,
63398,POA22,636,false,
63399,POA36,636,false,
63400,POA57,18,false,
63401,SA06,3986,false,
63402,BR38,,false,
63403,MA30,636,false,
63404,MA28,16,false,
63405,POA09,378,false,
63406,MA20,18,false,
63407,MA40,18,false,
63408,BH29,,false,
63409,BR35,,false,
63410,MA38,373,false,
63411,POA17,378,false,
63412,MA29,367,false,
63413,BH69,,false,
63414,FL64,1943,false,
63415,SA110,645,false,
63416,BH01,,false,
63417,FL59,367,false,
63418,POA55,636,false,
63421,3025,,false,
63422,SMG-19-2045,24,false,
63423,M17 240480,2859,false,
63424,M19 240434,,false,
63425,M19 240435,2860,false,
63426,M19 240436,83,false,
63427,M19 240437,,false,
63428,M19 240438,2861,false,
63429,M19 240439,,false,
63430,M19 240440,5054,false,
63431,M19 240441,5055,false,
63432,M19 240442,1740,false,
63433,M19 240443,5056,false,
63434,M17 240482b,1674,false,
63435,M18 240387,45,false,
63436,M18 240509,45,false,
63437,M19 240447,45,false,
63438,M19 240462,49,false,
63439,M18 240372,3,false,
63440,M18 240454,45,false,
63441,M18 240461,2219,false,
63442,M18 240542,87,false,
63443,M19 240390,45,false,
63444,M19 240391,3,false,
63445,M18 240267,57,false,
63446,M18 240380,2862,false,
63447,M18 240639,87,false,
63448,M19 240408,97,false,
63449,M19 240415,403,false,
63450,M19 240428,87,false,
63451,M18 240147,87,false,
63452,M18 240209,3,false,
63453,M19 240387,150,false,
63454,M18 240223,87,false,
63455,M18 240287,127,false,
63456,M18 240367,87,false,
63457,M18 240436,93,false,
63458,M18 240448,217,false,
63459,M18 240468,103,false,
63460,M18 240501,45,false,
63461,M18 240510,127,false,
63462,M19 240392,3,false,
63463,M19 240400,150,false,
63464,M19 240425,45,false,
63465,M18 240371,2176,false,
63466,M18 240466,262,false,
63467,M19 240451,77,false,
63468,M18 240069,87,false,
63469,M18 240362,120,false,
63470,M18 240653,41,false,
63471,M19 240388,3,false,
63472,M19 240399,150,false,
63473,M18 240368,47,false,
63474,M18 240416,49,false,
63475,M18 240442,49,false,
63476,M18 240459,2219,false,
63477,M18 240463,2863,false,
63478,M18 240490,45,false,
63479,M18 240491,78,false,
63480,M18 240502,791,false,
63481,M18 240397,13,false,
63482,M18 240398,45,false,
63483,M19 240389,45,false,
63484,M18 240165,120,false,
63485,M18 240198,120,false,
63486,M18 240353,49,false,
63487,M18 240441,127,false,
63488,M18 240464,500,false,
63489,M19 240383,3,false,
63490,M19 240457,104,false,
63491,M18 240349,45,false,
63492,M18 240402,3,false,
63493,M18 240498,87,false,
63494,M18 240538,689,false,
63495,M19 240449,870,false,
63496,M19 240270,3,false,
63497,M19 240284,87,false,
63498,M19 240303,2864,false,
63499,M19 240217,97,false,
63500,M19 240304,120,false,
63501,M19 240345,3,false,
63502,M19 240380,2865,false,
63503,M19 240019,199,false,
63504,M19 240231,93,false,
63505,M19 240261,400,false,
63506,M19 240263,45,false,
63507,M19 240286,4302,false,
63508,M19 240330,87,false,
63509,M19 240331,2866,false,
63510,M19 240339,45,false,
63511,M19 240236,259,false,
63512,M19 240342,9,false,
63513,M19 240353,259,false,
63514,M19 240379,93,false,
63515,M19 240301,903,false,
63516,M19 240336,49,false,
63517,M19 240352,262,false,
63518,M19 240052,3,false,
63519,M19 240215,3,false,
63520,M19 240239,986,false,
63521,M19 240251,262,false,
63522,M19 240276,87,false,
63523,M19 240320,49,false,
63524,M19 240365,93,false,
63525,M19 240262,120,false,
63526,M19 240269,65,false,
63527,M19 240300,45,false,
63528,M19 240216,120,false,
63529,M19 240246,58,false,
63530,M19 240275,150,false,
63531,M19 240283,949,false,
63532,M19 240285,150,false,
63533,M19 240332,3,false,
63534,M19 240377,45,false,
63535,M18 240456,45,false,
63536,M18 240546,257,false,
63537,M19 240419,2,false,
63538,M19 240444,259,false,
63539,M18 240438,1,false,
63540,M18 240375,1,false,
63541,M19 240401,2157,false,
63542,M18 240355,257,false,
63543,M18 240418,1,false,
63544,M18 240120,1,false,
63545,M18 240411,67,false,
63546,M18 240541,1,false,
63547,M18 240497,1,false,
63548,M18 240552,1,false,
63549,M18 240553,1,false,
63550,M19 240445,1,false,
63551,M19 240212,259,false,
63552,M19 240235,67,false,
63553,M19 240362,1,false,
63554,M19 240213,1,false,
63555,M19 240279,1,false,
63556,M19 240208,288,false,
63557,M19 240253,1,false,
63558,M19 240238,45,false,
63559,M18 240521,424,false,
63560,M19 240421,45,false,
63561,M18 240396,1,false,
63562,M19 240338,57,false,
63563,M19 240354,306,false,
63564,M18 240148,1,false,
63565,M18 240346,1,false,
63566,M18 240408,1,false,
63567,M19 240448,1,false,
63568,M18 240444,1,false,
63569,M18 240433,1,false,
63570,M18 240453,1,false,
63571,M18 240550,1,false,
63572,M18 240562,1,false,
63573,M19 240426,62,false,
63574,M18 240351,1,false,
63575,M18 240377,2867,false,
63576,M18 240383,424,false,
63577,M18 240504,1,false,
63578,M18 240350,1,false,
63579,M18 240361,68,false,
63580,M18 240364,1,false,
63581,M18 240374,1,false,
63582,M18 240405,1,false,
63583,M18 240499,1,false,
63584,M19 240404,1,false,
63585,M19 240405,1,false,
63586,M17 240484,1,false,
63587,M18 240200,77,false,
63588,M18 240373,1,false,
63589,M18 240443,1,false,
63590,M19 240397,1,false,
63591,M19 240418,1,false,
63592,M18 240388,1,false,
63593,M18 240389,1,false,
63594,M18 240535,1,false,
63595,M18 240458,1,false,
63596,M19 240450,1,false,
63597,M18 240341,1,false,
63598,M18 240343,2868,false,
63599,M18 240344,77,false,
63600,M18 240394,1,false,
63601,M18 240460,1,false,
63602,M19 240396,49,false,
63603,M19 240240,1,false,
63604,M19 240308,1,false,
63605,M19 240355,1,false,
63606,M19 240277,1,false,
63607,M19 240287,1,false,
63608,M19 240307,1,false,
63609,M19 240309,1,false,
63610,M19 240267,1,false,
63611,M19 240326,1,false,
63612,M19 240232,1,false,
63613,M19 240241,2869,false,
63614,M19 240247,1,false,
63615,M19 240248,2361,false,
63616,M19 240351,1,false,
63617,M19 240254,1,false,
63618,M19 240268,77,false,
63619,M19 240274,857,false,
63620,M19 240278,1,false,
63621,M19 240281,77,false,
63622,M19 240282,857,false,
63623,M19 240347,1,false,
63624,M19 240243,1,false,
63625,M19 240329,1,false,
63626,M19 240358,2429,false,
63627,M19 240211,2361,false,
63628,M19 240237,1,false,
63629,M19 240256,1,false,
63630,M19 240302,77,false,
63631,M19 240233,1,false,
63632,M19 240315,1,false,
63633,M18 240212,62,false,
63634,M19 240417,87,false,
63635,M18 240197,62,false,
63636,M18 240211,62,false,
63637,M19 240446,424,false,
63638,M18 240162,62,false,
63639,M18 240336,2870,false,
63640,M18 240554,62,false,
63641,M18 240566,62,false,
63642,M18 240201,62,false,
63643,M18 240467,62,false,
63644,M19 240420,211,false,
63645,M18 240563,120,false,
63646,M18 240082,62,false,
63647,M18 240121,62,false,
63648,M18 240457,62,false,
63649,M18 240208,62,false,
63650,M18 240216,62,false,
63651,M18 240335,62,false,
63652,M18 240395,62,false,
63653,M18 240431,62,false,
63654,M18 240560,62,false,
63655,M18 240128,62,false,
63656,M18 240155,211,false,
63657,M18 240299,62,false,
63658,M19 240381,62,false,
63659,M19 240305,62,false,
63660,M19 240250,62,false,
63661,M19 240311,68,false,
63662,M19 240317,141,false,
63663,M19 240343,62,false,
63664,M19 240337,62,false,
63665,M19 240364,2871,false,
63666,M19 240255,62,false,
63667,M19 240323,141,false,
63668,M19 240335,62,false,
63669,M19 240280,1,false,
63670,M19 240314,62,false,
63671,M18 240493,1,false,
63672,M17 240485,97,false,
63673,M17 240486,22,false,
63674,M19 240416,738,false,
63675,M19 240422,259,false,
63676,M19 240465,150,false,
63677,M19 240461,352,false,
63678,GC250,655,false,
63679,GC249,655,false,
63682,GC195,18,false,
63698,BT00020V1C,65,false,
63699,BT00048V1C,65,false,
63700,BT00366V1C,342,false,
63701,BT00442V1C,62,false,
63702,BT00461V1C,1239,false,
63703,BT00502V1C,97,false,
63704,BT00531V1C,4056,false,
63705,BT03005V1C,97,false,
63706,BT03043V1C,106,false,
63707,BT03116V1C,1481,false,
63708,BT03217V1C,87,false,
63709,BT03249V1C,49,false,
63710,BT03268V1C,1660,false,
63711,BT03306V1C,4057,false,
63712,BT03324V1C,250,false,
63713,BT03345V1C,97,false,
63714,BT03353V1C,1,false,
63715,BT03366V1C,97,false,
63716,BT03414V1C,4084,false,
63717,BT03418V1C,104,false,
63718,BT03434V1C,4159,false,
63719,BT03441V1C,1638,false,
63720,BT03443V1C,65,false,
63721,BT03445V1C,211,false,
63722,BT03452V1C,211,false,
63723,BT03521V1C,24,false,
63724,BT03554V1C,1166,false,
63725,BT03585V1C,1,false,
63726,BT03601V1C,97,false,
63727,BT03654V1C,87,false,
63728,BT03676V1C,2872,false,
63729,BT03685V1C,104,false,
63730,BT03704V1C,4160,false,
63731,BT03711V1C,2873,false,
63732,BT03813V1C,2874,false,
63733,BT03840V1C,1489,false,
63734,BT03867V1C,45,false,
63735,BT03906V1C,97,false,
63736,BT03997V1C,9,false,
63737,BT04007V1C,97,false,
63738,BT04046V1C,352,false,
63739,BT09042V1C,97,false,
63740,BT09043V1C,1675,false,
63741,BT09048V1C,95,false,
63742,BT09074V1C,97,false,
63743,BT09108V1C,95,false,
63744,BT09110V1C,65,false,
63745,BT09116V1C,1675,false,
63746,BT09121V1C,95,false,
63747,BT09184V1C,87,false,
63748,BT09189V1C,1675,false,
63749,BT09204V1C,65,false,
63750,BT09212V1C,95,false,
63751,BT09297V1C,57,false,
63752,BT09332V1C,65,false,
63753,BT09333V1C,65,false,
63754,BT09336V1C,2875,false,
63755,BT09345V1C,65,false,
63756,BT09391V1C,68,false,
63757,BT09436V1C,890,false,
63758,BT09493V1C,95,false,
63759,BT09505V1C,97,false,
63760,BT09508V1C,259,false,
63761,BT12020V1C,97,false,
63762,BT15004V1C,141,false,
63763,BT15048V1C,,false,
63764,BT15156V1C,65,false,
63765,BT15329V1C,68,false,
63766,BT15551V1C,137,false,
63767,BT15552V1C,3,false,
63768,BT15633V1C,65,false,
63769,BT15642V1C,87,false,
63770,BT15645V1C,2456,false,
63771,BT15717V1C,65,false,
63772,BT15755V1C,259,false,
63773,BT15864V1C,2876,false,
63774,BT15900V1C,2877,false,
63775,BT15993V1C,4161,false,
63776,BT16133V1C,2878,false,
63777,BT16205V1C,57,false,
63778,BT16226V1C,97,false,
63779,BT16254V1C,62,false,
63780,BT16262V1C,97,false,
63781,BT16263V1C,57,false,
63782,BT16264V1C,97,false,
63783,BT16284V1C,2879,false,
63784,BT16368V1C,97,false,
63785,BT16389V1C,24,false,
63786,BT16842V1C,1166,false,
63787,BT16871V1C,1166,false,
63788,BT16879V1C,1166,false,
63789,BT16907V1C,65,false,
63790,BT18066V1C,527,false,
63791,BT18068V1C,527,false,
63792,BT18079V1C,2880,false,
63793,BT18109V1C,1691,false,
63794,BT18812V1C,97,false,
63795,BT18830V1C,65,false,
63796,BT18848V1C,104,false,
63797,BT18891V1C,1790,false,
63798,BT18917V1C,104,false,
63799,BT18966V1C,87,false,
63800,BT19004V1C,97,false,
63801,BT19039V1C,4170,false,
63802,BT19149V1C,65,false,
63803,BT21048V1C,2881,false,
63804,BT21060V1C,24,false,
63805,BT21081V1C,1208,false,
63806,BT21166V1C,97,false,
63807,BT21257V1C,62,false,
63808,BT21273V1C,2924,false,
63809,BT21312V1C,1401,false,
63810,BT21387V1C,120,false,
63811,BT21394V1C,4090,false,
63812,BT21394V1C2,4090,false,
63813,BT21442V1C,262,false,
63814,BT21481V1C,65,false,
63815,BT21504V1C,4178,false,
63816,BT21505V1C2,65,false,
63817,BT21514V1C,2472,false,
63818,BT21546V1C,62,false,
63819,BT21621V1C,45,false,
63820,BT21639V1C,1223,false,
63821,BT21642V1C,102,false,
63822,BT21685V1C,345,false,
63823,BT21697V1C,45,false,
63824,BT21697V1C2,45,false,
63825,BT21783V1C,65,false,
63826,BT21803V1C,87,false,
63827,BT24003V1C,45,false,
63828,BT24011V1C,2882,false,
63829,BT24081V1C,259,false,
63830,BT24097V1C,97,false,
63831,BT24235V1C,294,false,
63832,BT24284V1C,49,false,
63834,BT24326V1C,4176,false,
63835,BT24377V1C,1208,false,
63836,BT24519V1C2,87,false,
63837,BT24694V1C,62,false,
63838,BT25131V1C,2482,false,
63839,BT27009V1C,345,false,
63840,BT27012V1C,738,false,
63841,BT27054V1C,62,false,
63842,BT27107V1C,1369,false,
63843,BT27198V1C,1376,false,
63844,BT27221V1C,216,false,
63845,BT27222V1C,62,false,
63846,BT27223V1C,211,false,
63847,BT27246V1C,97,false,
63848,BT27247V1C,4177,false,
63849,BT27248V1C,97,false,
63850,BT27252V1C,1702,false,
63851,BT27278V1C,104,false,
63852,BT27279V1C,45,false,
63853,BT27293V1C,104,false,
63854,BT27296V1C,837,false,
63855,BT27307V1C,97,false,
63856,BT27319V1C,104,false,
63857,BT27329V1C,396,false,
63858,BT27341V1C,87,false,
63859,BT27344V1C,3,false,
63860,BT27361V1C,832,false,
63861,BT27364V1C,62,false,
63862,BT27366V1C,4252,false,
63863,BT27373V1C,93,false,
63864,BT30088V1C,62,false,
63865,BT30159V1C,4254,false,
63866,BT30398V1C,1489,false,
63867,BT30523V1C,259,false,
63868,BT30645V1C,346,false,
63869,BT30881V1C,,false,
63870,BT30943V1C,65,false,
63871,BT33019V1C,4256,false,
63872,BT33053V1C,1333,false,
63873,BT33166V1C2,4257,false,
63874,BT33349V1C,24,false,
63875,BT33358V1C,1940,false,
63876,BT33446V1C,87,false,
63877,BT33475V1C,97,false,
63878,BT33499V1C,150,false,
63879,BT36010V1C,1408,false,
63880,BT36036V1C,97,false,
63881,BT36041V3C,97,false,
63882,BT36097V3C,2493,false,
63883,BT36183V3C,45,false,
63884,BT36199V3C,62,false,
63885,BT36233V1C,1371,false,
63886,BT36250V1C,62,false,
63887,BT36328V1C,288,false,
63888,BT36348V3C,150,false,
63889,BT36361V3C,2492,false,
63890,BT36367V3C,150,false,
63891,BT36390V3C,262,false,
63892,BT36451V1C,97,false,
63893,BT36467V1C,254,false,
63894,BT36536V1C,97,false,
63895,BT36557V1C,66,false,
63896,BT36583V1C,1743,false,
63897,BT36594V1C,65,false,
63898,BT36615V1C,62,false,
63899,BT36621V1C,288,false,
63900,BT36630V1C,97,false,
63901,BT36750V1C,97,false,
63902,BT36775V1C,97,false,
63903,BT36859V1C,211,false,
63904,BT36876V1C,62,false,
63905,BT36885V1C,97,false,
63906,BT36890V1C,4175,false,
63907,BT36898V1C,345,false,
63908,BT36919V1C,568,false,
63909,BT36957V1C,104,false,
63910,BT36999V1C,97,false,
63911,BT37005V1C,62,false,
63912,BT37013V1C,306,false,
63913,BT37078V1C,2495,false,
63914,BT37088V1C,4172,false,
63915,BT37109V1C,4174,false,
63916,BT37116V1C,87,false,
63917,BT37133V1C,97,false,
63918,BT37161V1C,2883,false,
63919,BT37209V1C,4096,false,
63920,BT37217V1C,62,false,
63921,BT37226V1C,4171,false,
63922,BT37246V1C,45,false,
63923,BT37265V1C,407,false,
63924,BT38139V1C,4173,false,
63925,BT38144V1C,57,false,
63926,BT38187V1C,97,false,
63927,BT38232V1C,57,false,
63928,BT38235V1C,57,false,
63929,BT38239V1C,66,false,
63930,BT38274V1C,259,false,
63931,BT38280V1C,1763,false,
63932,BT38281V1C,1484,false,
63933,BT38297V1C,66,false,
63934,BT38320V1C,6,false,
63935,BT38329V1C,259,false,
63936,BT38333V1C,49,false,
63937,BT38350V1C,1743,false,
63938,BT38403V1C,66,false,
63939,BT38446V1C,104,false,
63941,BT38531V1C,62,false,
63942,BT38534V1C,259,false,
63943,BT38546V1C,49,false,
63944,BT39503V1C,97,false,
63945,BT39533V1C,104,false,
63946,BT39540V1C,4168,false,
63947,BT39546V1C,65,false,
63948,BT39558V1C,49,false,
63949,BT39570V1C,49,false,
63950,BT39581V1C,4169,false,
63951,BT39590V1C,65,false,
63952,BT39595V1C,65,false,
63953,BT39600V1C,424,false,
63954,BT39617V1C,4104,false,
63955,BT39675V1C,1779,false,
63956,BT39720V1C,527,false,
63957,BT39730V1C,822,false,
63958,BT39748V1C,87,false,
63959,BT39752V1C,2508,false,
63960,BT39783V1C,2884,false,
63961,BT39792V1C,49,false,
63962,BT39793V1C,1509,false,
63963,BT39808V1C,104,false,
63964,BT39820V1C,65,false,
63965,BT39827V1C,1677,false,
63966,BT39897V1C,104,false,
63967,BT51011V1C,1396,false,
63968,BT51017V1C,2885,false,
63969,BT6012V1C,62,false,
63970,BT6020V1C,97,false,
63971,BT6025V1C,45,false,
63972,BT6166V1C,259,false,
63973,BT6195V1C,87,false,
63974,BT6297V1C,65,false,
63975,BT6388V1C,97,false,
63976,BT6423V1C,1400,false,
63977,BT6436V1C,259,false,
63978,BT6437V1C,93,false,
63979,BT6439V1C,4167,false,
63980,BT6665V1C,95,false,
63981,BT6692V1C,65,false,
64009,3026,,false,
64010,3027,,false,
64011,EXNG664,,false,
64012,E06.4959,,false,
64013,R17.0728,,false,
64014,R17.0731,,false,
64015,R17.0739,,false,
64016,R17.0742,,false,
64017,R18.2577,,false,
64018,R18.2598,,false,
64019,R18.2606,,false,
64020,R18.2610,,false,
64021,R18.2616,,false,
64022,R18.2623,,false,
64023,23162,,false,
64024,23163,,false,
64025,23169,,false,
64026,23218,,false,
64027,23283,,false,
64028,22142,,false,
64032,M42473,759,false,
64033,7563/18,,false,
64034,2035/18,,false,
64035,8757/18,,false,
64036,BA0061504,,false,
64037,BA0061505,,false,
64038,BA0061516,,false,
64039,BA0061523,,false,
64040,BA0061528,,false,
64041,BA0061533,,false,
64042,BA0061538,,false,
64043,BA0061540,,false,
64044,BA0061541,,false,
64045,BA0061542,,false,
64046,BA0061547,,false,
64047,BA0061556,,false,
64048,BA0061557,,false,
64049,BA0061558,,false,
64050,BA0061572,,false,
64051,BA0061574,,false,
64052,BA0061575,,false,
64053,BA0061578,,false,
64054,BA0061582,,false,
64055,BA0061585,,false,
64056,BA0061586,,false,
64057,BA0061590,,false,
64058,BA0061593,,false,
64059,BA0061599,,false,
64060,BA0061603,,false,
64061,BA0061607,,false,
64062,BA0061608,,false,
64063,BA0061616,,false,
64064,BA0061622,,false,
64065,BA0061624,,false,
64066,BA0061629,,false,
64067,BA0061645,,false,
64068,BA0061646,,false,
64069,BA0061672,,false,
64070,BA0061675,,false,
64071,BA0061686,,false,
64072,BA0061689,,false,
64073,BA0061691,,false,
64074,BA0061700,,false,
64075,BA0061701,,false,
64076,BA0061708,,false,
64077,BA0061710,,false,
64078,BA0061724,,false,
64079,BA0061734,,false,
64080,BA0061736,,false,
64081,BA0061752,,false,
64082,BA0061791,,false,
64083,BA0061792,,false,
64084,BA0061812,,false,
64085,BA0061823,,false,
64086,BA0061841,,false,
64087,BA0061843,,false,
64088,BA0061844,,false,
64089,BA0061850,,false,
64090,BA0061851,,false,
64091,BA0061858,,false,
64092,BA0061860,,false,
64093,BA0061862,,false,
64094,BA0061863,,false,
64095,BA0061864,,false,
64096,BA0061865,,false,
64097,BA0061870,,false,
64098,BA0061871,,false,
64099,BA0061875,,false,
64100,BA0061876,,false,
64101,BA0061883,,false,
64102,BA0061886,,false,
64103,BA0061894,,false,
64104,BA0061897,,false,
64105,BA0061909,,false,
64106,BA0061926,,false,
64107,BA0061930,,false,
64108,BA0061932,,false,
64109,BA0061935,,false,
64110,BA0061944,,false,
64111,BA0061952,,false,
64112,BA0061978,,false,
64113,BA0061982,,false,
64114,BA0061983,,false,
64115,BA0061985,,false,
64116,BA0061989,,false,
64117,BA0061992,,false,
64118,BA0061993,,false,
64119,BA0061995,,false,
64120,BA0061996,,false,
64121,BA0061998,,false,
64122,BA0061999,,false,
64123,BA0062008,,false,
64124,BA0062014,,false,
64125,BA0062015,,false,
64126,BA0062022,,false,
64127,BA0062037,,false,
64128,BA0062054,,false,
64129,BA0062055,,false,
64130,BA0062060,,false,
64131,BA0062064,,false,
64132,BA0062066,,false,
64133,BA0062072,,false,
64134,BA0062086,,false,
64135,BA0062087,,false,
64136,BA0062110,,false,
64137,BA0062112,,false,
64138,BA0062115,,false,
64139,BA0062116,,false,
64140,BA0062121,,false,
64141,BA0062138,,false,
64142,BA0062142,,false,
64143,BA0062153,,false,
64144,BA0062158,,false,
64145,BA0062168,,false,
64146,BA0062169,,false,
64147,BA0062197,,false,
64148,BA0062204,,false,
64149,BA0062205,,false,
64150,BA0062215,,false,
64151,BA0062216,,false,
64152,BA0062218,,false,
64153,BA0062221,,false,
64154,BA0062223,,false,
64155,BA0062228,,false,
64156,BA0062233,,false,
64157,BA0062243,,false,
64158,BA0062246,,false,
64159,BA0062255,,false,
64160,BA0062263,,false,
64161,BA0062267,,false,
64162,BA0062268,,false,
64163,BA0062269,,false,
64164,BA0062273,,false,
64165,BA0062279,,false,
64166,BA0062283,,false,
64167,BA0062286,,false,
64168,BA0062301,,false,
64169,BA0062303,,false,
64170,BA0062307,,false,
64171,BA0062315,,false,
64172,BA0062323,,false,
64173,BA0062333,,false,
64174,BA0062343,,false,
64175,BA0062355,,false,
64176,BA0062368,,false,
64177,BA0062378,,false,
64178,BA0062383,,false,
64179,BA0062386,,false,
64180,BA0062389,,false,
64181,BA0062393,,false,
64182,BA0062397,,false,
64183,BA0062403,,false,
64184,BA0062407,,false,
64185,BA0062415,,false,
64186,BA0062416,,false,
64187,BA0062426,,false,
64188,BA0062442,,false,
64189,BA0062445,,false,
64190,BA0062490,,false,
64191,BA0062498,,false,
64192,BA0062501,,false,
64193,BA0062502,,false,
64194,BA0062523,,false,
64195,BA0062530,,false,
64196,BA0062543,,false,
64197,BA0062551,,false,
64198,BA0062557,,false,
64199,BA0062568,,false,
64200,BA0062573,,false,
64201,BA0062577,,false,
64202,BA0062578,,false,
64203,BA0062582,,false,
64204,BA0062587,,false,
64205,BA0102001,,false,
64206,BA0102004,,false,
64207,BA0102008,,false,
64208,BA0102011,,false,
64209,BA0102012,,false,
64210,BA0102017,,false,
64211,BA0102019,,false,
64212,BA0102026,,false,
64213,BA0102033,,false,
64214,BA0102035,,false,
64215,BA0102038,,false,
64216,BA0102051,,false,
64217,BA0102054,,false,
64218,BA0102065,,false,
64219,BA0102071,,false,
64220,BA0102076,,false,
64221,BA0102078,,false,
64222,BA0102092,,false,
64223,BA0102098,,false,
64224,BA0102102,,false,
64225,BA0102110,,false,
64226,BA0102112,,false,
64227,BA0102113,,false,
64228,BA0102118,,false,
64229,BA0102122,,false,
64230,BA0102128,,false,
64231,BA0102130,,false,
64232,BA0102134,,false,
64233,BA0102137,,false,
64234,BA0102143,,false,
64235,BA0102147,,false,
64236,BA0102150,,false,
64237,BA0102151,,false,
64238,BA0102153,,false,
64239,BA0102154,,false,
64240,BA0102160,,false,
64241,BA0102169,,false,
64242,BA0102171,,false,
64243,BA0102174,,false,
64244,BA0102181,,false,
64245,BA0102194,,false,
64246,BA0102195,,false,
64247,BA0102200,,false,
64248,BA0102202,,false,
64249,BA0102203,,false,
64250,BA0102204,,false,
64251,BA0102206,,false,
64252,BA0102207,,false,
64253,BA0102209,,false,
64254,BA0102210,,false,
64255,BA0102217,,false,
64256,BA0102220,,false,
64257,BA0102232,,false,
64258,BA0102233,,false,
64259,BA0102237,,false,
64260,BA0102248,,false,
64261,BA0102258,,false,
64262,BA0102260,,false,
64263,BA0102263,,false,
64264,BA0102272,,false,
64265,BA0102278,,false,
64266,BA0102283,,false,
64267,BA0102286,,false,
64268,BA0102288,,false,
64269,BA0102290,,false,
64270,BA0102291,,false,
64271,BA0102292,,false,
64272,BA0102295,,false,
64273,BA0102312,,false,
64274,BA0102317,,false,
64275,BA0102329,,false,
64276,BA0102347,,false,
64277,BA0102359,,false,
64278,BA0102365,,false,
64279,BA0102370,,false,
64280,BA0102373,,false,
64281,BA0102374,,false,
64282,BA0102378,,false,
64283,BA0102379,,false,
64284,BA0102384,,false,
64285,BA0102385,,false,
64286,BA0102402,,false,
64287,BA0102403,,false,
64288,BA0102405,,false,
64289,BA0102410,,false,
64290,BA0102411,,false,
64291,BA0102416,,false,
64292,BA0102417,,false,
64293,BA0102419,,false,
64294,BA0102429,,false,
64295,BA0102430,,false,
64296,BA0102432,,false,
64297,BA0102433,,false,
64298,BA0102434,,false,
64299,BA0102442,,false,
64300,BA0102444,,false,
64301,BA0102446,,false,
64302,BA0102449,,false,
64303,BA0102453,,false,
64304,BA0102459,,false,
64305,BA0102464,,false,
64306,BA0102468,,false,
64307,BA0102472,,false,
64308,BA0102475,,false,
64309,BA0102479,,false,
64310,BA0102481,,false,
64311,BA0102487,,false,
64312,BA0102488,,false,
64313,BA0102491,,false,
64314,BA0102493,,false,
64315,BA0102495,,false,
64316,BA0102499,,false,
64317,BA0102511,,false,
64318,BA0102512,,false,
64319,BA0102516,,false,
64320,BA0102519,,false,
64321,BA0102526,,false,
64322,BA0102528,,false,
64323,BA0102530,,false,
64324,BA0102531,,false,
64325,BA0102533,,false,
64326,BA0102537,,false,
64327,BA0102541,,false,
64328,BA0102542,,false,
64329,BA0102544,,false,
64330,BA0102547,,false,
64331,BA0102548,,false,
64332,BA0102549,,false,
64333,BA0102552,,false,
64334,BA0102562,,false,
64335,BA0102563,,false,
64336,BA0102571,,false,
64337,BA0102572,,false,
64338,BA0102573,,false,
64339,BA0102582,,false,
64340,BA0102583,,false,
64341,BA0102586,,false,
64342,BA0102591,,false,
64343,BA0102592,,false,
64344,BA0102594,,false,
64345,BA0102595,,false,
64346,BA0102600,,false,
64347,BA0102616,,false,
64348,BA0102625,,false,
64349,BA0102628,,false,
64350,BA0102629,,false,
64351,BA0102656,,false,
64352,BA0102659,,false,
64353,BA0102663,,false,
64354,BA0102666,,false,
64355,BA0102692,,false,
64356,BA0102705,,false,
64357,BA0102707,,false,
64358,BA0102712,,false,
64359,BA0102720,,false,
64360,BA0102727,,false,
64361,BA0102736,,false,
64362,BA0102750,,false,
64363,BA0102751,,false,
64364,BA0102758,,false,
64365,BA0102769,,false,
64366,BA0102770,,false,
64367,BA0102774,,false,
64368,BA0102792,,false,
64369,BA0102794,,false,
64370,BA0102807,,false,
64371,BA0102808,,false,
64372,BA0102825,,false,
64373,BA0102852,,false,
64374,BA0102854,,false,
64375,BA0102858,,false,
64376,BA0102859,,false,
64377,BA0102864,,false,
64378,BA0102865,,false,
64379,BA0102867,,false,
64380,BA0102873,,false,
64381,BA0102876,,false,
64382,BA0102880,,false,
64383,BA0102881,,false,
64384,BA0102888,,false,
64385,BA0102889,,false,
64386,BA0102924,,false,
64387,BA0102928,,false,
64388,BA0102930,,false,
64389,BA0102931,,false,
64390,BA0102932,,false,
64391,BA0102942,,false,
64392,BA0102950,,false,
64393,BA0102961,,false,
64394,BA0102970,,false,
64395,BA0102981,,false,
64396,BA0102985,,false,
64397,BA0102986,,false,
64398,BA0103000,,false,
64399,BA0103004,,false,
64400,BA0103011,,false,
64401,BA0103019,,false,
64402,BA0103020,,false,
64403,BA0103021,,false,
64404,BA0103025,,false,
64405,BA9952004,,false,
64406,BA9952011,,false,
64407,BA9952015,,false,
64408,BA9952018,,false,
64409,BA9952021,,false,
64410,BA9952032,,false,
64411,BA9952035,,false,
64412,BA9952038,,false,
64413,BA9952040,,false,
64414,BA9952045,,false,
64415,BA9952049,,false,
64416,BA9952054,,false,
64417,BA9952057,,false,
64418,BA9952059,,false,
64419,BA9952060,,false,
64420,BA9952074,,false,
64421,BA9952079,,false,
64422,BA9952083,,false,
64423,BA9952084,,false,
64424,BA9952085,,false,
64425,BA9952093,,false,
64426,BA9952107,,false,
64427,BA9952109,,false,
64428,BA9952112,,false,
64429,BA9952113,,false,
64430,BA9952118,,false,
64431,BA9952120,,false,
64432,BA9952126,,false,
64433,BA9952188,,false,
64434,BA9952194,,false,
64435,BA9952195,,false,
64436,BA9952212,,false,
64437,BA9952215,,false,
64438,BA9952221,,false,
64439,BA9952235,,false,
64440,BA9952246,,false,
64441,BA9952265,,false,
64442,BA9952270,,false,
64443,BA9952272,,false,
64444,BA9952274,,false,
64445,BA9952275,,false,
64446,BA9952276,,false,
64447,BA9952283,,false,
64448,BA9952309,,false,
64449,BA9952311,,false,
64450,BA9952313,,false,
64451,BA9952319,,false,
64452,BA9952320,,false,
64453,BA9952336,,false,
64454,BA9952355,,false,
64455,BA9952359,,false,
64456,BA9952360,,false,
64457,BA9952361,,false,
64458,BA9952362,,false,
64459,BA9952368,,false,
64460,BA9952377,,false,
64461,BA9952380,,false,
64462,BA9952383,,false,
64463,BA9952387,,false,
64464,BA9952401,,false,
64465,BA9952403,,false,
64466,BA9952404,,false,
64467,BA9952406,,false,
64468,BA9952411,,false,
64469,BA9952417,,false,
64470,BA9952425,,false,
64471,BA9952428,,false,
64472,BA9952434,,false,
64473,BA9952435,,false,
64474,BA9952439,,false,
64475,BA9952443,,false,
64476,BA9952444,,false,
64477,BA9952448,,false,
64478,BA9952451,,false,
64479,BA9952457,,false,
64480,BA9952458,,false,
64481,BA9952461,,false,
64482,BA9952480,,false,
64483,BA9952482,,false,
64484,BA9952490,,false,
64485,BA9952499,,false,
64486,BA9952518,,false,
64487,BA9952548,,false,
64488,BA9952549,,false,
64489,BA9952561,,false,
64490,BA9952562,,false,
64491,BA9952573,,false,
64492,BA9952621,,false,
64493,BA9952623,,false,
64494,BA9952624,,false,
64495,BA9952661,,false,
64496,BA9952667,,false,
64497,BA9952675,,false,
64498,BA9952702,,false,
64499,BA9952710,,false,
64500,BA9952716,,false,
64501,BA9952758,,false,
64502,BA9952763,,false,
64503,BA9952768,,false,
64504,BA9952772,,false,
64505,BA9952805,,false,
64506,BA9952812,,false,
64507,BA9952942,,false,
64508,CA0060008,,false,
64509,CA0060010,,false,
64510,CA0060012,,false,
64511,CA0060017,,false,
64512,CA0060026,,false,
64513,CA0060082,,false,
64514,CA0060089,,false,
64515,CA0060117,,false,
64516,CA0060124,,false,
64517,CA0060128,,false,
64518,CA0060129,,false,
64519,CA0060137,,false,
64520,CA0060142,,false,
64521,CA0060149,,false,
64522,CA0060150,,false,
64523,CA0060152,,false,
64524,CA0060156,,false,
64525,CA0060166,,false,
64526,CA0060168,,false,
64527,CA0060177,,false,
64528,CA0060203,,false,
64529,CA0060212,,false,
64530,CA0060232,,false,
64531,CA0060234,,false,
64532,CA0060237,,false,
64533,CA0060245,,false,
64534,CA0060252,,false,
64535,CA0060254,,false,
64536,CA0060266,,false,
64537,CA0060321,,false,
64538,CA0060335,,false,
64539,CA0060339,,false,
64540,CA0060346,,false,
64541,CA0060347,,false,
64542,CA0060354,,false,
64543,CA0060356,,false,
64544,CA0060357,,false,
64545,CA0060375,,false,
64546,CA0060382,,false,
64547,CA0060385,,false,
64548,CA0060389,,false,
64549,CA0060392,,false,
64550,CA0060396,,false,
64551,CA0060398,,false,
64552,CA0060402,,false,
64553,CA0060414,,false,
64554,CA0060420,,false,
64555,CA0060424,,false,
64556,CA0060428,,false,
64557,CA0060431,,false,
64558,CA0060450,,false,
64559,CA0060452,,false,
64560,CA0060456,,false,
64561,CA0060457,,false,
64562,CA0060506,,false,
64563,CA0060510,,false,
64564,CA0060516,,false,
64565,CA0060518,,false,
64566,CA0060532,,false,
64567,CA0060553,,false,
64568,CA0060558,,false,
64569,CA0060567,,false,
64570,CA0060573,,false,
64571,CA0060575,,false,
64572,CA0060590,,false,
64573,CA0060594,,false,
64574,CA0060631,,false,
64575,CA0060641,,false,
64576,CA0060648,,false,
64577,CA0060649,,false,
64578,CA0060655,,false,
64579,CA0060661,,false,
64580,CA0060665,,false,
64581,CA0060671,,false,
64582,CA0060674,,false,
64583,CA0060684,,false,
64584,CA0060703,,false,
64585,CA0060706,,false,
64586,CA0060720,,false,
64587,CA0060734,,false,
64588,CA0060758,,false,
64589,CA0060761,,false,
64590,CA0060762,,false,
64591,CA0060775,,false,
64592,CA0060793,,false,
64593,CA0060807,,false,
64594,CA0060810,,false,
64595,CA0060815,,false,
64596,CA0060829,,false,
64597,CA0060832,,false,
64598,CA0060841,,false,
64599,CA0060855,,false,
64600,CA0060858,,false,
64601,CA0060871,,false,
64602,CA0060881,,false,
64603,CA0060893,,false,
64604,CA0060900,,false,
64605,CA0060905,,false,
64606,CA0060914,,false,
64607,CA0060943,,false,
64608,CA0060946,,false,
64609,CA0060964,,false,
64610,CA0060967,,false,
64611,CA0060988,,false,
64612,CA0060989,,false,
64613,CA0060993,,false,
64614,CA0060999,,false,
64615,CA0061008,,false,
64616,CA0061013,,false,
64617,CA0061015,,false,
64618,CA0061026,,false,
64619,CA0061028,,false,
64620,CA0061030,,false,
64621,CA0061032,,false,
64622,CA0061040,,false,
64623,CA0061051,,false,
64624,CA0061056,,false,
64625,CA0061070,,false,
64626,CA0061072,,false,
64627,CA0061076,,false,
64628,CA0061089,,false,
64629,CA0061091,,false,
64630,CA0061096,,false,
64631,CA0061115,,false,
64632,CA0061119,,false,
64633,CA0061121,,false,
64634,CA0061126,,false,
64635,CA0061133,,false,
64636,CA0061140,,false,
64637,CA0061146,,false,
64638,CA0061150,,false,
64639,CA0061159,,false,
64640,CA0061166,,false,
64641,CA0061171,,false,
64642,CA0061182,,false,
64643,CA0061191,,false,
64644,CA0061204,,false,
64645,CA0061216,,false,
64646,CA0061223,,false,
64647,CA0061224,,false,
64648,CA0061227,,false,
64649,CA0061231,,false,
64650,CA0061232,,false,
64651,CA0061235,,false,
64652,CA0061241,,false,
64653,CA0061274,,false,
64654,CA0061275,,false,
64655,CA0061277,,false,
64656,CA0061289,,false,
64657,CA0061292,,false,
64658,CA0061294,,false,
64659,CA0061296,,false,
64660,CA0061306,,false,
64661,CA0061324,,false,
64662,CA0061331,,false,
64663,CA0061346,,false,
64664,CA0061348,,false,
64665,CA0061349,,false,
64666,CA0061355,,false,
64667,CA0061356,,false,
64668,CA0061357,,false,
64669,CA0061359,,false,
64670,CA0061361,,false,
64671,CA0061364,,false,
64672,CA0061366,,false,
64673,CA0061370,,false,
64674,CA0061372,,false,
64675,CA0061375,,false,
64676,CA0061385,,false,
64677,CA0061389,,false,
64678,CA0061415,,false,
64679,CA0061420,,false,
64680,CA0061422,,false,
64681,CA0061426,,false,
64682,CA0061435,,false,
64683,CA0061438,,false,
64684,CA0061439,,false,
64685,CA0061441,,false,
64686,CA0061442,,false,
64687,CA0061446,,false,
64688,CA0061450,,false,
64689,CA0061453,,false,
64690,CA0061462,,false,
64691,CA0061466,,false,
64692,CA0061470,,false,
64693,CA0061475,,false,
64694,CA0061489,,false,
64695,CA0061502,,false,
64696,CA0063001,,false,
64697,CA0063002,,false,
64698,CA0063005,,false,
64699,CA0063016,,false,
64700,CA0063022,,false,
64701,CA0063031,,false,
64702,CA0063032,,false,
64703,CA0063033,,false,
64704,CA0063045,,false,
64705,CA0063046,,false,
64706,CA0063047,,false,
64707,CA0063053,,false,
64708,CA0063055,,false,
64709,CA0063056,,false,
64710,CA0063058,,false,
64711,CA0063060,,false,
64712,CA0063064,,false,
64713,CA0063067,,false,
64714,CA0063069,,false,
64715,CA0063112,,false,
64716,CA0063117,,false,
64717,CA0063126,,false,
64718,CA0063136,,false,
64719,CA0063137,,false,
64720,CA0063141,,false,
64721,CA0063158,,false,
64722,CA0063166,,false,
64723,CA0063177,,false,
64724,CA0063179,,false,
64725,CA0063181,,false,
64726,CA0063182,,false,
64727,CA0063186,,false,
64728,CA0063187,,false,
64729,CA0063190,,false,
64730,CA0063191,,false,
64731,CA0063192,,false,
64732,CA0063200,,false,
64733,CA0063201,,false,
64734,CA0063202,,false,
64735,CA0063269,,false,
64736,CA0063279,,false,
64737,CA0063281,,false,
64738,CA0063285,,false,
64739,CA0100002,,false,
64740,CA0100006,,false,
64741,CA0100009,,false,
64742,CA0100028,,false,
64743,CA0100050,,false,
64744,CA0100054,,false,
64745,CA0100057,,false,
64746,CA0100078,,false,
64747,CA0100081,,false,
64748,CA0100093,,false,
64749,CA0100118,,false,
64750,CA0100124,,false,
64751,CA0100141,,false,
64752,CA0100147,,false,
64753,CA0100149,,false,
64754,CA0100158,,false,
64755,CA0100167,,false,
64756,CA0100176,,false,
64757,CA0100185,,false,
64758,CA0100202,,false,
64759,CA0100212,,false,
64760,CA0100237,,false,
64761,CA0100240,,false,
64762,CA0100242,,false,
64763,CA0100248,,false,
64764,CA0100251,,false,
64765,CA0100280,,false,
64766,CA0100285,,false,
64767,CA0100289,,false,
64768,CA0100300,,false,
64769,CA0100310,,false,
64770,CA0100311,,false,
64771,CA0100328,,false,
64772,CA0100329,,false,
64773,CA0100343,,false,
64774,CA0100345,,false,
64775,CA0100350,,false,
64776,CA0100352,,false,
64777,CA0100373,,false,
64778,CA0100374,,false,
64779,CA0100378,,false,
64780,CA0100380,,false,
64781,CA0100382,,false,
64782,CA0100393,,false,
64783,CA0100394,,false,
64784,CA0100396,,false,
64785,CA0100405,,false,
64786,CA0100408,,false,
64787,CA0100414,,false,
64788,CA0100419,,false,
64789,CA0100421,,false,
64790,CA0100424,,false,
64791,CA0100434,,false,
64792,CA0100435,,false,
64793,CA0100436,,false,
64794,CA0100439,,false,
64795,CA0100457,,false,
64796,CA0100465,,false,
64797,CA0100466,,false,
64798,CA0100468,,false,
64799,CA0100479,,false,
64800,CA0100480,,false,
64801,CA0100514,,false,
64802,CA0100527,,false,
64803,CA0100532,,false,
64804,CA0100544,,false,
64805,CA0100546,,false,
64806,CA0100547,,false,
64807,CA0100551,,false,
64808,CA0100552,,false,
64809,CA0100563,,false,
64810,CA0100566,,false,
64811,CA0100567,,false,
64812,CA0100570,,false,
64813,CA0100596,,false,
64814,CA0100597,,false,
64815,CA0100609,,false,
64816,CA0100616,,false,
64817,CA0100625,,false,
64818,CA0100632,,false,
64819,CA0100633,,false,
64820,CA0100635,,false,
64821,CA0100645,,false,
64822,CA0100662,,false,
64823,CA0100674,,false,
64824,CA0100675,,false,
64825,CA0100684,,false,
64826,CA0100685,,false,
64827,CA0100687,,false,
64828,CA0100694,,false,
64829,CA0100695,,false,
64830,CA0100697,,false,
64831,CA0100700,,false,
64832,CA0100701,,false,
64833,CA0100702,,false,
64834,CA0100705,,false,
64835,CA0100714,,false,
64836,CA0100721,,false,
64837,CA0100727,,false,
64838,CA0100739,,false,
64839,CA0100740,,false,
64840,CA0100746,,false,
64841,CA0100749,,false,
64842,CA0100760,,false,
64843,CA0100761,,false,
64844,CA0100767,,false,
64845,CA0100773,,false,
64846,CA0100774,,false,
64847,CA0100777,,false,
64848,CA0100786,,false,
64849,CA0100789,,false,
64850,CA0100793,,false,
64851,CA0100797,,false,
64852,CA0100798,,false,
64853,CA0100807,,false,
64854,CA0100822,,false,
64855,CA0100842,,false,
64856,CA0100853,,false,
64857,CA0100861,,false,
64858,CA0100862,,false,
64859,CA0100886,,false,
64860,CA0100888,,false,
64861,CA0100893,,false,
64862,CA0100908,,false,
64863,CA0100916,,false,
64864,CA0100918,,false,
64865,CA0100923,,false,
64866,CA0100925,,false,
64867,CA0100927,,false,
64868,CA0100928,,false,
64869,CA0100944,,false,
64870,CA0100945,,false,
64871,CA0100948,,false,
64872,CA0100950,,false,
64873,CA0100951,,false,
64874,CA0100958,,false,
64875,CA0100961,,false,
64876,CA0100964,,false,
64877,CA0100966,,false,
64878,CA0100967,,false,
64879,CA0100972,,false,
64880,CA0100984,,false,
64881,CA0100986,,false,
64882,CA0100987,,false,
64883,CA0100997,,false,
64884,CA0101008,,false,
64885,CA0101009,,false,
64886,CA0101012,,false,
64887,CA0101016,,false,
64888,CA0101023,,false,
64889,CA0101024,,false,
64890,CA0101029,,false,
64891,CA0101032,,false,
64892,CA0101037,,false,
64893,CA0101039,,false,
64894,CA0101052,,false,
64895,CA0101055,,false,
64896,CA0101058,,false,
64897,CA0101061,,false,
64898,CA0101065,,false,
64899,CA0101069,,false,
64900,CA0101074,,false,
64901,CA0101077,,false,
64902,CA0101082,,false,
64903,CA0101086,,false,
64904,CA0101098,,false,
64905,CA0101101,,false,
64906,CA0101105,,false,
64907,CA0101114,,false,
64908,CA0101118,,false,
64909,CA0101119,,false,
64910,CA0101120,,false,
64911,CA0101177,,false,
64912,CA0101186,,false,
64913,CA0101191,,false,
64914,CA0101201,,false,
64915,CA0101206,,false,
64916,CA0101207,,false,
64917,CA0101223,,false,
64918,CA0101225,,false,
64919,CA0101233,,false,
64920,CA0101251,,false,
64921,CA0101269,,false,
64922,CA0101277,,false,
64923,CA0101287,,false,
64924,CA0101311,,false,
64925,CA0101312,,false,
64926,CA0101316,,false,
64927,CA0101320,,false,
64928,CA0101326,,false,
64929,CA0101336,,false,
64930,CA0101346,,false,
64931,CA0101351,,false,
64932,CA0101363,,false,
64933,CA0101366,,false,
64934,CA0101375,,false,
64935,CA0101384,,false,
64936,CA0101398,,false,
64937,CA0101403,,false,
64938,CA0101405,,false,
64939,CA0101412,,false,
64940,CA0101417,,false,
64941,CA0101423,,false,
64942,CA0101437,,false,
64943,CA0101438,,false,
64944,CA0101452,,false,
64945,CA0101456,,false,
64946,CA0101481,,false,
64947,CA0101488,,false,
64948,CA0101489,,false,
64949,CA0101491,,false,
64950,CA0101493,,false,
64951,CA0101503,,false,
64952,CA0101524,,false,
64953,CA0101526,,false,
64954,CA0101535,,false,
64955,CA0101540,,false,
64956,CA0101558,,false,
64957,CA0101585,,false,
64958,CA0101597,,false,
64959,CA0101603,,false,
64960,CA0101605,,false,
64961,CA0101615,,false,
64962,CA0101622,,false,
64963,CA0101637,,false,
64964,CA0101639,,false,
64965,CA0101645,,false,
64966,CA0101650,,false,
64967,CA0101654,,false,
64968,CA0101661,,false,
64969,CA0101662,,false,
64970,CA9950003,,false,
64971,CA9950005,,false,
64972,CA9950016,,false,
64973,CA9950046,,false,
64974,CA9950047,,false,
64975,CA9950069,,false,
64976,CA9950078,,false,
64977,CA9950088,,false,
64978,CA9950089,,false,
64979,CA9950099,,false,
64980,CA9950103,,false,
64981,CA9950104,,false,
64982,CA9950110,,false,
64983,CA9950133,,false,
64984,CA9950137,,false,
64985,CA9950140,,false,
64986,CA9950141,,false,
64987,CA9950152,,false,
64988,CA9950158,,false,
64989,CA9950199,,false,
64990,CA9950218,,false,
64991,CA9950221,,false,
64992,CA9950237,,false,
64993,CA9950274,,false,
64994,CA9950283,,false,
64995,CA9950329,,false,
64996,CA9950347,,false,
64997,CA9950364,,false,
64998,CA9950385,,false,
64999,CA9950402,,false,
65000,CA9950451,,false,
65001,CA9950453,,false,
65002,CA9950454,,false,
65003,CA9950458,,false,
65004,CA9950459,,false,
65005,CA9950474,,false,
65006,CA9950481,,false,
65007,CA9950482,,false,
65008,CA9950488,,false,
65009,CA9950491,,false,
65010,CA9950493,,false,
65011,CA9950495,,false,
65012,CA9950497,,false,
65013,CA9950504,,false,
65014,CA9950505,,false,
65015,CA9950508,,false,
65016,CA9950515,,false,
65017,CA9950516,,false,
65018,CA9950524,,false,
65019,CA9950526,,false,
65020,CA9950530,,false,
65021,CA9950532,,false,
65022,CA9950539,,false,
65023,CA9950556,,false,
65024,CA9950559,,false,
65025,CA9950562,,false,
65026,CA9950574,,false,
65027,CA9950584,,false,
65028,CA9950587,,false,
65029,CA9950601,,false,
65030,CA9950624,,false,
65031,CA9950626,,false,
65032,CA9950632,,false,
65033,CA9950635,,false,
65034,CA9950640,,false,
65035,CA9950641,,false,
65036,CA9950649,,false,
65037,CA9950662,,false,
65038,CA9950669,,false,
65039,CA9950674,,false,
65040,CA9950675,,false,
65041,CA9950712,,false,
65042,CA9950715,,false,
65043,CA9950717,,false,
65044,CA9950718,,false,
65045,CA9950720,,false,
65046,CA9950736,,false,
65047,CA9950742,,false,
65048,CA9950744,,false,
65049,CA9950777,,false,
65050,CA9950780,,false,
65051,CA9950785,,false,
65052,CA9950800,,false,
65053,CA9950801,,false,
65054,CA9950807,,false,
65055,CA9950816,,false,
65056,CA9950828,,false,
65057,CA9950835,,false,
65058,CA9950853,,false,
65059,CA9950866,,false,
65060,CA9950869,,false,
65061,CA9950881,,false,
65062,CA9950882,,false,
65063,CA9950886,,false,
65064,CA9950891,,false,
65065,CA9950892,,false,
65066,CA9950894,,false,
65067,CA9950898,,false,
65068,CA9950902,,false,
65069,CA9950907,,false,
65070,CA9950915,,false,
65071,CA9950929,,false,
65072,CA9950930,,false,
65073,CA9950941,,false,
65074,CA9950945,,false,
65075,CA9950955,,false,
65076,CA9950983,,false,
65077,CA9950998,,false,
65078,CA9951024,,false,
65079,CA9951026,,false,
65080,CA9951035,,false,
65081,CA9951051,,false,
65082,CA9951056,,false,
65083,CA9951065,,false,
65084,CA9951078,,false,
65085,CA9951087,,false,
65086,CA9951104,,false,
65087,CA9951119,,false,
65088,CA9951126,,false,
65089,CA9951146,,false,
65090,CA9951148,,false,
65091,CA9951149,,false,
65092,CA9951150,,false,
65093,CA9951162,,false,
65094,CA9951163,,false,
65095,CA9951165,,false,
65096,CA9951169,,false,
65097,CA9951178,,false,
65098,CA9951179,,false,
65099,CA9951192,,false,
65100,CA9951207,,false,
65101,CA9951226,,false,
65102,CA9951228,,false,
65103,CA9951260,,false,
65104,CA9951269,,false,
65105,CA9951278,,false,
65106,CA9951287,,false,
65107,CA9951288,,false,
65108,CA9951293,,false,
65109,CA9951298,,false,
65110,CA9951300,,false,
65111,CA9951309,,false,
65112,CA9951311,,false,
65113,CA9951312,,false,
65114,CA9951317,,false,
65115,CA9951318,,false,
65116,CA9951333,,false,
65117,CA9951342,,false,
65118,CA9951352,,false,
65119,CA9951386,,false,
65120,CA9951392,,false,
65121,CA9951397,,false,
65122,CA9951406,,false,
65123,CA9951411,,false,
65124,CA9951420,,false,
65125,CA9951443,,false,
65126,CA9951453,,false,
65127,CA9951458,,false,
65128,CA9951462,,false,
65129,CA9951464,,false,
65130,CA9951465,,false,
65131,CA9951467,,false,
65132,CA9951483,,false,
65133,CA9951485,,false,
65134,CA9951494,,false,
65135,CA9951495,,false,
65136,CA9951502,,false,
65137,CA9951503,,false,
65138,CA9951512,,false,
65139,CA9951523,,false,
65140,CA9951527,,false,
65141,CA9951534,,false,
65142,CA9951538,,false,
65143,CA9951542,,false,
65144,CA9951546,,false,
65145,CA9951547,,false,
65146,CA9951552,,false,
65147,CA9951561,,false,
65148,CA9951564,,false,
65149,CA9951567,,false,
65150,CA9951569,,false,
65151,CA9951570,,false,
65152,CA9951584,,false,
65153,CA9951586,,false,
65154,CA9951590,,false,
65155,CA9951591,,false,
65156,CA9951602,,false,
65157,CA9951603,,false,
65158,CA9951604,,false,
65159,CA9951608,,false,
65160,CA9951622,,false,
65161,CA9951623,,false,
65162,CA9951624,,false,
65163,CA9951625,,false,
65164,CA9951637,,false,
65165,CA9951642,,false,
65166,CA9951647,,false,
65167,CA9951650,,false,
65168,CA9951653,,false,
65169,CA9951658,,false,
65170,CA9951685,,false,
65171,CA9951696,,false,
65172,CA9951697,,false,
65173,CA9951699,,false,
65174,CA9951707,,false,
65175,CA9951711,,false,
65176,CA9951712,,false,
65177,CA9951715,,false,
65178,CA9951722,,false,
65179,CA9951748,,false,
65180,GL0000005,,false,
65181,GL0000006,,false,
65182,GL0000020,,false,
65183,GL0000035,,false,
65184,GL0000047,,false,
65185,GL0000052,,false,
65186,GL0000060,,false,
65187,GL0000062,,false,
65188,GL0000069,,false,
65189,GL0000074,,false,
65190,GL0000075,87,false,
65191,GL0000078,,false,
65192,GL0000079,,false,
65193,GL0000080,,false,
65194,GL0000082,5147,false,
65195,GL0000097,,false,
65196,GL0000104,,false,
65197,GL0000122,,false,
65198,GL0000125,45,false,
65199,GL0000139,5148,false,
65200,GL0000149,,false,
65201,GL0000158,,false,
65202,GL0000160,,false,
65203,GL0000169,779,false,
65204,GL0000170,779,false,
65205,GL0000177,,false,
65206,GL0000179,,false,
65207,GL0000186,,false,
65208,GL0000196,,false,
65209,GL0000204,5149,false,
65210,GL0000205,,false,
65211,GL0000266,,false,
65212,GL0000267,,false,
65213,GL0000275,,false,
65214,GL0000281,,false,
65215,GL0000306,,false,
65216,GL0000307,,false,
65217,GL0000308,,false,
65218,GL0000317,,false,
65219,GL0000325,,false,
65220,GL0000327,93,false,
65221,GL0000331,,false,
65222,GL0000333,,false,
65223,GL0000335,141,false,
65224,GL0000336,,false,
65225,GL0000337,,false,
65226,GL0000351,,false,
65227,GL0000356,,false,
65228,GL0000359,,false,
65229,GL0000360,,false,
65230,GL0000363,,false,
65231,GL0000379,,false,
65232,GL0000385,,false,
65233,GL0000392,,false,
65234,GL0000397,,false,
65235,GL0000403,,false,
65236,GL0000404,,false,
65237,GL0000411,5036,false,
65238,GL0000429,62,false,
65239,GL0000463,87,false,
65240,GL0000470,,false,
65241,GL0000471,,false,
65242,GL0000474,,false,
65243,GL0000481,,false,
65244,GL0000521,2,false,
65245,GL0000537,141,false,
65246,GL0000539,,false,
65247,GL0000546,,false,
65248,GL0000556,,false,
65249,GL0000561,,false,
65250,GL0000564,,false,
65251,GL0000568,,false,
65252,GL0000580,,false,
65253,GL0000581,,false,
65254,GL0000585,87,false,
65255,GL0000588,93,false,
65256,GL0000590,,false,
65257,GL0000591,,false,
65258,GL0000597,,false,
65259,GL0000636,,false,
65260,GL0000637,45,false,
65261,GL0000643,,false,
65262,GL0000647,,false,
65263,GL0000681,87,false,
65264,GL0000684,87,false,
65265,GL0000693,87,false,
65266,GL0000704,,false,
65267,GL0000709,,false,
65268,GL0000717,,false,
65269,GL0000721,,false,
65270,GL0000732,,false,
65271,GL0000734,,false,
65272,GL0000735,,false,
65273,GL0000757,,false,
65274,GL0000760,,false,
65275,GL0000781,,false,
65276,GL0000784,,false,
65277,GL0000797,,false,
65278,GL0000798,,false,
65279,GL0000799,,false,
65280,GL0000802,,false,
65281,GL0000807,45,false,
65282,GL0000811,,false,
65283,GL0000819,,false,
65284,GL0000821,,false,
65285,GL0000822,,false,
65286,GL0000828,,false,
65287,GL0000847,,false,
65288,GL0000849,,false,
65289,GL0000853,,false,
65290,GL0000854,,false,
65291,GL0000855,,false,
65292,GL0000861,,false,
65293,GL0000863,45,false,
65294,GL0000894,77,false,
65295,GL0000897,49,false,
65296,GL0000902,45,false,
65297,GL0000908,45,false,
65298,GL0001014,,false,
65299,GL0001017,,false,
65300,GL0001024,,false,
65301,GL0001049,,false,
65302,GL0001067,,false,
65303,GL0001071,45,false,
65304,GL0001073,,false,
65305,GL0001080,,false,
65306,GL0001094,,false,
65307,GL0001099,,false,
65308,GL0001102,,false,
65309,GL0001109,,false,
65310,GL0001110,,false,
65311,GL0001116,,false,
65312,GL0001121,,false,
65313,GL0001131,,false,
65314,GL0001137,,false,
65315,GL0001139,,false,
65316,GL0001145,,false,
65317,GL0001177,4776,false,
65318,GL0001181,93,false,
65319,GL0001182,49,false,
65320,GL0001187,,false,
65321,GL0001188,77,false,
65322,GL0001189,141,false,
65323,GL0001190,,false,
65324,GL0001191,,false,
65325,GL0001193,49,false,
65326,GL0001194,49,false,
65327,GL0001217,,false,
65328,GL0001239,,false,
65329,GL0001248,,false,
65330,GL0001257,,false,
65331,GL0001262,,false,
65332,GL0001268,,false,
65333,GL0001289,,false,
65334,GL0001290,49,false,
65335,GL0001296,,false,
65336,GL0001300,,false,
65337,GL0001302,,false,
65338,GL0001309,,false,
65339,GL0001310,,false,
65340,GL0001318,,false,
65341,GL0001320,,false,
65342,GL0001328,,false,
65343,GL0001341,,false,
65344,GL0001357,,false,
65345,GL0001362,,false,
65346,GL0001373,,false,
65347,GL0001395,,false,
65348,GL0001396,,false,
65349,GL0001423,,false,
65350,GL0001428,1,false,
65351,GL0001431,,false,
65352,GL0001451,45,false,
65353,GL0001463,,false,
65354,GL0001464,,false,
65355,GL0001467,,false,
65356,GL0001478,,false,
65357,GL0001498,,false,
65358,GL0001500,49,false,
65359,GL0001507,49,false,
65360,GL0001513,,false,
65361,GL0001515,,false,
65362,GL0001519,,false,
65363,GL0001526,49,false,
65364,GL0001532,,false,
65365,GL0001537,,false,
65366,GL0001543,141,false,
65367,GL0001552,,false,
65368,GL0001556,,false,
65369,GL0001557,,false,
65370,GL0001560,,false,
65371,GL0001591,,false,
65372,GL0001593,,false,
65373,GL0001595,,false,
65374,GL0001606,,false,
65375,GL0001613,,false,
65376,GL0001622,,false,
65377,GL0001626,,false,
65378,GL0001631,,false,
65379,GL0001633,,false,
65380,GL0001639,,false,
65381,GL0001649,,false,
65382,GL0001653,,false,
65383,GL0001657,,false,
65384,GL0001658,,false,
65385,GL0001661,,false,
65386,GL0001678,,false,
65387,GL0001679,,false,
65388,GL0001681,,false,
65389,GL0001684,,false,
65390,GL0001685,,false,
65391,GL0001686,,false,
65392,GL0001688,,false,
65393,GL0001695,,false,
65394,GL0001705,,false,
65395,GL0001706,,false,
65396,GL0001716,,false,
65397,GL0001720,,false,
65398,GL0001750,,false,
65399,GL0001757,,false,
65400,GL0001766,,false,
65401,GL0001774,,false,
65402,GL0001782,,false,
65403,GL0001783,,false,
65404,GL0001785,,false,
65405,GL0001790,,false,
65406,GL0001793,,false,
65407,GL0001798,,false,
65408,GL0001808,,false,
65409,GL0001809,,false,
65410,GL0001818,,false,
65411,GL0001826,,false,
65412,GL0001849,,false,
65413,GL0001851,,false,
65414,GL0001861,,false,
65415,GL0001862,,false,
65416,GL0001863,,false,
65417,GL0001871,,false,
65418,GL0001875,,false,
65419,GL0001876,,false,
65420,GL0001887,,false,
65421,GL0001892,,false,
65422,GL0001901,,false,
65423,GL0001927,,false,
65424,GL0001929,,false,
65425,GL0001945,,false,
65426,GL0001947,,false,
65427,GL0001952,,false,
65428,GL0001953,,false,
65429,GL0001959,,false,
65430,GL0001961,,false,
65431,GL0001962,,false,
65432,GL0001965,,false,
65433,GL0001972,,false,
65434,GL0001974,,false,
65435,GL0001989,,false,
65436,GL0002017,,false,
65437,GL0002033,,false,
65438,GL0002047,,false,
65439,GL0002050,,false,
65440,GL0002053,,false,
65441,GL0002061,,false,
65442,GL0002085,,false,
65443,GL0002102,,false,
65444,GL0002125,,false,
65445,GL0002127,,false,
65446,GL0002134,,false,
65447,GL0002141,,false,
65448,GL0002144,1,false,
65449,GL0002146,141,false,
65450,GL0002147,,false,
65451,GL0002156,,false,
65452,GL0002160,,false,
65453,GL0002162,,false,
65454,GL0002163,,false,
65455,GL0002171,,false,
65456,GL0002178,,false,
65457,GL0002186,,false,
65458,GL0002187,,false,
65459,GL0002202,,false,
65460,GL0002207,,false,
65461,GL0002209,,false,
65462,GL0002213,,false,
65463,GL0002218,,false,
65464,GL0002221,,false,
65465,GL0002226,,false,
65466,GL0002230,,false,
65467,GL0002235,,false,
65468,GL0002239,,false,
65469,GL0002240,,false,
65470,GL0002242,,false,
65471,GL0002245,,false,
65472,GL0002255,,false,
65473,GL0002259,,false,
65474,GL0002266,,false,
65475,GL0002277,,false,
65476,GL0002283,,false,
65477,GL0002298,,false,
65478,GL0002305,,false,
65479,GL0002308,,false,
65480,GL0002321,,false,
65481,GL0002322,,false,
65482,GL0002343,,false,
65483,GL0002389,,false,
65484,GL0002396,,false,
65485,GL0002398,,false,
65486,GL0002426,,false,
65487,GL0002431,,false,
65488,GL0002445,,false,
65489,GL0002450,,false,
65490,GL0002462,,false,
65491,GL0002463,,false,
65492,GL0002467,,false,
65493,GL0002492,,false,
65494,GL0002494,,false,
65495,GL0002497,,false,
65496,GL0002503,,false,
65497,GL0002504,,false,
65498,GL0002508,,false,
65499,GL0002516,,false,
65500,GL0002517,,false,
65501,GL0002522,,false,
65502,GL0002529,,false,
65503,GL0002544,,false,
65504,GL0002551,,false,
65505,GL0002555,,false,
65506,GL0002585,,false,
65507,GL0002591,,false,
65508,GL0002592,,false,
65509,GL0002614,,false,
65510,GL0002621,,false,
65511,GL0002625,,false,
65512,GL0002633,,false,
65513,GL0002636,,false,
65514,GL0002645,,false,
65515,GL0002647,,false,
65516,GL0002652,,false,
65517,GL0002660,,false,
65518,GL0002661,,false,
65519,GL0002669,,false,
65520,GL0002672,,false,
65521,GL0002673,,false,
65522,GL0002682,,false,
65523,GL0002692,,false,
65524,GL0002710,,false,
65525,GL0002728,,false,
65526,GL0002737,,false,
65527,GL0002748,,false,
65528,GL0002752,,false,
65529,GL0002756,,false,
65530,GL0002758,,false,
65531,GL0002765,,false,
65532,GL0002770,,false,
65533,GL0002771,,false,
65534,GL0002772,,false,
65535,GL0002774,,false,
65536,GL0002777,,false,
65537,GL0002778,,false,
65538,GL0002785,,false,
65539,GL0002788,,false,
65540,GL0002811,,false,
65541,GL0002815,,false,
65542,GL0002817,,false,
65543,GL0002832,,false,
65544,GL0002836,,false,
65545,GL0002839,,false,
65546,GL0002842,,false,
65547,GL0002843,,false,
65548,GL0002844,,false,
65549,GL0002846,,false,
65550,GL0002847,,false,
65551,GL0002849,,false,
65552,GL0002850,,false,
65553,GL0002856,,false,
65554,GL0002874,,false,
65555,GL0002914,,false,
65556,GL0002925,,false,
65557,GL0002933,,false,
65558,GL0002938,,false,
65559,GL0002939,,false,
65560,GL0002945,,false,
65561,GL0002947,,false,
65562,GL0002974,,false,
65563,GL0002999,,false,
65564,GL0003006,,false,
65565,GL0003010,,false,
65566,GL0003013,,false,
65567,GL0003026,,false,
65568,GL0003035,,false,
65569,GL0003051,,false,
65570,GL0003066,,false,
65571,GL0003076,,false,
65572,GL0003077,,false,
65573,GL0003078,,false,
65574,GL0003089,,false,
65575,GL0003101,,false,
65576,GL0003104,,false,
65577,GL0003106,,false,
65578,GL0101004,,false,
65579,GL0101042,,false,
65580,GL0101043,,false,
65581,GL0101061,,false,
65582,GL0101062,,false,
65583,GL0101070,,false,
65584,GL0101075,,false,
65585,GL0101077,,false,
65586,GL0101078,,false,
65587,GL0101080,,false,
65588,GL0101093,,false,
65589,GL0101115,,false,
65590,GL0101134,,false,
65591,GL0101135,,false,
65592,GL0101155,,false,
65593,GL0101163,,false,
65594,GL0101167,,false,
65595,GL0101184,,false,
65596,GL0101197,,false,
65597,GL0101204,,false,
65598,GL0101212,,false,
65599,GL0101220,,false,
65600,GL0101235,,false,
65601,GL0101237,,false,
65602,GL0101239,,false,
65603,GL0101277,,false,
65604,GL0101289,,false,
65605,GL0101313,,false,
65606,GL0101329,,false,
65607,GL0101330,,false,
65608,GL0101347,,false,
65609,GL0101364,,false,
65610,GL0101372,,false,
65611,GL0101374,,false,
65612,GL0101403,,false,
65613,GL0101404,,false,
65614,GL0101408,,false,
65615,GL0101417,,false,
65616,GL0101427,,false,
65617,GL0101428,,false,
65618,GL0101431,,false,
65619,GL0101435,,false,
65620,GL0101438,,false,
65621,GL0101440,,false,
65622,GL0101446,,false,
65623,GL0101454,,false,
65624,GL0101461,,false,
65625,GL0101464,,false,
65626,GL0101476,,false,
65627,GL0101480,,false,
65628,GL0101481,,false,
65629,GL0101497,,false,
65630,GL0101505,,false,
65631,GL0101509,,false,
65632,GL0101510,,false,
65633,GL0101515,,false,
65634,GL0101516,,false,
65635,GL0101517,,false,
65636,GL0101519,,false,
65637,GL0101522,,false,
65638,GL0101523,,false,
65639,GL0101528,,false,
65640,GL0101530,,false,
65641,GL0101536,,false,
65642,GL0101541,,false,
65643,GL0101542,,false,
65644,GL0101547,,false,
65645,GL0101553,,false,
65646,GL0101554,,false,
65647,GL0101555,,false,
65648,GL0101566,,false,
65649,GL0101569,,false,
65650,GL0101571,,false,
65651,GL0101573,,false,
65652,GL0101576,,false,
65653,GL0101580,,false,
65654,GL0101598,,false,
65655,GL0101600,,false,
65656,GL0101615,,false,
65657,GL0101622,,false,
65658,GL0101625,,false,
65659,GL0101630,,false,
65660,GL0101631,,false,
65661,GL0101638,,false,
65662,GL0101653,,false,
65663,GL0101663,,false,
65664,GL0101669,,false,
65665,GL0101679,,false,
65666,GL0101683,,false,
65667,GL0101691,,false,
65668,GL0101697,,false,
65669,GL0101699,,false,
65670,GL0101700,,false,
65671,GL0101711,,false,
65672,GL0101712,,false,
65673,GL0101716,,false,
65674,GL0101717,,false,
65675,GL0101727,,false,
65676,GL0101732,,false,
65677,GL0101733,,false,
65678,GL0101738,,false,
65679,GL0101742,,false,
65680,GL0101744,,false,
65681,GL0101748,,false,
65682,GL0101756,,false,
65683,GL0101779,,false,
65684,GL0101783,,false,
65685,GL0101791,,false,
65686,GL0101792,,false,
65687,GL0101793,,false,
65688,GL0101798,,false,
65689,GL0101804,,false,
65690,GL0101810,,false,
65691,GL0101819,,false,
65692,GL0101831,,false,
65693,GL0101844,,false,
65694,GL0101846,,false,
65695,GL0101857,,false,
65696,GL0101868,,false,
65697,GL0101870,,false,
65698,GL0101875,,false,
65699,GL0101885,,false,
65700,GL0101893,,false,
65701,GL0101898,,false,
65702,GL0101909,,false,
65703,GL0101913,,false,
65704,GL0101920,,false,
65705,GL0101940,,false,
65706,GL0101941,,false,
65707,GL0101958,,false,
65708,GL0101973,,false,
65709,GL0101988,,false,
65710,GL0102002,,false,
65711,GL0102010,,false,
65712,GL0102017,,false,
65713,GL0102033,,false,
65714,GL0102034,,false,
65715,GL0102039,,false,
65716,GL0102043,,false,
65717,GL0102053,,false,
65718,GL0102058,,false,
65719,GL0102061,,false,
65720,GL0102072,,false,
65721,GL0102077,,false,
65722,GL0102087,,false,
65723,GL0102112,,false,
65724,GL0102116,,false,
65725,GL0102120,,false,
65726,GL0102122,,false,
65727,GL0102123,,false,
65728,GL0102125,,false,
65729,GL0102126,,false,
65730,GL0102128,,false,
65731,GL0102151,,false,
65732,GL0102172,,false,
65733,GL0102176,,false,
65734,GL0102182,,false,
65735,GL0102193,,false,
65736,GL0102199,,false,
65737,GL0102202,,false,
65738,GL0102237,,false,
65739,GL0102241,,false,
65740,GL0102244,,false,
65741,GL0102251,,false,
65742,GL0102255,,false,
65743,GL0102260,,false,
65744,GL0102266,,false,
65745,GL0102281,,false,
65746,GL0102287,,false,
65747,GL0102295,,false,
65748,GL0102298,,false,
65749,GL0102302,,false,
65750,GL0102303,,false,
65751,GL0102310,,false,
65752,GL0102312,,false,
65753,GL0102316,,false,
65754,GL0102354,,false,
65755,GL0102358,,false,
65756,GL0102359,,false,
65757,GL0102373,,false,
65758,GL0102374,,false,
65759,GL0102381,,false,
65760,GL0102385,,false,
65761,GL0102420,,false,
65762,GL0102421,,false,
65763,GL0102430,,false,
65764,GL0102437,,false,
65765,GL0102439,,false,
65766,GL0102445,,false,
65767,GL0102446,,false,
65768,GL0102461,,false,
65769,GL0102478,,false,
65770,GL0102479,,false,
65771,GL0102509,,false,
65772,GL0102520,,false,
65773,GL0102529,,false,
65774,GL0102551,,false,
65775,GL0102557,,false,
65776,GL0102558,,false,
65777,GL0102565,,false,
65778,GL0102567,,false,
65779,GL0102575,,false,
65780,GL0102581,,false,
65781,GL0102583,,false,
65782,GL0102584,,false,
65783,GL0102592,,false,
65784,GL0102603,,false,
65785,GL0102606,,false,
65786,GL0102611,,false,
65787,GL0102614,,false,
65788,GL0102642,,false,
65789,GL0102644,,false,
65790,GL0102646,,false,
65791,GL0102653,,false,
65792,GL0102654,,false,
65793,GL0102661,,false,
65794,GL0102662,,false,
65795,GL0102675,,false,
65796,GL0102684,,false,
65797,GL0102687,,false,
65798,GL0102692,,false,
65799,GL0102694,,false,
65800,GL0102695,,false,
65801,GL0102701,,false,
65802,GL0102709,,false,
65803,GL0102710,,false,
65804,GL0102717,,false,
65805,GL0102729,,false,
65806,GL0102735,,false,
65807,GL0102758,,false,
65808,GL0102759,,false,
65809,GL0102763,,false,
65810,GL0102774,,false,
65811,GL0102777,,false,
65812,GL0102781,,false,
65813,GL0102815,,false,
65814,GL0102853,,false,
65815,GL0102854,,false,
65816,GL0102869,,false,
65817,GL0102882,,false,
65818,GL0102883,,false,
65819,GL0102884,,false,
65820,GL0102924,,false,
65821,GL0102938,,false,
65822,GL0102951,,false,
65823,GL0102956,,false,
65824,GL0102959,,false,
65825,GL0102961,,false,
65826,GL0102963,,false,
65827,GL0102978,,false,
65828,GL0102988,,false,
65829,GL0102990,,false,
65830,GL0102993,,false,
65831,GL0103001,,false,
65832,GL0103008,,false,
65833,GL0103011,,false,
65834,GL0103012,,false,
65835,GL0103025,,false,
65836,GL0103031,,false,
65837,GL0103041,,false,
65838,GL0103058,,false,
65839,GL0103077,,false,
65840,GL0103080,,false,
65841,GL0103141,,false,
65842,GL0103149,,false,
65843,GL0103162,,false,
65844,GL0103168,,false,
65845,GL0103173,,false,
65846,GL0103188,,false,
65847,GL0103191,,false,
65848,GL0103254,,false,
65849,GL0103264,,false,
65850,GL0103270,,false,
65851,GL0103276,,false,
65852,GL0103281,,false,
65853,GL0103300,,false,
65854,GL0103302,,false,
65855,GL0103317,,false,
65856,GL0103318,,false,
65857,GL0103321,,false,
65858,GL0103338,,false,
65859,GL0103339,,false,
65860,GL0103347,,false,
65861,GL0103348,,false,
65862,GL0103351,,false,
65863,GL0103353,,false,
65864,GL0103354,,false,
65865,GL0103356,,false,
65866,GL0103362,,false,
65867,GL0103363,,false,
65868,GL0103372,,false,
65869,GL0103374,,false,
65870,GL0103386,,false,
65871,GL0103387,,false,
65872,GL0103394,,false,
65873,GL0103396,,false,
65874,GL0103402,,false,
65875,GL0103404,,false,
65876,GL0103413,,false,
65877,GL0103414,,false,
65878,GL0103415,,false,
65879,GL0103417,,false,
65880,GL0103419,,false,
65881,GL0103425,,false,
65882,GL0103429,,false,
65883,GL0103430,,false,
65884,GL0103434,,false,
65885,GL0103450,,false,
65886,GL0103457,,false,
65887,GL0103459,,false,
65888,GL0103464,,false,
65889,GL0103467,,false,
65890,GL0103476,,false,
65891,GL0103479,,false,
65892,GL0103491,,false,
65893,GL0103493,,false,
65894,GL0103586,,false,
65895,GL0103589,,false,
65896,GL0103592,,false,
65897,GL0103593,,false,
65898,GL0103594,,false,
65899,GL0103598,,false,
65900,GL0103613,,false,
65901,GL0103617,,false,
65902,GL0103622,,false,
65903,GL0103629,,false,
65904,GL0103633,,false,
65905,GL0103640,,false,
65906,GL0103642,,false,
65907,GL0103651,,false,
65908,GL0103665,,false,
65909,GL0103670,,false,
65910,GL0103678,,false,
65911,GL0103680,,false,
65912,GL0103683,,false,
65913,GL0103686,,false,
65914,GL0103689,,false,
65915,GL0103699,,false,
65916,GL0103701,,false,
65917,GL0103704,,false,
65918,GL0103706,,false,
65919,GL0103716,,false,
65920,GL0103718,,false,
65921,GL0103726,,false,
65922,GL0103735,,false,
65923,GL0103742,,false,
65924,GL0103750,,false,
65925,GL0103752,,false,
65926,GL0103766,,false,
65927,GL0103776,,false,
65928,GL0103777,,false,
65929,GL0103779,,false,
65930,GL0103788,,false,
65931,GL0103789,,false,
65932,GL0103792,,false,
65933,GL0103795,,false,
65934,GL0103796,,false,
65935,GL0103801,,false,
65936,GL0103825,,false,
65937,GL0103842,,false,
65938,GL0103848,,false,
65939,GL0103853,,false,
65940,GL0103856,,false,
65941,GL0103857,,false,
65942,GL0103860,,false,
65943,GL0103875,,false,
65944,GL0103877,,false,
65945,GL0103878,,false,
65946,GL0103879,,false,
65947,GL0103888,,false,
65948,GL0103897,,false,
65949,GL0103911,,false,
65950,GL0103930,,false,
65951,GL0103933,,false,
65952,GL0103934,,false,
65953,GL0103943,,false,
65954,GL0103945,,false,
65955,GL0103953,,false,
65956,GL0103955,,false,
65957,GL0103959,,false,
65958,GL0103961,,false,
65959,GL0103976,,false,
65960,GL0103979,,false,
65961,GL0104004,,false,
65962,GL0104011,,false,
65963,GL0104015,,false,
65964,GL0104017,,false,
65965,GL0104020,,false,
65966,GL0104021,,false,
65967,GL0104024,,false,
65968,GL0104036,,false,
65969,GL0104038,,false,
65970,GL0104051,,false,
65971,GL0104054,,false,
65972,GL0104055,,false,
65973,GL0104060,,false,
65974,GL0104065,,false,
65975,GL0104071,,false,
65976,GL0104077,,false,
65977,GL0104081,,false,
65978,GL0104086,,false,
65979,GL0104091,,false,
65980,GL0104092,,false,
65981,GL0104097,,false,
65982,GL0104098,,false,
65983,GL0104100,,false,
65984,GL0104121,,false,
65985,GL0104125,,false,
65986,GL0104129,,false,
65987,GL0104131,,false,
65988,GL0104133,,false,
65989,GL0104137,,false,
65990,GL0104160,,false,
65991,GL0104211,,false,
65992,GL0104212,,false,
65993,GL0104213,,false,
65994,GL0104233,,false,
65995,GL0104240,,false,
65996,GL0104242,,false,
65997,GL0104249,,false,
65998,GL0104252,,false,
65999,GL0104253,,false,
66000,GL0104263,,false,
66001,GL0104264,,false,
66002,GL0104279,,false,
66003,GL0104287,,false,
66004,GL0104292,,false,
66005,GL0104301,,false,
66006,GL0104311,,false,
66007,GL0104316,,false,
66008,GL0104326,,false,
66009,GL0104328,,false,
66010,GL0104336,,false,
66011,GL0104338,,false,
66012,GL9960001,,false,
66013,GL9960003,,false,
66014,GL9960006,,false,
66015,GL9960014,49,false,
66016,GL9960018,45,false,
66017,GL9960022,49,false,
66018,GL9960057,,false,
66019,GL9960069,,false,
66020,GL9960070,,false,
66021,GL9960079,,false,
66022,GL9960080,,false,
66023,GL9960093,,false,
66024,GL9960129,,false,
66025,GL9960156,87,false,
66026,GL9960188,45,false,
66027,GL9960221,,false,
66028,GL9960235,1723,false,
66029,GL9960270,,false,
66030,GL9960285,87,false,
66031,GL9960286,,false,
66032,GL9960287,45,false,
66033,GL9960306,,false,
66034,GL9960326,,false,
66035,GL9960339,,false,
66036,GL9960352,,false,
66037,GL9960361,87,false,
66038,GL9960376,,false,
66039,GL9960379,,false,
66040,GL9960411,,false,
66041,GL9960417,,false,
66042,GL9960430,87,false,
66043,GL9960437,,false,
66044,GL9960449,,false,
66045,GL9960466,,false,
66046,GL9960471,,false,
66047,GL9960479,,false,
66048,GL9960489,,false,
66049,GL9960536,87,false,
66050,GL9960551,,false,
66051,GL9960560,,false,
66052,GL9960569,87,false,
66053,GL9960570,,false,
66054,GL9960573,,false,
66055,GL9960574,,false,
66056,GL9960578,,false,
66057,GL9960590,,false,
66058,GL9960593,,false,
66059,GL9960596,,false,
66060,GL9960604,,false,
66061,GL9960605,,false,
66062,GL9960620,,false,
66063,GL9960667,,false,
66064,GL9960673,,false,
66065,GL9960675,,false,
66066,GL9960702,,false,
66067,GL9960709,,false,
66068,GL9960716,,false,
66069,GL9960719,,false,
66070,GL9960725,,false,
66071,GL9960726,,false,
66072,GL9960742,,false,
66073,GL9960744,,false,
66074,GL9960765,,false,
66075,GL9960773,,false,
66076,GL9960788,,false,
66077,GL9960794,,false,
66078,GL9960817,,false,
66079,GL9960821,,false,
66080,GL9960829,,false,
66081,GL9960830,,false,
66082,GL9960831,,false,
66083,GL9960845,,false,
66084,GL9960848,,false,
66085,GL9960851,,false,
66086,GL9960858,,false,
66087,GL9960862,,false,
66088,GL9960875,,false,
66089,GL9960891,,false,
66090,GL9960895,,false,
66091,GL9960903,,false,
66092,GL9960913,,false,
66093,GL9960915,,false,
66094,GL9960920,,false,
66095,GL9960927,,false,
66096,GL9960929,,false,
66097,GL9960937,,false,
66098,GL9960940,,false,
66099,GL9960948,45,false,
66100,GL9960951,,false,
66101,GL9960952,,false,
66102,GL9960978,,false,
66103,GL9960982,,false,
66104,GL9960987,,false,
66105,GL9961097,,false,
66106,GL9961100,87,false,
66107,GL9961102,,false,
66108,GL9961111,,false,
66109,GL9961116,87,false,
66110,GL9961128,,false,
66111,GL9961132,,false,
66112,GL9961139,,false,
66113,GL9961145,,false,
66114,GL9961161,,false,
66115,GL9961169,,false,
66116,GL9961212,,false,
66117,GL9961264,87,false,
66118,GL9961277,87,false,
66119,GL9961280,1,false,
66120,GL9961299,,false,
66121,GL9961300,,false,
66122,GL9961311,,false,
66123,GL9961316,45,false,
66124,GL9961319,,false,
66125,GL9961325,87,false,
66126,GL9961356,,false,
66127,GL9961357,,false,
66128,GL9961366,,false,
66129,GL9961417,1,false,
66130,GL9961420,1,false,
66131,GL9961424,,false,
66132,GL9961431,,false,
66133,GL9961432,,false,
66134,GL9961446,1,false,
66135,GL9961448,,false,
66136,GL9961462,,false,
66137,GL9961476,,false,
66138,GL9961478,,false,
66139,GL9961480,,false,
66140,GL9961494,87,false,
66141,GL9961497,,false,
66142,GL9961498,,false,
66143,GL9961612,,false,
66144,GL9961614,,false,
66145,GL9961615,1,false,
66146,GL9961619,,false,
66147,GL9961623,,false,
66148,GL9961626,2,false,
66149,GL9961640,4364,false,
66150,GL9961641,87,false,
66151,GL9961666,349,false,
66152,GL9961672,3870,false,
66153,GL9961677,93,false,
66154,GL9961678,,false,
66155,GL9961683,45,false,
66156,GL9961703,,false,
66157,GL9961705,,false,
66158,GL9961732,49,false,
66159,GL9961764,87,false,
66160,GL9961781,76,false,
66161,GL9961802,4365,false,
66162,GL9961813,,false,
66163,GL9961818,,false,
66164,GL9961819,,false,
66165,GL9961820,,false,
66166,GL9961829,39,false,
66167,GL9961831,,false,
66168,GL9961846,87,false,
66169,GL9961849,,false,
66170,GL9961911,,false,
66171,GL9961912,87,false,
66172,GL9961914,,false,
66173,GL9961925,,false,
66174,GL9961932,,false,
66175,GL9961937,,false,
66176,GL9961942,,false,
66177,GL9961946,,false,
66178,GL9961950,,false,
66179,GL9961954,,false,
66180,GL9961961,,false,
66181,GL9961973,,false,
66182,GL9961988,,false,
66183,GL9962001,,false,
66184,GL9962002,,false,
66185,GL9962068,,false,
66186,GL9962084,,false,
66187,GL9962085,,false,
66188,GL9962088,,false,
66189,GL9962090,,false,
66190,GL9962091,,false,
66191,GL9962099,,false,
66192,GL9962105,,false,
66193,GL9962110,,false,
66194,GL9962119,,false,
66195,GL9962121,,false,
66196,GL9962132,,false,
66197,GL9962133,,false,
66198,GL9962179,,false,
66199,GL9962189,,false,
66200,GL9962197,,false,
66201,GL9962212,,false,
66202,GL9962232,,false,
66203,GL9962244,,false,
66204,GL9962258,,false,
66205,GL9962282,,false,
66206,GL9962296,,false,
66207,GL9962401,,false,
66208,GL9962406,,false,
66209,GL9962409,,false,
66210,GL9962413,93,false,
66211,GL9962418,,false,
66212,GL9962424,,false,
66213,GL9962425,,false,
66214,GL9962426,,false,
66215,GL9962432,,false,
66216,GL9962434,,false,
66217,GL9962435,,false,
66218,GL9962553,,false,
66219,GL9962555,,false,
66220,GL9962611,,false,
66221,GL9962623,,false,
66222,GL9962626,,false,
66223,GL9962670,,false,
66224,GL9962680,,false,
66225,GL9962730,,false,
66226,GL9962732,,false,
66227,GL9962822,,false,
66228,GL9962825,,false,
66229,GL9962826,,false,
66230,GL9962833,,false,
66231,GL9962848,,false,
66232,GL9962962,,false,
66233,GL9962968,,false,
66234,GL9962990,,false,
66235,GL9964026,,false,
66236,GL9964034,,false,
66237,GL9964036,,false,
66238,GL9964056,,false,
66239,GL9964076,,false,
66240,GL9964104,,false,
66241,GL9964106,,false,
66242,GL9964201,,false,
66243,GL9964202,,false,
66244,GL9964279,,false,
66245,GL9964302,87,false,
66246,GL9964311,,false,
66247,GL9964314,,false,
66248,GL9964388,,false,
66249,GL9964431,,false,
66250,GL9964436,,false,
66251,GL9964444,,false,
66252,GL9964446,,false,
66253,GL9964492,87,false,
66254,GL9964514,288,false,
66255,GL9964522,,false,
66256,GL9964532,,false,
66257,GL9964536,,false,
66258,GL9964542,,false,
66259,GL9964543,,false,
66260,GL9964564,,false,
66261,GL9964565,,false,
66262,GL9964567,,false,
66263,GL9964569,,false,
66264,GL9964579,,false,
66265,GL9964600,,false,
66266,GL9964602,,false,
66267,GL9964603,,false,
66268,GL9964625,,false,
66269,GL9964715,,false,
66270,NO0010031,,false,
66271,NO0010035,,false,
66272,NO0010045,,false,
66273,NO0010049,,false,
66274,NO0010053,,false,
66275,NO0010054,,false,
66276,NO0010063,,false,
66277,NO0010067,,false,
66278,NO0010071,,false,
66279,NO0010073,,false,
66280,NO0010079,,false,
66281,NO0010084,,false,
66282,NO0010088,,false,
66283,NO0010089,,false,
66284,NO0010098,,false,
66285,NO0010099,,false,
66286,NO0010103,,false,
66287,NO0010106,,false,
66288,NO0010114,,false,
66289,NO0010122,,false,
66290,NO0010125,,false,
66291,NO0010127,,false,
66292,NO0010128,,false,
66293,NO0010133,,false,
66294,NO0010138,,false,
66295,NO0010144,,false,
66296,NO0010149,,false,
66297,NO0010157,,false,
66298,NO0010176,,false,
66299,NO0010179,,false,
66300,NO0010183,,false,
66301,NO0010213,,false,
66302,NO0010219,,false,
66303,NO0010221,,false,
66304,NO0010224,,false,
66305,NO0010227,,false,
66306,NO0010228,,false,
66307,NO0010229,,false,
66308,NO0010240,,false,
66309,NO0010252,,false,
66310,NO0010254,,false,
66311,NO0010257,,false,
66312,NO0010259,,false,
66313,NO0010261,,false,
66314,NO0010263,,false,
66315,NO0010265,,false,
66316,NO0010269,,false,
66317,NO0010270,,false,
66318,NO0010273,,false,
66319,NO0010278,,false,
66320,NO0010280,,false,
66321,NO0010284,,false,
66322,NO0010289,,false,
66323,NO0010297,,false,
66324,NO0010299,,false,
66325,NO0010300,,false,
66326,NO0010314,,false,
66327,NO0010323,,false,
66328,NO0010324,,false,
66329,NO0010329,,false,
66330,NO0010334,,false,
66331,NO0010335,,false,
66332,NO0010340,,false,
66333,NO0010348,,false,
66334,NO0010350,,false,
66335,NO0010363,,false,
66336,NO0010372,,false,
66337,NO0010376,,false,
66338,NO0010377,,false,
66339,NO0010382,,false,
66340,NO0010401,,false,
66341,NO0010402,,false,
66342,NO0010403,,false,
66343,NO0010405,,false,
66344,NO0010407,,false,
66345,NO0010409,,false,
66346,NO0010411,,false,
66347,NO0010412,,false,
66348,NO0010413,,false,
66349,NO0010418,,false,
66350,NO0010427,,false,
66351,NO0010428,,false,
66352,NO0010434,,false,
66353,NO0010439,,false,
66354,NO0010440,,false,
66355,NO0010445,,false,
66356,NO0010453,,false,
66357,NO0010454,,false,
66358,NO0010456,,false,
66359,NO0010459,,false,
66360,NO0010474,,false,
66361,NO0010475,,false,
66362,NO0010477,,false,
66363,NO0010505,,false,
66364,NO0010587,,false,
66365,NO0010593,,false,
66366,NO0010601,,false,
66367,NO0010604,,false,
66368,NO0010612,,false,
66369,NO0010630,,false,
66370,NO0010652,,false,
66371,NO0010655,,false,
66372,NO0010666,,false,
66373,NO0010670,,false,
66374,NO0010675,,false,
66375,NO0010677,,false,
66376,NO0010680,,false,
66377,NO0010684,,false,
66378,NO0010688,,false,
66379,NO0010693,,false,
66380,NO0010708,,false,
66381,NO0010714,,false,
66382,NO0010717,,false,
66383,NO0010721,,false,
66384,NO0010722,,false,
66385,NO0010728,,false,
66386,NO0010731,,false,
66387,NO0010733,,false,
66388,NO0010741,,false,
66389,NO0010744,,false,
66390,NO0010745,,false,
66391,NO0010760,,false,
66392,NO0010766,,false,
66393,NO0010770,,false,
66394,NO0010778,,false,
66395,NO0010782,,false,
66396,NO0010797,,false,
66397,NO0010813,,false,
66398,NO0010821,,false,
66399,NO0010828,,false,
66400,NO0010830,,false,
66401,NO0010868,,false,
66402,NO0010875,,false,
66403,NO0010890,,false,
66404,NO0010891,,false,
66405,NO0010895,,false,
66406,NO0010896,,false,
66407,NO0010897,,false,
66408,NO0010900,,false,
66409,NO0010901,,false,
66410,NO0010903,,false,
66411,NO0010905,,false,
66412,NO0010910,,false,
66413,NO0010913,,false,
66414,NO0010934,,false,
66415,NO0010957,,false,
66416,NO0010958,,false,
66417,NO0010963,,false,
66418,NO0010966,,false,
66419,NO0010979,,false,
66420,NO0010980,,false,
66421,NO0010982,,false,
66422,NO0010987,,false,
66423,NO0010999,,false,
66424,NO0011002,,false,
66425,NO0011016,,false,
66426,NO0011022,,false,
66427,NO0011027,,false,
66428,NO0011048,,false,
66429,NO0011050,,false,
66430,NO0011056,,false,
66431,NO0011062,,false,
66432,NO0011064,,false,
66433,NO0011072,,false,
66434,NO0011073,,false,
66435,NO0011091,,false,
66436,NO0011094,,false,
66437,NO0011109,,false,
66438,NO0011110,,false,
66439,NO0011112,,false,
66440,NO0011117,,false,
66441,NO0011134,,false,
66442,NO0011135,,false,
66443,NO0011139,,false,
66444,NO0011144,,false,
66445,NO0011148,,false,
66446,NO0011150,,false,
66447,NO0011151,,false,
66448,NO0011152,,false,
66449,NO0011161,,false,
66450,NO0011165,,false,
66451,NO0011169,,false,
66452,NO0011172,,false,
66453,NO0011173,,false,
66454,NO0011174,,false,
66455,NO0011184,,false,
66456,NO0011185,,false,
66457,NO0011187,,false,
66458,NO0011189,,false,
66459,NO0011191,,false,
66460,NO0011200,,false,
66461,NO0011205,,false,
66462,NO0011218,,false,
66463,NO0011220,,false,
66464,NO0011227,,false,
66465,NO0011237,,false,
66466,NO0011238,,false,
66467,NO0011249,,false,
66468,NO0011254,,false,
66469,NO0011286,,false,
66470,NO0011295,,false,
66471,NO0011316,,false,
66472,NO0011323,,false,
66473,NO0011329,,false,
66474,NO0011339,,false,
66475,NO0011348,,false,
66476,NO0011358,,false,
66477,NO0011369,,false,
66478,NO0011375,,false,
66479,NO0011385,,false,
66480,NO0011393,,false,
66481,NO0011394,,false,
66482,NO0011396,,false,
66483,NO0011407,,false,
66484,NO0011416,,false,
66485,NO0011419,,false,
66486,NO0011420,,false,
66487,NO0011421,,false,
66488,NO0011423,,false,
66489,NO0011427,,false,
66490,NO0011430,,false,
66491,NO0011433,,false,
66492,NO0011434,,false,
66493,NO0011444,,false,
66494,NO0011446,,false,
66495,NO0011448,,false,
66496,NO0011453,,false,
66497,NO0011478,,false,
66498,NO0011501,,false,
66499,NO0011512,,false,
66500,NO0011517,,false,
66501,NO0011553,,false,
66502,NO0011555,,false,
66503,NO0011557,,false,
66504,NO0011558,,false,
66505,NO0011561,,false,
66506,NO0011565,,false,
66507,NO0011573,,false,
66508,NO0011574,,false,
66509,NO0011575,,false,
66510,NO0011578,,false,
66511,NO0011583,,false,
66512,NO0011587,,false,
66513,NO0011588,,false,
66514,NO0011595,,false,
66515,NO0011601,,false,
66516,NO0011604,,false,
66517,NO0011607,,false,
66518,NO0011608,,false,
66519,NO0011610,,false,
66520,NO0011622,,false,
66521,NO0011629,,false,
66522,NO0011638,,false,
66523,NO0011642,,false,
66524,NO0011664,,false,
66525,NO0011672,,false,
66526,NO0011679,,false,
66527,NO0011696,,false,
66528,NO0011703,,false,
66529,NO0011717,,false,
66530,NO0011720,,false,
66531,NO0011722,,false,
66532,NO0011728,,false,
66533,NO0011734,,false,
66534,NO0011740,,false,
66535,NO0011744,,false,
66536,NO0011745,,false,
66537,NO0011750,,false,
66538,NO0011758,,false,
66539,NO0011767,,false,
66540,NO0011780,,false,
66541,NO0011788,,false,
66542,NO0011794,,false,
66543,NO0011796,,false,
66544,NO0011797,,false,
66545,NO0011799,,false,
66546,NO0011806,,false,
66547,NO0011807,,false,
66548,NO0011808,,false,
66549,NO0011810,,false,
66550,NO0011812,,false,
66551,NO0011814,,false,
66552,NO0011823,,false,
66553,NO0011826,,false,
66554,NO0011835,,false,
66555,NO0011842,,false,
66556,NO0011865,,false,
66557,NO0011879,,false,
66558,NO0011880,,false,
66559,NO0011886,,false,
66560,NO0011896,,false,
66561,NO0011898,,false,
66562,NO0011905,,false,
66563,NO0011910,,false,
66564,NO0011912,,false,
66565,NO0011958,,false,
66566,NO0011960,,false,
66567,NO0011968,,false,
66568,NO0011973,,false,
66569,NO0011974,,false,
66570,NO0011982,,false,
66571,NO0011983,,false,
66572,NO0011996,,false,
66573,NO0012003,,false,
66574,NO0012009,,false,
66575,NO0012020,,false,
66576,NO0012022,,false,
66577,NO0012023,,false,
66578,NO0012027,,false,
66579,NO0012034,,false,
66580,NO0012035,,false,
66581,NO0012036,,false,
66582,NO0012049,,false,
66583,NO0012058,,false,
66584,NO0012062,,false,
66585,NO0012063,,false,
66586,NO0012070,,false,
66587,NO0012080,,false,
66588,NO0012088,,false,
66589,NO0012091,,false,
66590,NO0012098,,false,
66591,NO0012112,,false,
66592,NO0012120,,false,
66593,NO0012123,,false,
66594,NO0012124,,false,
66595,NO0012135,,false,
66596,NO0012139,,false,
66597,NO0012155,,false,
66598,NO0012166,,false,
66599,NO0012202,,false,
66600,NO0012203,,false,
66601,NO0012207,,false,
66602,NO0012210,,false,
66603,NO0012215,,false,
66604,NO0012217,,false,
66605,NO0012232,,false,
66606,NO0012244,,false,
66607,NO0012248,,false,
66608,NO0012251,,false,
66609,NO0012254,,false,
66610,NO0012262,,false,
66611,NO0012267,,false,
66612,NO0012269,,false,
66613,NO0012276,,false,
66614,NO0012277,,false,
66615,NO0012283,,false,
66616,NO0012287,,false,
66617,NO0012298,,false,
66618,NO0012300,,false,
66619,NO0012301,,false,
66620,NO0012304,,false,
66621,NO0012309,,false,
66622,NO0012318,,false,
66623,NO0012324,,false,
66624,NO0012340,,false,
66625,NO0012349,,false,
66626,NO0012351,,false,
66627,NO0012353,,false,
66628,NO0012365,,false,
66629,NO0012369,,false,
66630,NO0012376,,false,
66631,NO0012410,,false,
66632,NO0012429,,false,
66633,NO0012436,,false,
66634,NO0012438,,false,
66635,NO0012456,,false,
66636,NO0012460,,false,
66637,NO0012470,,false,
66638,NO0012483,,false,
66639,NO0012495,,false,
66640,NO01020001,,false,
66641,NO01020009,,false,
66642,NO01020033,,false,
66643,NO01020036,,false,
66644,NO01020038,,false,
66645,NO01020042,,false,
66646,NO01020047,,false,
66647,NO01020071,,false,
66648,NO01020072,,false,
66649,NO01020074,,false,
66650,NO01020088,,false,
66651,NO01020111,,false,
66652,NO01020122,,false,
66653,NO01020128,,false,
66654,NO01020141,,false,
66655,NO01020166,,false,
66656,NO01020167,,false,
66657,NO01020175,,false,
66658,NO01020176,,false,
66659,NO01020184,,false,
66660,NO01020189,,false,
66661,NO01020192,,false,
66662,NO01020200,,false,
66663,NO01020220,,false,
66664,NO01020239,,false,
66665,NO01020242,,false,
66666,NO01020251,,false,
66667,NO01020254,,false,
66668,NO01020260,,false,
66669,NO01020269,,false,
66670,NO01020279,,false,
66671,NO01020283,,false,
66672,NO01020286,,false,
66673,NO01020298,,false,
66674,NO01020301,,false,
66675,NO01020318,,false,
66676,NO01020366,,false,
66677,NO01020367,,false,
66678,NO01020394,,false,
66679,NO01020407,,false,
66680,NO01020411,,false,
66681,NO01020412,,false,
66682,NO01020414,,false,
66683,NO01020437,,false,
66684,NO01020438,,false,
66685,NO01020448,,false,
66686,NO01020455,,false,
66687,NO01020467,,false,
66688,NO01020474,,false,
66689,NO01020478,,false,
66690,NO01020482,,false,
66691,NO01020484,,false,
66692,NO01020489,,false,
66693,NO01020490,,false,
66694,NO01020492,,false,
66695,NO01020511,,false,
66696,NO01020519,,false,
66697,NO01020523,,false,
66698,NO01020528,,false,
66699,NO01020529,,false,
66700,NO01020543,,false,
66701,NO01020560,,false,
66702,NO01020562,,false,
66703,NO01020577,,false,
66704,NO01020592,,false,
66705,NO01020609,,false,
66706,NO01020610,,false,
66707,NO01020615,,false,
66708,NO01020618,,false,
66709,NO01020623,,false,
66710,NO01020627,,false,
66711,NO01020638,,false,
66712,NO01020644,,false,
66713,NO01020647,,false,
66714,NO01020649,,false,
66715,NO01020655,,false,
66716,NO01020656,,false,
66717,NO01020660,,false,
66718,NO01020668,,false,
66719,NO01020682,,false,
66720,NO01020698,,false,
66721,NO01020699,,false,
66722,NO01020701,,false,
66723,NO01020702,,false,
66724,NO01020704,,false,
66725,NO01020708,,false,
66726,NO01020711,,false,
66727,NO01020719,,false,
66728,NO01020729,,false,
66729,NO01020736,,false,
66730,NO01020738,,false,
66731,NO01020741,,false,
66732,NO01020770,,false,
66733,NO01020773,,false,
66734,NO01020790,,false,
66735,NO01020800,,false,
66736,NO01020801,,false,
66737,NO01020803,,false,
66738,NO01020805,,false,
66739,NO01020808,,false,
66740,NO01020811,,false,
66741,NO01020820,,false,
66742,NO01020821,,false,
66743,NO01020829,,false,
66744,NO01020833,,false,
66745,NO01020834,,false,
66746,NO01020836,,false,
66747,NO01020844,,false,
66748,NO01020859,,false,
66749,NO01020861,,false,
66750,NO01020942,,false,
66751,NO01020975,,false,
66752,NO01020999,,false,
66753,NO01021005,,false,
66754,NO01021015,,false,
66755,NO01021018,,false,
66756,NO01021025,,false,
66757,NO01021029,,false,
66758,NO01021043,,false,
66759,NO01021050,,false,
66760,NO01021064,,false,
66761,NO01021072,,false,
66762,NO01021075,,false,
66763,NO01021085,,false,
66764,NO01021096,,false,
66765,NO01021100,,false,
66766,NO01021104,,false,
66767,NO01021110,,false,
66768,NO01021111,,false,
66769,NO01021122,,false,
66770,NO01021128,,false,
66771,NO01021129,,false,
66772,NO01021130,,false,
66773,NO01021141,,false,
66774,NO01021142,,false,
66775,NO01021150,,false,
66776,NO01021153,,false,
66777,NO01021157,,false,
66778,NO01021158,,false,
66779,NO01021168,,false,
66780,NO01021171,,false,
66781,NO01021174,,false,
66782,NO01021178,,false,
66783,NO01021185,,false,
66784,NO01021189,,false,
66785,NO01021192,,false,
66786,NO01021197,,false,
66787,NO01021198,,false,
66788,NO01021205,,false,
66789,NO01021207,,false,
66790,NO01021217,,false,
66791,NO01021221,,false,
66792,NO01021225,,false,
66793,NO01021226,,false,
66794,NO01021228,,false,
66795,NO01021229,,false,
66796,NO01021235,,false,
66797,NO01021241,,false,
66798,NO01021243,,false,
66799,NO01021255,,false,
66800,NO01021256,,false,
66801,NO01021269,,false,
66802,NO01021270,,false,
66803,NO01021273,,false,
66804,NO01021274,,false,
66805,NO01021277,,false,
66806,NO01021278,,false,
66807,NO01021280,,false,
66808,NO01021281,,false,
66809,NO01021282,,false,
66810,NO01021283,,false,
66811,NO01021284,,false,
66812,NO01021287,,false,
66813,NO01021298,,false,
66814,NO01021302,,false,
66815,NO01021305,,false,
66816,NO01021306,,false,
66817,NO01021310,,false,
66818,NO01021314,,false,
66819,NO01021320,,false,
66820,NO01021340,,false,
66821,NO01021341,,false,
66822,NO01021362,,false,
66823,NO01021400,,false,
66824,NO01021405,,false,
66825,NO01021411,,false,
66826,NO01021412,,false,
66827,NO01021416,,false,
66828,NO01021417,,false,
66829,NO01021418,,false,
66830,NO01021423,,false,
66831,NO01021428,,false,
66832,NO01021432,,false,
66833,NO01021439,,false,
66834,NO01021441,,false,
66835,NO01021443,,false,
66836,NO01021451,,false,
66837,NO01021462,,false,
66838,NO01021465,,false,
66839,NO01021466,,false,
66840,NO01021477,,false,
66841,NO01021490,,false,
66842,NO01021491,,false,
66843,NO01021492,,false,
66844,NO01021495,,false,
66845,NO01021497,,false,
66846,NO01021498,,false,
66847,NO01021500,,false,
66848,NO01021501,,false,
66849,NO01021509,,false,
66850,NO01021517,,false,
66851,NO01021523,,false,
66852,NO01021531,,false,
66853,NO01021546,,false,
66854,NO01021547,,false,
66855,NO01021549,,false,
66856,NO01021550,,false,
66857,NO01021556,,false,
66858,NO01021558,,false,
66859,NO01021559,,false,
66860,NO01021561,,false,
66861,NO01021564,,false,
66862,NO01021572,,false,
66863,NO01021583,,false,
66864,NO01021591,,false,
66865,NO01021603,,false,
66866,NO01021604,,false,
66867,NO01021607,,false,
66868,NO01021608,,false,
66869,NO01021615,,false,
66870,NO01021620,,false,
66871,NO01021621,,false,
66872,NO01021629,,false,
66873,NO01021633,,false,
66874,NO01021640,,false,
66875,NO01021642,,false,
66876,NO01021649,,false,
66877,NO01021651,,false,
66878,NO01021654,,false,
66879,NO01021655,,false,
66880,NO01021665,,false,
66881,NO01021672,,false,
66882,NO01021678,,false,
66883,NO01021680,,false,
66884,NO01021708,,false,
66885,NO01021712,,false,
66886,NO01021714,,false,
66887,NO01021716,,false,
66888,NO01021720,,false,
66889,NO01021747,,false,
66890,NO01021748,,false,
66891,NO01021780,,false,
66892,NO01021794,,false,
66893,NO01021815,,false,
66894,NO01021823,,false,
66895,NO01021838,,false,
66896,NO01021851,,false,
66897,NO01021855,,false,
66898,NO01021864,,false,
66899,NO01021867,,false,
66900,NO01021871,,false,
66901,NO01021874,,false,
66902,NO01021875,,false,
66903,NO01021900,,false,
66904,NO01021901,,false,
66905,NO01021903,,false,
66906,NO01021906,,false,
66907,NO01021907,,false,
66908,NO01021908,,false,
66909,NO01021913,,false,
66910,NO01021914,,false,
66911,NO01021916,,false,
66912,NO01021922,,false,
66913,NO01021931,,false,
66914,NO01021944,,false,
66915,NO01021957,,false,
66916,NO01021963,,false,
66917,NO01021969,,false,
66918,NO01021970,,false,
66919,NO01021971,,false,
66920,NO01021982,,false,
66921,NO01021983,,false,
66922,NO01021993,,false,
66923,NO01022001,,false,
66924,NO01022002,,false,
66925,NO01022012,,false,
66926,NO01022017,,false,
66927,NO01022018,,false,
66928,NO01022028,,false,
66929,NO01022031,,false,
66930,NO01022036,,false,
66931,NO01022047,,false,
66932,NO01022051,,false,
66933,NO01022052,,false,
66934,NO01022096,,false,
66935,NO01022108,,false,
66936,NO01022123,,false,
66937,NO01022140,,false,
66938,NO01022141,,false,
66939,NO01022143,,false,
66940,NO01022157,,false,
66941,NO01022161,,false,
66942,NO01022164,,false,
66943,NO01022173,,false,
66944,NO01022174,,false,
66945,NO01022177,,false,
66946,NO01022195,,false,
66947,NO01022198,,false,
66948,NO01022201,,false,
66949,NO01022204,,false,
66950,NO01022220,,false,
66951,NO01022226,,false,
66952,NO01022230,,false,
66953,NO01022240,,false,
66954,NO01022242,,false,
66955,NO01022247,,false,
66956,NO01022248,,false,
66957,NO01022252,,false,
66958,NO01022256,,false,
66959,NO01022288,,false,
66960,NO01022292,,false,
66961,NO01022303,,false,
66962,NO01022304,,false,
66963,NO01022318,,false,
66964,NO01022323,,false,
66965,NO01022329,,false,
66966,NO01022331,,false,
66967,NO01022368,,false,
66968,NO01022392,,false,
66969,NO01022413,,false,
66970,NO01022415,,false,
66971,NO01022453,,false,
66972,NO01022479,,false,
66973,NO01022517,,false,
66974,NO01022518,,false,
66975,NO01022527,,false,
66976,NO01022528,,false,
66977,NO01022530,,false,
66978,NO01022551,,false,
66979,NO01022560,,false,
66980,NO01022567,,false,
66981,NO9900001,,false,
66982,NO9900002,,false,
66983,NO9900004,,false,
66984,NO9900012,,false,
66985,NO9900028,,false,
66986,NO9900032,,false,
66987,NO9900037,,false,
66988,NO9900046,,false,
66989,NO9900051,,false,
66990,NO9900056,,false,
66991,NO9900057,,false,
66992,NO9900059,,false,
66993,NO9900068,,false,
66994,NO9900069,,false,
66995,NO9900070,,false,
66996,NO9900074,,false,
66997,NO9900085,,false,
66998,NO9900093,,false,
66999,NO9900101,,false,
67000,NO9900102,,false,
67001,NO9900104,,false,
67002,NO9900108,,false,
67003,NO9900124,,false,
67004,NO9900126,,false,
67005,NO9900127,,false,
67006,NO9900132,,false,
67007,NO9900151,,false,
67008,NO9900152,,false,
67009,NO9900160,,false,
67010,NO9900171,,false,
67011,NO9900176,,false,
67012,NO9900179,,false,
67013,NO9900180,,false,
67014,NO9900188,,false,
67015,NO9900190,,false,
67016,NO9900194,,false,
67017,NO9900198,,false,
67018,NO9900204,,false,
67019,NO9900209,,false,
67020,NO9900210,,false,
67021,NO9900211,,false,
67022,NO9900214,,false,
67023,NO9900220,,false,
67024,NO9900223,,false,
67025,NO9900232,,false,
67026,NO9900237,,false,
67027,NO9900244,,false,
67028,NO9900245,,false,
67029,NO9900257,,false,
67030,NO9900284,,false,
67031,NO9900294,,false,
67032,NO9900300,,false,
67033,NO9900323,,false,
67034,NO9900335,,false,
67035,NO9900346,,false,
67036,NO9900347,,false,
67037,NO9900360,,false,
67038,NO9900369,,false,
67039,NO9900371,,false,
67040,NO9900392,,false,
67041,NO9900406,,false,
67042,NO9900407,,false,
67043,NO9900409,,false,
67044,NO9900412,,false,
67045,NO9900416,,false,
67046,NO9900428,,false,
67047,NO9900430,,false,
67048,NO9900432,,false,
67049,NO9900434,,false,
67050,NO9900439,,false,
67051,NO9900443,,false,
67052,NO9900448,,false,
67053,NO9900456,,false,
67054,NO9900460,,false,
67055,NO9900462,,false,
67056,NO9900463,,false,
67057,NO9900464,,false,
67058,NO9900479,,false,
67059,NO9900492,,false,
67060,NO9900504,,false,
67061,NO9900511,,false,
67062,NO9900527,,false,
67063,NO9900530,,false,
67064,NO9900531,,false,
67065,NO9900536,,false,
67066,NO9900546,,false,
67067,NO9900547,,false,
67068,NO9900557,,false,
67069,NO9900576,,false,
67070,NO9900585,,false,
67071,NO9900594,,false,
67072,NO9900598,,false,
67073,NO9900605,,false,
67074,NO9900627,,false,
67075,NO9900629,,false,
67076,NO9900632,,false,
67077,NO9900633,,false,
67078,NO9900634,,false,
67079,NO9900650,,false,
67080,NO9900656,,false,
67081,NO9900673,,false,
67082,NO9900687,,false,
67083,NO9900694,,false,
67084,NO9900705,,false,
67085,NO9900707,,false,
67086,NO9900710,,false,
67087,NO9900717,,false,
67088,NO9900732,,false,
67089,NO9900742,,false,
67090,NO9900752,,false,
67091,NO9900754,,false,
67092,NO9900759,,false,
67093,NO9900775,,false,
67094,NO9900784,,false,
67095,NO9900790,,false,
67096,NO9900798,,false,
67097,NO9900799,,false,
67098,NO9900800,,false,
67099,NO9900823,,false,
67100,NO9900830,,false,
67101,NO9900833,,false,
67102,NO9900846,,false,
67103,NO9900862,,false,
67104,NO9900865,,false,
67105,NO9900876,,false,
67106,NO9900890,,false,
67107,NO9900898,,false,
67108,NO9900899,,false,
67109,NO9900902,,false,
67110,NO9900907,,false,
67111,NO9900908,,false,
67112,NO9900909,,false,
67113,NO9900910,,false,
67114,NO9900912,,false,
67115,NO9900923,,false,
67116,NO9900924,,false,
67117,NO9900929,,false,
67118,NO9900941,,false,
67119,NO9900953,,false,
67120,NO9900956,,false,
67121,NO9900966,,false,
67122,NO9900972,,false,
67123,NO9900979,,false,
67124,NO9900982,,false,
67125,NO9900983,,false,
67126,NO9900984,,false,
67127,NO9901018,,false,
67128,NO9901020,,false,
67129,NO9901031,,false,
67130,NO9901071,,false,
67131,NO9901077,,false,
67132,NO9901082,,false,
67133,NO9901094,,false,
67134,NO9901099,,false,
67135,NO9901108,,false,
67136,NO9901113,,false,
67137,NO9901123,,false,
67138,NO9901124,,false,
67139,NO9901133,,false,
67140,NO9901151,,false,
67141,NO9901165,,false,
67142,NO9901172,,false,
67143,NO9901176,,false,
67144,NO9901177,,false,
67145,NO9901200,,false,
67146,NO9901201,,false,
67147,NO9901211,,false,
67148,NO9901214,,false,
67149,NO9901219,,false,
67150,NO9901222,,false,
67151,NO9901224,,false,
67152,NO9901228,,false,
67153,NO9901233,,false,
67154,NO9901235,,false,
67155,NO9901236,,false,
67156,NO9901238,,false,
67157,NO9901239,,false,
67158,NO9901248,,false,
67159,NO9901272,,false,
67160,NO9901346,,false,
67161,NO9901347,,false,
67162,NO9901354,,false,
67163,NO9901356,,false,
67164,NO9901365,,false,
67165,NO9901371,,false,
67166,NO9901390,,false,
67167,NO9901400,,false,
67168,NO9901424,,false,
67169,NO9901433,,false,
67170,NO9901434,,false,
67171,NO9901435,,false,
67172,NO9901442,,false,
67173,NO9901462,,false,
67174,NO9901480,,false,
67175,NO9901487,,false,
67176,NO9901495,,false,
67177,NO9901516,,false,
67178,NO9901517,,false,
67179,NO9901519,,false,
67180,NO9902415,,false,
67181,NO9902416,,false,
67182,NO9902420,,false,
67183,NO9902421,,false,
67184,NO9902426,,false,
67185,NO9902431,,false,
67186,NO9902444,,false,
67187,NO9902448,,false,
67188,NO9902449,,false,
67189,NO9902453,,false,
67190,NO9902458,,false,
67191,NO9902462,,false,
67192,NO9902464,,false,
67193,NO9902475,,false,
67194,NO9902476,,false,
67195,NO9902480,,false,
67196,NO9902481,,false,
67197,NO9902488,,false,
67198,NO9902491,,false,
67199,NO9902494,,false,
67200,NO9902501,,false,
67201,NO9902509,,false,
67202,NO9902510,,false,
67203,NO9902513,,false,
67204,NO9902521,,false,
67205,NO9902529,,false,
67206,NO9902530,,false,
67207,NO9902533,,false,
67208,NO9902536,,false,
67209,NO9902537,,false,
67210,NO9902539,,false,
67211,NO9902545,,false,
67212,NO9902546,,false,
67213,NO9902547,,false,
67214,NO9902555,,false,
67215,NO9902556,,false,
67216,NO9902563,,false,
67217,NO9902565,,false,
67218,NO9902568,,false,
67219,NO9902569,,false,
67220,OX0050028,,false,
67221,OX0050039,,false,
67222,OX0050042,,false,
67223,OX0050043,,false,
67224,OX0050044,,false,
67225,OX0050060,,false,
67226,OX0050071,,false,
67227,OX0050074,,false,
67228,OX0050076,,false,
67229,OX0050090,,false,
67230,OX0050111,,false,
67231,OX0050115,,false,
67232,OX0050120,,false,
67233,OX0050134,,false,
67234,OX0050143,,false,
67235,OX0050148,,false,
67236,OX0050151,,false,
67237,OX0050153,,false,
67238,OX0050155,,false,
67239,OX0050163,,false,
67240,OX0050167,,false,
67241,OX0050168,,false,
67242,OX0050172,,false,
67243,OX0050178,,false,
67244,OX0050180,,false,
67245,OX0050182,,false,
67246,OX0050184,,false,
67247,OX0050202,,false,
67248,OX0050222,,false,
67249,OX0050227,,false,
67250,OX0050238,,false,
67251,OX0050242,,false,
67252,OX0050246,,false,
67253,OX0050259,,false,
67254,OX0050261,,false,
67255,OX0050265,,false,
67256,OX0050266,,false,
67257,OX0050269,,false,
67258,OX0050273,,false,
67259,OX0050276,,false,
67260,OX0050278,,false,
67261,OX0050307,,false,
67262,OX0050327,,false,
67263,OX0050331,,false,
67264,OX0050332,,false,
67265,OX0050337,,false,
67266,OX0050340,,false,
67267,OX0050341,,false,
67268,OX0050342,,false,
67269,OX0050350,,false,
67270,OX0050351,,false,
67271,OX0050366,,false,
67272,OX0050369,,false,
67273,OX0050378,,false,
67274,OX0050400,,false,
67275,OX0050406,,false,
67276,OX0050407,,false,
67277,OX0050413,,false,
67278,OX0050433,,false,
67279,OX0050440,,false,
67280,OX0050441,,false,
67281,OX0050444,,false,
67282,OX0050454,,false,
67283,OX0050457,,false,
67284,OX0050458,,false,
67285,OX0050464,,false,
67286,OX0050470,,false,
67287,OX0050473,,false,
67288,OX0050493,,false,
67289,OX0050495,,false,
67290,OX0050498,,false,
67291,OX0050502,,false,
67292,OX0050504,,false,
67293,OX0050505,,false,
67294,OX0050507,,false,
67295,OX0050516,,false,
67296,OX0050517,,false,
67297,OX0050524,,false,
67298,OX0050533,,false,
67299,OX0050538,,false,
67300,OX0050548,,false,
67301,OX0050571,,false,
67302,OX0050577,,false,
67303,OX0050585,,false,
67304,OX0050588,,false,
67305,OX0050599,,false,
67306,OX0050605,,false,
67307,OX0050620,,false,
67308,OX0050629,,false,
67309,OX0050631,,false,
67310,OX0050632,,false,
67311,OX0050633,,false,
67312,OX0050659,,false,
67313,OX0050661,,false,
67314,OX0050667,,false,
67315,OX0050755,,false,
67316,OX0050757,,false,
67317,OX0050766,,false,
67318,OX0050770,,false,
67319,OX0050801,,false,
67320,OX0050817,,false,
67321,OX0050830,,false,
67322,OX0050839,,false,
67323,OX0050844,,false,
67324,OX0050880,,false,
67325,OX0050882,,false,
67326,OX0050885,,false,
67327,OX0050905,,false,
67328,OX0050928,,false,
67329,OX0050933,,false,
67330,OX0050944,,false,
67331,OX0050962,,false,
67332,OX0050973,,false,
67333,OX0050980,,false,
67334,OX0050983,,false,
67335,OX0050992,,false,
67336,OX0051000,,false,
67337,OX0051009,,false,
67338,OX0051016,,false,
67339,OX0051030,,false,
67340,OX0051031,,false,
67341,OX0051033,,false,
67342,OX0051035,,false,
67343,OX0051037,,false,
67344,OX0051046,,false,
67345,OX0051081,,false,
67346,OX0051088,,false,
67347,OX0051100,,false,
67348,OX0051104,,false,
67349,OX0051110,,false,
67350,OX0051113,,false,
67351,OX0051127,,false,
67352,OX0051139,,false,
67353,OX0051150,,false,
67354,OX0051162,,false,
67355,OX0051172,,false,
67356,OX0051174,,false,
67357,OX0051176,,false,
67358,OX0051205,,false,
67359,OX0051236,,false,
67360,OX0051239,,false,
67361,OX0051249,,false,
67362,OX0051272,,false,
67363,OX0051274,,false,
67364,OX0051279,,false,
67365,OX0051293,,false,
67366,OX0051295,,false,
67367,OX0051296,,false,
67368,OX0051299,,false,
67369,OX0051303,,false,
67370,OX0051306,,false,
67371,OX0051308,,false,
67372,OX0051310,,false,
67373,OX0051311,,false,
67374,OX0051315,,false,
67375,OX0051321,,false,
67376,OX0051323,,false,
67377,OX0051345,,false,
67378,OX0051353,,false,
67379,OX0051356,,false,
67380,OX0051357,,false,
67381,OX0051362,,false,
67382,OX0051385,,false,
67383,OX0051398,,false,
67384,OX0051405,,false,
67385,OX0051408,,false,
67386,OX0051409,,false,
67387,OX0051412,,false,
67388,OX0051419,,false,
67389,OX0051421,,false,
67390,OX0051437,,false,
67391,OX0051442,,false,
67392,OX0051448,,false,
67393,OX0051453,,false,
67394,OX0051454,,false,
67395,OX0052004,,false,
67396,OX0052011,,false,
67397,OX0052021,,false,
67398,OX0052026,,false,
67399,OX0052029,,false,
67400,OX0052031,,false,
67401,OX0052043,,false,
67402,OX0052056,,false,
67403,OX0052059,,false,
67404,OX0052060,,false,
67405,OX0052062,,false,
67406,OX0052063,,false,
67407,OX0052067,,false,
67408,OX0052073,,false,
67409,OX0052079,,false,
67410,OX0052086,,false,
67411,OX0052090,,false,
67412,OX0052091,,false,
67413,OX0052106,,false,
67414,OX0052117,,false,
67415,OX0052118,,false,
67416,OX0052130,,false,
67417,OX0052131,,false,
67418,OX0052142,,false,
67419,OX0052153,,false,
67420,OX0052159,,false,
67421,OX0052165,,false,
67422,OX0052167,,false,
67423,OX0052171,,false,
67424,OX0052205,,false,
67425,OX0052218,,false,
67426,OX0052235,,false,
67427,OX0052238,,false,
67428,OX0052239,,false,
67429,OX0052245,,false,
67430,OX0052246,,false,
67431,OX0052248,,false,
67432,OX0052256,,false,
67433,OX0052258,,false,
67434,OX0052262,,false,
67435,OX0052313,,false,
67436,OX0052323,,false,
67437,OX0052336,,false,
67438,OX0052346,,false,
67439,OX0052348,,false,
67440,OX0052361,,false,
67441,OX0052376,,false,
67442,OX0052424,,false,
67443,OX0052432,,false,
67444,OX0052434,,false,
67445,OX0052437,,false,
67446,OX0052440,,false,
67447,OX0052455,,false,
67448,OX0052459,,false,
67449,OX0052478,,false,
67450,OX0052479,,false,
67451,OX0052483,,false,
67452,OX0052485,,false,
67453,OX0052487,,false,
67454,OX0052488,,false,
67455,OX0052489,,false,
67456,OX0052496,,false,
67457,OX0052509,,false,
67458,OX0052514,,false,
67459,OX0052520,,false,
67460,OX0052521,,false,
67461,OX0052522,,false,
67462,OX0052524,,false,
67463,OX0052532,,false,
67464,OX0052754,,false,
67465,OX0052756,,false,
67466,OX0052758,,false,
67467,OX0052765,,false,
67468,OX0052766,,false,
67469,OX0052775,,false,
67470,OX0052776,,false,
67471,OX0052779,,false,
67472,OX0052798,,false,
67473,OX0052800,,false,
67474,OX0052817,,false,
67475,OX0052818,,false,
67476,OX0052823,,false,
67477,OX0052825,,false,
67478,OX0052826,,false,
67479,OX0052850,,false,
67480,OX0052854,,false,
67481,OX0052855,,false,
67482,OX0052862,,false,
67483,OX0052866,,false,
67484,OX0052874,,false,
67485,OX0052878,,false,
67486,OX0052879,,false,
67487,OX0052903,,false,
67488,OX0052961,,false,
67489,OX0052965,,false,
67490,OX0052975,,false,
67491,OX0052976,,false,
67492,OX0052978,,false,
67493,OX0052985,,false,
67494,OX0052989,,false,
67495,OX0052999,,false,
67496,OX0053013,,false,
67497,OX0053026,,false,
67498,OX0053037,,false,
67499,OX0053047,,false,
67500,OX01060006,,false,
67501,OX01060009,,false,
67502,OX01060012,,false,
67503,OX01060016,,false,
67504,OX01060036,,false,
67505,OX01060037,,false,
67506,OX01060040,,false,
67507,OX01060043,,false,
67508,OX01060048,,false,
67509,OX01060049,,false,
67510,OX01060054,,false,
67511,OX01060055,,false,
67512,OX01060076,,false,
67513,OX01060077,,false,
67514,OX01060080,,false,
67515,OX01060085,,false,
67516,OX01060089,,false,
67517,OX01060093,,false,
67518,OX01060098,,false,
67519,OX01060117,,false,
67520,OX01060132,,false,
67521,OX01060139,,false,
67522,OX01060147,,false,
67523,OX01060151,,false,
67524,OX01060152,,false,
67525,OX01060158,,false,
67526,OX01060159,,false,
67527,OX01060160,,false,
67528,OX01060161,,false,
67529,OX01060162,,false,
67530,OX01060165,,false,
67531,OX01060168,,false,
67532,OX01060169,,false,
67533,OX01060171,,false,
67534,OX01060172,,false,
67535,OX01060173,,false,
67536,OX01060175,,false,
67537,OX01060178,,false,
67538,OX01060180,,false,
67539,OX01060184,,false,
67540,OX01060195,,false,
67541,OX01060207,,false,
67542,OX01060227,,false,
67543,OX01060237,,false,
67544,OX01060238,,false,
67545,OX01060239,,false,
67546,OX01060251,,false,
67547,OX01060252,,false,
67548,OX01060274,,false,
67549,OX01060288,,false,
67550,OX01060293,,false,
67551,OX01060298,,false,
67552,OX01060300,,false,
67553,OX01060302,,false,
67554,OX01060307,,false,
67555,OX01060321,,false,
67556,OX01060329,,false,
67557,OX01060330,,false,
67558,OX01060331,,false,
67559,OX01060341,,false,
67560,OX01060346,,false,
67561,OX01060358,,false,
67562,OX01060370,,false,
67563,OX01060376,,false,
67564,OX01060377,,false,
67565,OX01060389,,false,
67566,OX01060390,,false,
67567,OX01060391,,false,
67568,OX01060397,,false,
67569,OX01060403,,false,
67570,OX01060404,,false,
67571,OX01060405,,false,
67572,OX01060406,,false,
67573,OX01060420,,false,
67574,OX01060421,,false,
67575,OX01060422,,false,
67576,OX01060423,,false,
67577,OX01060424,,false,
67578,OX01060445,,false,
67579,OX01060454,,false,
67580,OX01060461,,false,
67581,OX01060464,,false,
67582,OX01060465,,false,
67583,OX01060467,,false,
67584,OX01060469,,false,
67585,OX01060470,,false,
67586,OX01060471,,false,
67587,OX01060489,,false,
67588,OX01060500,,false,
67589,OX01060506,,false,
67590,OX01060510,,false,
67591,OX01060513,,false,
67592,OX01060514,,false,
67593,OX01060517,,false,
67594,OX01060524,,false,
67595,OX01060528,,false,
67596,OX01060533,,false,
67597,OX01060535,,false,
67598,OX01060536,,false,
67599,OX01060539,,false,
67600,OX01060540,,false,
67601,OX01060543,,false,
67602,OX01060545,,false,
67603,OX01060546,,false,
67604,OX01060559,,false,
67605,OX01060563,,false,
67606,OX01060592,,false,
67607,OX01060593,,false,
67608,OX01060600,,false,
67609,OX01060604,,false,
67610,OX01060613,,false,
67611,OX01060619,,false,
67612,OX01060629,,false,
67613,OX01060637,,false,
67614,OX01060651,,false,
67615,OX01060704,,false,
67616,OX01060706,,false,
67617,OX01060714,,false,
67618,OX01060718,,false,
67619,OX01060725,,false,
67620,OX01060739,,false,
67621,OX01060742,,false,
67622,OX01060752,,false,
67623,OX01060772,,false,
67624,OX01060775,,false,
67625,OX01060789,,false,
67626,OX01060799,,false,
67627,OX01060802,,false,
67628,OX01060812,,false,
67629,OX01060829,,false,
67630,OX01060834,,false,
67631,OX01060840,,false,
67632,OX01060842,,false,
67633,OX01060849,,false,
67634,OX01060854,,false,
67635,OX01060858,,false,
67636,OX01060864,,false,
67637,OX01060879,,false,
67638,OX01060882,,false,
67639,OX01060887,,false,
67640,OX01060909,,false,
67641,OX01060910,,false,
67642,OX01060911,,false,
67643,OX01060913,,false,
67644,OX01060929,,false,
67645,OX01060939,,false,
67646,OX01060941,,false,
67647,OX01060943,,false,
67648,OX01060948,,false,
67649,OX01060950,,false,
67650,OX01060958,,false,
67651,OX01060974,,false,
67652,OX01060983,,false,
67653,OX01060987,,false,
67654,OX01060989,,false,
67655,OX01060991,,false,
67656,OX01060992,,false,
67657,OX01060996,,false,
67658,OX01061017,,false,
67659,OX01061022,,false,
67660,OX01061040,,false,
67661,OX01061051,,false,
67662,OX01061058,,false,
67663,OX01061059,,false,
67664,OX01061078,,false,
67665,OX01061088,,false,
67666,OX01061106,,false,
67667,OX01061107,,false,
67668,OX01061108,,false,
67669,OX01061125,,false,
67670,OX01061126,,false,
67671,OX01061129,,false,
67672,OX01061143,,false,
67673,OX01061147,,false,
67674,OX01061153,,false,
67675,OX01061184,,false,
67676,OX01061188,,false,
67677,OX01061192,,false,
67678,OX01061196,,false,
67679,OX01061197,,false,
67680,OX01061206,,false,
67681,OX01061231,,false,
67682,OX01061249,,false,
67683,OX01061263,,false,
67684,OX01061268,,false,
67685,OX01061277,,false,
67686,OX01061281,,false,
67687,OX01061282,,false,
67688,OX01061284,,false,
67689,OX01061311,,false,
67690,OX01061316,,false,
67691,OX01061324,,false,
67692,OX01061332,,false,
67693,OX01061343,,false,
67694,OX01061355,,false,
67695,OX01061356,,false,
67696,OX01061357,,false,
67697,OX01061361,,false,
67698,OX01061386,,false,
67699,OX01061394,,false,
67700,OX01061402,,false,
67701,OX01061403,,false,
67702,OX01061415,,false,
67703,OX01061419,,false,
67704,OX01061425,,false,
67705,OX01061434,,false,
67706,OX01061478,,false,
67707,OX01061513,,false,
67708,OX01061520,,false,
67709,OX01061536,,false,
67710,OX01061540,,false,
67711,OX01061548,,false,
67712,OX01061558,,false,
67713,OX01061563,,false,
67714,OX01061564,,false,
67715,OX01061572,,false,
67716,OX01061589,,false,
67717,OX01061593,,false,
67718,OX01061599,,false,
67719,OX01061619,,false,
67720,OX01061620,,false,
67721,OX01061629,,false,
67722,OX01061639,,false,
67723,OX01061643,,false,
67724,OX01061657,,false,
67725,OX01061661,,false,
67726,OX01061668,,false,
67727,OX01061682,,false,
67728,OX01061706,,false,
67729,OX01061708,,false,
67730,OX01061713,,false,
67731,OX01061714,,false,
67732,OX01061725,,false,
67733,OX01061730,,false,
67734,OX01061744,,false,
67735,OX01061746,,false,
67736,OX01061751,,false,
67737,OX01061752,,false,
67738,OX01061754,,false,
67739,OX01061761,,false,
67740,OX01061769,,false,
67741,OX01061771,,false,
67742,OX01061773,,false,
67743,OX01061780,,false,
67744,OX01061789,,false,
67745,OX01061801,,false,
67746,OX01061815,,false,
67747,OX01061824,,false,
67748,OX01061838,,false,
67749,OX01061857,,false,
67750,OX01061865,,false,
67751,OX01061872,,false,
67752,OX01061883,,false,
67753,OX01061905,,false,
67754,OX01061917,,false,
67755,OX01061933,,false,
67756,OX01061944,,false,
67757,OX01061949,,false,
67758,OX01061952,,false,
67759,OX01061953,,false,
67760,OX01061960,,false,
67761,OX01061963,,false,
67762,OX01061965,,false,
67763,OX01061994,,false,
67764,OX01061998,,false,
67765,OX01062005,,false,
67766,OX01062007,,false,
67767,OX01062014,,false,
67768,OX01062046,,false,
67769,OX01062070,,false,
67770,OX01062079,,false,
67771,OX01062087,,false,
67772,OX01062089,,false,
67773,OX01062091,,false,
67774,OX01062096,,false,
67775,OX01062097,,false,
67776,OX01062099,,false,
67777,OX01062100,,false,
67778,OX01062128,,false,
67779,OX01062154,,false,
67780,OX01062159,,false,
67781,OX01062175,,false,
67782,OX01062178,,false,
67783,OX01062180,,false,
67784,OX01062183,,false,
67785,OX01062184,,false,
67786,OX01062187,,false,
67787,OX01062198,,false,
67788,OX01062199,,false,
67789,OX01062204,,false,
67790,OX01062205,,false,
67791,OX01062206,,false,
67792,OX01062209,,false,
67793,OX01062214,,false,
67794,OX01062219,,false,
67795,OX01062222,,false,
67796,OX01062232,,false,
67797,OX01062239,,false,
67798,OX01062260,,false,
67799,OX01062261,,false,
67800,OX01062263,,false,
67801,OX01062271,,false,
67802,OX01062274,,false,
67803,OX01062279,,false,
67804,OX01062282,,false,
67805,OX01062288,,false,
67806,OX01062289,,false,
67807,OX01062291,,false,
67808,OX01062297,,false,
67809,OX01062300,,false,
67810,OX01062312,,false,
67811,OX01062314,,false,
67812,OX01062336,,false,
67813,OX01062343,,false,
67814,OX01062347,,false,
67815,OX01062349,,false,
67816,OX01062363,,false,
67817,OX01062385,,false,
67818,OX01062386,,false,
67819,OX01062387,,false,
67820,OX01062396,,false,
67821,OX01062397,,false,
67822,OX01062401,,false,
67823,OX01062402,,false,
67824,OX01062403,,false,
67825,OX01062406,,false,
67826,OX01062407,,false,
67827,OX01062408,,false,
67828,OX01062409,,false,
67829,OX01062420,,false,
67830,OX01062428,,false,
67831,OX01062430,,false,
67832,OX01062434,,false,
67833,OX01062436,,false,
67834,OX01062438,,false,
67835,OX01062444,,false,
67836,OX01062456,,false,
67837,OX01062473,,false,
67838,OX01062474,,false,
67839,OX9930023,,false,
67840,OX9930303,,false,
67841,OX9930726,,false,
67842,OX9930908,,false,
67843,OX9931004,,false,
67844,OX9931081,,false,
67845,OX9931200,,false,
67846,OX9931319,,false,
67847,OX9931370,,false,
67848,OX9931985,,false,
67849,OX9931987,,false,
67850,OX9932004,,false,
67851,OX9932262,,false,
67852,PL0020008,,false,
67853,PL0020009,,false,
67854,PL0020020,,false,
67855,PL0020021,,false,
67856,PL0020026,,false,
67857,PL0020028,,false,
67858,PL0020062,,false,
67859,PL0020075,,false,
67860,PL0020076,,false,
67861,PL0020097,,false,
67862,PL0020098,,false,
67863,PL0020105,,false,
67864,PL0020129,,false,
67865,PL0020133,,false,
67866,PL0020134,,false,
67867,PL0020148,,false,
67868,PL0020158,,false,
67869,PL0020194,,false,
67870,PL0020215,,false,
67871,PL0020217,,false,
67872,PL0020236,,false,
67873,PL0020244,,false,
67874,PL0020245,,false,
67875,PL0020271,,false,
67876,PL0020273,,false,
67877,PL0020289,,false,
67878,PL0020296,,false,
67879,PL0020317,,false,
67880,PL0020326,,false,
67881,PL0020327,,false,
67882,PL0020329,,false,
67883,PL0020354,,false,
67884,PL0020358,,false,
67885,PL0020366,,false,
67886,PL0020369,,false,
67887,PL0020372,,false,
67888,PL0020373,,false,
67889,PL0020374,,false,
67890,PL0020394,,false,
67891,PL0020395,,false,
67892,PL0020399,,false,
67893,PL0020401,,false,
67894,PL0020409,,false,
67895,PL0020418,,false,
67896,PL0020426,,false,
67897,PL0020444,,false,
67898,PL0020454,,false,
67899,PL0020457,,false,
67900,PL0020458,,false,
67901,PL0020472,,false,
67902,PL0020488,,false,
67903,PL0020495,,false,
67904,PL0020504,,false,
67905,PL0020508,,false,
67906,PL0020515,,false,
67907,PL0020519,,false,
67908,PL0020524,,false,
67909,PL0020532,,false,
67910,PL0020534,,false,
67911,PL0020537,,false,
67912,PL0020539,,false,
67913,PL0020545,,false,
67914,PL0020546,,false,
67915,PL0020557,,false,
67916,PL0020573,,false,
67917,PL0020581,,false,
67918,PL0020587,,false,
67919,PL0020604,,false,
67920,PL0020611,,false,
67921,PL0020613,,false,
67922,PL0020625,,false,
67923,PL0020635,,false,
67924,PL0020645,,false,
67925,PL0020649,,false,
67926,PL0020652,,false,
67927,PL0020657,,false,
67928,PL0020678,,false,
67929,PL0020698,,false,
67930,PL0020699,,false,
67931,PL0020731,,false,
67932,PL0020754,,false,
67933,PL0020757,,false,
67934,PL0020783,,false,
67935,PL0020786,,false,
67936,PL0020787,,false,
67937,PL0020796,,false,
67938,PL0020809,,false,
67939,PL0020829,,false,
67940,PL0020832,,false,
67941,PL0020833,,false,
67942,PL0020839,,false,
67943,PL0020845,,false,
67944,PL0020874,,false,
67945,PL0020875,,false,
67946,PL0020889,,false,
67947,PL0020899,,false,
67948,PL0020901,,false,
67949,PL0020906,,false,
67950,PL0020907,,false,
67951,PL0020917,,false,
67952,PL0020918,,false,
67953,PL0020932,,false,
67954,PL0020934,,false,
67955,PL0020943,,false,
67956,PL0020953,,false,
67957,PL0020961,,false,
67958,PL0020969,,false,
67959,PL0020970,,false,
67960,PL0021007,,false,
67961,PL0021027,,false,
67962,PL0021028,,false,
67963,PL0021053,,false,
67964,PL0021070,,false,
67965,PL0021081,,false,
67966,PL0021094,,false,
67967,PL0021124,,false,
67968,PL0021131,,false,
67969,PL0021133,,false,
67970,PL0021136,,false,
67971,PL0021154,,false,
67972,PL0021161,,false,
67973,PL0021183,,false,
67974,PL0021199,,false,
67975,PL0021203,,false,
67976,PL0021210,,false,
67977,PL0021215,,false,
67978,PL0021292,,false,
67979,PL0021294,,false,
67980,PL0021310,,false,
67981,PL0021311,,false,
67982,PL0021325,,false,
67983,PL0021327,,false,
67984,PL0021337,,false,
67985,PL0021338,,false,
67986,PL0021342,,false,
67987,PL0021356,,false,
67988,PL0021362,,false,
67989,PL0021375,,false,
67990,PL0021390,,false,
67991,PL0021393,,false,
67992,PL0021394,,false,
67993,PL0021400,,false,
67994,PL0021404,,false,
67995,PL0021408,,false,
67996,PL0021421,,false,
67997,PL0021426,,false,
67998,PL0021435,,false,
67999,PL0021447,,false,
68000,PL0021452,,false,
68001,PL0021454,,false,
68002,PL0021464,,false,
68003,PL0021465,,false,
68004,PL0021466,,false,
68005,PL0021479,,false,
68006,PL0021480,,false,
68007,PL0021483,,false,
68008,PL0021494,,false,
68009,PL0021502,,false,
68010,PL0021513,,false,
68011,PL0021517,,false,
68012,PL0021531,,false,
68013,PL0021550,,false,
68014,PL0021562,,false,
68015,PL0021564,,false,
68016,PL0021566,,false,
68017,PL0021571,,false,
68018,PL0021572,,false,
68019,PL0021576,,false,
68020,PL0021577,,false,
68021,PL0021583,,false,
68022,PL0021586,,false,
68023,PL0021595,,false,
68024,PL0021610,,false,
68025,PL0021620,,false,
68026,PL0021626,,false,
68027,PL0021647,,false,
68028,PL0021651,,false,
68029,PL0021653,,false,
68030,PL0021654,,false,
68031,PL0021659,,false,
68032,PL0021666,,false,
68033,PL0021669,,false,
68034,PL0021677,,false,
68035,PL0021680,,false,
68036,PL0021682,,false,
68037,PL0021685,,false,
68038,PL0021688,,false,
68039,PL0021692,,false,
68040,PL0021695,,false,
68041,PL0021708,,false,
68042,PL0021713,,false,
68043,PL0021717,,false,
68044,PL0021732,,false,
68045,PL0021742,,false,
68046,PL0021750,,false,
68047,PL0021767,,false,
68048,PL0021770,,false,
68049,PL0021777,,false,
68050,PL0021783,,false,
68051,PL0021785,,false,
68052,PL0021789,,false,
68053,PL0021796,,false,
68054,PL0021806,,false,
68055,PL0021821,,false,
68056,PL0021834,,false,
68057,PL0021835,,false,
68058,PL0021837,,false,
68059,PL0021840,,false,
68060,PL0021857,,false,
68061,PL0021861,,false,
68062,PL0021866,,false,
68063,PL0021876,,false,
68064,PL0021887,,false,
68065,PL0021893,,false,
68066,PL0021895,,false,
68067,PL0021905,,false,
68068,PL0021919,,false,
68069,PL0021920,,false,
68070,PL0021923,,false,
68071,PL0021960,,false,
68072,PL0021965,,false,
68073,PL0021966,,false,
68074,PL0021980,,false,
68075,PL0021987,,false,
68076,PL0022007,,false,
68077,PL0022027,,false,
68078,PL0022028,,false,
68079,PL0022034,,false,
68080,PL0022037,,false,
68081,PL0022049,,false,
68082,PL0022061,,false,
68083,PL0022062,,false,
68084,PL0022066,,false,
68085,PL0022073,,false,
68086,PL0022086,,false,
68087,PL0022092,,false,
68088,PL0022122,,false,
68089,PL0022128,,false,
68090,PL0022130,,false,
68091,PL0022135,,false,
68092,PL0022143,,false,
68093,PL0022157,,false,
68094,PL0022158,,false,
68095,PL0022170,,false,
68096,PL0022171,,false,
68097,PL0022181,,false,
68098,PL0022183,,false,
68099,PL0022199,,false,
68100,PL0022201,,false,
68101,PL0022202,,false,
68102,PL0022220,,false,
68103,PL0022221,,false,
68104,PL0022222,,false,
68105,PL0022244,,false,
68106,PL0022245,,false,
68107,PL0022247,,false,
68108,PL0022271,,false,
68109,PL0022280,,false,
68110,PL0022290,,false,
68111,PL0022292,,false,
68112,PL0022299,,false,
68113,PL0022301,,false,
68114,PL0022309,,false,
68115,PL0022330,,false,
68116,PL0022334,,false,
68117,PL0022363,,false,
68118,PL0022369,,false,
68119,PL0022374,,false,
68120,PL0022376,,false,
68121,PL0022377,,false,
68122,PL0022380,,false,
68123,PL0022381,,false,
68124,PL0022385,,false,
68125,PL0022400,,false,
68126,PL0022408,,false,
68127,PL0022415,,false,
68128,PL0022422,,false,
68129,PL0022423,,false,
68130,PL0022428,,false,
68131,PL0022441,,false,
68132,PL0022460,,false,
68133,PL0022465,,false,
68134,PL0022481,,false,
68135,PL0022490,,false,
68136,PL0022501,,false,
68137,PL0022502,,false,
68138,PL0022503,,false,
68139,PL0022505,,false,
68140,PL0022508,,false,
68141,PL0022517,,false,
68142,PL0022521,,false,
68143,PL0022526,,false,
68144,PL0022545,,false,
68145,PL0022552,,false,
68146,PL0022553,,false,
68147,PL0022557,,false,
68148,PL0022561,,false,
68149,PL0022573,,false,
68150,PL0022577,,false,
68151,PL0022587,,false,
68152,PL0022594,,false,
68153,PL0022596,,false,
68154,PL0022598,,false,
68155,PL0022665,,false,
68156,PL0022684,,false,
68157,PL0022759,,false,
68158,PL0022760,,false,
68159,PL0022768,,false,
68160,PL0022770,,false,
68161,PL0022783,,false,
68162,PL0022795,,false,
68163,PL0022796,,false,
68164,PL0022815,,false,
68165,PL0022817,,false,
68166,PL0022821,,false,
68167,PL0022822,,false,
68168,PL0022823,,false,
68169,PL0022825,,false,
68170,PL0022830,,false,
68171,PL0022836,,false,
68172,PL0022838,,false,
68173,PL0022841,,false,
68174,PL0022845,,false,
68175,PL0022849,,false,
68176,PL0022850,,false,
68177,PL0022855,,false,
68178,PL0022856,,false,
68179,PL0022860,,false,
68180,PL0022861,,false,
68181,PL0022865,,false,
68182,PL0022869,,false,
68183,PL0022874,,false,
68184,PL0022882,,false,
68185,PL0022883,,false,
68186,PL0022885,,false,
68187,PL0022893,,false,
68188,PL0022909,,false,
68189,PL0022918,,false,
68190,PL0022921,,false,
68191,PL0022928,,false,
68192,PL0022931,,false,
68193,PL0022932,,false,
68194,PL0022935,,false,
68195,PL0022938,,false,
68196,PL0022941,,false,
68197,PL0022942,,false,
68198,PL0022944,,false,
68199,PL0022945,,false,
68200,PL0022946,,false,
68201,PL0022947,,false,
68202,PL0022951,,false,
68203,PL0022952,,false,
68204,PL0022953,,false,
68205,PL0022964,,false,
68206,PL0022966,,false,
68207,PL0022967,,false,
68208,PL0022969,,false,
68209,PL0022977,,false,
68210,PL0022978,,false,
68211,PL0022985,,false,
68212,PL0022987,,false,
68213,PL0022989,,false,
68214,PL0022997,,false,
68215,PL01030001,,false,
68216,PL01030002,,false,
68217,PL01030005,,false,
68218,PL01030007,,false,
68219,PL01030011,,false,
68220,PL01030013,,false,
68221,PL01030015,,false,
68222,PL01030018,,false,
68223,PL01030019,,false,
68224,PL01030027,,false,
68225,PL01030030,,false,
68226,PL01030034,,false,
68227,PL01030035,,false,
68228,PL01030036,,false,
68229,PL01030038,,false,
68230,PL01030040,,false,
68231,PL01030052,,false,
68232,PL01030053,,false,
68233,PL01030055,,false,
68234,PL01030058,,false,
68235,PL01030063,,false,
68236,PL01030068,,false,
68237,PL01030077,,false,
68238,PL01030081,,false,
68239,PL01030083,,false,
68240,PL01030091,,false,
68241,PL01030096,,false,
68242,PL01030101,,false,
68243,PL01030112,,false,
68244,PL01030117,,false,
68245,PL01030134,,false,
68246,PL01030140,,false,
68247,PL01030152,,false,
68248,PL01030157,,false,
68249,PL01030159,,false,
68250,PL01030165,,false,
68251,PL01030184,,false,
68252,PL01030186,,false,
68253,PL01030188,,false,
68254,PL01030210,,false,
68255,PL01030211,,false,
68256,PL01030218,,false,
68257,PL01030230,,false,
68258,PL01030232,,false,
68259,PL01030233,,false,
68260,PL01030236,,false,
68261,PL01030237,,false,
68262,PL01030239,,false,
68263,PL01030240,,false,
68264,PL01030243,,false,
68265,PL01030245,,false,
68266,PL01030252,,false,
68267,PL01030263,,false,
68268,PL01030268,,false,
68269,PL01030271,,false,
68270,PL01030272,,false,
68271,PL01030278,,false,
68272,PL01030282,,false,
68273,PL01030284,,false,
68274,PL01030287,,false,
68275,PL01030294,,false,
68276,PL01030296,,false,
68277,PL01030307,,false,
68278,PL01030308,,false,
68279,PL01030311,,false,
68280,PL01030323,,false,
68281,PL01030325,,false,
68282,PL01030326,,false,
68283,PL01030327,,false,
68284,PL01030338,,false,
68285,PL01030340,,false,
68286,PL01030342,,false,
68287,PL01030343,,false,
68288,PL01030353,,false,
68289,PL01030357,,false,
68290,PL01030372,,false,
68291,PL01030374,,false,
68292,PL01030407,,false,
68293,PL01030417,,false,
68294,PL01030422,,false,
68295,PL01030433,,false,
68296,PL01030444,,false,
68297,PL01030452,,false,
68298,PL01030453,,false,
68299,PL01030461,,false,
68300,PL01030476,,false,
68301,PL01030479,,false,
68302,PL01030497,,false,
68303,PL01030509,,false,
68304,PL01030516,,false,
68305,PL01030522,,false,
68306,PL01030524,,false,
68307,PL01030526,,false,
68308,PL01030527,,false,
68309,PL01030528,,false,
68310,PL01030537,,false,
68311,PL01030545,,false,
68312,PL01030549,,false,
68313,PL01030551,,false,
68314,PL01030554,,false,
68315,PL01030559,,false,
68316,PL01030561,,false,
68317,PL01030562,,false,
68318,PL01030563,,false,
68319,PL01030564,,false,
68320,PL01030569,,false,
68321,PL01030570,,false,
68322,PL01030572,,false,
68323,PL01030575,,false,
68324,PL01030579,,false,
68325,PL01030592,,false,
68326,PL01030602,,false,
68327,PL01030615,,false,
68328,PL01030617,,false,
68329,PL01030618,,false,
68330,PL01030622,,false,
68331,PL01030626,,false,
68332,PL01030630,,false,
68333,PL01030643,,false,
68334,PL01030646,,false,
68335,PL01030652,,false,
68336,PL01030653,,false,
68337,PL01030656,,false,
68338,PL01030664,,false,
68339,PL01030665,,false,
68340,PL01030666,,false,
68341,PL01030670,,false,
68342,PL01030678,,false,
68343,PL01030685,,false,
68344,PL01030686,,false,
68345,PL01030691,,false,
68346,PL01030696,,false,
68347,PL01030698,,false,
68348,PL01030699,,false,
68349,PL01030700,,false,
68350,PL01030703,,false,
68351,PL01030708,,false,
68352,PL01030710,,false,
68353,PL01030712,,false,
68354,PL01030724,,false,
68355,PL01030727,,false,
68356,PL01030730,,false,
68357,PL01030734,,false,
68358,PL01030738,,false,
68359,PL01030740,,false,
68360,PL01030746,,false,
68361,PL01030752,,false,
68362,PL01030756,,false,
68363,PL01030771,,false,
68364,PL01030772,,false,
68365,PL01030773,,false,
68366,PL01030778,,false,
68367,PL01030779,,false,
68368,PL01030786,,false,
68369,PL01030792,,false,
68370,PL01030796,,false,
68371,PL01030805,,false,
68372,PL01030806,,false,
68373,PL01030808,,false,
68374,PL01030809,,false,
68375,PL01030810,,false,
68376,PL01030813,,false,
68377,PL01030815,,false,
68378,PL01030820,,false,
68379,PL01030821,,false,
68380,PL01030823,,false,
68381,PL01030825,,false,
68382,PL01030830,,false,
68383,PL01030834,,false,
68384,PL01030845,,false,
68385,PL01030848,,false,
68386,PL01030850,,false,
68387,PL01030862,,false,
68388,PL01030868,,false,
68389,PL01030872,,false,
68390,PL01030874,,false,
68391,PL01030899,,false,
68392,PL01030913,,false,
68393,PL01030920,,false,
68394,PL01030923,,false,
68395,PL01030924,,false,
68396,PL01030928,,false,
68397,PL01030932,,false,
68398,PL01030939,,false,
68399,PL01030941,,false,
68400,PL01030942,,false,
68401,PL01030960,,false,
68402,PL01030961,,false,
68403,PL01030968,,false,
68404,PL01030969,,false,
68405,PL01030971,,false,
68406,PL01030986,,false,
68407,PL01030989,,false,
68408,PL01031000,,false,
68409,PL01031010,,false,
68410,PL01031012,,false,
68411,PL01031017,,false,
68412,PL01031039,,false,
68413,PL01031060,,false,
68414,PL01031066,,false,
68415,PL01031075,,false,
68416,PL01031077,,false,
68417,PL01031082,,false,
68418,PL01031087,,false,
68419,PL01031088,,false,
68420,PL01031089,,false,
68421,PL01031105,,false,
68422,PL01031122,,false,
68423,PL01031123,,false,
68424,PL01031147,,false,
68425,PL01031156,,false,
68426,PL01031157,,false,
68427,PL01031162,,false,
68428,PL01031164,,false,
68429,PL01031169,,false,
68430,PL01031176,,false,
68431,PL01031193,,false,
68432,PL01031194,,false,
68433,PL01031199,,false,
68434,PL01031204,,false,
68435,PL01031208,,false,
68436,PL01031210,,false,
68437,PL01031217,,false,
68438,PL01031227,,false,
68439,PL01031229,,false,
68440,PL01031244,,false,
68441,PL01031260,,false,
68442,PL01031281,,false,
68443,PL01031290,,false,
68444,PL01031296,,false,
68445,PL01031307,,false,
68446,PL01031308,,false,
68447,PL01031309,,false,
68448,PL01031311,,false,
68449,PL01031322,,false,
68450,PL01031327,,false,
68451,PL01031330,,false,
68452,PL01031331,,false,
68453,PL01031339,,false,
68454,PL01031340,,false,
68455,PL01031343,,false,
68456,PL01031344,,false,
68457,PL01031345,,false,
68458,PL01031363,,false,
68459,PL01031370,,false,
68460,PL01031372,,false,
68461,PL01031377,,false,
68462,PL01031381,,false,
68463,PL01031389,,false,
68464,PL01031396,,false,
68465,PL01031397,,false,
68466,PL01031413,,false,
68467,PL01031432,,false,
68468,PL01031433,,false,
68469,PL01031435,,false,
68470,PL01031438,,false,
68471,PL01031443,,false,
68472,PL01031444,,false,
68473,PL01031449,,false,
68474,PL01031455,,false,
68475,PL01031458,,false,
68476,PL01031462,,false,
68477,PL01031464,,false,
68478,PL01031466,,false,
68479,PL01031467,,false,
68480,PL01031468,,false,
68481,PL01031471,,false,
68482,PL01031472,,false,
68483,PL01031479,,false,
68484,PL01031481,,false,
68485,PL01031485,,false,
68486,PL01031486,,false,
68487,PL01031488,,false,
68488,PL01031491,,false,
68489,PL01031495,,false,
68490,PL01031498,,false,
68491,PL01031500,,false,
68492,PL01031506,,false,
68493,PL01031508,,false,
68494,PL01031516,,false,
68495,PL01031527,,false,
68496,PL01031528,,false,
68497,PL01031529,,false,
68498,PL01031532,,false,
68499,PL01031534,,false,
68500,PL01031536,,false,
68501,PL01031539,,false,
68502,PL01031547,,false,
68503,PL01031556,,false,
68504,PL01031568,,false,
68505,PL01031573,,false,
68506,PL01031576,,false,
68507,PL01031579,,false,
68508,PL01031581,,false,
68509,PL01031590,,false,
68510,PL01031595,,false,
68511,PL01031597,,false,
68512,PL01031599,,false,
68513,PL01031602,,false,
68514,PL01031609,,false,
68515,PL01031612,,false,
68516,PL01031618,,false,
68517,PL01031620,,false,
68518,PL01031622,,false,
68519,PL01031623,,false,
68520,PL01031632,,false,
68521,PL01031637,,false,
68522,PL01031641,,false,
68523,PL01031644,,false,
68524,PL01031645,,false,
68525,PL01031655,,false,
68526,PL01031659,,false,
68527,PL01031667,,false,
68528,PL01031672,,false,
68529,PL01031676,,false,
68530,PL01031677,,false,
68531,PL01031678,,false,
68532,PL01031679,,false,
68533,PL01031682,,false,
68534,PL01031683,,false,
68535,PL01031685,,false,
68536,PL01031687,,false,
68537,PL01031694,,false,
68538,PL01031700,,false,
68539,PL01031702,,false,
68540,PL01031703,,false,
68541,PL01031706,,false,
68542,PL01031707,,false,
68543,PL01031721,,false,
68544,PL01031722,,false,
68545,PL01031726,,false,
68546,PL01031732,,false,
68547,PL01031733,,false,
68548,PL01031742,,false,
68549,PL01031750,,false,
68550,PL01031751,,false,
68551,PL01031752,,false,
68552,PL01031755,,false,
68553,PL01031756,,false,
68554,PL01031761,,false,
68555,PL01031766,,false,
68556,PL01031767,,false,
68557,PL01031792,,false,
68558,PL01031796,,false,
68559,PL01031799,,false,
68560,PL01031804,,false,
68561,PL01031806,,false,
68562,PL01031810,,false,
68563,PL01031820,,false,
68564,PL01031821,,false,
68565,PL01031826,,false,
68566,PL01031832,,false,
68567,PL01031833,,false,
68568,PL01031838,,false,
68569,PL01031839,,false,
68570,PL01031840,,false,
68571,PL01031846,,false,
68572,PL01031850,,false,
68573,PL01031857,,false,
68574,PL01031860,,false,
68575,PL01031867,,false,
68576,PL01031877,,false,
68577,PL01031878,,false,
68578,PL01031880,,false,
68579,PL01031883,,false,
68580,PL01031884,,false,
68581,PL01031885,,false,
68582,PL01031886,,false,
68583,PL01031887,,false,
68584,PL01031888,,false,
68585,PL01031889,,false,
68586,PL01031897,,false,
68587,PL01031898,,false,
68588,PL01031903,,false,
68589,PL01031904,,false,
68590,PL01031914,,false,
68591,PL01031921,,false,
68592,PL01031925,,false,
68593,PL01031953,,false,
68594,PL01031957,,false,
68595,PL01031962,,false,
68596,PL01031974,,false,
68597,PL01031978,,false,
68598,PL01031980,,false,
68599,PL01031981,,false,
68600,PL01031983,,false,
68601,PL01031986,,false,
68602,PL01031991,,false,
68603,PL01031993,,false,
68604,PL01031994,,false,
68605,PL01032013,,false,
68606,PL01032016,,false,
68607,PL01032017,,false,
68608,PL01032020,,false,
68609,PL01032025,,false,
68610,PL01032044,,false,
68611,PL01032046,,false,
68612,PL01032048,,false,
68613,PL01032057,,false,
68614,PL01032064,,false,
68615,PL01032067,,false,
68616,PL01032068,,false,
68617,PL01032069,,false,
68618,PL01032072,,false,
68619,PL01032078,,false,
68620,PL01032088,,false,
68621,PL01032099,,false,
68622,PL01032101,,false,
68623,PL01032115,,false,
68624,PL01032135,,false,
68625,PL01032141,,false,
68626,PL01032142,,false,
68627,PL01032143,,false,
68628,PL01032147,,false,
68629,PL01032159,,false,
68630,PL01032163,,false,
68631,PL01032170,,false,
68632,PL01032176,,false,
68633,PL01032188,,false,
68634,PL01032201,,false,
68635,PL01032209,,false,
68636,PL01032211,,false,
68637,PL01032227,,false,
68638,PL01032231,,false,
68639,PL01032233,,false,
68640,PL01032242,,false,
68641,PL01032248,,false,
68642,PL01032249,,false,
68643,PL01032255,,false,
68644,PL01032259,,false,
68645,PL01032265,,false,
68646,PL01032273,,false,
68647,PL01032278,,false,
68648,PL01032281,,false,
68649,PL01032289,,false,
68650,PL01032295,,false,
68651,PL01032301,,false,
68652,PL01032307,,false,
68653,PL01032314,,false,
68654,PL01032326,,false,
68655,PL01032329,,false,
68656,PL01032331,,false,
68657,PL01032344,,false,
68658,PL01032347,,false,
68659,PL01032359,,false,
68660,PL01032367,,false,
68661,PL01032378,,false,
68662,PL01032379,,false,
68663,PL01032387,,false,
68664,PL01032393,,false,
68665,PL01032398,,false,
68666,PL01032402,,false,
68667,PL01032403,,false,
68668,PL01032407,,false,
68669,PL01032413,,false,
68670,PL01032418,,false,
68671,PL01032424,,false,
68672,PL01032425,,false,
68673,PL01032428,,false,
68674,PL01032444,,false,
68675,PL01032449,,false,
68676,PL01032460,,false,
68677,PL01032463,,false,
68678,PL01032471,,false,
68679,PL01032476,,false,
68680,PL01032493,,false,
68681,PL01032496,,false,
68682,PL01032503,,false,
68683,PL01032515,,false,
68684,PL01032538,,false,
68685,PL01032547,,false,
68686,PL01032550,,false,
68687,PL01032556,,false,
68688,PL01032562,,false,
68689,PL01032563,,false,
68690,PL01032567,,false,
68691,PL01032576,,false,
68692,PL01032584,,false,
68693,PL01032586,,false,
68694,PL01032590,,false,
68695,PL01032595,,false,
68696,PL01032621,,false,
68697,PL01032630,,false,
68698,PL01032647,,false,
68699,PL01032656,,false,
68700,PL01032658,,false,
68701,PL01032665,,false,
68702,PL01032676,,false,
68703,PL01032685,,false,
68704,PL01032686,,false,
68705,PL01032689,,false,
68706,PL01032690,,false,
68707,PL01032692,,false,
68708,PL01032695,,false,
68709,PL01032701,,false,
68710,PL01032726,,false,
68711,PL01032729,,false,
68712,PL01032731,,false,
68713,PL01032732,,false,
68714,PL01032743,,false,
68715,PL01032747,,false,
68716,PL01032748,,false,
68717,PL01032775,,false,
68718,PL01032789,,false,
68719,PL01032795,,false,
68720,PL01032796,,false,
68721,PL01032797,,false,
68722,PL01032799,,false,
68723,PL01032802,,false,
68724,PL01032808,,false,
68725,PL01032814,,false,
68726,PL01032825,,false,
68727,PL01032828,,false,
68728,PL01032834,,false,
68729,PL01032840,,false,
68730,PL01032842,,false,
68731,PL01032849,,false,
68732,PL01032851,,false,
68733,PL01032854,,false,
68734,PL01032857,,false,
68735,PL01032859,,false,
68736,PL01032863,,false,
68737,PL01032865,,false,
68738,PL01032872,,false,
68739,PL01032873,,false,
68740,PL01032877,,false,
68741,PL01032883,,false,
68742,PL01032885,,false,
68743,PL01032886,,false,
68744,PL01032887,,false,
68745,PL01032891,,false,
68746,PL01032893,,false,
68747,PL01032919,,false,
68748,PL01032932,,false,
68749,PL01032933,,false,
68750,PL01032936,,false,
68751,PL01032942,,false,
68752,PL01032947,,false,
68753,PL01032948,,false,
68754,PL01032966,,false,
68755,PL01032974,,false,
68756,PL01032982,,false,
68757,PL01032983,,false,
68758,PL01032984,,false,
68759,PL01033002,,false,
68760,PL01033006,,false,
68761,PL01033010,,false,
68762,PL01033030,,false,
68763,PL01033031,,false,
68764,PL01033034,,false,
68765,PL01033037,,false,
68766,PL01033052,,false,
68767,PL01033054,,false,
68768,PL01033057,,false,
68769,PL01033060,,false,
68770,PL01033072,,false,
68771,PL01033086,,false,
68772,PL01033094,,false,
68773,PL01033106,,false,
68774,PL01033112,,false,
68775,PL01033121,,false,
68776,PL01033127,,false,
68777,PL01033128,,false,
68778,PL01033129,,false,
68779,PL01033130,,false,
68780,PL01033144,,false,
68781,PL01033150,,false,
68782,PL01033152,,false,
68783,PL01033162,,false,
68784,PL01033165,,false,
68785,PL01033166,,false,
68786,PL01033167,,false,
68787,PL01033171,,false,
68788,PL01033177,,false,
68789,PL01033178,,false,
68790,PL01033179,,false,
68791,PL01033182,,false,
68792,PL01033183,,false,
68793,PL01033201,,false,
68794,PL01033205,,false,
68795,PL01033211,,false,
68796,PL01033241,,false,
68797,PL01033245,,false,
68798,PL01033247,,false,
68799,PL01033252,,false,
68800,PL01033264,,false,
68801,PL01033270,,false,
68802,PL01033276,,false,
68803,PL01033277,,false,
68804,PL01033279,,false,
68805,PL01033283,,false,
68806,PL01033295,,false,
68807,PL01033300,,false,
68808,PL01033306,,false,
68809,PL01033315,,false,
68810,PL01033318,,false,
68811,PL01033319,,false,
68812,PL01033320,,false,
68813,PL01033322,,false,
68814,PL01033325,,false,
68815,PL01033326,,false,
68816,PL01033331,,false,
68817,PL01033332,,false,
68818,PL01033353,,false,
68819,PL01033354,,false,
68820,PL01033356,,false,
68821,PL01033370,,false,
68822,PL01033377,,false,
68823,PL01033383,,false,
68824,PL01033393,,false,
68825,PL01033394,,false,
68826,PL01033402,,false,
68827,PL01033409,,false,
68828,PL01033413,,false,
68829,PL01033417,,false,
68830,PL01033429,,false,
68831,PL01033434,,false,
68832,PL01033444,,false,
68833,PL01033448,,false,
68834,PL01033450,,false,
68835,PL01033452,,false,
68836,PL01033454,,false,
68837,PL01033457,,false,
68838,PL01033458,,false,
68839,PL01033465,,false,
68840,PL01033467,,false,
68841,PL01033475,,false,
68842,PL01033476,,false,
68843,PL01033481,,false,
68844,PL01033493,,false,
68845,PL9910008,,false,
68846,PL9910009,,false,
68847,PL9910015,,false,
68848,PL9910062,,false,
68849,PL9910069,,false,
68850,PL9910087,,false,
68851,PL9910091,,false,
68852,PL9910137,,false,
68853,PL9910143,,false,
68854,PL9910164,,false,
68855,PL9910165,,false,
68856,PL9910196,,false,
68857,PL9910309,,false,
68858,PL9910336,,false,
68859,PL9910374,,false,
68860,PL9910393,,false,
68861,PL9910446,,false,
68862,PL9910482,,false,
68863,PL9910502,,false,
68864,PL9910535,,false,
68865,PL9910548,,false,
68866,PL9910578,,false,
68867,PL9910609,,false,
68868,PL9910617,,false,
68869,PL9910662,,false,
68870,PL9910686,,false,
68871,PL9910687,,false,
68872,PL9910699,,false,
68873,PL9910707,,false,
68874,PL9910729,,false,
68875,PL9910739,,false,
68876,PL9910742,,false,
68877,PL9910749,,false,
68878,PL9910751,,false,
68879,PL9910763,,false,
68880,PL9910769,,false,
68881,PL9910785,,false,
68882,PL9910832,,false,
68883,PL9910843,,false,
68884,PL9910852,,false,
68885,PL9910860,,false,
68886,PL9910861,,false,
68887,PL9910893,,false,
68888,PL9910907,,false,
68889,PL9910908,,false,
68890,PL9910911,,false,
68891,PL9910927,,false,
68892,PL9910928,,false,
68893,PL9910944,,false,
68894,PL9910945,,false,
68895,PL9910959,,false,
68896,PL9911002,,false,
68897,PL9911010,,false,
68898,PL9911012,,false,
68899,PL9911020,,false,
68900,PL9911024,,false,
68901,PL9911028,,false,
68902,PL9911030,,false,
68903,PL9911035,,false,
68904,PL9911046,,false,
68905,PL9911050,,false,
68906,PL9911057,,false,
68907,PL9911059,,false,
68908,PL9911067,,false,
68909,PL9911083,,false,
68910,PL9911084,,false,
68911,PL9911088,,false,
68912,PL9911098,,false,
68913,PL9911129,,false,
68914,PL9911149,,false,
68915,PL9911167,,false,
68916,PL9911169,,false,
68917,PL9911174,,false,
68918,PL9911182,,false,
68919,PL9911188,,false,
68920,PL9911191,,false,
68921,PL9911196,,false,
68922,PL9911207,,false,
68923,PL9911249,,false,
68924,PL9911252,,false,
68925,PL9911258,,false,
68926,PL9911259,,false,
68927,PL9911260,,false,
68928,PL9911268,,false,
68929,PL9911318,,false,
68930,PL9911322,,false,
68931,PL9911324,,false,
68932,PL9911327,,false,
68933,PL9911345,,false,
68934,PL9911372,,false,
68935,PL9911374,,false,
68936,PL9911380,,false,
68937,PL9911381,,false,
68938,PL9911384,,false,
68939,ST00246001,,false,
68940,ST00246003,,false,
68941,ST00246007,,false,
68942,ST00246018,,false,
68943,ST00246024,,false,
68944,ST00246025,,false,
68945,ST00246026,,false,
68946,ST00246038,,false,
68947,ST00246040,,false,
68948,ST00246050,,false,
68949,ST00246063,,false,
68950,ST00246066,,false,
68951,ST00246068,,false,
68952,ST00246072,,false,
68953,ST00246075,,false,
68954,ST00246080,,false,
68955,ST00246085,,false,
68956,ST00246089,,false,
68957,ST00246098,,false,
68958,ST00246113,,false,
68959,ST00246128,,false,
68960,ST00246136,,false,
68961,ST00246139,,false,
68962,ST00246158,,false,
68963,ST00246175,,false,
68964,ST00246176,,false,
68965,ST00246186,,false,
68966,ST00246187,,false,
68967,ST00246190,,false,
68968,ST00246193,,false,
68969,ST00246197,,false,
68970,ST00246199,,false,
68971,ST00246202,,false,
68972,ST00246203,,false,
68973,ST00246211,,false,
68974,ST00246212,,false,
68975,ST00246213,,false,
68976,ST00246217,,false,
68977,ST00246225,,false,
68978,ST00246227,,false,
68979,ST00246229,,false,
68980,ST00246234,,false,
68981,ST00246235,,false,
68982,ST00246240,,false,
68983,ST00246246,,false,
68984,ST00246253,,false,
68985,ST00246259,,false,
68986,ST00246261,,false,
68987,ST00246269,,false,
68988,ST00246270,,false,
68989,ST00246280,,false,
68990,ST00246281,,false,
68991,ST00246288,,false,
68992,ST00246296,,false,
68993,ST00246300,,false,
68994,ST00246305,,false,
68995,ST00246306,,false,
68996,ST00246310,,false,
68997,ST00246314,,false,
68998,ST00246316,,false,
68999,ST00246318,,false,
69000,ST00246323,,false,
69001,ST00246345,,false,
69002,ST00246350,,false,
69003,ST00246353,,false,
69004,ST00246355,,false,
69005,ST00246356,,false,
69006,ST00246360,,false,
69007,ST00246361,,false,
69008,ST00246364,,false,
69009,ST00246370,,false,
69010,ST00246371,,false,
69011,ST00246394,,false,
69012,ST00246402,,false,
69013,ST00246403,,false,
69014,ST00246406,,false,
69015,ST00246410,,false,
69016,ST00246419,,false,
69017,ST00246433,,false,
69018,ST00246441,,false,
69019,ST00246446,,false,
69020,ST00246447,,false,
69021,ST00246451,,false,
69022,ST00246458,,false,
69023,ST00246463,,false,
69024,ST00246465,,false,
69025,ST00246466,,false,
69026,ST00246467,,false,
69027,ST00246480,,false,
69028,ST00246481,,false,
69029,ST00246487,,false,
69030,ST00246489,,false,
69031,ST00247001,,false,
69032,ST00247006,,false,
69033,ST00247009,,false,
69034,ST00247010,,false,
69035,ST00247017,,false,
69036,ST00247022,,false,
69037,ST00247030,,false,
69038,ST00247032,,false,
69039,ST00247036,,false,
69040,ST00247043,,false,
69041,ST00247044,,false,
69042,ST00247074,,false,
69043,ST00247077,,false,
69044,ST00247079,,false,
69045,ST00247085,,false,
69046,ST00247086,,false,
69047,ST00247090,,false,
69048,ST00247105,,false,
69049,ST00247110,,false,
69050,ST00247114,,false,
69051,ST00247119,,false,
69052,ST00247123,,false,
69053,ST00247124,,false,
69054,ST00247125,,false,
69055,ST00247134,,false,
69056,ST00247140,,false,
69057,ST00247147,,false,
69058,ST00247148,,false,
69059,ST00247159,,false,
69060,ST00247162,,false,
69061,ST00247167,,false,
69062,ST00247168,,false,
69063,ST00247170,,false,
69064,ST00247174,,false,
69065,ST00247179,,false,
69066,ST00247180,,false,
69067,ST00247184,,false,
69068,ST00247185,,false,
69069,ST00247190,,false,
69070,ST00247191,,false,
69071,ST00247195,,false,
69072,ST00247207,,false,
69073,ST00247220,,false,
69074,ST00247225,,false,
69075,ST00247227,,false,
69076,ST00247234,,false,
69077,ST00247240,,false,
69078,ST00247247,,false,
69079,ST00247248,,false,
69080,ST00247249,,false,
69081,ST00247254,,false,
69082,ST00247260,,false,
69083,ST00247264,,false,
69084,ST00247271,,false,
69085,ST00247272,,false,
69086,ST00247277,,false,
69087,ST00247278,,false,
69088,ST00247294,,false,
69089,ST00247298,,false,
69090,ST00247301,,false,
69091,ST00247302,,false,
69092,ST00247312,,false,
69093,ST00247314,,false,
69094,ST00247317,,false,
69095,ST00247325,,false,
69096,ST00247329,,false,
69097,ST00247333,,false,
69098,ST00247334,,false,
69099,ST00247339,,false,
69100,ST00247340,,false,
69101,ST00247344,,false,
69102,ST00247354,,false,
69103,ST00247356,,false,
69104,ST00247357,,false,
69105,ST00247361,,false,
69106,ST00247363,,false,
69107,ST00247364,,false,
69108,ST00247373,,false,
69109,ST00247377,,false,
69110,ST00247396,,false,
69111,ST00247406,,false,
69112,ST00247407,,false,
69113,ST00247408,,false,
69114,ST00247411,,false,
69115,ST00247417,,false,
69116,ST00247418,,false,
69117,ST00247419,,false,
69118,ST00247425,,false,
69119,ST00247427,,false,
69120,ST00247428,,false,
69121,ST00247433,,false,
69122,ST00247442,,false,
69123,ST00247464,,false,
69124,ST00247468,,false,
69125,ST00247474,,false,
69126,ST00247488,,false,
69127,ST00247489,,false,
69128,ST00247490,,false,
69129,ST00247491,,false,
69130,ST00247503,,false,
69131,ST00247504,,false,
69132,ST00247511,,false,
69133,ST00247512,,false,
69134,ST00247516,,false,
69135,ST00247526,,false,
69136,ST00247528,,false,
69137,ST00247531,,false,
69138,ST00247536,,false,
69139,ST00247541,,false,
69140,ST00247543,,false,
69141,ST00247544,,false,
69142,ST00247552,,false,
69143,ST00247553,,false,
69144,ST00247554,,false,
69145,ST00247563,,false,
69146,ST00247566,,false,
69147,ST00247571,,false,
69148,ST00247574,,false,
69149,ST00247575,,false,
69150,ST00247576,,false,
69151,ST00247578,,false,
69152,ST00247579,,false,
69153,ST00247583,,false,
69154,ST00247588,,false,
69155,ST00247589,,false,
69156,ST00247591,,false,
69157,ST00247593,,false,
69158,ST00247594,,false,
69159,ST00247600,,false,
69160,ST00247608,,false,
69161,ST00247609,,false,
69162,ST00247611,,false,
69163,ST00247615,,false,
69164,ST00247619,,false,
69165,ST00247624,,false,
69166,ST00247628,,false,
69167,ST00247630,,false,
69168,ST00247634,,false,
69169,ST00247635,,false,
69170,ST00247647,,false,
69171,ST00247648,,false,
69172,ST00247652,,false,
69173,ST00247654,,false,
69174,ST00247658,,false,
69175,ST00247660,,false,
69176,ST00247662,,false,
69177,ST00247669,,false,
69178,ST00247670,,false,
69179,ST00247672,,false,
69180,ST00247673,,false,
69181,ST00247675,,false,
69182,ST00247680,,false,
69183,ST00247681,,false,
69184,ST00247684,,false,
69185,ST00247685,,false,
69186,ST00247687,,false,
69187,ST00247691,,false,
69188,ST00247692,,false,
69189,ST00247693,,false,
69190,ST00247696,,false,
69191,ST00247698,,false,
69192,ST00247702,,false,
69193,ST00247703,,false,
69194,ST00247712,,false,
69195,ST00247717,,false,
69196,ST00247720,,false,
69197,ST00247722,,false,
69198,ST00247725,,false,
69199,ST00247734,,false,
69200,ST00247735,,false,
69201,ST00247742,,false,
69202,ST00247743,,false,
69203,ST00247746,,false,
69204,ST00247760,,false,
69205,ST00247761,,false,
69206,ST00247775,,false,
69207,ST00247777,,false,
69208,ST00247779,,false,
69209,ST00247784,,false,
69210,ST00247785,,false,
69211,ST00247786,,false,
69212,ST00247795,,false,
69213,ST00247797,,false,
69214,ST00247800,,false,
69215,ST00247801,,false,
69216,ST00247805,,false,
69217,ST00247820,,false,
69218,ST00247821,,false,
69219,ST00247825,,false,
69220,ST00247833,,false,
69221,ST00247835,,false,
69222,ST00247836,,false,
69223,ST00247837,,false,
69224,ST00247849,,false,
69225,ST00247850,,false,
69226,ST00247851,,false,
69227,ST00247855,,false,
69228,ST00247858,,false,
69229,ST00247859,,false,
69230,ST00247867,,false,
69231,ST00247873,,false,
69232,ST00247876,,false,
69233,ST00247878,,false,
69234,ST00247883,,false,
69235,ST00247884,,false,
69236,ST00247891,,false,
69237,ST00247894,,false,
69238,ST00247905,,false,
69239,ST00247908,,false,
69240,ST00247910,,false,
69241,ST00247925,,false,
69242,ST00247928,,false,
69243,ST00247930,,false,
69244,ST00247938,,false,
69245,ST00247939,,false,
69246,ST00247947,,false,
69247,ST00247948,,false,
69248,ST00247951,,false,
69249,ST00247955,,false,
69250,ST00247962,,false,
69251,ST00247976,,false,
69252,ST00247978,,false,
69253,ST00247979,,false,
69254,ST00247980,,false,
69255,ST00247987,,false,
69256,ST00247991,,false,
69257,ST00248000,,false,
69258,ST00248003,,false,
69259,ST00248007,,false,
69260,ST00248014,,false,
69261,ST00248027,,false,
69262,ST00248035,,false,
69263,ST00248036,,false,
69264,ST00248038,,false,
69265,ST00248047,,false,
69266,ST00248049,,false,
69267,ST00248052,,false,
69268,ST00248071,,false,
69269,ST00248090,,false,
69270,ST00248092,,false,
69271,ST00248098,,false,
69272,ST00248100,,false,
69273,ST00248112,,false,
69274,ST00248116,,false,
69275,ST00248117,,false,
69276,ST00248123,,false,
69277,ST00248127,,false,
69278,ST00248128,,false,
69279,ST00248131,,false,
69280,ST00248140,,false,
69281,ST00248141,,false,
69282,ST00248149,,false,
69283,ST00248150,,false,
69284,ST00248156,,false,
69285,ST00248165,,false,
69286,ST00248167,,false,
69287,ST00248173,,false,
69288,ST00248176,,false,
69289,ST00248177,,false,
69290,ST00248185,,false,
69291,ST00248187,,false,
69292,ST00248190,,false,
69293,ST00248198,,false,
69294,ST00248204,,false,
69295,ST00248205,,false,
69296,ST00248211,,false,
69297,ST00248212,,false,
69298,ST00248229,,false,
69299,ST00248230,,false,
69300,ST00248236,,false,
69301,ST00248241,,false,
69302,ST00248246,,false,
69303,ST00248249,,false,
69304,ST00248252,,false,
69305,ST00248256,,false,
69306,ST00248263,,false,
69307,ST00248264,,false,
69308,ST00248266,,false,
69309,ST00248267,,false,
69310,ST00248269,,false,
69311,ST00248277,,false,
69312,ST00248288,,false,
69313,ST00248295,,false,
69314,ST00248301,,false,
69315,ST00248307,,false,
69316,ST00248309,,false,
69317,ST00248316,,false,
69318,ST00248338,,false,
69319,ST00248344,,false,
69320,ST00248345,,false,
69321,ST00248356,,false,
69322,ST00248362,,false,
69323,ST00248364,,false,
69324,ST00248369,,false,
69325,ST00248370,,false,
69326,ST00248400,,false,
69327,ST00248402,,false,
69328,ST00248405,,false,
69329,ST00248412,,false,
69330,ST00248415,,false,
69331,ST00248423,,false,
69332,ST00248429,,false,
69333,ST00248431,,false,
69334,ST00248433,,false,
69335,ST00248435,,false,
69336,ST00248441,,false,
69337,ST00248446,,false,
69338,ST00248447,,false,
69339,ST00248451,,false,
69340,ST00248461,,false,
69341,ST00248476,,false,
69342,ST00248485,,false,
69343,ST00248488,,false,
69344,ST00248489,,false,
69345,ST00248494,,false,
69346,ST00248495,,false,
69347,ST00248498,,false,
69348,ST00248499,,false,
69349,ST00248502,,false,
69350,ST00248507,,false,
69351,ST00248537,,false,
69352,ST00248538,,false,
69353,ST00248542,,false,
69354,ST00248543,,false,
69355,ST00248553,,false,
69356,ST00248556,,false,
69357,ST00248566,,false,
69358,ST00248570,,false,
69359,ST00248572,,false,
69360,ST00248573,,false,
69361,ST00248582,,false,
69362,ST00248584,,false,
69363,ST00248589,,false,
69364,ST00248590,,false,
69365,ST00248592,,false,
69366,ST00248597,,false,
69367,ST00248601,,false,
69368,ST00248607,,false,
69369,ST00248617,,false,
69370,ST00248632,,false,
69371,ST00248634,,false,
69372,ST00248637,,false,
69373,ST00248655,,false,
69374,ST00248656,,false,
69375,ST00248665,,false,
69376,ST00248671,,false,
69377,ST00248673,,false,
69378,ST00248684,,false,
69379,ST00248693,,false,
69380,ST00248698,,false,
69381,ST00248707,,false,
69382,ST00248712,,false,
69383,ST00248716,,false,
69384,ST00248728,,false,
69385,ST00248737,,false,
69386,ST00248738,,false,
69387,ST00248744,,false,
69388,ST00248746,,false,
69389,ST00248755,,false,
69390,ST00248757,,false,
69391,ST00248758,,false,
69392,ST00248763,,false,
69393,ST00248778,,false,
69394,ST00248781,,false,
69395,ST00248788,,false,
69396,ST00248789,,false,
69397,ST00248790,,false,
69398,ST00248797,,false,
69399,ST00248802,,false,
69400,ST00248819,,false,
69401,ST00248825,,false,
69402,ST00248827,,false,
69403,ST00248834,,false,
69404,ST00248845,,false,
69405,ST00248853,,false,
69406,ST00248856,,false,
69407,ST00248860,,false,
69408,ST00248863,,false,
69409,ST00248864,,false,
69410,ST00248870,,false,
69411,ST00248876,,false,
69412,ST00248879,,false,
69413,ST00248883,,false,
69414,ST00248885,,false,
69415,ST00248886,,false,
69416,ST00248904,,false,
69417,ST00248914,,false,
69418,ST00248944,,false,
69419,ST00248957,,false,
69420,ST00248960,,false,
69421,ST00248962,,false,
69422,ST00248963,,false,
69423,ST00248964,,false,
69424,ST00248967,,false,
69425,ST00249007,,false,
69426,ST00249036,,false,
69427,ST00249037,,false,
69428,ST00249068,,false,
69429,ST00249074,,false,
69430,ST00249079,,false,
69431,ST00249085,,false,
69432,ST00249089,,false,
69433,ST00249091,,false,
69434,ST00249111,,false,
69435,ST00249115,,false,
69436,ST00249116,,false,
69437,ST00249141,,false,
69438,ST00249143,,false,
69439,ST00249146,,false,
69440,ST00249156,,false,
69441,ST00249176,,false,
69442,ST00249182,,false,
69443,ST00249193,,false,
69444,ST00249201,,false,
69445,ST00249205,,false,
69446,ST00249213,,false,
69447,ST00249226,,false,
69448,ST00249230,,false,
69449,ST00249242,,false,
69450,ST00249247,,false,
69451,ST00249260,,false,
69452,ST00249261,,false,
69453,ST00249263,,false,
69454,ST00249264,,false,
69455,ST00249294,,false,
69456,ST00249301,,false,
69457,ST00249307,,false,
69458,ST00249309,,false,
69459,ST00249310,,false,
69460,ST00249319,,false,
69461,ST00249326,,false,
69462,ST00249327,,false,
69463,ST00249334,,false,
69464,ST00249346,,false,
69465,ST00249349,,false,
69466,ST00249352,,false,
69467,ST00249355,,false,
69468,ST00249357,,false,
69469,ST00249367,,false,
69470,ST00249376,,false,
69471,ST00249378,,false,
69472,ST00249392,,false,
69473,ST00249393,,false,
69474,ST00249396,,false,
69475,ST00249409,,false,
69476,ST00249419,,false,
69477,ST00249422,,false,
69478,ST00249436,,false,
69479,ST00249450,,false,
69480,ST00249457,,false,
69481,ST00249463,,false,
69482,ST00249476,,false,
69483,ST00249479,,false,
69484,ST00249480,,false,
69485,ST00249481,,false,
69486,ST00249487,,false,
69487,ST00249491,,false,
69488,ST00249493,,false,
69489,ST00249495,,false,
69490,ST00249498,,false,
69491,ST00249499,,false,
69492,ST00249502,,false,
69493,ST00249505,,false,
69494,ST00249511,,false,
69495,ST00249531,,false,
69496,ST00249533,,false,
69497,ST00249541,,false,
69498,ST00249542,,false,
69499,ST00249545,,false,
69500,ST00249551,,false,
69501,ST00249560,,false,
69502,ST00249562,,false,
69503,ST00249572,,false,
69504,ST00249573,,false,
69505,ST00249575,,false,
69506,ST00249579,,false,
69507,ST00249581,,false,
69508,ST00249583,,false,
69509,ST00249587,,false,
69510,ST00249588,,false,
69511,ST00249591,,false,
69512,ST00249593,,false,
69513,ST00249600,,false,
69514,ST00249601,,false,
69515,ST00249618,,false,
69516,ST00249621,,false,
69517,ST00249629,,false,
69518,ST00249635,,false,
69519,ST00249637,,false,
69520,ST00249650,,false,
69521,ST00249656,,false,
69522,ST00249658,,false,
69523,ST00249659,,false,
69524,ST00249662,,false,
69525,ST00249669,,false,
69526,ST00249670,,false,
69527,ST00249671,,false,
69528,ST00249677,,false,
69529,ST00249705,,false,
69530,ST00249716,,false,
69531,ST00249718,,false,
69532,ST00249725,,false,
69533,ST00249726,,false,
69534,ST00249728,,false,
69535,ST00249729,,false,
69536,ST00249742,,false,
69537,ST00249746,,false,
69538,ST00249767,,false,
69539,ST00249773,,false,
69540,ST00249774,,false,
69541,ST00249789,,false,
69542,ST00249792,,false,
69543,ST00249797,,false,
69544,ST00249800,,false,
69545,ST00249802,,false,
69546,ST00249806,,false,
69547,ST00249809,,false,
69548,ST00249827,,false,
69549,ST00249843,,false,
69550,ST00249845,,false,
69551,ST00249851,,false,
69552,ST00249865,,false,
69553,ST00249869,,false,
69554,ST00249872,,false,
69555,ST00249877,,false,
69556,ST00249881,,false,
69557,ST00249886,,false,
69558,ST00249889,,false,
69559,ST00249893,,false,
69560,ST00249900,,false,
69561,ST00249901,,false,
69562,ST00249904,,false,
69563,ST00249905,,false,
69564,ST00249907,,false,
69565,ST00249911,,false,
69566,ST00249918,,false,
69567,ST00249926,,false,
69568,ST00249928,,false,
69569,ST00249933,,false,
69570,ST00249937,,false,
69571,ST00249945,,false,
69572,ST00249947,,false,
69573,ST00249951,,false,
69574,ST00249959,,false,
69575,ST00249972,,false,
69576,ST00249973,,false,
69577,ST00249974,,false,
69578,ST00249981,,false,
69579,ST00249997,,false,
69580,ST00249998,,false,
69581,ST00292001,,false,
69582,ST00292004,,false,
69583,ST00292006,,false,
69584,ST00292009,,false,
69585,ST00292011,,false,
69586,ST00292014,,false,
69587,ST00292016,,false,
69588,ST00292019,,false,
69589,ST01245001,,false,
69590,ST01245004,,false,
69591,ST01245027,,false,
69592,ST01245037,,false,
69593,ST01245043,,false,
69594,ST01245052,,false,
69595,ST01245061,,false,
69596,ST01245070,,false,
69597,ST01245084,,false,
69598,ST01245096,,false,
69599,ST01245104,,false,
69600,ST01245114,,false,
69601,ST01245124,,false,
69602,ST01245127,,false,
69603,ST01245129,,false,
69604,ST01245134,,false,
69605,ST01245137,,false,
69606,ST01245141,,false,
69607,ST01245143,,false,
69608,ST01245151,,false,
69609,ST01245158,,false,
69610,ST01245167,,false,
69611,ST01245173,,false,
69612,ST01245177,,false,
69613,ST01245178,,false,
69614,ST01245184,,false,
69615,ST01245189,,false,
69616,ST01245196,,false,
69617,ST01245200,,false,
69618,ST01245206,,false,
69619,ST01245215,,false,
69620,ST01245218,,false,
69621,ST01245225,,false,
69622,ST01245230,,false,
69623,ST01245233,,false,
69624,ST01245236,,false,
69625,ST01245238,,false,
69626,ST01245241,,false,
69627,ST01245242,,false,
69628,ST01245243,,false,
69629,ST01245244,,false,
69630,ST01245246,,false,
69631,ST01245247,,false,
69632,ST01245248,,false,
69633,ST01245255,,false,
69634,ST01245257,,false,
69635,ST01245269,,false,
69636,ST01245270,,false,
69637,ST01245296,,false,
69638,ST01245301,,false,
69639,ST01245310,,false,
69640,ST01245313,,false,
69641,ST01245314,,false,
69642,ST01245319,,false,
69643,ST01245341,,false,
69644,ST01245343,,false,
69645,ST01245348,,false,
69646,ST01245369,,false,
69647,ST01245370,,false,
69648,ST01245373,,false,
69649,ST01245376,,false,
69650,ST01245386,,false,
69651,ST01245387,,false,
69652,ST01245389,,false,
69653,ST01245396,,false,
69654,ST01245398,,false,
69655,ST01245401,,false,
69656,ST01245402,,false,
69657,ST01245405,,false,
69658,ST01245406,,false,
69659,ST01245409,,false,
69660,ST01245415,,false,
69661,ST01245417,,false,
69662,ST01245423,,false,
69663,ST01245425,,false,
69664,ST01245428,,false,
69665,ST01245429,,false,
69666,ST01245432,,false,
69667,ST01245443,,false,
69668,ST01245452,,false,
69669,ST01245454,,false,
69670,ST01245456,,false,
69671,ST01245459,,false,
69672,ST01245462,,false,
69673,ST01245465,,false,
69674,ST01245480,,false,
69675,ST01245481,,false,
69676,ST01245490,,false,
69677,ST01245493,,false,
69678,ST01245495,,false,
69679,ST01245504,,false,
69680,ST01245512,,false,
69681,ST01245518,,false,
69682,ST01245522,,false,
69683,ST01245524,,false,
69684,ST01245525,,false,
69685,ST01245532,,false,
69686,ST01245545,,false,
69687,ST01245546,,false,
69688,ST01245547,,false,
69689,ST01245549,,false,
69690,ST01245555,,false,
69691,ST01245561,,false,
69692,ST01245563,,false,
69693,ST01245564,,false,
69694,ST01245568,,false,
69695,ST01245569,,false,
69696,ST01245572,,false,
69697,ST01245576,,false,
69698,ST01245585,,false,
69699,ST01245589,,false,
69700,ST01245593,,false,
69701,ST01245601,,false,
69702,ST01245603,,false,
69703,ST01245609,,false,
69704,ST01245611,,false,
69705,ST01245615,,false,
69706,ST01245626,,false,
69707,ST01245631,,false,
69708,ST01245637,,false,
69709,ST01245649,,false,
69710,ST01245650,,false,
69711,ST01245653,,false,
69712,ST01245654,,false,
69713,ST01245657,,false,
69714,ST01245658,,false,
69715,ST01245661,,false,
69716,ST01245665,,false,
69717,ST01245667,,false,
69718,ST01245669,,false,
69719,ST01245694,,false,
69720,ST01245709,,false,
69721,ST01245711,,false,
69722,ST01245730,,false,
69723,ST01245735,,false,
69724,ST01245738,,false,
69725,ST01245746,,false,
69726,ST01245748,,false,
69727,ST01245754,,false,
69728,ST01245772,,false,
69729,ST01245773,,false,
69730,ST01245779,,false,
69731,ST01245781,,false,
69732,ST01245789,,false,
69733,ST01245792,,false,
69734,ST01245793,,false,
69735,ST01245794,,false,
69736,ST01245796,,false,
69737,ST01245797,,false,
69738,ST01245801,,false,
69739,ST01245804,,false,
69740,ST01245806,,false,
69741,ST01245808,,false,
69742,ST01245810,,false,
69743,ST01245816,,false,
69744,ST01245826,,false,
69745,ST01245828,,false,
69746,ST01245834,,false,
69747,ST01245835,,false,
69748,ST01245839,,false,
69749,ST01245842,,false,
69750,ST01245844,,false,
69751,ST01245850,,false,
69752,ST01245852,,false,
69753,ST01245853,,false,
69754,ST01245855,,false,
69755,ST01245860,,false,
69756,ST01245862,,false,
69757,ST01245863,,false,
69758,ST01245864,,false,
69759,ST01245866,,false,
69760,ST01245874,,false,
69761,ST01245883,,false,
69762,ST01245885,,false,
69763,ST01245896,,false,
69764,ST01245897,,false,
69765,ST01245910,,false,
69766,ST01245929,,false,
69767,ST01245930,,false,
69768,ST01245938,,false,
69769,ST01245950,,false,
69770,ST01245956,,false,
69771,ST01245957,,false,
69772,ST01245959,,false,
69773,ST01245963,,false,
69774,ST01245965,,false,
69775,ST01245967,,false,
69776,ST01245969,,false,
69777,ST01245981,,false,
69778,ST01245995,,false,
69779,ST01246001,,false,
69780,ST01246003,,false,
69781,ST01246010,,false,
69782,ST01246014,,false,
69783,ST01246015,,false,
69784,ST01246021,,false,
69785,ST01246027,,false,
69786,ST01246029,,false,
69787,ST01246051,,false,
69788,ST01246056,,false,
69789,ST01246063,,false,
69790,ST01246076,,false,
69791,ST01246095,,false,
69792,ST01246097,,false,
69793,ST01246104,,false,
69794,ST01246106,,false,
69795,ST01246124,,false,
69796,ST01246128,,false,
69797,ST01246134,,false,
69798,ST01246137,,false,
69799,ST01246140,,false,
69800,ST01246144,,false,
69801,ST01246149,,false,
69802,ST01246151,,false,
69803,ST01246157,,false,
69804,ST01246168,,false,
69805,ST01246174,,false,
69806,ST01246186,,false,
69807,ST01246191,,false,
69808,ST01246210,,false,
69809,ST01246211,,false,
69810,ST01246218,,false,
69811,ST01246220,,false,
69812,ST01246232,,false,
69813,ST01246233,,false,
69814,ST01246236,,false,
69815,ST01246239,,false,
69816,ST01246240,,false,
69817,ST01246243,,false,
69818,ST01246252,,false,
69819,ST01246253,,false,
69820,ST01246258,,false,
69821,ST01246261,,false,
69822,ST01246266,,false,
69823,ST01246267,,false,
69824,ST01246279,,false,
69825,ST01246281,,false,
69826,ST01246284,,false,
69827,ST01246294,,false,
69828,ST01246297,,false,
69829,ST01246316,,false,
69830,ST01246319,,false,
69831,ST01246322,,false,
69832,ST01246324,,false,
69833,ST01246325,,false,
69834,ST01246328,,false,
69835,ST01246330,,false,
69836,ST01246343,,false,
69837,ST01246347,,false,
69838,ST01246351,,false,
69839,ST01246352,,false,
69840,ST01246362,,false,
69841,ST01246367,,false,
69842,ST01246371,,false,
69843,ST01246375,,false,
69844,ST01246382,,false,
69845,ST01246391,,false,
69846,ST01246392,,false,
69847,ST01246395,,false,
69848,ST01246406,,false,
69849,ST01246410,,false,
69850,ST01246411,,false,
69851,ST01246425,,false,
69852,ST01246435,,false,
69853,ST01246452,,false,
69854,ST01246474,,false,
69855,ST01246475,,false,
69856,ST01246476,,false,
69857,ST01246481,,false,
69858,ST01246486,,false,
69859,ST01246490,,false,
69860,ST01246492,,false,
69861,ST01246495,,false,
69862,ST01246498,,false,
69863,ST01246503,,false,
69864,ST01246512,,false,
69865,ST01246538,,false,
69866,ST01246543,,false,
69867,ST01246554,,false,
69868,ST01246556,,false,
69869,ST01246563,,false,
69870,ST01246571,,false,
69871,ST01246574,,false,
69872,ST01246575,,false,
69873,ST01246586,,false,
69874,ST01246592,,false,
69875,ST01246595,,false,
69876,ST01246598,,false,
69877,ST01246601,,false,
69878,ST01246605,,false,
69879,ST01246616,,false,
69880,ST01246643,,false,
69881,ST01246654,,false,
69882,ST01246655,,false,
69883,ST01246658,,false,
69884,ST01246663,,false,
69885,ST01246671,,false,
69886,ST01246672,,false,
69887,ST01246677,,false,
69888,ST01246679,,false,
69889,ST01246689,,false,
69890,ST01246692,,false,
69891,ST01246693,,false,
69892,ST01246705,,false,
69893,ST01246707,,false,
69894,ST01246724,,false,
69895,ST01246726,,false,
69896,ST01246728,,false,
69897,ST01246729,,false,
69898,ST01246732,,false,
69899,ST01246739,,false,
69900,ST01246757,,false,
69901,ST01246759,,false,
69902,ST01246763,,false,
69903,ST01246765,,false,
69904,ST01246775,,false,
69905,ST01246777,,false,
69906,ST01246781,,false,
69907,ST01246783,,false,
69908,ST01246792,,false,
69909,ST01246797,,false,
69910,ST01246803,,false,
69911,ST01246815,,false,
69912,ST01246839,,false,
69913,ST01246849,,false,
69914,ST01246855,,false,
69915,ST01246886,,false,
69916,ST01246887,,false,
69917,ST01246902,,false,
69918,ST01246913,,false,
69919,ST01246917,,false,
69920,ST01246918,,false,
69921,ST01246919,,false,
69922,ST01246983,,false,
69923,ST01247000,,false,
69924,ST01247002,,false,
69925,ST01247003,,false,
69926,ST01247004,,false,
69927,ST01247016,,false,
69928,ST01247021,,false,
69929,ST01247022,,false,
69930,ST01247023,,false,
69931,ST01247030,,false,
69932,ST01247042,,false,
69933,ST01247044,,false,
69934,ST01247049,,false,
69935,ST01247051,,false,
69936,ST01247053,,false,
69937,ST01247057,,false,
69938,ST01247065,,false,
69939,ST01247073,,false,
69940,ST01247074,,false,
69941,ST01247078,,false,
69942,ST01247079,,false,
69943,ST01247083,,false,
69944,ST01247084,,false,
69945,ST01247087,,false,
69946,ST01247092,,false,
69947,ST01247093,,false,
69948,ST01247094,,false,
69949,ST01247100,,false,
69950,ST01247105,,false,
69951,ST01247108,,false,
69952,ST01247109,,false,
69953,ST01247117,,false,
69954,ST01247120,,false,
69955,ST01247123,,false,
69956,ST01247136,,false,
69957,ST01247139,,false,
69958,ST01247143,,false,
69959,ST01247144,,false,
69960,ST01247145,,false,
69961,ST01247156,,false,
69962,ST01247157,,false,
69963,ST01247165,,false,
69964,ST01247175,,false,
69965,ST01247180,,false,
69966,ST01247188,,false,
69967,ST01247190,,false,
69968,ST01247194,,false,
69969,ST01247196,,false,
69970,ST01247197,,false,
69971,ST01247199,,false,
69972,ST01247211,,false,
69973,ST01247213,,false,
69974,ST01247214,,false,
69975,ST01247216,,false,
69976,ST01247217,,false,
69977,ST01247220,,false,
69978,ST01247228,,false,
69979,ST01247237,,false,
69980,ST01247243,,false,
69981,ST01247266,,false,
69982,ST01247277,,false,
69983,ST01247278,,false,
69984,ST01247285,,false,
69985,ST01247289,,false,
69986,ST01247293,,false,
69987,ST01247297,,false,
69988,ST01247304,,false,
69989,ST01247309,,false,
69990,ST01247315,,false,
69991,ST01247318,,false,
69992,ST01247323,,false,
69993,ST01247327,,false,
69994,ST01247336,,false,
69995,ST01247354,,false,
69996,ST01247356,,false,
69997,ST01247360,,false,
69998,ST01247368,,false,
69999,ST01247372,,false,
70000,ST01247376,,false,
70001,ST01247390,,false,
70002,ST01247394,,false,
70003,ST01247399,,false,
70004,ST01247404,,false,
70005,ST01247407,,false,
70006,ST01247410,,false,
70007,ST01247411,,false,
70008,ST01247417,,false,
70009,ST01247428,,false,
70010,ST01247433,,false,
70011,ST01247434,,false,
70012,ST01247438,,false,
70013,ST01247462,,false,
70014,ST01247467,,false,
70015,ST01247477,,false,
70016,ST01247483,,false,
70017,ST01247485,,false,
70018,ST01247491,,false,
70019,ST01247492,,false,
70020,ST01247493,,false,
70021,ST01247496,,false,
70022,ST01247501,,false,
70023,ST01247502,,false,
70024,ST01247508,,false,
70025,ST01247509,,false,
70026,ST01247514,,false,
70027,ST01247516,,false,
70028,ST01247519,,false,
70029,ST01247520,,false,
70030,ST01247527,,false,
70031,ST01247529,,false,
70032,ST01247530,,false,
70033,ST01247550,,false,
70034,ST01247551,,false,
70035,ST01247564,,false,
70036,ST01247570,,false,
70037,ST01247572,,false,
70038,ST01247575,,false,
70039,ST01247576,,false,
70040,ST01247584,,false,
70041,ST01247588,,false,
70042,ST01247591,,false,
70043,ST01247596,,false,
70044,ST01247598,,false,
70045,ST01247601,,false,
70046,ST01247616,,false,
70047,ST01247620,,false,
70048,ST01247624,,false,
70049,ST01247631,,false,
70050,ST01247632,,false,
70051,ST01247633,,false,
70052,ST01247640,,false,
70053,ST01247652,,false,
70054,ST01247657,,false,
70055,ST01247662,,false,
70056,ST01247664,,false,
70057,ST01247670,,false,
70058,ST01247672,,false,
70059,ST01247674,,false,
70060,ST01247675,,false,
70061,ST01247682,,false,
70062,ST01247685,,false,
70063,ST01247688,,false,
70064,ST01247695,,false,
70065,ST01247702,,false,
70066,ST01247707,,false,
70067,ST01247711,,false,
70068,ST01247716,,false,
70069,ST01247717,,false,
70070,ST01247718,,false,
70071,ST01247726,,false,
70072,ST01247728,,false,
70073,ST01247732,,false,
70074,ST01247741,,false,
70075,ST01247745,,false,
70076,ST01247748,,false,
70077,ST01247757,,false,
70078,ST01247759,,false,
70079,ST01247763,,false,
70080,ST01247765,,false,
70081,ST01247767,,false,
70082,ST01247771,,false,
70083,ST01247774,,false,
70084,ST01247775,,false,
70085,ST01247776,,false,
70086,ST01247777,,false,
70087,ST01247783,,false,
70088,ST01247787,,false,
70089,ST01247789,,false,
70090,ST01247792,,false,
70091,ST01247795,,false,
70092,ST01247801,,false,
70093,ST01247805,,false,
70094,ST01247806,,false,
70095,ST01248005,,false,
70096,ST01248006,,false,
70097,ST01248017,,false,
70098,ST01248018,,false,
70099,ST01248020,,false,
70100,ST01248022,,false,
70101,ST01248051,,false,
70102,ST01248069,,false,
70103,ST01248075,,false,
70104,ST01248081,,false,
70105,ST01248084,,false,
70106,ST01248085,,false,
70107,ST01248086,,false,
70108,ST01248088,,false,
70109,ST01248094,,false,
70110,ST01248096,,false,
70111,ST01248101,,false,
70112,ST01248105,,false,
70113,ST01248123,,false,
70114,ST01248135,,false,
70115,ST01248138,,false,
70116,ST01248152,,false,
70117,ST01248160,,false,
70118,ST01248169,,false,
70119,ST01248186,,false,
70120,ST01248192,,false,
70121,ST01248193,,false,
70122,ST01248203,,false,
70123,ST01248216,,false,
70124,ST01248218,,false,
70125,ST01248219,,false,
70126,ST01248227,,false,
70127,ST01248228,,false,
70128,ST01248233,,false,
70129,ST01248239,,false,
70130,ST01248240,,false,
70131,ST01248241,,false,
70132,ST01248243,,false,
70133,ST01248255,,false,
70134,ST01248260,,false,
70135,ST01248274,,false,
70136,ST01248279,,false,
70137,ST01248285,,false,
70138,ST01248289,,false,
70139,ST01248291,,false,
70140,ST01248294,,false,
70141,ST01248308,,false,
70142,ST01248309,,false,
70143,ST01248313,,false,
70144,ST01248314,,false,
70145,ST01248315,,false,
70146,ST01248316,,false,
70147,ST01248321,,false,
70148,ST01248324,,false,
70149,ST01248331,,false,
70150,ST01248332,,false,
70151,ST01248335,,false,
70152,ST01248339,,false,
70153,ST01248341,,false,
70154,ST01248345,,false,
70155,ST01248349,,false,
70156,ST01248351,,false,
70157,ST01248353,,false,
70158,ST01248357,,false,
70159,ST01248361,,false,
70160,ST01248362,,false,
70161,ST01248365,,false,
70162,ST01248368,,false,
70163,ST01248370,,false,
70164,ST01248374,,false,
70165,ST01248382,,false,
70166,ST01248387,,false,
70167,ST01248396,,false,
70168,ST01248400,,false,
70169,ST01248415,,false,
70170,ST01248419,,false,
70171,ST01248424,,false,
70172,ST01248436,,false,
70173,ST01248442,,false,
70174,ST01248459,,false,
70175,ST01248489,,false,
70176,ST01248493,,false,
70177,ST01248494,,false,
70178,ST01248495,,false,
70179,ST01248497,,false,
70180,ST01248499,,false,
70181,ST01248500,,false,
70182,ST01248505,,false,
70183,ST01248512,,false,
70184,ST01248514,,false,
70185,ST01248515,,false,
70186,ST01248518,,false,
70187,ST01248524,,false,
70188,ST01248525,,false,
70189,ST01248526,,false,
70190,ST01248530,,false,
70191,ST01248531,,false,
70192,ST01248532,,false,
70193,ST01248541,,false,
70194,ST01248547,,false,
70195,ST01248549,,false,
70196,ST01248550,,false,
70197,ST01248558,,false,
70198,ST01248565,,false,
70199,ST01248568,,false,
70200,ST01248572,,false,
70201,ST01248574,,false,
70202,ST01248576,,false,
70203,ST01248582,,false,
70204,ST01248583,,false,
70205,ST01248586,,false,
70206,ST01248589,,false,
70207,ST01248590,,false,
70208,ST01248594,,false,
70209,ST01248595,,false,
70210,ST01248600,,false,
70211,ST01248601,,false,
70212,ST01248604,,false,
70213,ST01248605,,false,
70214,ST01248608,,false,
70215,ST01248609,,false,
70216,ST01248613,,false,
70217,ST01248614,,false,
70218,ST01248620,,false,
70219,ST01248621,,false,
70220,ST01248628,,false,
70221,ST01248630,,false,
70222,ST01248636,,false,
70223,ST01248638,,false,
70224,ST01248642,,false,
70225,ST01248646,,false,
70226,ST01248647,,false,
70227,ST01248648,,false,
70228,ST01248652,,false,
70229,ST01248656,,false,
70230,ST01248657,,false,
70231,ST01248661,,false,
70232,ST01248669,,false,
70233,ST01248671,,false,
70234,ST01248672,,false,
70235,ST01248673,,false,
70236,ST01254000,,false,
70237,ST01254008,,false,
70238,ST01254016,,false,
70239,ST01254019,,false,
70240,ST01254020,,false,
70241,ST01254026,,false,
70242,ST01254029,,false,
70243,ST01254030,,false,
70244,ST01254033,,false,
70245,ST01254034,,false,
70246,ST01254040,,false,
70247,ST01254041,,false,
70248,ST01254046,,false,
70249,ST01254054,,false,
70250,ST01254055,,false,
70251,ST01254065,,false,
70252,ST01254068,,false,
70253,ST01254081,,false,
70254,ST01254088,,false,
70255,ST01254090,,false,
70256,ST01254099,,false,
70257,ST01254100,,false,
70258,ST01254110,,false,
70259,ST01254112,,false,
70260,ST01254119,,false,
70261,ST01254122,,false,
70262,ST01254125,,false,
70263,ST01254129,,false,
70264,ST01254132,,false,
70265,ST01254133,,false,
70266,ST01254139,,false,
70267,ST01254141,,false,
70268,ST01254143,,false,
70269,ST01254145,,false,
70270,ST01254146,,false,
70271,ST01254147,,false,
70272,ST01254148,,false,
70273,ST01254153,,false,
70274,ST99246013,,false,
70275,ST99246016,,false,
70276,ST99246051,,false,
70277,ST99246081,,false,
70278,ST99246132,,false,
70279,ST99246173,,false,
70280,ST99246174,,false,
70281,ST99246183,,false,
70282,ST99246203,,false,
70283,ST99246270,,false,
70284,ST99246285,,false,
70285,ST99246303,,false,
70286,ST99246319,,false,
70287,ST99246341,,false,
70288,ST99246342,,false,
70289,ST99246381,,false,
70290,ST99246383,,false,
70291,ST99246384,,false,
70292,ST99246407,,false,
70293,ST99246418,,false,
70294,ST99246437,,false,
70295,ST99246485,,false,
70296,ST99246500,,false,
70297,ST99246518,,false,
70298,ST99246616,,false,
70299,ST99246625,,false,
70300,ST99246631,,false,
70301,ST99246633,,false,
70302,ST99246634,,false,
70303,ST99246635,,false,
70304,ST99246642,,false,
70305,ST99246659,,false,
70306,ST99246666,,false,
70307,ST99246689,,false,
70308,ST99246720,,false,
70309,ST99246752,,false,
70310,ST99246755,,false,
70311,ST99246768,,false,
70312,ST99246797,,false,
70313,ST99246809,,false,
70314,ST99246815,,false,
70315,ST99246820,,false,
70316,ST99246830,,false,
70317,ST99246831,,false,
70318,ST99246835,,false,
70319,ST99246838,,false,
70320,ST99246840,,false,
70321,ST99246845,,false,
70322,ST99246848,,false,
70323,ST99246865,,false,
70324,ST99246873,,false,
70325,ST99246881,,false,
70326,ST99246893,,false,
70327,ST99246894,,false,
70328,ST99246900,,false,
70329,ST99246909,,false,
70330,ST99246910,,false,
70331,ST99246912,,false,
70332,ST99246914,,false,
70333,ST99246927,,false,
70334,ST99246928,,false,
70335,ST99246931,,false,
70336,ST99246932,,false,
70337,ST99246934,,false,
70338,ST99246939,,false,
70339,ST99246946,,false,
70340,ST99246947,,false,
70341,ST99246951,,false,
70342,ST99246952,,false,
70343,ST99246953,,false,
70344,ST99246956,,false,
70345,ST99246960,,false,
70346,ST99246963,,false,
70347,ST99246964,,false,
70348,ST99246971,,false,
70349,ST99246980,,false,
70350,ST99246981,,false,
70351,ST99246986,,false,
70352,ST99246990,,false,
70353,ST99246991,,false,
70354,ST99246995,,false,
70355,ST99247003,,false,
70356,ST99247004,,false,
70357,ST99247009,,false,
70358,ST99247010,,false,
70359,ST99247013,,false,
70360,ST99247018,,false,
70361,ST99247020,,false,
70362,ST99247022,,false,
70363,ST99247026,,false,
70364,ST99247030,,false,
70365,ST99247046,,false,
70366,ST99247051,,false,
70367,ST99247054,,false,
70368,ST99247068,,false,
70369,ST99247073,,false,
70370,ST99247076,,false,
70371,ST99247077,,false,
70372,ST99247082,,false,
70373,ST99247087,,false,
70374,ST99247088,,false,
70375,ST99247094,,false,
70376,ST99247103,,false,
70377,ST99247112,,false,
70378,ST99247113,,false,
70379,ST99247115,,false,
70380,ST99247128,,false,
70381,ST99247132,,false,
70382,ST99247134,,false,
70383,ST99247139,,false,
70384,ST99247141,,false,
70385,ST99247151,,false,
70386,ST99247152,,false,
70387,ST99247161,,false,
70388,ST99247162,,false,
70389,ST99247165,,false,
70390,ST99247166,,false,
70391,ST99247167,,false,
70392,ST99247168,,false,
70393,ST99247179,,false,
70394,ST99247180,,false,
70395,ST99247184,,false,
70396,ST99247190,,false,
70397,ST99247192,,false,
70398,ST99247194,,false,
70399,ST99247196,,false,
70400,ST99247203,,false,
70401,ST99247206,,false,
70402,ST99247207,,false,
70403,ST99247215,,false,
70404,ST99247232,,false,
70405,ST99247235,,false,
70406,ST99247238,,false,
70407,ST99247242,,false,
70408,ST99247245,,false,
70409,ST99247248,,false,
70410,ST99247264,,false,
70411,ST99247273,,false,
70412,ST99247276,,false,
70413,ST99247277,,false,
70414,ST99247278,,false,
70415,ST99247279,,false,
70416,ST99247293,,false,
70417,ST99247313,,false,
70418,ST99247315,,false,
70419,ST99247318,,false,
70420,ST99247323,,false,
70421,ST99247324,,false,
70422,ST99247333,,false,
70423,ST99247335,,false,
70424,ST99247343,,false,
70425,ST99247349,,false,
70426,ST99247352,,false,
70427,ST99247355,,false,
70428,ST99247356,,false,
70429,ST99247370,,false,
70430,ST99247375,,false,
70431,ST99247376,,false,
70432,ST99247379,,false,
70433,ST99247389,,false,
70434,ST99247390,,false,
70435,ST99247393,,false,
70436,ST99247394,,false,
70437,ST99247401,,false,
70438,ST99247411,,false,
70439,ST99247412,,false,
70440,ST99247417,,false,
70441,ST99247419,,false,
70442,ST99247420,,false,
70443,ST99247424,,false,
70444,ST99247431,,false,
70445,ST99247433,,false,
70446,ST99247434,,false,
70447,ST99247440,,false,
70448,ST99247442,,false,
70449,ST99247444,,false,
70450,ST99247452,,false,
70451,ST99247457,,false,
70452,ST99247462,,false,
70453,ST99247465,,false,
70454,ST99247466,,false,
70455,ST99247467,,false,
70456,ST99247468,,false,
70457,ST99247470,,false,
70458,ST99247473,,false,
70459,ST99247476,,false,
70460,ST99247479,,false,
70461,ST99247481,,false,
70462,ST99247484,,false,
70463,ST99247488,,false,
70464,ST99247493,,false,
70465,ST99247503,,false,
70466,ST99247505,,false,
70467,ST99247508,,false,
70468,ST99247509,,false,
70469,ST99247512,,false,
70470,ST99247524,,false,
70471,ST99247525,,false,
70472,ST99247528,,false,
70473,ST99247532,,false,
70474,ST99247536,,false,
70475,ST99247537,,false,
70476,ST99247543,,false,
70477,ST99247548,,false,
70478,ST99247552,,false,
70479,ST99247555,,false,
70480,ST99247556,,false,
70481,ST99247563,,false,
70482,ST99247571,,false,
70483,ST99247572,,false,
70484,ST99247577,,false,
70485,ST99247586,,false,
70486,ST99247590,,false,
70487,ST99247595,,false,
70488,ST99247599,,false,
70489,ST99247601,,false,
70490,ST99247602,,false,
70491,ST99247611,,false,
70492,ST99247618,,false,
70493,ST99247639,,false,
70494,ST99247650,,false,
70495,ST99247662,,false,
70496,ST99247664,,false,
70497,ST99247665,,false,
70498,ST99247669,,false,
70499,ST99247670,,false,
70500,ST99247681,,false,
70501,ST99247682,,false,
70502,ST99247683,,false,
70503,ST99247687,,false,
70504,ST99247688,,false,
70505,ST99247689,,false,
70506,ST99247694,,false,
70507,ST99247695,,false,
70508,ST99247702,,false,
70509,ST99247714,,false,
70510,ST99247717,,false,
70511,ST99247720,,false,
70512,ST99247724,,false,
70513,ST99247726,,false,
70514,ST99247729,,false,
70515,ST99247740,,false,
70516,ST99247749,,false,
70517,ST99247753,,false,
70518,ST99247754,,false,
70519,ST99247758,,false,
70520,ST99247759,,false,
70521,ST99247767,,false,
70522,ST99247768,,false,
70523,ST99247775,,false,
70524,ST99247776,,false,
70525,ST99247779,,false,
70526,ST99247781,,false,
70527,ST99247788,,false,
70528,ST99247798,,false,
70529,ST99247801,,false,
70530,ST99247803,,false,
70531,ST99247805,,false,
70532,ST99247809,,false,
70533,ST99247814,,false,
70534,ST99247829,,false,
70535,ST99247839,,false,
70536,ST99247841,,false,
70537,ST99247857,,false,
70538,ST99247862,,false,
70539,ST99247864,,false,
70540,ST99247866,,false,
70541,ST99247870,,false,
70542,ST99247874,,false,
70543,ST99247881,,false,
70544,ST99247888,,false,
70545,ST99247890,,false,
70546,ST99247901,,false,
70547,ST99247910,,false,
70548,ST99247911,,false,
70549,ST99247916,,false,
70550,ST99247925,,false,
70551,ST99247941,,false,
70552,ST99247948,,false,
70553,ST99247949,,false,
70554,ST99247951,,false,
70555,ST99247958,,false,
70556,ST99247962,,false,
70557,ST99247979,,false,
70558,ST99247985,,false,
70559,ST99248008,,false,
70560,ST99248010,,false,
70561,ST99248013,,false,
70562,ST99248015,,false,
70563,ST99248016,,false,
70564,ST99248027,,false,
70565,ST99248036,,false,
70566,ST99248040,,false,
70567,ST99248041,,false,
70568,ST99248044,,false,
70569,ST99248049,,false,
70570,ST99248056,,false,
70571,ST99248071,,false,
70572,ST99248078,,false,
70573,ST99248105,,false,
70574,ST99248108,,false,
70575,ST99248110,,false,
70576,ST99248111,,false,
70577,ST99248116,,false,
70578,ST99248118,,false,
70579,ST99248123,,false,
70580,ST99248130,,false,
70581,ST99248137,,false,
70582,ST99248139,,false,
70583,ST99248150,,false,
70584,ST99248151,,false,
70585,ST99248152,,false,
70586,ST99248154,,false,
70587,ST99248159,,false,
70588,ST99248163,,false,
70589,ST99248164,,false,
70590,ST99248165,,false,
70591,ST99248170,,false,
70592,ST99248172,,false,
70593,ST99248190,,false,
70594,ST99248191,,false,
70595,ST99248193,,false,
70596,ST99248194,,false,
70597,ST99248196,,false,
70598,ST99248201,,false,
70599,ST99248206,,false,
70600,ST99248211,,false,
70601,ST99248213,,false,
70602,ST99248217,,false,
70603,ST99248218,,false,
70604,ST99248223,,false,
70605,ST99248226,,false,
70606,ST99248231,,false,
70607,ST99248254,,false,
70608,ST99248262,,false,
70609,ST99248265,,false,
70610,ST99248273,,false,
70611,ST99248274,,false,
70612,ST99248276,,false,
70613,ST99248277,,false,
70614,ST99248282,,false,
70615,ST99248288,,false,
70616,ST99248290,,false,
70617,ST99248306,,false,
70618,ST99248308,,false,
70619,ST99248322,,false,
70620,ST99248324,,false,
70621,ST99248328,,false,
70622,ST99248336,,false,
70623,ST99248337,,false,
70624,ST99248338,,false,
70625,ST99248339,,false,
70626,ST99248356,,false,
70627,ST99248359,,false,
70628,ST99248361,,false,
70629,ST99248365,,false,
70630,ST99248366,,false,
70631,ST99248370,,false,
70632,ST99248372,,false,
70633,ST99248374,,false,
70634,ST99248399,,false,
70635,ST99248412,,false,
70636,ST99248431,,false,
70637,ST99248443,,false,
70638,ST99248444,,false,
70639,ST99248458,,false,
70640,ST99248462,,false,
70641,ST99248463,,false,
70642,ST99248466,,false,
70643,ST99248470,,false,
70644,ST99248472,,false,
70645,ST99248478,,false,
70646,ST99248481,,false,
70647,ST99248486,,false,
70648,ST99248488,,false,
70649,ST99248494,,false,
70650,ST99248502,,false,
70651,ST99248504,,false,
70652,ST99248505,,false,
70653,ST99248506,,false,
70654,ST99248507,,false,
70655,ST99248509,,false,
70656,ST99248511,,false,
70657,ST99248512,,false,
70658,ST99248514,,false,
70659,ST99248515,,false,
70660,ST99248523,,false,
70661,ST99248538,,false,
70662,ST99248545,,false,
70663,ST99248548,,false,
70664,ST99248553,,false,
70665,ST99248562,,false,
70666,ST99248563,,false,
70667,ST99248564,,false,
70668,ST99248565,,false,
70669,ST99248566,,false,
70670,ST99248567,,false,
70671,ST99248568,,false,
70672,ST99248570,,false,
70673,ST99248571,,false,
70674,ST99248572,,false,
70675,ST99248573,,false,
70676,ST99248576,,false,
70677,ST99248597,,false,
70678,ST99248604,,false,
70679,ST99248606,,false,
70680,ST99248610,,false,
70681,ST99248617,,false,
70682,ST99248624,,false,
70683,ST99248645,,false,
70684,ST99248650,,false,
70685,ST99248654,,false,
70686,ST99248678,,false,
70687,ST99248698,,false,
70688,ST99248701,,false,
70689,ST99248704,,false,
70690,ST99248706,,false,
70691,ST99248707,,false,
70692,ST99248708,,false,
70693,ST99248709,,false,
70694,ST99248713,,false,
70695,ST99248714,,false,
70696,ST99248716,,false,
70697,ST99248722,,false,
70698,ST99248725,,false,
70699,ST99248736,,false,
70700,ST99248739,,false,
70701,ST99248741,,false,
70702,ST99248742,,false,
70703,ST99248749,,false,
70704,ST99248751,,false,
70705,ST99248757,,false,
70706,ST99248764,,false,
70707,ST99248766,,false,
70708,ST99248769,,false,
70709,ST99248770,,false,
70710,ST99248784,,false,
70711,ST99248793,,false,
70712,ST99248804,,false,
70713,ST99248808,,false,
70714,ST99248812,,false,
70715,ST99248815,,false,
70716,ST99248841,,false,
70717,ST99248842,,false,
70718,ST99248848,,false,
70719,ST99248849,,false,
70720,ST99248869,,false,
70721,ST99248870,,false,
70722,ST99248871,,false,
70723,ST99248872,,false,
70724,ST99248874,,false,
70725,ST99248879,,false,
70726,ST99248883,,false,
70727,ST99248885,,false,
70728,ST99248900,,false,
70729,ST99248910,,false,
70730,ST99248911,,false,
70731,ST99248919,,false,
70732,ST99248920,,false,
70733,ST99248929,,false,
70734,ST99248936,,false,
70735,ST99248937,,false,
70736,ST99248940,,false,
70737,ST99248941,,false,
70738,ST99248942,,false,
70739,ST99248945,,false,
70740,ST99248949,,false,
70741,ST99248953,,false,
70742,ST99248954,,false,
70743,ST99248955,,false,
70744,ST99248962,,false,
70745,ST99248965,,false,
70746,ST99248970,,false,
70747,ST99248971,,false,
70748,ST99248981,,false,
70749,ST99248982,,false,
70750,ST99248984,,false,
70751,ST99248991,,false,
70752,ST99249006,,false,
70753,ST99249008,,false,
70754,SMG-19-2120,3,false,
70756,SMG-19-2144,3,false,
70757,SMG-19-2145,2705,false,
70758,SMG-19-2146,45,false,
70759,SMG-19-2154,62,false,
70760,SMG-19-2155,3,false,
70761,Nmen121,1,false,
70762,Nmen125,198,false,
70763,Nmen126,1250,false,
70764,Nmen127,62,false,
70765,Nmen128,150,false,
70766,Nmen129,87,false,
70767,N93-06002,45,false,
70768,R17.0746,407,false,
70769,R18.2525,130,false,
70770,R18.2564,1469,false,
70771,R18.2580,275,false,
70772,R18.2603,2706,false,
70773,R18.2619,275,false,
70774,19-548,857,false,
70775,19-756,1,false,
70776,19-806,1,false,
70777,19-853,3,false,
70778,19-909,1,false,
70779,19-926,,false,
70780,19-963,62,false,
70781,19-977,,false,
70782,19-978,,false,
70783,19-985,,false,
70784,19-999,,false,
70785,19-1057,,false,
70786,19-1110,,false,
70787,19-1111,,false,
70788,23199,,false,
70789,23219,,false,
70790,23309,,false,
70791,p1173,21,false,
70792,p1207,21,false,
70793,p1227,21,false,
70794,p1320,367,false,
70795,p1454,21,false,
70796,p1851,21,false,
70797,P1986,21,false,
70798,P2067,3353,false,
70799,p2089,3353,false,
70800,p2098,21,false,
70801,p2164,21,false,
70802,p2199,21,false,
70803,P2228,21,false,
70804,P2241,21,false,
70805,p2334,3353,false,
70806,M44851,,false,
70807,M45005,65,false,
70808,M45023,62,false,
70809,M45033,1708,false,
70810,M45898,1916,false,
70811,M45902,1482,false,
70812,M45909,3690,false,
70813,M45919,3691,false,
70814,M45929,5187,false,
70815,M45944,1708,false,
70816,M45960,5160,false,
70817,M45974,3692,false,
70818,M46051,1482,false,
70819,M46288,,false,
70820,M46291,5185,false,
70821,M46295,5185,false,
70822,M46296,3693,false,
70823,M46298,5806,false,
70824,M46310,141,false,
70825,M46320,759,false,
70826,M46331,102,false,
70827,M46340,3694,false,
70828,M46355,362,false,
70829,M46409,5186,false,
70830,M46413,65,false,
70831,M46432,259,false,
70832,M47108,1916,false,
70833,M47196,65,false,
70834,M47197,759,false,
70835,M47207,5187,false,
70836,M47212,95,false,
70837,M47214,3701,false,
70838,M47218,68,false,
70839,M47444,3702,false,
70840,M47483,5160,false,
70841,M47485,3703,false,
70842,M47487,3704,false,
70843,M47489,,false,
70844,M47576,65,false,
70845,M47579,3,false,
70846,M47583,3705,false,
70847,M47597,,false,
70848,M47602,570,false,
70849,M47720,3702,false,
70850,M47774,5188,false,
70851,M47787,65,false,
70852,M47840,5187,false,
70853,M47842,3706,false,
70854,M47848,104,false,
70855,M47851,65,false,
70856,M47878,65,false,
70857,M47880,1482,false,
70858,M47881,1482,false,
70859,M47910,1623,false,
70860,M47926,65,false,
70861,M48008,1859,false,
70862,M48023,1708,false,
70863,M48039,65,false,
70864,M48044,1708,false,
70865,M48465,1171,false,
70866,M48469,,false,
70867,M48470,,false,
70868,M48472,,false,
70869,M48474,,false,
70870,M48478,,false,
70871,M48489,,false,
70872,M48499,,false,
70873,M48508,,false,
70874,M48509,,false,
70875,M48519,,false,
70876,M48547,,false,
70877,M48552,,false,
70878,M48559,,false,
70879,M48562,,false,
70880,M48570,,false,
70881,M48572,,false,
70882,M48573,,false,
70883,M49160,,false,
70884,M49165,,false,
70885,M49182,,false,
70886,M49185,,false,
70887,M49220,,false,
70888,M49223,,false,
70889,M49231,,false,
70890,M49240,,false,
70891,M49284,,false,
70892,M49288,,false,
70893,M49289,,false,
70894,M49621,,false,
70895,M49740,,false,
70896,M49879,,false,
70897,M49946,,false,
70898,M50205,,false,
70899,M50207,,false,
70900,M50240,,false,
70901,M50246,,false,
70902,M50250,,false,
70903,M50270,,false,
70904,M50278,,false,
70905,M50281,,false,
70906,M50331,,false,
70907,M50442,,false,
70908,M50445,,false,
70909,M50598,,false,
70910,M50611,,false,
70911,M50636,,false,
70912,M50637,,false,
70913,M50654,,false,
70914,M50655,,false,
70915,M50656,,false,
70916,M50657,,false,
70917,M50805,,false,
70918,M50812,,false,
70919,M50814,,false,
70920,M50821,,false,
70921,M50823,,false,
70922,M50830,,false,
70923,M50832,,false,
70924,M51474,,false,
70925,M51476,,false,
70926,M51481,,false,
70927,M51483,,false,
70928,M51523,,false,
70929,M51526,,false,
70930,M51528,,false,
70931,M51537,,false,
70932,M51541,,false,
70933,M51610,,false,
70934,M52312,57,false,
70935,M52382,150,false,
70938,SMG-19-2172,50,false,
70939,SMG-19-2190,50,false,
70942,SMG-19-2200,50,false,
70973,SMG-19-2201,1,false,
70974,M-052-19,,false,
70975,M-063-19,,false,
70976,M-067-19,,false,
70977,M-022-19,,false,
70978,M-026-19,,false,
70979,19-1136,,false,
70980,09/19/08,,false,
70981,07/19/05,,false,
70982,M19 240508,259,false,
70983,M19 240577,3,false,
70984,M19 240578,87,false,
70985,M19 240588,62,false,
70986,M19 240592,45,false,
70987,M18 240156,2707,false,
70988,M18 240157,3,false,
70989,M18 240159,858,false,
70990,M18 240160,1,false,
70991,M18 240161,2708,false,
70992,M18 240163,288,false,
70993,M18 240167,45,false,
70994,M18 240168,3,false,
70995,M18 240170,1,false,
70996,M18 240171,1,false,
70997,M18 240179,1,false,
70998,M18 240180,1,false,
70999,M18 240181,87,false,
71000,M18 240183,1,false,
71001,M18 240184,1,false,
71002,M18 240186,1,false,
71003,M18 240189,1,false,
71004,M18 240191,45,false,
71005,M18 240193,2886,false,
71006,M18 240194,1,false,
71007,M18 240202,45,false,
71008,M18 240203,1,false,
71009,M18 240207,1,false,
71010,M18 240214,49,false,
71011,M18 240217,274,false,
71012,M18 240218,1,false,
71013,M18 240219,62,false,
71014,M18 240225,262,false,
71015,M18 240226,127,false,
71016,M18 240227,87,false,
71017,M18 240228,2492,false,
71018,M18 240229,120,false,
71019,M18 240231,1,false,
71020,M18 240232,87,false,
71021,M18 240234,2224,false,
71022,M18 240235,,false,
71023,M18 240237,62,false,
71024,M18 240238,120,false,
71025,M18 240239,120,false,
71026,M18 240240,141,false,
71027,M18 240241,3,false,
71028,M18 240242,93,false,
71029,M18 240243,257,false,
71030,M18 240246,1,false,
71031,M18 240248,1,false,
71032,M18 240249,1,false,
71033,M18 240251,1,false,
71034,M18 240252,342,false,
71035,M18 240254,62,false,
71036,M18 240255,1,false,
71037,M18 240258,1,false,
71038,M18 240261,2,false,
71039,M18 240262,45,false,
71040,M18 240266,3,false,
71041,M18 240268,127,false,
71042,M18 240270,3,false,
71043,M18 240273,1,false,
71044,M18 240275,870,false,
71045,M18 240282,1,false,
71046,M18 240283,1,false,
71047,M18 240284,1,false,
71048,M18 240288,1,false,
71049,M18 240289,,false,
71050,M18 240292,2363,false,
71051,M18 240296,1,false,
71052,M18 240297,77,false,
71053,M18 240423,120,false,
71055,M19 240120,45,false,
71056,M19 240123,87,false,
71057,M19 240124,120,false,
71058,M19 240125,87,false,
71059,M19 240126,93,false,
71060,M19 240137,257,false,
71061,M19 240138,1,false,
71062,M19 240139,1,false,
71063,M19 240142,93,false,
71064,M19 240144,1,false,
71065,M19 240145,62,false,
71066,M19 240146,424,false,
71067,M19 240149,87,false,
71068,M19 240150,97,false,
71069,M19 240154,1,false,
71070,M19 240156,45,false,
71071,M19 240157,1,false,
71072,M19 240158,45,false,
71073,M19 240159,436,false,
71074,M19 240160,1972,false,
71075,M19 240161,1,false,
71076,M19 240162,45,false,
71077,M19 240163,2,false,
71078,M19 240164,128,false,
71079,M19 240188,76,false,
71080,M19 240191,1,false,
71081,M19 240192,45,false,
71082,M19 240196,3,false,
71083,M18 240126,45,false,
71084,M18 240127,87,false,
71085,M18 240131,257,false,
71086,M18 240137,87,false,
71087,M18 240141,150,false,
71088,M18 240426,1,false,
71089,M18 240494,1,false,
71090,M18 240520,211,false,
71091,M18 240530,45,false,
71092,M18 240578,45,false,
71093,M18 240579,62,false,
71094,M18 240580,1,false,
71095,M18 240583,1,false,
71096,M18 240585,1,false,
71097,M18 240587,62,false,
71098,M18 240588,3,false,
71099,M18 240589,1,false,
71100,M18 240592,45,false,
71101,M18 240593,2709,false,
71102,M18 240594,1,false,
71103,M18 240595,45,false,
71104,M18 240597,87,false,
71105,M18 240598,93,false,
71106,M18 240600,1,false,
71107,M18 240601,1,false,
71108,M18 240603,462,false,
71109,M18 240604,87,false,
71110,M18 240605,62,false,
71111,M18 240607,45,false,
71112,M18 240608,87,false,
71113,M18 240610,1,false,
71114,M18 240611,62,false,
71115,M18 240613,1,false,
71116,M18 240615,1481,false,
71117,M18 240616,1862,false,
71118,M18 240619,9,false,
71119,M18 240621,3,false,
71120,M18 240623,141,false,
71121,M18 240625,1,false,
71122,M18 240628,45,false,
71123,M18 240629,1178,false,
71124,M18 240630,1,false,
71125,M18 240631,1,false,
71126,M18 240632,1,false,
71127,M18 240635,288,false,
71128,M18 240636,257,false,
71129,M18 240643,120,false,
71130,M18 240644,137,false,
71131,M18 240645,1,false,
71132,M18 240646,45,false,
71133,M18 240647,45,false,
71134,M18 240649,62,false,
71135,M18 240654,1,false,
71136,M19 240001,1,false,
71137,M19 240002,1,false,
71138,M19 240003,87,false,
71139,M19 240005,5791,false,
71140,M19 240006,120,false,
71141,M19 240010,45,false,
71142,M19 240011,857,false,
71143,M19 240013,3,false,
71144,M19 240014,62,false,
71145,M19 240015,68,false,
71146,M19 240016,259,false,
71147,M19 240017,45,false,
71148,M19 240018,1,false,
71149,M19 240020,62,false,
71150,M19 240021,68,false,
71151,M19 240022,1,false,
71152,M19 240024,1,false,
71153,M19 240025,1,false,
71154,M19 240027,93,false,
71155,M19 240030,257,false,
71156,M19 240031,211,false,
71157,M19 240032,62,false,
71158,M19 240034,62,false,
71159,M19 240035,1,false,
71160,M19 240037,1,false,
71161,M19 240038,62,false,
71162,M19 240040,1,false,
71163,M19 240041,45,false,
71164,M19 240043,2887,false,
71165,M19 240044,45,false,
71166,M19 240045,1,false,
71167,M19 240046,9,false,
71168,M19 240047,62,false,
71169,M19 240048,45,false,
71170,M19 240049,1,false,
71171,M19 240051,87,false,
71172,M19 240053,62,false,
71173,M19 240054,150,false,
71174,M19 240055,57,false,
71175,M19 240056,424,false,
71176,M19 240057,424,false,
71177,M19 240288,45,false,
71178,M19 240291,45,false,
71179,BT00010V1C,207,false,
71180,BT00405V1C,4181,false,
71181,BT00500V1C,4184,false,
71182,BT00556V1C,62,false,
71183,BT00587V1C,49,false,
71184,BT00620V1C,250,false,
71185,BT03549V1C,97,false,
71186,BT03638V1C,2514,false,
71187,BT03760V1C,4180,false,
71188,BT09018V1C2,95,false,
71189,BT09041V1C,95,false,
71190,BT09102V1C,57,false,
71191,BT09171V1C,95,false,
71192,BT09217V1C,97,false,
71193,BT09298V1C,97,false,
71194,BT15519V1C,65,false,
71195,BT15634V1C,2696,false,
71196,BT15811V1C,77,false,
71197,BT15867V1C,62,false,
71198,BT16201V1C,4179,false,
71199,BT16872V1C,104,false,
71200,BT18874V1C,2481,false,
71201,BT18905V1C,1707,false,
71202,BT18949V1C,259,false,
71203,BT19005V1C,104,false,
71204,BT19030V1C,4182,false,
71205,BT19053V1C,2710,false,
71206,BT19060V1C,1239,false,
71207,BT19111V1C,2710,false,
71208,BT19148V1C,272,false,
71209,BT21037V1C,1209,false,
71210,BT21216V1C,894,false,
71211,BT21235V1C,894,false,
71212,BT21291V1C,1993,false,
71213,BT21582V1C,104,false,
71214,BT21649V1C,259,false,
71215,BT21839V1C,96,false,
71216,BT25203V1C,6,false,
71217,BT27013V1C,288,false,
71218,BT27016V1C,4183,false,
71219,BT27245V1C,300,false,
71220,BT27271V1C,2711,false,
71221,BT27348V1C,3,false,
71222,BT27352V1C,97,false,
71223,BT30039V1C,1194,false,
71224,BT30491V1C,2712,false,
71225,BT30505V1C,77,false,
71226,BT30526V1C,87,false,
71227,BT30527V1C,259,false,
71228,BT30666V1C,4253,false,
71229,BT30775V1C,1400,false,
71230,BT30831V1C,1145,false,
71231,BT33407V1C,1768,false,
71232,BT33469V1C,288,false,
71233,BT36010V3C,1408,false,
71234,BT36089V1C,4255,false,
71235,BT36094V1C,1489,false,
71236,BT36094V3C,1489,false,
71237,BT36179V3C,97,false,
71238,BT36278V1C,62,false,
71239,BT36321V3C,120,false,
71241,BT36330V3C,262,false,
71242,BT36338V3C,345,false,
71243,BT36346V3C,565,false,
71244,BT36358V3C,262,false,
71245,BT36513V1C,4175,false,
71246,BT36520V1C,104,false,
71247,BT36606V1C,2492,false,
71248,BT36659V1C,65,false,
71249,BT36664V1C,211,false,
71250,BT36668V1C,62,false,
71251,BT36700V1C,87,false,
71252,BT36735V1C,65,false,
71253,BT36891V1C,104,false,
71254,BT36907V1C,3,false,
71255,BT36933V1C,568,false,
71256,BT36949V1C,97,false,
71257,BT37033V1C,62,false,
71258,BT37061V1C,97,false,
71259,BT37122V1C,62,false,
71260,BT37224V1C,97,false,
71261,BT38172V1C,1677,false,
71262,BT38602V1C,9,false,
71263,BT38607V1C,9,false,
71264,BT39635V1C,87,false,
71265,BT39645V1C,97,false,
71266,BT39710V1C,87,false,
71267,BT6033V1C,97,false,
71268,BT6041V1C,95,false,
71269,BT6157V1C,2713,false,
71270,BT6250V1C,57,false,
71271,BT6333V1C,1625,false,
71272,BT6334V1C,894,false,
71273,BT6416V1C,97,false,
71274,BT6695V1C,817,false,
71275,BT00045V1C,97,false,
71276,BT00050V1C,4052,false,
71277,BT00052V1C,4116,false,
71278,BT00491V1C,49,false,
71279,BT00539V1C,1780,false,
71280,BT03030V1C,141,false,
71281,BT03283V1C,49,false,
71282,BT03358V1C,4259,false,
71283,BT03416V1C,97,false,
71284,BT03453V1C,65,false,
71285,BT03458V1C,104,false,
71286,BT03494V1C,87,false,
71287,BT03560V1C,3,false,
71288,BT03589V1C,2692,false,
71289,BT03621V1C,87,false,
71290,BT03637V1C,,false,
71291,BT03679V1C,148,false,
71292,BT03773V1C,65,false,
71293,BT03798V1C,87,false,
71294,BT03824V1C,97,false,
71295,BT03853V1C,45,false,
71296,BT03855V1C,9,false,
71297,BT03911V1C,97,false,
71298,BT03946V1C,986,false,
71299,BT03973V1C,902,false,
71300,BT09034V1C,4258,false,
71301,BT09046V1C,65,false,
71302,BT09131V1C,4260,false,
71303,BT09170V1C,95,false,
71304,BT09194V1C,1675,false,
71305,BT09384V1C,2693,false,
71306,BT09388V1C,759,false,
71307,BT09505V1C2,97,false,
71308,BT09539V1C,722,false,
71309,BT15131V1C,1,false,
71310,BT15138V1C,66,false,
71311,BT15158V1C,65,false,
71312,BT15542V1C,65,false,
71313,BT15589V1C,857,false,
71314,BT15863V1C,65,false,
71315,BT16379V1C,9,false,
71316,BT16419V1C,570,false,
71317,BT16510V1C,4261,false,
71318,BT16646V1C,4263,false,
71319,BT16875V1C,65,false,
71320,BT19013V1C,6,false,
71321,BT19121V1C,65,false,
71322,BT21345V1C,120,false,
71323,BT21389V1C,4090,false,
71324,BT21720V1C2,87,false,
71325,BT24089V1C,65,false,
71326,BT24166V1C,65,false,
71327,BT24231V1C,65,false,
71328,BT24285V1C,97,false,
71329,BT24451V1C,1484,false,
71330,BT24463V1C,62,false,
71331,BT27243V1C,837,false,
71332,BT27321V1C,1282,false,
71333,BT30378V1C,407,false,
71334,BT30429V1C,45,false,
71335,BT30446V1C,211,false,
71336,BT30461V1C,62,false,
71337,BT30461V1C2,62,false,
71338,BT30478V1C,137,false,
71339,BT30557V1C,93,false,
71340,BT30572V1C,832,false,
71341,BT30620V1C,986,false,
71342,BT30672V1C,1400,false,
71343,BT30693V1C,791,false,
71344,BT30761V1C,4262,false,
71345,BT30850V1C,4264,false,
71346,BT33366V1C,2694,false,
71347,BT33381V1C,4265,false,
71348,BT33421V1C,1481,false,
71349,BT33459V1C,211,false,
71350,BT36080V3C,49,false,
71351,BT36202V1C,2515,false,
71352,BT36230V3C,3,false,
71353,BT36321V1C,120,false,
71354,BT36351V3C,791,false,
71355,BT36384V3C,262,false,
71356,BT36391V3C,97,false,
71357,BT36732V1C,4170,false,
71358,BT36897V1C,120,false,
71359,BT36905V1C,3,false,
71360,BT38190V1C,288,false,
71361,BT38276V1C,2691,false,
71362,BT38516V1C,1194,false,
71363,BT39633V1C,49,false,
71364,BT6144V1C,62,false,
71365,BT6148V1C,104,false,
71366,BT6183V1C,106,false,
71367,BT6220V1C,57,false,
71368,BT6320V1C,106,false,
71369,BT6405V1C,97,false,
71370,BT6430V1C,2695,false,
71401,Nm512,62,false,
71402,13844,,false,
71403,05-10380,,false,
71404,04-05164,,false,
71405,04-04674,,false,
71406,04-04607,,false,
71407,3-102044-1-03,,false,
71408,2-102019-1-07,,false,
71409,11888,,false,
71410,12308,,false,
71411,12394,,false,
71412,13318,,false,
71413,13483,,false,
71414,13494,,false,
71415,32107,,false,
71416,32109,,false,
71417,32584,,false,
71418,33273,,false,
71419,35666,,false,
71420,Junalie,,false,
71421,13540,,false,
71422,20934,,false,
71423,21009,,false,
71424,NZ19MI0085,,false,
71425,19.8708432,,false,
71426,N.114-18,,false,
71427,19-1173,,false,
71428,SMG-19-2267,1,false,
71429,SMG-19-2270,49,false,
71430,SMG-19-2274,3,false,
71431,SMG-19-2279,93,false,
71432,SMG-19-2285,133,false,
71433,SMG-19-2287,332,false,
71434,SMG-19-2288,3,false,
71435,SMG-19-2292,259,false,
71436,SMG-19-2293,68,false,
71437,Mcbar-21-2,,false,
71438,Mcbar-122-2,65,false,
71439,Mcbar-125-2,1482,false,
71440,Mcbar-791-2,,false,
71441,Mcbar-867-2,,false,
71442,Mcbar-984-2,,false,
71443,Mcbar-1425,,false,
71444,Mcbar-1463,,false,
71445,Mcbar-1510,,false,
71446,Mcbar-1521,,false,
71447,Mcbar-1538,,false,
71448,Mcbar-1541,25,false,
71449,Mcbar-1586,,false,
71450,Mcbar-1617,,false,
71451,Mcbar-21-3,,false,
71452,NZ14MI0008,93,false,
71453,NZ14MI0009,77,false,
71454,NZ14MI0010,2716,false,
71455,NZ14MI0012,2717,false,
71456,NZ14MI0013,45,false,
71457,N.306-18,,false,
71458,NZ14MI0014,120,false,
71459,NZ14MI0015,1882,false,
71460,NZ14MI0017,45,false,
71461,NZ14MI0018,2718,false,
71462,NZ14MI0019,45,false,
71463,NZ14MI0020,2719,false,
71464,NZ14MI0022,1358,false,
71465,NZ14MI0024,2717,false,
71466,NZ14MI0025,45,false,
71467,NZ14MI0028,45,false,
71468,NZ14MI0029,2,false,
71469,NZ14MI0031,2,false,
71470,NZ14MI0032,2720,false,
71471,NZ14MI0033,2717,false,
71472,NZ14MI0034,84,false,
71473,NZ14MI0035,2717,false,
71474,NZ15MI0001,87,false,
71475,NZ15MI0002,318,false,
71476,NZ15MI0003,2721,false,
71477,NZ15MI0004,2,false,
71478,NZ15MI0005,2722,false,
71479,NZ15MI0006,49,false,
71480,NZ15MI0007,396,false,
71481,NZ15MI0009,68,false,
71482,NZ15MI0010,2722,false,
71483,NZ15MI0011,1474,false,
71484,NZ15MI0012,2717,false,
71485,NZ15MI0013,2718,false,
71486,NZ15MI0015,2,false,
71487,NZ15MI0016,2723,false,
71488,NZ15MI0017,2724,false,
71489,NZ15MI0018,93,false,
71490,NZ15MI0019,2717,false,
71491,NZ15MI0020,2074,false,
71492,NZ15MI0021,2717,false,
71493,NZ15MI0022,2724,false,
71494,NZ15MI0023,2722,false,
71495,NZ15MI0024,318,false,
71496,NZ15MI0025,87,false,
71497,NZ15MI0027,346,false,
71498,NZ15MI0029,151,false,
71499,NZ15MI0030,2717,false,
71500,NZ15MI0031,77,false,
71501,NZ15MI0032,1,false,
71502,NZ15MI0033,151,false,
71503,NZ15MI0034,45,false,
71504,NZ15MI0035,1357,false,
71505,NZ15MI0036,151,false,
71506,NZ15MI0038,805,false,
71507,NZ15MI0039,105,false,
71508,NZ15MI0040,1474,false,
71509,NZ15MI0041,2723,false,
71510,NZ15MI0042,1,false,
71511,NZ15MI0044,2718,false,
71512,NZ16MI0001,77,false,
71513,NZ16MI0002,45,false,
71514,NZ16MI0003,2725,false,
71515,NZ16MI0005,2726,false,
71516,NZ16MI0006,2723,false,
71517,NZ16MI0008,2720,false,
71518,NZ16MI0010,87,false,
71519,NZ16MI0011,2724,false,
71520,NZ16MI0012,2,false,
71521,NZ16MI0013,318,false,
71522,NZ16MI0014,318,false,
71523,NZ16MI0015,45,false,
71524,NZ16MI0016,77,false,
71525,NZ16MI0017,2727,false,
71526,NZ16MI0018,1882,false,
71527,NZ16MI0019,62,false,
71528,NZ16MI0020,2888,false,
71529,NZ16MI0022,1940,false,
71530,NZ16MI0023,318,false,
71531,NZ16MI0025,2,false,
71532,NZ16MI0026,45,false,
71533,NZ16MI0027,2,false,
71534,NZ16MI0030,62,false,
71535,NZ16MI0032,2727,false,
71536,NZ16MI0033,45,false,
71537,NZ16MI0034,2,false,
71538,NZ16MI0035,1882,false,
71539,NZ16MI0036,2,false,
71540,NZ16MI0037,1882,false,
71541,NZ16MI0038,2727,false,
71542,NZ16MI0039,1,false,
71543,NZ16MI0040,2716,false,
71544,NZ16MI0041,396,false,
71545,NZ16MI0042,2728,false,
71546,NZ16MI0043,2727,false,
71547,NZ16MI0044,2727,false,
71548,NZ16MI0045,2727,false,
71549,NZ16MI0046,2719,false,
71550,NZ16MI0047,1,false,
71551,NZ16MI0048,151,false,
71552,NZ16MI0049,2729,false,
71553,NZ16MI0050,396,false,
71554,NZ16MI0051,1250,false,
71555,NZ16MI0052,1250,false,
71556,NZ16MI0053,318,false,
71557,NZ16MI0054,318,false,
71558,NZ16MI0056,77,false,
71559,NZ16MI0057,259,false,
71560,NZ16MI0058,2573,false,
71561,NZ16MI0059,2730,false,
71562,NZ16MI0060,1,false,
71563,NZ16MI0061,87,false,
71564,NZ16MI0062,2690,false,
71565,NZ16MI0063,2727,false,
71566,NZ16MI0064,2727,false,
71567,NZ16MI0065,2727,false,
71568,NZ16MI0066,2,false,
71569,NZ16MI0067,2731,false,
71570,NZ16MI0068,2732,false,
71571,NZ16MI0069,2727,false,
71572,NZ17MI0001,2733,false,
71573,NZ17MI0002,2734,false,
71574,NZ17MI0003,2717,false,
71575,NZ17MI0004,2719,false,
71576,NZ17MI0005,2,false,
71577,NZ17MI0006,2735,false,
71578,NZ17MI0008,45,false,
71579,NZ17MI0009,1882,false,
71580,NZ17MI0010,24,false,
71581,NZ17MI0011,2719,false,
71582,NZ17MI0012,93,false,
71583,NZ17MI0013,2611,false,
71584,NZ17MI0014,279,false,
71585,NZ17MI0016,2736,false,
71586,NZ17MI0017,4650,false,
71587,NZ17MI0018,2724,false,
71588,NZ17MI0019,2737,false,
71589,NZ17MI0020,2727,false,
71590,NZ17MI0021,57,false,
71591,NZ17MI0022,77,false,
71592,NZ17MI0023,2727,false,
71593,NZ17MI0024,2731,false,
71594,NZ17MI0025,1972,false,
71595,NZ17MI0026,318,false,
71596,NZ17MI0027,2724,false,
71597,NZ17MI0028,2731,false,
71598,NZ17MI0029,2735,false,
71599,NZ17MI0030,2727,false,
71600,NZ17MI0032,2735,false,
71601,NZ17MI0033,2727,false,
71602,NZ17MI0034,87,false,
71603,NZ17MI0035,87,false,
71604,NZ17MI0036,2,false,
71605,NZ17MI0037,2291,false,
71606,NZ17MI0038,45,false,
71607,NZ17MI0039,2719,false,
71608,NZ17MI0040,1882,false,
71609,NZ17MI0041,77,false,
71610,NZ17MI0042,2722,false,
71611,NZ17MI0043,2717,false,
71612,NZ17MI0044,5191,false,
71613,NZ17MI0047,2731,false,
71614,NZ17MI0048,1,false,
71615,NZ17MI0049,396,false,
71616,NZ17MI0050,2722,false,
71617,NZ17MI0051,1,false,
71618,NZ17MI0052,2112,false,
71619,NZ17MI0053,2719,false,
71620,NZ17MI0055,1882,false,
71621,NZ17MI0056,77,false,
71622,NZ17MI0057,45,false,
71623,NZ17MI0058,1357,false,
71624,NZ17MI0059,2727,false,
71625,NZ17MI0061,2727,false,
71626,NZ17MI0062,77,false,
71627,NZ17MI0063,2727,false,
71628,NZ17MI0064,2727,false,
71629,NZ17MI0065,77,false,
71630,NZ17MI0066,2727,false,
71631,NZ17MI0067,62,false,
71632,NZ17MI0068,2722,false,
71633,NZ17MI0069,2727,false,
71634,NZ17MI0070,1,false,
71635,NZ17MI0071,97,false,
71636,NZ17MI0072,24,false,
71637,NZ17MI0073,57,false,
71638,NZ17MI0074,2735,false,
71639,NZ17MI0075,2,false,
71640,NZ17MI0076,2717,false,
71641,NZ17MI0077,87,false,
71642,NZ17MI0078,77,false,
71643,NZ17MI0079,396,false,
71644,NZ17MI0080,1358,false,
71645,NZ17MI0081,2735,false,
71646,NZ17MI0082,57,false,
71647,NZ17MI0083,2,false,
71648,NZ18MI0001,2720,false,
71649,NZ18MI0002,2291,false,
71650,NZ18MI0003,407,false,
71651,NZ18MI0004,2,false,
71652,NZ18MI0005,1,false,
71653,NZ18MI0006,1,false,
71654,NZ18MI0007,2738,false,
71655,NZ18MI0008,2727,false,
71656,NZ18MI0009,62,false,
71657,NZ18MI0011,1,false,
71658,NZ18MI0012,49,false,
71659,NZ18MI0013,62,false,
71660,NZ18MI0014,2,false,
71661,NZ18MI0015,2727,false,
71662,NZ18MI0016,49,false,
71663,NZ18MI0017,2727,false,
71664,NZ18MI0018,77,false,
71665,NZ18MI0019,45,false,
71666,NZ18MI0020,77,false,
71667,NZ18MI0021,1,false,
71668,NZ18MI0022,2,false,
71669,NZ18MI0023,77,false,
71670,NZ18MI0024,77,false,
71671,NZ18MI0025,2739,false,
71672,NZ18MI0026,3,false,
71673,NZ18MI0027,3,false,
71674,NZ18MI0028,2727,false,
71675,NZ18MI0029,2291,false,
71676,NZ18MI0030,2727,false,
71677,NZ18MI0031,77,false,
71678,NZ18MI0032,2743,false,
71679,NZ18MI0034,2573,false,
71680,NZ18MI0035,2740,false,
71681,NZ18MI0036,87,false,
71682,NZ18MI0037,77,false,
71683,NZ18MI0038,2741,false,
71684,NZ18MI0039,57,false,
71685,NZ18MI0040,77,false,
71686,NZ18MI0041,2742,false,
71687,NZ18MI0042,250,false,
71688,NZ18MI0043,5192,false,
71689,NZ18MI0046,45,false,
71690,NZ18MI0047,2,false,
71691,NZ18MI0048,1882,false,
71692,NZ18MI0049,2743,false,
71693,NZ18MI0050,2724,false,
71694,NZ18MI0052,2291,false,
71695,NZ18MI0053,77,false,
71696,NZ18MI0054,2727,false,
71697,NZ18MI0055,77,false,
71698,NZ18MI0056,87,false,
71699,NZ18MI0057,77,false,
71700,NZ18MI0058,259,false,
71701,NZ18MI0059,95,false,
71702,NZ18MI0060,2727,false,
71703,NZ18MI0061,77,false,
71704,NZ18MI0063,120,false,
71705,NZ18MI0064,77,false,
71706,NZ18MI0065,318,false,
71707,NZ18MI0066,2744,false,
71708,NZ18MI0067,77,false,
71709,NZ18MI0068,97,false,
71710,NZ18MI0069,318,false,
71711,NZ18MI0071,2724,false,
71712,NZ18MI0072,62,false,
71713,NZ18MI0073,2724,false,
71714,NZ18MI0074,2,false,
71715,NZ18MI0075,2724,false,
71716,NZ18MI0076,2724,false,
71717,NZ18MI0077,2724,false,
71718,NZ18MI0078,2719,false,
71719,NZ18MI0079,77,false,
71720,NZ18MI0080,77,false,
71721,NZ18MI0081,62,false,
71722,NZ18MI0083,49,false,
71723,NZ18MI0082,3,false,
71724,NZ18MI0084,77,false,
71725,NZ18MI0085,1,false,
71726,NZ18MI0087,77,false,
71727,NZ18MI0088,62,false,
71728,NZ18MI0089,57,false,
71729,NZ18MI0090,62,false,
71730,NZ18MI0091,77,false,
71731,NZ18MI0092,805,false,
71732,NZ18MI0094,62,false,
71733,NZ18MI0095,318,false,
71734,NZ18MI0096,77,false,
71735,NZ18MI0097,77,false,
71736,NZ18MI0098,396,false,
71737,NZ18MI0099,49,false,
71738,NZ19MI0001,2727,false,
71739,NZ19MI0002,1,false,
71740,NZ19MI0003,77,false,
71741,NZNMI1310,2074,false,
71742,NZNMI1311,45,false,
71743,NZNMI1312,68,false,
71744,NZNMI1313,130,false,
71745,NZNMI1314,2745,false,
71746,NZNMI1315,2687,false,
71747,NZNMI1316,2687,false,
71748,NZNMI1317,1882,false,
71749,NZNMI1318,87,false,
71750,NZNMI1320,45,false,
71751,NZNMI1321,130,false,
71752,NZNMI1322,57,false,
71753,NZNMI1323,93,false,
71754,NZNMI1324,2,false,
71755,NZNMI1325,87,false,
71756,NZNMI1326,259,false,
71757,NZNMI1327,2,false,
71758,NZNMI1328,2727,false,
71759,NZNMI1329,2,false,
71760,NZNMI1330,326,false,
71761,NZNMI1331,2,false,
71762,NZNMI1332,2103,false,
71763,NZNMI1333,1882,false,
71764,NZNMI1334,2889,false,
71765,NZNMI1335,3,false,
71766,NZNMI1336,772,false,
71767,NZNMI1337,45,false,
71768,NZNMI1338,318,false,
71769,NZNMI1339,2746,false,
71770,NZNMI134,67,false,
71771,NZNMI1340,326,false,
71772,NZNMI1341,87,false,
71773,NZNMI1342,2731,false,
71774,NZNMI1343,318,false,
71775,NZNMI1344,45,false,
71776,NZNMI1345,2,false,
71777,NZNMI1346,2,false,
71778,NZNMI1347,3,false,
71779,NZNMI1348,150,false,
71780,NZNMI1349,2718,false,
71781,NZNMI135,2717,false,
71782,NZNMI1350,2747,false,
71783,NZNMI1351,2,false,
71784,NZNMI1352,2,false,
71785,NZNMI1353,1,false,
71786,NZNMI1354,2741,false,
71787,NZNMI1355,1743,false,
71788,NZNMI1356,2,false,
71789,NZNMI1357,2748,false,
71790,NZNMI1358,2,false,
71791,NZNMI1359,346,false,
71792,NZNMI136,2731,false,
71793,NZNMI1360,2716,false,
71794,NZNMI1361,45,false,
71795,NZNMI137,45,false,
71796,NZNMI138,45,false,
71797,NZNMI139,2,false,
71798,NZNMI141,153,false,
71799,NZNMI142,2,false,
71800,3026,,false,
71801,SMG-19-2329,45,false,
71802,SMG-19-2334,1,false,
71803,SMG-19-2340,97,false,
71804,SMG-19-2343,49,false,
71805,SMG-19-2347,45,false,
71806,22425,45,false,
71807,22442,93,false,
71809,22476,93,false,
71810,22573,9,false,
71811,22589,1194,false,
71812,23008,,false,
71813,22457,45,false,
71814,22481,128,false,
71815,22575,3503,false,
71816,22839,87,false,
71817,22931,141,false,
71818,Tyumen/19,,false,
71819,Izhevsk109/2019,,false,
71835,NM122,,false,
71836,SMG-19-2354,76,false,
71837,SMG-19-2356,49,false,
71838,M45135,87,false,
71839,M45992,455,false,
71840,M45997,1482,false,
71841,M45999,5160,false,
71842,M46002,3707,false,
71843,M46007,95,false,
71844,M46008,9,false,
71845,M47233,5193,false,
71846,M47241,104,false,
71847,M47499,759,false,
71848,M47827,1482,false,
71849,M48533,,false,
71850,M48927,,false,
71851,M49412,,false,
71852,M49417,,false,
71853,M49420,,false,
71854,M49635,,false,
71855,M49856,,false,
71856,M49866,,false,
71857,M49870,,false,
71858,M50189,,false,
71859,M50872,,false,
71860,M50874,,false,
71861,M50884,,false,
71862,M51303,,false,
71863,M51305,,false,
71864,M51313,,false,
71865,M51592,,false,
71866,M51602,,false,
71867,M51735,,false,
71868,M51736,,false,
71869,M51747,,false,
71870,M51802,,false,
71871,M51804,,false,
71872,M51811,,false,
71873,M51825,,false,
71874,M51826,,false,
71875,M51831,,false,
71876,M51838,,false,
71877,M52878,87,false,
71878,NML2019-090,1,false,
71879,NML2019-097,857,false,
71880,NML2019-108,1,false,
71881,NML2019-136,1,false,
71882,NML2019-151,1,false,
71883,NML2019-158,77,false,
71884,NML2019-164,1,false,
71885,22961,120,false,
71886,23322,,false,
71887,MCRJ 00030,,false,
71888,MCRJ 00048,,false,
71889,MCRJ 00056,,false,
71890,MCRJ 00063,,false,
71891,MCRJ 00064,,false,
71892,MCRJ 00065,,false,
71893,MCRJ 00076,,false,
71894,MCRJ 00111,,false,
71895,MCRJ 00130,,false,
71896,MCRJ 00132,,false,
71897,MCRJ 00165,,false,
71898,MCRJ 00171,,false,
71899,MCRJ 00178,,false,
71900,MCRJ 00184,,false,
71901,MCRJ 00267,,false,
71902,MCRJ 00324,,false,
71903,MCRJ 00330,,false,
71904,MCRJ 00353,,false,
71905,MCRJ 00068,,false,
71906,MCRJ 00099,,false,
71907,MCRJ 00314,,false,
71908,SMG-20-2,3,false,
71909,SMG-20-3,104,false,
71910,SMG-20-4,49,false,
71911,SMG-20-5,246,false,
71912,SMG-20-7,57,false,
71913,SMG-20-21,2749,false,
71914,SMG-20-23,87,false,
71915,SMG-20-25,24,false,
71916,SMG-20-28,65,false,
71917,SMG-20-29,97,false,
71918,SMG-20-31,1,false,
71919,SMG-20-32,65,false,
71920,SMG-20-37,292,false,
71921,19-1182,1,false,
71922,19-1196,571,false,
71923,20-1,141,false,
71924,20-2,65,false,
71925,Nmen132,1,false,
71926,678570,,false,
71927,678678,,false,
71928,679290,,false,
71929,676389,,false,
71930,23321,,false,
71931,SMG-19-964,97,false,
71932,SMG-19-947,45,false,
71933,19049,,false,
71934,SMG-20-69,256,false,
71935,SMG-20-71,288,false,
71936,SMG-20-79,87,false,
71937,SMG-20-80,93,false,
71938,SMG-20-88,93,false,
71939,SMG-20-89,137,false,
71940,CHB19SZ25,,false,
71941,CHB19SZ64,,false,
71942,CHB19SZ256,,false,
71943,N.12-18,,false,
71944,SMG-20-75,3,false,
71945,SMG-20-99,262,false,
71946,SMG-20-104,68,false,
71947,SMG-20-114,1,false,
71948,SMG-20-94,288,false,
71949,SMG-20-102,45,false,
71950,SMG-20-111,66,false,
71951,SMG-20-116,66,false,
71952,SMG-20-117,141,false,
71953,SMG-20-120,259,false,
71956,114773,49,false,
71957,114774,1,false,
71958,20-27,,false,
71959,20-28,,false,
71991,MCWA3.25,77,false,
71992,MCWA3.75,3,false,
71993,MCWA3.271,1166,false,
71994,M00041,62,false,
72034,EXNM889,2891,false,
72035,SMG-20-140,,false,
72043,22775,,false,
72233,NIID785,,false,
72234,22956,67,false,
72235,22444,9,false,
72236,22475,,false,
72237,22549,259,false,
72238,SMG-20-195,1,false,
72239,SMG-20-218,87,false,
72242,2019-131,,false,
72243,22445,2319,false,
72244,22539,1674,false,
72245,22542,,false,
72246,22548,,false,
72247,Nmen130,87,false,
72248,Nmen131,87,false,
72249,Nmen139,1,false,
72250,Nmen141,1,false,
72251,Nmen143,62,false,
72252,Nmen145,87,false,
72253,Nmen147,396,false,
72254,Nmen148,1,false,
72255,Nmen149,2898,false,
72256,P1320-2,21,false,
72257,Nm474,2899,false,
72258,Nm479,407,false,
72259,Nm488,95,false,
72261,Nm503,738,false,
72262,Nm507,407,false,
72263,Nm511,407,false,
72265,Nm469,1781,false,
72267,Nm476,1,false,
72268,Nm486,1,false,
72275,Nm501,407,false,
72277,114775,45,false,
72278,M20 240043,873,false,
72279,M19 240529,211,false,
72280,M19 240536,62,false,
72281,M19 240553,62,false,
72282,M19 240587,62,false,
72283,M17 240386,120,false,
72284,M17 240490,6,false,
72285,M17 240673,65,false,
72286,M17 240810,62,false,
72287,M17 240812,65,false,
72288,M18 240190,857,false,
72289,M18 240271,95,false,
72290,M18 240317,,false,
72291,M18 240575,5200,false,
72292,M18 240576,150,false,
72293,M19 240065,455,false,
72294,M19 240066,1440,false,
72295,M19 240067,1,false,
72296,M19 240068,2751,false,
72297,M19 240069,2901,false,
72298,M19 240072,1482,false,
72299,M19 240073,328,false,
72300,M19 240074,454,false,
72301,M19 240075,257,false,
72302,M19 240076,2703,false,
72303,M19 240077,65,false,
72304,M19 240078,5231,false,
72305,M19 240079,2703,false,
72306,M19 240080,1708,false,
72307,M19 240096,1378,false,
72308,M19 240167,1,false,
72309,M19 240218,259,false,
72310,M19 240219,1730,false,
72311,M19 240220,259,false,
72312,M19 240221,1730,false,
72313,M19 240222,5091,false,
72314,M19 240224,2902,false,
72315,M19 240226,45,false,
72316,M19 240227,2903,false,
72317,M19 240229,454,false,
72318,M19 240230,6,false,
72319,M19 240242,1,false,
72320,M19 240296,97,false,
72321,M19 240423,65,false,
72322,M19 240429,1781,false,
72323,M19 240430,65,false,
72324,M19 240455,1,false,
72325,M19 240677,24,false,
72326,M19 240682,4108,false,
72327,M19 240452,24,false,
72328,M18 240051,1,false,
72329,M19 240322,1,false,
72334,SMG-20-246,55,false,
72335,3027,,false,
72494,M17 240481b,1,false,
72495,M17 240487b,9,false,
72496,M17 240488b,1,false,
72497,M17 240489b,62,false,
72511,2019-030,,false,
72512,20GB000066,,false,
72513,20GB000296,,false,
72514,20GB000306,,false,
72515,20GB000226,,false,
72516,20-83,,false,
72517,20-89,,false,
72518,20-108,,false,
72520,GCWGS-2870,,false,
72521,GCWGS-2871,,false,
72522,GCWGS-2874,,false,
72523,GCWGS-2964,,false,
72524,GCWGS-3165,,false,
72525,GCWGS-3329,,false,
72526,GCWGS-3456,,false,
72527,GCWGS-3460,,false,
72528,GCWGS-3496,,false,
72529,GCWGS-3510,,false,
72530,GCWGS-3699,,false,
72531,GCWGS-3750,,false,
72532,GCWGS-3906,,false,
72533,GCWGS-3970,,false,
72534,GCWGS-4043,,false,
72535,GCWGS-4113,,false,
72536,GCWGS-4133,,false,
72537,GCWGS-4543,,false,
72538,GCWGS-4562,,false,
72539,GCWGS-4581,,false,
72540,GCWGS-4608,,false,
72541,GCWGS-4697,,false,
72542,GCWGS-4725,,false,
72543,GCWGS-4874,,false,
72544,GCWGS-4957,,false,
72545,GCWGS-5034,,false,
72546,GCWGS-5137,,false,
72547,GCWGS-5167,,false,
72548,GCWGS-5235,,false,
72549,GCWGS-5880,,false,
72550,GCWGS-5955,,false,
72551,GCWGS-5978,,false,
72552,GCWGS-7264,,false,
72553,GCWGS-7281,,false,
72554,GCWGS-7854,,false,
72555,GCWGS-7921,,false,
72556,GCWGS-8050,,false,
72557,GCWGS-8611,,false,
72558,GCWGS-8861,,false,
72559,GCWGS-8869,,false,
72560,GCWGS-8908,,false,
72561,CHB2019SZ31,,false,
72562,14-14,,false,
72563,14-57,,false,
72564,14-68,,false,
72565,14-117,,false,
72566,SMG-20-300,1,false,
72567,15-62,,false,
72568,15-70,,false,
72569,15-71,,false,
72570,16-3,,false,
72571,16-5,,false,
72572,16-85,,false,
72573,16-123,,false,
72574,16-136,,false,
72575,17-20,,false,
72576,17-37,,false,
72577,17-86,,false,
72578,17-100,,false,
72579,17-104,,false,
72580,18-8,,false,
72581,18-25,,false,
72582,18-48,,false,
72583,18-85,,false,
72584,18-87,,false,
72585,18-126,,false,
72586,18-210,,false,
72587,18-268,,false,
72588,18-277,,false,
72589,18-298,,false,
72590,18-299,,false,
72591,18-315,,false,
72592,18-348,,false,
72593,114776,1,false,
72594,SMG-20-288,93,false,
72595,SMG-20-290,288,false,
72596,SMG-20-297,104,false,
72597,SMG-20-299,93,false,
72598,SMG-20-301,2913,false,
72599,SMG-20-309,87,false,
72600,N.27-19,,false,
72601,N.62-19,,false,
72603,2183086,1,false,
72607,2192399,1,false,
72608,2192406,1,false,
72609,2192497,1,false,
72612,2192521,1,false,
72623,2192764,1,false,
72626,SMG-20-369,2914,false,
72627,SMG-20-372,305,false,
72628,Nmiss3218,257,false,
72629,Nmiss3228,257,false,
72630,Nmiss3231,257,false,
72631,Nmiss3248,257,false,
72632,Nmiss3252,257,false,
72633,Nmiss3257,257,false,
72634,Nmiss3269,257,false,
72635,Nmiss3302,257,false,
72636,Nmiss3303,257,false,
72637,Nmiss3308,257,false,
72638,Nmiss3317,257,false,
72639,Nmiss3324,257,false,
72640,17-82,,false,
72641,Nmiss3261,257,false,
72642,Nmiss3304,257,false,
72643,Nmiss3281,87,false,
72654,SMG-20-387,120,false,
72655,SMG-20-411,55,false,
72658,SMG-20-375,262,false,
72685,20GB000460,,false,
72688,3028,,false,
72690,13559,,false,
72691,13565,,false,
72692,13570,,false,
72693,13579,,false,
72694,12733,,false,
72695,SMG-20-416,45,false,
72696,SMG-20-438,45,false,
72720,p2677,3353,false,
72721,N.31-17,,false,
72722,20-109,45,false,
72723,20-110,1,false,
72724,20-154,211,false,
72725,20-164,1,false,
72728,1292,,false,
72729,12730,,false,
72730,12734,,false,
72731,12737,,false,
72732,12739,,false,
72733,12740,,false,
72734,12741,,false,
72735,12742,,false,
72736,12745,,false,
72737,12748,,false,
72738,13560,,false,
72739,13577,,false,
72740,13587,,false,
72741,13589,,false,
72742,13592,,false,
72743,13632,,false,
72744,13745,,false,
72745,14113,,false,
72746,14114,,false,
72747,14115,,false,
72748,14125,,false,
72749,SMG-20-507,45,false,
72750,23219,,false,
72751,23335,,false,
72752,23406,,false,
72756,Nmen102,93,false,
72757,Nmen142,3,false,
72758,Nmen146,1,false,
72759,Nmen150,1,false,
72760,Nmen151,150,false,
72761,Nmen152,4108,false,
72762,Nmen153,2916,false,
72763,3129017,,false,
72764,3129065,,false,
72765,3129073,,false,
72766,3129074,,false,
72767,3129195,,false,
72768,3122074,,false,
72769,3125006,,false,
72770,3125008,,false,
72771,3125018,,false,
72772,3125021,,false,
72773,3125094,,false,
72774,3125153,,false,
72775,3129052,,false,
72793,20-209,62,false,
72794,22639,93,false,
72795,65312207,,false,
72796,65312247,,false,
72815,Nm_1-20,24,false,
72816,Nm_2-20,57,false,
72819,Nm_56-19,77,false,
72820,Nm_57-19,77,false,
72821,Nm_58-19,257,false,
72822,Nm_59-19,45,false,
72823,Nm_60-19,2,false,
72824,Nm_61-19,77,false,
72825,Nm_62-19,2,false,
72826,Nm_63-19,57,false,
72827,Nm_64-19,259,false,
72828,Nm_65-19,2917,false,
72829,Nm_66-19,9,false,
72830,Nm_67-19,1,false,
72831,Nm_68-19,9,false,
72832,Nm_75-19,1,false,
72833,Nm_77-19,67,false,
72834,Nm_79-19,45,false,
72835,Nm_82-19,45,false,
72836,Nm_83-19,87,false,
72838,Nm_13-18,9,false,
72839,Nm_34-18,45,false,
72840,Nm_85-18,2918,false,
72841,SMG-20-523,104,false,
72842,130817,,false,
72843,520814,65,false,
72844,M01_240149,45,false,
72845,M01_240355,238,false,
72846,M04_240196,93,false,
72847,NZ05/33,45,false,
72848,WUE2594,27,false,
72857,23050,,false,
72858,23089,,false,
72863,114777,1,false,
72864,20GB000654,,false,
72866,W-7529,150,false,
72867,W-7532,45,false,
72868,W-7535,62,false,
72869,W-7554,80,false,
72870,W-7575,9,false,
72871,W-7599,257,false,
72872,AK-2097,9,false,
72873,BM-1394,2925,false,
72874,W-7695,87,false,
72876,W-7802,87,false,
72877,W-7808,887,false,
72878,W-7866,49,false,
72879,W-7884,5203,false,
72880,W-7945,87,false,
72881,W-7949,9,false,
72882,AK-2131,2926,false,
72883,BM-1401,2926,false,
72888,2200860,,false,
72889,Nmen157,1,false,
72890,Nmen159,9,false,
72891,Nmen161,2927,false,
72892,Nmen162,1,false,
72893,SMG-20-623,2252,false,
73179,N.03-20,,false,
73419,2000194,3,false,
73441,2081063,3092,false,
73443,2090237,3085,false,
73446,2103747,3093,false,
73449,266,,false,
73450,338,,false,
73451,684,,false,
73452,698,,false,
73453,735,,false,
73454,737,,false,
73455,843,,false,
73456,851,,false,
73457,881,,false,
73458,890,,false,
73459,900,,false,
73460,959,,false,
73461,973,,false,
73462,991,,false,
73463,1004,,false,
73464,1011,,false,
73465,1056,,false,
73466,1089,,false,
73467,1112,,false,
73468,1118,,false,
73469,1120,,false,
73470,1121,,false,
73471,1124,,false,
73472,1126,,false,
73473,1129,,false,
73474,1133,,false,
73475,1173,,false,
73476,1180,,false,
73477,1182,,false,
73478,1236,,false,
73479,1237,,false,
73480,1305,,false,
73481,1405,,false,
73482,1436,,false,
73483,1440,,false,
73484,1450,,false,
73580,56802,,false,
73581,56917,,false,
73772,Nm_2-16,49,false,
73773,Nm_3-16,57,false,
73774,Nm_4-16,87,false,
73775,Nm_5-16,9,false,
73776,Nm_10-16,150,false,
73777,Nm_11-16,5206,false,
73778,Nm_14-16,68,false,
73779,Nm_16-16,2,false,
73780,Nm_18-16,150,false,
73781,Nm_19-16,45,false,
73782,Nm_20-16,3153,false,
73783,Nm_24-16,2059,false,
73784,Nm_25-16,62,false,
73785,Nm_26-16,136,false,
73786,Nm_29-16,87,false,
73787,Nm_30-16,45,false,
73788,Nm_34-16,77,false,
73789,Nm_38-16,5207,false,
73790,Nm_3-15,87,false,
73791,Nm_6-15,87,false,
73792,Nm_8-15,3398,false,
73793,Nm_9-15,9,false,
73794,Nm_11-15,425,false,
73795,Nm_12-15,1476,false,
73796,Nm_14-15,93,false,
73797,Nm_15-15,9,false,
73798,Nm_16-15,93,false,
73799,Nm_17-15,141,false,
73800,Nm_18-15,87,false,
73801,Nm_20-15,408,false,
73802,Nm_21-15,77,false,
73803,Nm_23-15,485,false,
73804,Nm_24-15,9,false,
73805,Nm_27-15,87,false,
73806,Nm_28-15,93,false,
73807,Nm_29-15,77,false,
73808,Nm_34-15,104,false,
73809,Nm_37-15,57,false,
73810,Nm_38-15,257,false,
73811,Nm_44-15,3154,false,
73812,Nm_45-15,9,false,
73813,Nm_46-15,150,false,
73814,Nm_52-15,49,false,
73815,Nm_54-15,50,false,
73816,Nm_57-15,39,false,
73817,Nm_62-15,3,false,
73818,Nm_65-15,45,false,
73819,Nm_66-15,87,false,
73820,Nm_71-15,62,false,
73821,Nm_72-15,49,false,
73822,Nm_74-15,2917,false,
73823,Nm_77-15,104,false,
73824,Nm_80-15,62,false,
73825,Nm_83-15,49,false,
73826,Nm_8-17,954,false,
73827,Nm_52-17,9,false,
73828,14-35,,false,
73829,14-107,,false,
73830,15-135,,false,
73831,18-186,,false,
73832,14-16,,false,
73833,17-77,,false,
74248,2000384,3252,false,
74255,2000881,45,false,
74261,2001394,3257,false,
74304,20-235,,false,
74305,20-247,,false,
74306,20-249,,false,
74307,19-266,62,false,
74308,20GB000712,,false,
74309,Nm_37-16,45,false,
74311,Nm_55-16,9,false,
74312,Nm_56-16,45,false,
74313,Nm_58-16,67,false,
74314,Nm_9-14,3272,false,
74315,Nm_65-14,104,false,
74316,Nm_76-14,87,false,
74317,Nm_77-14,3273,false,
74318,Nm_81-14,9,false,
74319,Nm_83-14,9,false,
74320,Nm_85-14,67,false,
74321,Nm_90-14,45,false,
74322,Nm_94-14,93,false,
74323,Nm_95-14,62,false,
74324,Nm_96-14,150,false,
74325,Nm_100-14,3407,false,
74326,Nm_101-14,3274,false,
74327,Nm_102-14,3275,false,
74328,Nm_45-13,5211,false,
74329,Nm_64-13,150,false,
74330,Nm_70-13,385,false,
74331,Nm_6-12,67,false,
74333,Nm_43-12,62,false,
74334,Nm_51-12,87,false,
74335,Nm_52-12,257,false,
74336,Nm_61-12,93,false,
74337,Nm_55-11,,false,
74338,Nm_56-11,45,false,
74339,Nm_68-11,45,false,
74340,Nm_30-09,2690,false,
74341,Nm_72-07,102,false,
74342,Nm_3-06,1,false,
74343,Nm_5-06,14,false,
74344,Nm_145-06,102,false,
74345,Nm_45-56,45,false,
74346,Nm_162-45,95,false,
74347,Nm_24-45,1862,false,
74348,Nm_42-34,87,false,
74349,Nm_10-23,14,false,
74350,Nm_13-23,14,false,
74351,Nm_20-23,14,false,
74352,Nm_32-23,14,false,
74353,Nm_51-23,14,false,
74354,Nm_66-23,68,false,
74355,Nm_112-23,68,false,
74356,2020-026,,false,
74358,TUM15768,,false,
74360,114778,141,false,
74364,M48928,,false,
74365,M49735,,false,
74366,M51519,,false,
74367,M52854,396,false,
74368,M53534,62,false,
74369,M53538,,false,
74370,M53544,,false,
74371,M53592,,false,
74372,HUSE9,3353,false,
74373,HUSE24,3353,false,
74374,HUSE29,16,false,
74375,HUSE30,3353,false,
74376,HUSE36,3353,false,
74377,HUSE39,3353,false,
74378,HUSE40,16,false,
74379,HUSE50,16,false,
74380,HUSE65,841,false,
74381,HUSE66,841,false,
74382,HUSE75,841,false,
74383,HUSE94,16,false,
74384,HUSE99,3353,false,
74385,HUSE112,841,false,
74386,HUSE116,841,false,
74387,HUSE118,3353,false,
74388,HUSE126,3353,false,
74389,HUSE127,3353,false,
74390,HUSE129,3353,false,
74391,HUSE132,3353,false,
74392,HUSE137,3353,false,
74393,HUSE139,3353,false,
74394,HUSE140,3353,false,
74395,HUSE141,3353,false,
74396,HUSE142,3353,false,
74397,HUSE143,841,false,
74398,HUSE146,841,false,
74399,HUSE148,841,false,
74400,HUSE156,3353,false,
74401,HUSE169,3353,false,
74402,HUSE173,841,false,
74403,HUSE183,841,false,
74404,HUSE190,3353,false,
74405,HUSE192,841,false,
74406,HUSE213,841,false,
74407,HUSE224,3353,false,
74408,HUSE247,841,false,
74409,HUSE251,841,false,
74410,HUSE254,841,false,
74411,HUSE255,841,false,
74412,HUSE256,3353,false,
74413,HUSE268,3353,false,
74414,HUSE275,3353,false,
74415,HUSE278,3353,false,
74416,HUSE286,841,false,
74417,HUSE299,3353,false,
74418,HUSE302,4009,false,
74419,HUSE304,841,false,
74420,HUSE306,841,false,
74421,HUSE309,3479,false,
74422,HUSE311,4009,false,
74423,HUSE314,3479,false,
74424,HUSE319,841,false,
74425,HUSE320,841,false,
74426,HUSE325,3353,false,
74427,HUSE326,3353,false,
74428,HUSE331,3276,false,
74429,HUSE333,3353,false,
74430,HUSE338,3276,false,
74431,RYC3,3353,false,
74432,RYC4,3353,false,
74433,RYC5,367,false,
74434,RYC6,16,false,
74435,RYC7,3353,false,
74436,RYC8,367,false,
74437,RYC9,367,false,
74438,RYC10,3353,false,
74439,RYC12,3353,false,
74440,RYC13,367,false,
74441,RYC14,1006,false,
74442,RYC19,18,false,
74443,RYC20,3966,false,
74444,RYC24,367,false,
74445,RYC25,373,false,
74446,RYC26,3353,false,
74447,RYC27,367,false,
74448,RYC28,3353,false,
74449,RYC29,627,false,
74450,RYC30,16,false,
74451,RYC32,3353,false,
74452,RYC33,3359,false,
74453,RYC34,373,false,
74454,RYC36,3353,false,
74455,RYC37,1006,false,
74456,RYC38,654,false,
74457,RYC39,373,false,
74458,RYC40,367,false,
74459,RYC41,654,false,
74460,RYC42,373,false,
74461,RYC43,654,false,
74462,RYC44,367,false,
74463,RYC45,367,false,
74464,RYC47,3479,false,
74465,RYC48,654,false,
74466,RYC49,657,false,
74467,RYC56,18,false,
74468,RYC57,3353,false,
74469,RYC58,373,false,
74470,RYC59,654,false,
74471,RYC60,367,false,
74472,RYC61,1006,false,
74473,RYC63,3353,false,
74474,RYC64,367,false,
74475,RYC65,,false,
74476,RYC66,367,false,
74477,RYC67,371,false,
74478,RYC68,1006,false,
74479,HVH2,367,false,
74480,HVH14,16,false,
74481,HVH26,16,false,
74482,HVH31,16,false,
74483,HVH34,3353,false,
74484,HVH43,16,false,
74485,HVH66,367,false,
74486,HVH83,1122,false,
74487,HVH97,16,false,
74488,HVH108,22,false,
74489,HVH123,16,false,
74490,HVH142,3353,false,
74491,HVH159,654,false,
74492,HVH178,367,false,
74493,HVH203,1006,false,
74494,HVH216,16,false,
74495,HVH234,378,false,
74496,HVH260,3353,false,
74497,HVH286,654,false,
74498,HVH302,1122,false,
74499,HVH334,654,false,
74500,HVH347,373,false,
74501,HVH361,654,false,
74502,HVH377,654,false,
74503,HVH388,1122,false,
74504,HVH400,373,false,
74505,HVH429,18,false,
74506,HVH449,1006,false,
74507,HVH477,654,false,
74508,HVH500,16,false,
74509,HVH506,654,false,
74510,HVH534,1006,false,
74511,HVH575,18,false,
74512,HVH584,1006,false,
74513,HVH609,3277,false,
74514,HVH620,16,false,
74515,HVH648,3359,false,
74516,HVH653,1006,false,
74517,HVH674,16,false,
74518,HVH675,16,false,
74519,HVH680,1122,false,
74520,HVH682,1122,false,
74521,HVH683,16,false,
74522,HVH704,16,false,
74523,HVH720,16,false,
74524,HVH723,16,false,
74525,HVH732,16,false,
74526,HVH738,16,false,
74527,HVH752,16,false,
74528,HVH818,373,false,
74529,HVH832,373,false,
74530,HVH841,654,false,
74531,HVH876,16,false,
74532,HVH897,654,false,
74533,HVH921,373,false,
74534,HVH955,3359,false,
74535,HVH968,1122,false,
74536,HVH1005,3353,false,
74537,HVH1025,3353,false,
74538,HVH1079,654,false,
74539,HVH1091,367,false,
74540,HVH1165,3353,false,
74541,HVH1179,16,false,
74542,HVH1231,16,false,
74543,130034,1,false,
74544,119951,1,false,
74545,119991,3278,false,
74546,119961,57,false,
74547,130045,141,false,
74712,2013-Sample_5.1,62,false,
74713,2013-Sample_5.2,62,false,
74714,2013-Sample_5.3,62,false,
74715,2013-Sample_5.4,62,false,
74716,IE19Nm41,1,false,
74717,IE19Nm42,1,false,
74718,IE19Nm44,3318,false,
74719,IE19Nm45,97,false,
74720,IE19Nm46,1781,false,
74721,IE19Nm47,5196,false,
74722,IE19Nm51,62,false,
74723,IE19Nm52,45,false,
74724,IE19Nm53,65,false,
74725,IE19Nm55,1,false,
74726,IE19Nm56,97,false,
74727,IE19Nm57,257,false,
74728,IE19Nm58,3,false,
74729,IE19Nm59,62,false,
74730,IE19Nm60,1,false,
74731,IE19Nm61,87,false,
74732,IE19Nm62,49,false,
74733,IE19Nm63,318,false,
74735,MCS-79985,18,false,
74752,330742,29,false,
74753,100631,29,false,
74754,310810,29,false,
74755,650701,29,false,
74757,100807,29,false,
74761,651701,29,false,
74766,521010,29,false,
74767,130635,29,false,
74776,M1823,1,false,
74777,2020-003,,false,
74778,2020-031,,false,
74779,NML2019-179,1,false,
74780,NML2019-180,1,false,
74781,NML2019-189,1,false,
74782,NML2015-145,5208,false,
74783,NML2018-145,857,false,
74784,NML2019-023,857,false,
74785,331401,29,false,
74790,220602,29,false,
74791,320604,29,false,
74792,340810,29,false,
74860,M00739,,false,
74861,M00745,,false,
74862,M01048,,false,
74863,M01072,,false,
74864,M01074,,false,
74865,M01610,,false,
74866,M01611,,false,
74867,M02920,,false,
74868,M04113,,false,
74869,M23142,,false,
74870,M46379,890,false,
74876,W-8022,49,false,
74878,EXNM384,1075,false,
74879,EXNM385,49,false,
74880,EXNM389,45,false,
74881,EXNM390,49,false,
74882,EXNM391,45,false,
74883,EXNM393,49,false,
74884,EXNM409,45,false,
74885,EXNM410,139,false,
74886,EXNM414,139,false,
74887,EXNM416,45,false,
74889,EXNM420,2609,false,
74890,EXNM422,139,false,
74891,EXNM425,45,false,
74893,EXNM430,139,false,
74894,EXNM432,49,false,
74895,EXNM433,45,false,
74896,EXNM440,45,false,
74898,EXNM444,45,false,
74899,EXNM445,139,false,
74900,EXNM446,2609,false,
74901,EXNM449,45,false,
74902,EXNM450,45,false,
74903,EXNM451,49,false,
74904,EXNM453,2609,false,
74905,EXNM458,139,false,
74906,EXNM461,2891,false,
74907,EXNM463,139,false,
74908,EXNM464,45,false,
74909,EXNM469,2891,false,
74910,EXNM470,45,false,
74911,EXNM473,2891,false,
74912,EXNM475,139,false,
74914,EXNM478,49,false,
74915,EXNM479,3336,false,
74916,EXNM480,139,false,
74917,EXNM481,45,false,
74918,EXNM482,49,false,
74919,EXNM483,49,false,
74920,EXNM484,562,false,
74921,EXNM487,49,false,
74922,EXNM490,2891,false,
74923,EXNM494,49,false,
74924,EXNM496,3337,false,
74925,EXNM498,2891,false,
74927,EXNM501,139,false,
74928,EXNM506,2609,false,
74929,EXNM508,3338,false,
74930,EXNM509,2609,false,
74931,EXNM511,45,false,
74932,EXNM512,45,false,
74933,EXNM514,45,false,
74934,EXNM516,49,false,
74935,EXNM517,562,false,
74936,EXNM519,2891,false,
74937,EXNM520,2891,false,
74938,EXNM521,139,false,
74939,EXNM523,45,false,
74940,EXNM524,5790,false,
74941,EXNM527,139,false,
74942,EXNM529,3339,false,
74943,EXNM530,3338,false,
74944,EXNM531,562,false,
74945,EXNM532,45,false,
74946,EXNM533,45,false,
74947,EXNM534,562,false,
74948,EXNM535,3336,false,
74949,EXNM537,45,false,
74950,EXNM541,3339,false,
74951,EXNM549,49,false,
74952,EXNM552,45,false,
74953,EXNM554,139,false,
74954,EXNM555,45,false,
74955,EXNM556,139,false,
74956,EXNM560,49,false,
74957,EXNM562,139,false,
74958,EXNM563,2262,false,
74959,EXNM564,3338,false,
74960,EXNM568,139,false,
74961,EXNM569,45,false,
74962,EXNM571,45,false,
74963,EXNM572,45,false,
74964,EXNM574,49,false,
74965,EXNM577,45,false,
74966,EXNM578,139,false,
74967,EXNM580,139,false,
74968,EXNM581,139,false,
74969,EXNM582,45,false,
74970,EXNM583,2891,false,
74971,EXNM584,139,false,
74972,EXNM585,45,false,
74973,EXNM587,3340,false,
74974,EXNM589,45,false,
74975,EXNM591,3341,false,
74976,EXNM592,562,false,
74977,EXNM597,562,false,
74978,EXNM601,3338,false,
74979,EXNM609,45,false,
74980,EXNM613,3342,false,
74981,EXNM623,139,false,
74982,EXNM625,45,false,
74983,EXNM626,3343,false,
74984,EXNM629,2891,false,
74985,EXNM630,139,false,
74986,EXNM632,2262,false,
74987,EXNM633,3339,false,
74988,EXNM635,2891,false,
74989,EXNM637,118,false,
74990,EXNM639,127,false,
74991,EXNM643,45,false,
74992,EXNM645,45,false,
74993,EXNM649,2609,false,
74994,EXNM653,45,false,
74995,EXNM654,3339,false,
74996,EXNM655,2602,false,
74997,EXNM656,45,false,
74998,EXNM659,45,false,
74999,EXNM660,45,false,
75000,EXNM671,77,false,
75002,EXNM693,45,false,
75003,EXNM699,1962,false,
75004,EXNM753,1075,false,
75005,EXNM767,1075,false,
75006,EXNM784,45,false,
75007,EXNM793,786,false,
75008,EXNM836,95,false,
75009,EXNM838,93,false,
75010,EXNM870,45,false,
75011,EXNM879,77,false,
75012,EXNM888,77,false,
75014,MZ115-20,,false,
75015,GCWGS-2341,,false,
75016,GCWGS-2389,,false,
75017,GCWGS-2556,,false,
75018,GCWGS-2664,,false,
75019,GCWGS-2859,,false,
75020,GCWGS-3426,,false,
75021,GCWGS-3864,,false,
75022,GCWGS-3954,,false,
75023,GCWGS-4926,,false,
75024,GCWGS-5417,,false,
75025,GCWGS-5765,,false,
75026,GCWGS-5796,,false,
75027,GCWGS-5431,,false,
75028,GCWGS-7852,,false,
75029,GCWGS-8477,,false,
75030,GCWGS-8514,,false,
75031,GCWGS-8990,,false,
75032,N.112-17,,false,
75034,P206399499U,,false,
75036,DE14447,62,false,
75037,DE14450,5209,false,
75038,DE14469,890,false,
75039,DE14481,49,false,
75040,DE14488,424,false,
75041,DE14497,39,false,
75042,DE14499,141,false,
75043,DE14500,45,false,
75044,DE14501,3344,false,
75045,DE14502,45,false,
75046,DE14503,87,false,
75047,DE14504,497,false,
75048,DE14506,274,false,
75049,DE14508,684,false,
75050,DE14509,1,false,
75051,DE14510,67,false,
75052,DE14511,45,false,
75053,DE14512,148,false,
75054,DE14513,2542,false,
75055,DE14514,68,false,
75056,DE14515,87,false,
75057,DE14516,424,false,
75058,DE14517,1,false,
75059,DE14518,5766,false,
75060,DE14519,257,false,
75061,DE14520,396,false,
75062,DE14521,93,false,
75063,DE14522,65,false,
75064,DE14523,1035,false,
75065,DE14525,45,false,
75066,DE14526,580,false,
75067,DE14527,424,false,
75068,DE14528,211,false,
75069,DE14529,87,false,
75070,DE14531,87,false,
75071,DE14532,93,false,
75072,DE14533,345,false,
75073,DE14534,141,false,
75074,DE14536,9,false,
75075,DE14538,93,false,
75076,DE14539,1730,false,
75077,DE14541,3345,false,
75078,DE14542,62,false,
75079,DE14543,45,false,
75080,DE14545,105,false,
75081,DE14546,424,false,
75082,DE14547,3346,false,
75083,DE14549,68,false,
75084,DE14550,45,false,
75085,DE14551,49,false,
75086,DE14552,49,false,
75087,DE14553,3347,false,
75088,DE14554,3348,false,
75089,DE14555,93,false,
75090,DE14556,87,false,
75091,DE14557,141,false,
75092,DE14563,1150,false,
75093,DE14564,,false,
75094,DE14565,259,false,
75095,DE14566,45,false,
75096,DE14568,93,false,
75097,DE14569,1,false,
75098,DE14570,141,false,
75099,DE14571,127,false,
75100,DE14572,68,false,
75101,DE14573,62,false,
75102,DE14574,87,false,
75103,DE14575,67,false,
75104,DE14576,570,false,
75105,DE14579,3349,false,
75106,DE14582,62,false,
75107,DE14583,3350,false,
75108,DE14584,1,false,
75109,DE14585,1,false,
75110,DE14586,3351,false,
75111,DE14587,5016,false,
75112,DE14588,62,false,
75113,DE14589,151,false,
75114,DE14590,93,false,
75115,DE14591,151,false,
75116,DE14592,1469,false,
75117,DE14593,87,false,
75118,DE14594,68,false,
75119,DE14595,45,false,
75120,DE14596,1,false,
75121,DE14597,87,false,
75122,DE14598,87,false,
75123,DE14599,87,false,
75124,DE14606,1156,false,
75125,DE10004,45,false,
75126,DE10024,45,false,
75127,DE10070,45,false,
75128,DE10085,45,false,
75129,DE10100,45,false,
75130,DE10171,45,false,
75131,DE10212,45,false,
75132,DE10223,45,false,
75133,DE10230,45,false,
75134,DE10237,45,false,
75135,DE10263,45,false,
75136,DE10378,45,false,
75137,DE10404,45,false,
75138,DE10421,45,false,
75139,DE10495,45,false,
75140,DE10509,45,false,
75141,DE10581,45,false,
75142,DE10608,45,false,
75143,DE10712,45,false,
75144,DE10767,45,false,
75145,DE10791,45,false,
75146,DE10887,45,false,
75147,DE8337,45,false,
75148,DE8528,45,false,
75149,DE8588,45,false,
75150,DE8658,45,false,
75151,DE8704,45,false,
75152,DE8705,45,false,
75153,DE9065,45,false,
75154,DE9091,45,false,
75155,DE9152,45,false,
75156,DE9194,45,false,
75157,DE9200,45,false,
75158,DE9244,45,false,
75159,DE9283,62,false,
75160,DE9284,2655,false,
75161,DE9309,45,false,
75162,DE9338,45,false,
75163,DE9576,45,false,
75164,DE9611,45,false,
75165,DE9622,45,false,
75166,DE9643,45,false,
75167,DE9686,45,false,
75168,DE9752,45,false,
75169,DE9902,45,false,
75170,DE9903,45,false,
75171,DE9920,45,false,
75172,DE9932,45,false,
75173,DE9938,45,false,
75174,DE9966,45,false,
75175,DE9972,45,false,
75176,DE9981,45,false,
75177,DE14286,257,false,
75178,DE14201,3883,false,
75179,DE14200,45,false,
75180,DE14191,93,false,
75181,DE14133,93,false,
75182,DE14319,3799,false,
75183,DE14215,262,false,
75184,DE14129,1743,false,
75185,DE14169,2895,false,
75186,DE14302,67,false,
75187,DE14247,1,false,
75188,DE14184,49,false,
75189,DE14102,1,false,
75190,114779,262,false,
75533,Nmiss3055,45,false,
75534,Nmiss3081,150,false,
75535,Nmiss3088,3352,false,
75536,Nmiss3098,9,false,
75537,Nmiss3163,45,false,
75538,Nmiss3168,396,false,
75539,Nmiss3176,41,false,
75540,Nmiss3190,9,false,
75541,Nmiss3204,67,false,
75542,Nmiss3219,262,false,
75543,Nmiss3234,67,false,
75544,Nmiss3237,87,false,
75545,Nmiss3238,887,false,
75546,Nmiss3251,67,false,
75547,Nmiss3255,9,false,
75548,Nmiss3256,67,false,
75549,Nmiss3260,262,false,
75550,Nmiss3264,87,false,
75551,Nmiss3287,108,false,
75552,Nmiss3301,9,false,
75553,Nmiss3290,150,false,
75554,N.971-92,,false,
75555,N.52-17,,false,
75556,30S,,false,
75557,36SC,,false,
75558,411703,,false,
75559,411715,,false,
75560,411722,,false,
75561,411723,,false,
75562,411746,,false,
75563,411769,,false,
75564,411778,,false,
75565,4117106,,false,
75566,411825,,false,
75567,411860,,false,
75568,411828,,false,
75569,411870,,false,
75570,4117124,,false,
75571,411802,,false,
75572,411899,,false,
75573,N.764-01,,false,
75575,20-299,,false,
75576,20-305,,false,
75577,NG196,18,false,
75578,NG251,18,false,
75579,NG290,18,false,
75580,FQ01,367,false,
75581,FQ02,1006,false,
75582,FQ04,,false,
75583,FQ20,1591,false,
75584,FQ35,1591,false,
75585,FQ36,21,false,
75586,FQ48,16,false,
75587,FQ82,18,false,
75588,FQ84,18,false,
75589,SMG-20-839,45,false,
75593,NML2019-135,1,false,
75594,NML2019-142,1,false,
75595,NML2019-156,4789,false,
75596,NML2019-166,1,false,
75597,NML2019-178,1,false,
75598,NML2019-190,857,false,
75627,NML2019-094,77,false,
75628,NML2019-095,857,false,
75629,NML2019-100,4789,false,
75630,NML2019-115,857,false,
75631,NML2019-121,857,false,
75632,NML2019-122,4108,false,
75633,NML2019-129,1,false,
75890,0137/17,1,false,
75891,0005/18,1,false,
75892,0010/18,97,false,
75893,0013/18,3409,false,
75894,0016/18,288,false,
75895,0021/18,1,false,
75896,0032/18,1,false,
75897,0041/18,57,false,
75898,0045/18,3410,false,
75899,0048/18,87,false,
75900,0049/18,1,false,
75901,0053/18,,false,
75902,0055/18,1469,false,
75903,0067/18,1,false,
75904,0073/18,1,false,
75905,0077/18,,false,
75906,0078/18,,false,
75907,0086/18,260,false,
75908,0092/18,87,false,
75909,0093/18,,false,
75910,NG_AMS0002,22,false,
75911,NG_AMS0004,367,false,
75912,NG_AMS0005,16,false,
75913,NG_AMS0006,18,false,
75914,NG_AMS0007,1006,false,
75915,NG_AMS0008,22,false,
75916,NG_AMS0009,16,false,
75917,NG_AMS0010,1006,false,
75918,NG_AMS0011,1006,false,
75919,NG_AMS0012,16,false,
75920,NG_AMS0013,1006,false,
75921,NG_AMS0014,16,false,
75922,NG_AMS0015,367,false,
75923,NG_AMS0016,1552,false,
75924,NG_AMS0017,22,false,
75925,NG_AMS0018,16,false,
75926,NG_AMS0019,1006,false,
75927,NG_AMS0020,1006,false,
75928,NG_AMS0021,16,false,
75929,NG_AMS0022,636,false,
75930,NG_AMS0023,367,false,
75931,NG_AMS0024,367,false,
75932,NG_AMS0025,16,false,
75933,NG_AMS0026,18,false,
75934,NG_AMS0027,1006,false,
75935,NG_AMS0028,1006,false,
75936,NG_AMS0029,367,false,
75937,NG_AMS0030,16,false,
75938,NG_AMS0031,666,false,
75939,NG_AMS0032,16,false,
75940,NG_AMS0033,22,false,
75941,NG_AMS0034,367,false,
75942,NG_AMS0035,16,false,
75943,NG_AMS0036,16,false,
75944,NG_AMS0037,16,false,
75945,NG_AMS0038,18,false,
75946,NG_AMS0039,1006,false,
75947,NG_AMS0040,1006,false,
75948,NG_AMS0041,16,false,
75949,NG_AMS0042,18,false,
75950,NG_AMS0043,16,false,
75951,NG_AMS0044,378,false,
75952,NG_AMS0045,1006,false,
75953,NG_AMS0046,18,false,
75954,NG_AMS0047,1006,false,
75955,NG_AMS0048,22,false,
75956,NG_AMS0049,657,false,
75957,NG_AMS0050,367,false,
75958,NG_AMS0051,18,false,
75959,NG_AMS0052,18,false,
75960,NG_AMS0053,1595,false,
75961,NG_AMS0054,18,false,
75962,NG_AMS0055,378,false,
75963,NG_AMS0056,367,false,
75964,NG_AMS0057,367,false,
75965,NG_AMS0058,367,false,
75966,NG_AMS0059,18,false,
75967,NG_AMS0060,367,false,
75968,NG_AMS0061,1006,false,
75969,NG_AMS0062,18,false,
75970,NG_AMS0063,16,false,
75971,NG_AMS0064,16,false,
75972,NG_AMS0065,367,false,
75973,NG_AMS0066,18,false,
75974,NG_AMS0067,16,false,
75975,NG_AMS0068,16,false,
75976,NG_AMS0069,666,false,
75977,NG_AMS0070,367,false,
75978,NG_AMS0071,21,false,
75979,NG_AMS0072,1006,false,
75980,NG_AMS0073,16,false,
75981,NG_AMS0074,367,false,
75982,NG_AMS0075,18,false,
75983,NG_AMS0076,367,false,
75984,NG_AMS0077,1006,false,
75985,NG_AMS0078,657,false,
75986,NG_AMS0079,16,false,
75987,NG_AMS0080,1006,false,
75988,NG_AMS0081,373,false,
75989,NG_AMS0082,367,false,
75990,NG_AMS0083,22,false,
75991,NG_AMS0084,22,false,
75992,NG_AMS0085,16,false,
75993,NG_AMS0086,16,false,
75994,NG_AMS0087,16,false,
75995,NG_AMS0088,1006,false,
75996,NG_AMS0089,1006,false,
75997,NG_AMS0090,18,false,
75998,NG_AMS0091,18,false,
75999,NG_AMS0092,367,false,
76000,NG_AMS0093,1006,false,
76001,NG_AMS0094,367,false,
76002,NG_AMS0095,16,false,
76003,NG_AMS0096,367,false,
76004,NG_AMS0097,636,false,
76005,NG_AMS0098,367,false,
76006,NG_AMS0099,1006,false,
76007,NG_AMS0100,367,false,
76008,NG_AMS0101,18,false,
76009,NG_AMS0102,367,false,
76010,NG_AMS0103,18,false,
76011,NG_AMS0104,367,false,
76012,NG_AMS0105,16,false,
76013,NG_AMS0106,367,false,
76014,NG_AMS0107,16,false,
76015,NG_AMS0108,3353,false,
76016,NG_AMS0109,367,false,
76017,NG_AMS0110,367,false,
76018,NG_AMS0111,666,false,
76019,NG_AMS0112,1006,false,
76020,NG_AMS0113,16,false,
76021,NG_AMS0114,16,false,
76022,NG_AMS0115,16,false,
76023,NG_AMS0116,1006,false,
76024,NG_AMS0117,16,false,
76025,NG_AMS0118,23,false,
76026,NG_AMS0119,367,false,
76027,NG_AMS0120,18,false,
76028,NG_AMS0121,1006,false,
76029,NG_AMS0122,636,false,
76030,NG_AMS0123,1006,false,
76031,NG_AMS0124,16,false,
76032,NG_AMS0125,367,false,
76033,NG_AMS0126,16,false,
76034,NG_AMS0127,16,false,
76035,NG_AMS0128,16,false,
76036,NG_AMS0129,367,false,
76037,NG_AMS0130,1006,false,
76038,NG_AMS0131,937,false,
76039,NG_AMS0132,16,false,
76040,NG_AMS0133,1006,false,
76041,NG_AMS0134,16,false,
76042,NG_AMS0135,367,false,
76043,NG_AMS0136,367,false,
76044,NG_AMS0137,1006,false,
76045,NG_AMS0138,627,false,
76046,NG_AMS0139,367,false,
76047,NG_AMS0140,367,false,
76048,NG_AMS0141,16,false,
76049,NG_AMS0142,1006,false,
76050,NG_AMS0143,16,false,
76051,NG_AMS0144,3354,false,
76052,NG_AMS0145,16,false,
76053,NG_AMS0146,367,false,
76054,NG_AMS0147,3355,false,
76055,NG_AMS0148,16,false,
76056,NG_AMS0149,3356,false,
76057,NG_AMS0150,22,false,
76058,NG_AMS0151,3353,false,
76059,NG_AMS0152,18,false,
76060,NG_AMS0154,627,false,
76061,NG_AMS0155,1122,false,
76062,NG_AMS0157,1006,false,
76063,NG_AMS0160,1122,false,
76064,NG_AMS0161,367,false,
76065,NG_AMS0162,654,false,
76066,NG_AMS0163,3353,false,
76067,NG_AMS0164,18,false,
76068,NG_AMS0167,654,false,
76069,NG_AMS0168,16,false,
76070,NG_AMS0169,367,false,
76071,NG_AMS0170,367,false,
76072,NG_AMS0172,367,false,
76073,NG_AMS0174,18,false,
76074,NG_AMS0175,16,false,
76075,NG_AMS0176,654,false,
76076,NG_AMS0177,367,false,
76077,NG_AMS0178,636,false,
76078,NG_AMS0179,1006,false,
76079,NG_AMS0180,367,false,
76080,NG_AMS0182,367,false,
76081,NG_AMS0183,1006,false,
76082,NG_AMS0186,654,false,
76083,NG_AMS0188,367,false,
76084,NG_AMS0189,373,false,
76085,NG_AMS0191,654,false,
76086,NG_AMS0192,16,false,
76087,NG_AMS0193,367,false,
76088,NG_AMS0194,22,false,
76089,NG_AMS0195,367,false,
76090,NG_AMS0196,1006,false,
76091,NG_AMS0197,373,false,
76092,NG_AMS0198,1006,false,
76093,NG_AMS0200,367,false,
76094,NG_AMS0201,373,false,
76095,NG_AMS0202,373,false,
76096,NG_AMS0203,367,false,
76097,NG_AMS0204,367,false,
76098,NG_AMS0206,373,false,
76099,NG_AMS0207,367,false,
76100,NG_AMS0208,654,false,
76101,NG_AMS0209,373,false,
76102,NG_AMS0210,367,false,
76103,NG_AMS0211,367,false,
76104,NG_AMS0212,1006,false,
76105,NG_AMS0213,16,false,
76106,NG_AMS0214,3353,false,
76107,NG_AMS0215,373,false,
76108,NG_AMS0216,654,false,
76109,NG_AMS0218,3353,false,
76110,NG_AMS0219,367,false,
76111,NG_AMS0221,654,false,
76112,NG_AMS0222,16,false,
76113,NG_AMS0223,16,false,
76114,NG_AMS0224,367,false,
76115,NG_AMS0225,16,false,
76116,NG_AMS0226,16,false,
76117,NG_AMS0227,373,false,
76118,NG_AMS0228,3353,false,
76119,NG_AMS0229,1006,false,
76120,NG_AMS0230,16,false,
76121,NG_AMS0231,373,false,
76122,NG_AMS0232,3353,false,
76123,NG_AMS0234,16,false,
76124,NG_AMS0235,373,false,
76125,NG_AMS0236,367,false,
76126,NG_AMS0237,367,false,
76127,NG_AMS0239,3357,false,
76128,NG_AMS0240,3358,false,
76129,NG_AMS0241,367,false,
76130,NG_AMS0242,3356,false,
76131,NG_AMS0243,636,false,
76132,NG_AMS0245,367,false,
76133,NG_AMS0246,654,false,
76134,NG_AMS0249,367,false,
76135,NG_AMS0250,367,false,
76136,NG_AMS0251,654,false,
76137,NG_AMS0252,1006,false,
76138,NG_AMS0254,3359,false,
76139,NG_AMS0255,367,false,
76140,NG_AMS0257,18,false,
76141,NG_AMS0259,378,false,
76142,NG_AMS0261,367,false,
76143,NG_AMS0262,1006,false,
76144,NG_AMS0266,18,false,
76145,NG_AMS0267,367,false,
76146,NG_AMS0268,21,false,
76147,NG_AMS0270,1006,false,
76148,NG_AMS0271,654,false,
76149,NG_AMS0273,373,false,
76150,NG_AMS0274,18,false,
76151,NG_AMS0275,654,false,
76152,NG_AMS0276,654,false,
76153,NG_AMS0278,367,false,
76154,NG_AMS0279,3353,false,
76155,NG_AMS0280,636,false,
76156,NG_AMS0282,1006,false,
76157,NG_AMS0283,367,false,
76158,NG_AMS0287,3360,false,
76159,NG_AMS0288,16,false,
76160,NG_AMS0289,367,false,
76161,NG_AMS0290,3353,false,
76162,NG_AMS0291,16,false,
76163,NG_AMS0292,16,false,
76164,NG_AMS0293,367,false,
76165,NG_AMS0294,367,false,
76166,NG_AMS0295,367,false,
76167,NG_AMS0296,636,false,
76168,NG_AMS0297,654,false,
76169,NG_AMS0298,367,false,
76170,NG_AMS0299,654,false,
76171,NG_AMS0300,654,false,
76172,NG_AMS0301,1122,false,
76173,NG_AMS0302,1006,false,
76174,NG_AMS0303,373,false,
76175,NG_AMS0304,367,false,
76176,NG_AMS0305,16,false,
76177,NG_AMS0306,367,false,
76178,NG_AMS0307,367,false,
76179,NG_AMS0308,373,false,
76180,NG_AMS0309,3360,false,
76181,NG_AMS0310,3353,false,
76182,NG_AMS0311,16,false,
76183,NG_AMS0312,3359,false,
76184,NG_AMS0313,3353,false,
76185,NG_AMS0314,16,false,
76186,NG_AMS0315,18,false,
76187,NG_AMS0316,627,false,
76188,NG_AMS0317,3353,false,
76189,NG_AMS0318,18,false,
76190,M04218,104,false,
76191,NIID790,,false,
76192,NIID791,,false,
76193,NG_AMS0153,16,false,
76194,NG_AMS0156,16,false,
76195,NG_AMS0158,16,false,
76196,NG_AMS0165,16,false,
76197,NG_AMS0166,16,false,
76198,NG_AMS0171,16,false,
76199,NG_AMS0173,16,false,
76200,NG_AMS0181,16,false,
76201,NG_AMS0184,16,false,
76202,NG_AMS0185,16,false,
76203,NG_AMS0187,16,false,
76204,NG_AMS0190,16,false,
76205,NG_AMS0199,16,false,
76206,NG_AMS0205,16,false,
76207,NG_AMS0217,16,false,
76208,NG_AMS0220,16,false,
76209,NG_AMS0233,16,false,
76210,NG_AMS0238,16,false,
76211,NG_AMS0244,16,false,
76212,NG_AMS0247,16,false,
76213,NG_AMS0248,16,false,
76214,NG_AMS0253,16,false,
76215,NG_AMS0256,16,false,
76216,NG_AMS0258,16,false,
76217,NG_AMS0260,16,false,
76218,NG_AMS0263,16,false,
76219,NG_AMS0264,16,false,
76220,NG_AMS0265,16,false,
76221,NG_AMS0269,16,false,
76222,NG_AMS0272,16,false,
76223,NG_AMS0277,16,false,
76224,NG_AMS0281,16,false,
76225,NG_AMS0284,16,false,
76226,NG_AMS0285,16,false,
76227,NG_AMS0286,16,false,
76228,NG_AMS0319,16,false,
76229,NG_AMS0320,16,false,
76230,NG_AMS0321,626,false,
76231,NG_AMS0322,16,false,
76232,NG_AMS0325,16,false,
76233,NG_AMS0326,16,false,
76234,NG_AMS0327,16,false,
76235,NG_AMS0328,16,false,
76236,NG_AMS0329,16,false,
76237,NG_AMS0330,16,false,
76238,NG_AMS0331,18,false,
76239,NG_AMS0334,18,false,
76240,NG_AMS0335,16,false,
76241,NG_AMS0336,18,false,
76242,NG_AMS0337,16,false,
76243,NG_AMS0338,16,false,
76244,NG_AMS0339,16,false,
76245,NG_AMS0340,18,false,
76246,NG_AMS0341,16,false,
76247,NG_AMS0342,16,false,
76248,NG_AMS0343,16,false,
76249,NG_AMS0344,18,false,
76250,NG_AMS0345,18,false,
76251,NG_AMS0346,18,false,
76252,NG_AMS0347,18,false,
76253,NG_AMS0348,18,false,
76254,NG_AMS0349,18,false,
76255,NG_AMS0350,18,false,
76256,NG_AMS0351,16,false,
76257,NG_AMS0352,18,false,
76258,NG_AMS0353,18,false,
76259,NG_AMS0354,16,false,
76260,NG_AMS0355,16,false,
76261,NG_AMS0356,18,false,
76262,NG_AMS0357,18,false,
76263,NG_AMS0358,16,false,
76264,NG_AMS0359,18,false,
76265,NG_AMS0362,18,false,
76266,NG_AMS0363,18,false,
76267,NG_AMS0001,18,false,
76268,NG_AMS0364,18,false,
76269,NG_AMS0365,18,false,
76270,NG_AMS0366,18,false,
76271,NG_AMS0367,18,false,
76272,NG_AMS0368,18,false,
76273,NG_AMS0369,18,false,
76274,NG_AMS0370,18,false,
76275,NG_AMS0371,18,false,
76276,NG_AMS0372,18,false,
76277,NG_AMS0374,18,false,
76278,NG_AMS0375,18,false,
76279,NG_AMS0376,16,false,
76280,NG_AMS0377,16,false,
76281,NG_AMS0378,18,false,
76282,NG_AMS0379,2398,false,
76283,NG_AMS0380,18,false,
76284,NG_AMS0381,378,false,
76285,20-333,,false,
76286,NG_AMS0323,18,false,
76287,NG_AMS0332,16,false,
76288,NG_AMS0333,16,false,
76289,NG_AMS0360,16,false,
76290,NG_AMS0361,18,false,
76291,NG_AMS0003,,false,
76292,NG_AMS0373,18,false,
76293,NG_AMS0159,3353,false,
76294,N.169-19,,false,
76295,541002,367,false,
76296,551585,22,false,
76297,564106,1122,false,
76298,565172,1006,false,
76299,566172,367,false,
76300,571802,1006,false,
76301,577124,16,false,
76302,577128,1006,false,
76303,577530,22,false,
76304,577543,21,false,
76305,578295,2021,false,
76306,578297,1006,false,
76307,578299,367,false,
76308,578708,666,false,
76309,578712,18,false,
76310,579034,1006,false,
76311,579036,23,false,
76312,580422,367,false,
76313,580458,18,false,
76314,590788,16,false,
76315,591415,18,false,
76316,591417,369,false,
76317,591740,367,false,
76318,592415,373,false,
76319,592483,367,false,
76320,592485,367,false,
76321,592487,1006,false,
76322,592489,16,false,
76323,592584,16,false,
76324,592586,18,false,
76325,592616,18,false,
76326,592618,654,false,
76327,592620,367,false,
76328,592622,1006,false,
76329,592624,367,false,
76330,592626,22,false,
76331,592628,1006,false,
76332,592686,23,false,
76333,592898,367,false,
76334,592900,1006,false,
76335,592902,16,false,
76336,592913,16,false,
76337,592915,1006,false,
76338,592922,632,false,
76339,592924,367,false,
76340,593063,367,false,
76341,593076,632,false,
76342,593233,367,false,
76343,593235,1006,false,
76344,593241,367,false,
76345,593247,16,false,
76346,593250,22,false,
76347,593683,367,false,
76348,593686,654,false,
76349,593688,367,false,
76350,593763,367,false,
76351,593768,23,false,
76352,593771,3276,false,
76353,593781,367,false,
76354,593785,1006,false,
76355,593788,1006,false,
76356,593792,16,false,
76357,593794,367,false,
76358,593927,654,false,
76359,593973,1006,false,
76360,594101,367,false,
76361,594113,16,false,
76362,594119,16,false,
76363,594125,1122,false,
76364,594132,2813,false,
76365,594135,367,false,
76366,594138,1006,false,
76367,594278,18,false,
76368,594280,367,false,
76369,594361,367,false,
76370,594376,3353,false,
76371,594498,1006,false,
76372,594502,367,false,
76373,594673,16,false,
76374,594675,1006,false,
76375,594677,367,false,
76376,594679,16,false,
76377,594681,16,false,
76378,594745,1122,false,
76379,594881,16,false,
76380,594887,367,false,
76381,595329,16,false,
76382,595332,18,false,
76383,595336,367,false,
76384,595600,18,false,
76385,595638,1006,false,
76386,595640,16,false,
76387,595643,18,false,
76388,595645,367,false,
76389,595647,367,false,
76390,595712,367,false,
76391,595716,18,false,
76392,595720,654,false,
76393,595722,18,false,
76394,595726,367,false,
76395,595728,3353,false,
76396,595943,3353,false,
76397,595945,378,false,
76398,595947,367,false,
76399,596208,367,false,
76400,596213,1006,false,
76401,596216,654,false,
76402,596218,367,false,
76403,596220,16,false,
76404,596222,367,false,
76405,596307,1805,false,
76406,596321,367,false,
76407,596543,666,false,
76408,596545,367,false,
76409,596547,367,false,
76410,596549,654,false,
76411,596551,657,false,
76412,596654,3361,false,
76413,596761,636,false,
76414,596907,367,false,
76415,596916,16,false,
76416,596947,367,false,
76417,597254,1122,false,
76418,597257,367,false,
76419,597321,,false,
76420,597323,367,false,
76421,597325,,false,
76422,597327,3362,false,
76423,597648,367,false,
76424,597650,21,false,
76425,598030,16,false,
76426,598034,1006,false,
76427,598207,1122,false,
76428,598234,367,false,
76429,598238,16,false,
76430,598643,367,false,
76431,598782,16,false,
76432,598784,16,false,
76433,598786,1006,false,
76434,598788,654,false,
76435,598807,367,false,
76436,599029,1122,false,
76437,599339,367,false,
76438,599341,367,false,
76439,599343,3411,false,
76440,599345,367,false,
76441,599349,367,false,
76442,599618,1122,false,
76443,599763,18,false,
76444,599767,16,false,
76445,599997,367,false,
76446,600006,666,false,
76447,600009,367,false,
76448,600013,18,false,
76449,600016,367,false,
76450,600025,367,false,
76451,600027,367,false,
76452,600089,666,false,
76453,600167,367,false,
76454,600294,367,false,
76455,600507,1560,false,
76456,600737,367,false,
76457,600743,1006,false,
76458,600792,18,false,
76459,601023,16,false,
76460,601069,16,false,
76461,601071,16,false,
76462,601074,367,false,
76463,601197,22,false,
76464,601487,367,false,
76465,601489,2813,false,
76466,601684,1122,false,
76467,601691,16,false,
76468,601695,4327,false,
76469,601703,16,false,
76470,601767,16,false,
76471,601806,16,false,
76472,601812,367,false,
76473,601853,16,false,
76474,601963,16,false,
76475,602142,1006,false,
76476,602144,16,false,
76477,602285,1122,false,
76478,602453,16,false,
76479,602509,367,false,
76480,603155,1006,false,
76481,603166,367,false,
76482,603169,367,false,
76483,603175,367,false,
76484,603264,16,false,
76485,603442,1006,false,
76486,603446,666,false,
76487,603449,3353,false,
76488,603457,3353,false,
76489,603610,367,false,
76490,603932,657,false,
76491,603939,18,false,
76492,604158,367,false,
76493,604161,367,false,
76494,604973,3353,false,
76495,604993,3353,false,
76496,605009,367,false,
76497,605153,3353,false,
76498,605202,367,false,
76499,605204,367,false,
76500,605206,367,false,
76501,605533,367,false,
76502,605694,16,false,
76503,605704,1006,false,
76504,605723,3353,false,
76505,605764,16,false,
76506,605803,18,false,
76507,605952,16,false,
76508,605955,654,false,
76509,607789,3353,false,
76510,608526,3353,false,
76511,609602,23,false,
76512,609610,367,false,
76513,610072,3363,false,
76514,610074,367,false,
76515,610100,367,false,
76516,610106,367,false,
76517,610110,18,false,
76518,610112,18,false,
76519,610347,367,false,
76520,610559,,false,
76521,610601,841,false,
76522,610748,654,false,
76523,610754,3353,false,
76524,610759,367,false,
76525,610780,3353,false,
76527,MZ023/20,,false,
76528,MZ016/20,,false,
76529,MZ025/20,,false,
76530,DE14604,1854,false,
76531,DE14603,141,false,
76532,DE14605,424,false,
76533,DE14607,3412,false,
76534,DE14609,127,false,
76535,DE14608,141,false,
76536,MZ037/20,,false,
76537,DE14610,87,false,
76539,DE14615,141,false,
76540,DE14623,3,false,
76541,MZ043/20,,false,
76542,DE14613,400,false,
76543,DE14637,9,false,
76544,MZ050/20,,false,
76545,DE14619,3,false,
76546,DE14622,424,false,
76547,DE14621,141,false,
76548,MZ057/20,,false,
76549,DE14624,1546,false,
76550,MZ060/20,,false,
76551,DE14627,9,false,
76552,DE14629,3413,false,
76553,DE14626,120,false,
76554,DE14628,1,false,
76555,DE14642,3,false,
76556,DE14630,141,false,
76557,DE14647,62,false,
76558,DE14643,3,false,
76559,MZ071/20,,false,
76560,MZ099/20,,false,
76561,DE14639,141,false,
76562,DE14636,1,false,
76563,DE14635,49,false,
76564,DE14645,62,false,
76565,MZ081/20,,false,
76566,DE14632,1,false,
76567,MZ091/20,,false,
76568,DE14644,49,false,
76569,DE14646,45,false,
76570,DE14651,1,false,
76571,DE14648,580,false,
76572,MZ097/20,,false,
76573,DE14653,993,false,
76574,MZ095/20,,false,
76575,DE14652,151,false,
76576,DE14654,120,false,
76577,DE14655,141,false,
76578,DE14656,3414,false,
76579,DE14658,77,false,
76580,MZ103/20,,false,
76581,DE14657,575,false,
76582,DE14659,1,false,
76583,MZ110/20,,false,
76584,MZ108/20,,false,
76585,DE14661,3415,false,
76586,MZ111/20,,false,
76587,DE14669,57,false,
76588,DE14664,3416,false,
76589,DE14663,141,false,
76590,DE14662,1,false,
76591,DE14671,57,false,
76592,DE14674,67,false,
76593,M2063car/20,738,false,
76594,M2073car/20,738,false,
76595,M2075car/20,738,false,
76596,M2077car/20,738,false,
76597,M2086car/20,738,false,
76598,M2091car/20,738,false,
76599,M2092car/20,738,false,
76600,M2097car/20,738,false,
76601,M31car_Y/20,49,false,
76602,M80car_Y/20,49,false,
76603,M97car_Y/20,2168,false,
76604,M102car/20,274,false,
76605,M121car_Y/20,49,false,
76606,M332car_Y/20,,false,
76607,M404car/20,5034,false,
76608,M56car_W/20,1,false,
76609,M86car_W/20,1,false,
76610,M141car_W/20,1,false,
76611,M261car_A/20,618,false,
76612,M337car_B/20,5035,false,
76655,EXNM442,3335,false,
76661,PM58B,2,false,
76662,Nmiss2377,,false,
76663,Nmiss2395,,false,
76664,Nmiss2431,,false,
76665,Nmiss2442,,false,
76666,Nmiss2450,,false,
76667,Nmiss2458,,false,
76668,Nmiss2473,,false,
76669,Nmiss2474,,false,
76670,Nmiss2498,,false,
76671,Nmiss2510,,false,
76672,Nmiss2521,,false,
76673,Nmiss2528,,false,
76674,Nmiss2537,,false,
76675,Nmiss2543,,false,
76677,Nmiss2768,,false,
76678,Nmiss2794,,false,
76680,Nmiss2959,,false,
76681,Nmiss3181,,false,
76682,SMG-20-899,400,false,
76880,2103119,68,false,
76882,2103251,45,false,
76890,2103742,274,false,
76893,2104325,3480,false,
76895,2104366,3,false,
76896,2191608,62,false,
76938,CNR_10747/17,,false,
76939,CNR12404/18,,false,
76940,Nmiss3018,87,false,
76941,Nm_13-13,150,false,
76942,Nm_16-13,45,false,
76943,Nm_17-13,45,false,
76944,Nm_20-13,45,false,
76945,Nm_21-13,45,false,
76946,Nm_27-13,45,false,
76947,Nm_30-13,57,false,
76948,Nm_4-13,49,false,
76949,Nm_50-13,45,false,
76950,Nm_5-13,1652,false,
76951,Nm_52-13,67,false,
76952,Nm_54-13,87,false,
76953,Nm_58-13,150,false,
76954,Nm_69-13,198,false,
76955,Nm_71-13,400,false,
76956,Nm_7-13,57,false,
76957,Nm_73-13,49,false,
76958,Nm_8-13,128,false,
76959,Nm_18-13,9,false,
76960,Nm_26-13,45,false,
76961,Nm_33-13,220,false,
76962,Nm_42-13,805,false,
76963,Nm_6-13,45,false,
76964,Nm_65-13,3432,false,
76965,Nm_72-13,3,false,
76966,Nm_74-13,3433,false,
76967,Nm_11-14,2260,false,
76968,Nm_1-14,9,false,
76969,Nm_22-14,141,false,
76970,Nm_70-14,93,false,
76971,Nm_20-14,93,false,
76972,Nm_2-14,45,false,
76973,Nm_40-14,485,false,
76974,Nm_41-14,93,false,
76975,Nm_56-14,3434,false,
76976,Nm_63-14,87,false,
76977,Nm_69-14,93,false,
76978,Nm_73-14,62,false,
76979,Nm_197-23,14,false,
76980,Nm_63-12,4302,false,
76981,Nm_62-12,93,false,
76982,Nm_58-12,1786,false,
76983,Nm_57-12,45,false,
76984,Nm_56-12,3,false,
76985,Nm_54-12,150,false,
76986,Nm_69-12,49,false,
76987,Nm_34-17,62,false,
76988,Nm_37-17,137,false,
76989,Nm_60-17,95,false,
76990,Nm_61-17,763,false,
76991,Nm_62-17,1577,false,
76992,Nm_81-18,2,false,
76993,Nm_87-18,288,false,
77194,Nm_59-16,9,false,
77195,Nm_44-12,3436,false,
77196,Nm_21-12,49,false,
77197,Nm_58-17,62,false,
77198,Nm_59-17,259,false,
77199,Nm_26-20,3,false,
77201,Nmen164,1,false,
77202,Nmen165,2927,false,
77203,Nmen166,77,false,
77204,Nmen169,87,false,
77205,Nmen172,87,false,
77206,Nmen173,77,false,
77207,TUM15749,,false,
77208,TUM15788,,false,
77209,TUM15791,,false,
77210,TUM15793,,false,
77211,TUM15754,,false,
77282,Nmiss3067,150,false,
77283,Nmiss3079,45,false,
77284,Nmiss3086,9,false,
77285,Nmiss3087,3437,false,
77286,Nmiss3155,9,false,
77287,Nmiss3161,3,false,
77288,Nmiss3164,45,false,
77289,Nmiss3166,45,false,
77290,Nmiss3167,67,false,
77291,Nmiss3179,1250,false,
77292,Nmiss3184,9,false,
77293,Nmiss3186,9,false,
77294,Nmiss3191,9,false,
77295,Nmiss3195,3,false,
77296,Nmiss3207,9,false,
77297,Nmiss3208,45,false,
77298,Nmiss3226,45,false,
77299,Nmiss3236,45,false,
77300,Nmiss3242,45,false,
77301,Nmiss3247,87,false,
77302,Nmiss3253,9,false,
77303,Nmiss3254,87,false,
77304,Nmiss3262,2727,false,
77305,Nmiss3273,9,false,
77306,Nmiss3274,87,false,
77307,Nmiss3278,3,false,
77308,Nmiss3289,93,false,
77309,Nmiss3294,150,false,
77310,Nmiss3307,127,false,
77388,543557,1122,false,
77389,556840,1122,false,
77390,556896,367,false,
77391,570963,16,false,
77392,577916,2021,false,
77393,590792,2813,false,
77394,594454,23,false,
77395,594683,654,false,
77396,597527,16,false,
77397,599026,1549,false,
77398,601031,1006,false,
77399,601701,16,false,
77400,601961,367,false,
77401,602512,367,false,
77402,603171,367,false,
77403,603435,,false,
77404,605007,3353,false,
77405,605702,16,false,
77406,607589,16,false,
77407,610219,16,false,
77408,610786,666,false,
77410,EXNG349,18,false,
77411,EXNG352,367,false,
77412,EXNG366,367,false,
77413,EXNG375,18,false,
77414,EXNG387,18,false,
77415,EXNG414,16,false,
77416,EXNG420,367,false,
77417,EXNG422,16,false,
77418,EXNG425,367,false,
77419,EXNG470,373,false,
77420,EXNG482,367,false,
77421,EXNG522,21,false,
77422,EXNG525,22,false,
77423,EXNG541,23,false,
77424,EXNG545,630,false,
77425,EXNG552,18,false,
77426,EXNG554,367,false,
77427,EXNG563,23,false,
77428,EXNG575,18,false,
77429,EXNG635,23,false,
77430,EXNG646,18,false,
77431,EXNG693,367,false,
77432,EXNG731,367,false,
77433,EXNG821,367,false,
77434,EXNG841,367,false,
77435,EXNG873,3438,false,
77436,EXNG876,373,false,
77437,EXNG879,16,false,
77438,EXNG897,3474,false,
77439,EXNG924,16,false,
77440,EXNG939,16,false,
77441,EXNG942,18,false,
77442,EXNG947,21,false,
77443,EXNG949,373,false,
77444,EXNG961,367,false,
77445,EXNG962,367,false,
77446,EXNG999,18,false,
77447,EXNG1002,367,false,
77448,EXNG1005,16,false,
77449,EXNG1011,367,false,
77450,EXNG1012,16,false,
77451,EXNG1013,367,false,
77452,EXNG1017,657,false,
77453,EXNG1026,16,false,
77454,EXNG1036,1422,false,
77455,EXNG1042,1122,false,
77456,EXNG1053,21,false,
77457,EXNG1058,16,false,
77458,EXNG1059,378,false,
77459,EXNG1063,18,false,
77460,EXNG1066,18,false,
77477,20151,,false,
77480,431608,,false,
77481,141701,,false,
77482,Nmiss3265,64,false,
77692,SMG-20-1025,62,false,
77696,NIID792,,false,
77839,14/20/03,,false,
77846,SMG-20-1052,65,false,
77847,SMG-20-1054,1503,false,
77848,SMG-20-1060,49,false,
77849,SMG-20-1063,1,false,
77850,SMG-20-1070,5160,false,
77851,SMG-20-1071,9,false,
77852,SMG-20-1072,104,false,
77853,SMG-20-1077,62,false,
77854,SMG-20-1074,175,false,
77933,116Mo,,false,
77934,117Mo,,false,
77935,171M,,false,
77936,SMG-20-1078,9,false,
77949,DE14679,424,false,
77950,MZ140/20,,false,
77951,DE14683,890,false,
77952,DE14099,62,false,
77953,DE14104,257,false,
77954,DE14105,62,false,
77955,DE14106,87,false,
77956,DE14107,62,false,
77957,DE14109,3906,false,
77958,DE14110,87,false,
77959,DE14111,67,false,
77960,DE14112,9,false,
77961,DE14113,87,false,
77962,DE14115,151,false,
77963,DE14116,87,false,
77964,DE14117,49,false,
77965,DE14119,67,false,
77966,DE14121,93,false,
77967,DE14123,1,false,
77968,DE14124,93,false,
77969,DE14125,260,false,
77970,DE14126,474,false,
77971,DE14127,791,false,
77972,DE14128,93,false,
77973,DE14130,141,false,
77974,DE14131,257,false,
77975,DE14134,1,false,
77976,DE14135,67,false,
77977,DE14136,141,false,
77978,DE14137,262,false,
77979,DE14138,45,false,
77980,DE14140,1,false,
77981,DE14143,45,false,
77982,DE14144,87,false,
77983,DE14145,93,false,
77984,DE14147,41,false,
77985,DE14148,49,false,
77986,DE14149,67,false,
77987,DE14150,87,false,
77988,DE14151,2,false,
77989,DE14152,3668,false,
77990,DE14156,141,false,
77991,DE14157,1250,false,
77992,DE14158,141,false,
77993,DE14159,3,false,
77994,DE14160,3,false,
77995,DE14162,262,false,
77996,DE14163,141,false,
77997,DE14164,288,false,
77998,DE14165,3908,false,
77999,DE14166,87,false,
78000,DE14168,3800,false,
78001,DE14170,93,false,
78002,DE14171,28,false,
78003,DE14172,67,false,
78004,DE14175,220,false,
78005,DE14176,45,false,
78006,DE14178,3,false,
78007,DE14179,93,false,
78008,DE14180,87,false,
78009,DE14181,791,false,
78010,DE14182,2543,false,
78011,DE14185,3909,false,
78012,DE14186,68,false,
78013,DE14188,62,false,
78014,DE14189,45,false,
78015,DE14190,62,false,
78016,DE14192,45,false,
78017,DE14194,62,false,
78018,DE14195,93,false,
78019,DE14196,120,false,
78020,DE14197,87,false,
78021,DE14198,93,false,
78022,DE14199,45,false,
78023,DE14202,57,false,
78024,DE14203,93,false,
78025,DE14204,262,false,
78026,DE14205,141,false,
78027,DE14206,3,false,
78028,DE14207,1972,false,
78029,DE14210,1156,false,
78030,DE14212,3907,false,
78031,DE14217,57,false,
78032,DE14218,93,false,
78033,DE14219,62,false,
78034,DE14220,274,false,
78035,DE14221,67,false,
78036,DE14222,141,false,
78037,DE14225,87,false,
78038,DE14226,1543,false,
78039,DE14227,,false,
78040,DE14228,87,false,
78041,DE14229,,false,
78042,DE14232,2,false,
78043,DE14235,141,false,
78044,DE14237,3800,false,
78045,DE14239,127,false,
78046,DE14240,246,false,
78047,DE14244,,false,
78048,DE14248,1487,false,
78049,DE14249,62,false,
78050,DE14250,93,false,
78051,DE14251,,false,
78052,DE14255,62,false,
78053,DE14262,570,false,
78054,DE14263,68,false,
78055,DE14267,,false,
78056,DE14269,575,false,
78057,DE14272,,false,
78058,DE14273,260,false,
78059,DE14277,3,false,
78060,DE14279,,false,
78061,DE14280,3801,false,
78062,DE14281,9,false,
78063,DE14282,62,false,
78064,DE14284,,false,
78065,DE14287,87,false,
78066,DE14291,93,false,
78067,DE14292,262,false,
78068,DE14293,500,false,
78069,DE14297,,false,
78070,DE14298,570,false,
78071,DE14299,45,false,
78072,DE14300,3802,false,
78073,DE14301,3,false,
78074,DE14303,43,false,
78075,DE14305,120,false,
78076,DE14306,45,false,
78077,DE14307,3803,false,
78078,DE14308,3800,false,
78079,DE14309,62,false,
78080,DE14310,104,false,
78081,DE14312,3804,false,
78082,DE14313,67,false,
78083,DE14314,,false,
78084,DE14316,49,false,
78085,DE14317,211,false,
78086,DE14322,93,false,
78087,DE14323,87,false,
78088,DE14324,255,false,
78089,DE14325,87,false,
78090,DE14326,1694,false,
78091,DE14328,257,false,
78092,DE14329,67,false,
78093,DE14330,199,false,
78094,DE14331,570,false,
78095,DE14333,62,false,
78096,DE14334,1,false,
78097,DE14335,2,false,
78098,DE14337,93,false,
78099,DE14338,141,false,
78100,DE14339,2543,false,
78101,DE14341,45,false,
78102,DE14343,45,false,
78103,DE14345,3805,false,
78104,DE14347,2,false,
78105,DE14349,93,false,
78106,DE14351,67,false,
78107,MZ112/18,,false,
78108,MZ149/18,,false,
78109,MZ22/18,,false,
78110,MZ36/18,,false,
78111,MZ67/18,,false,
78112,MZ76/18,,false,
78113,MZ86/18,,false,
78114,NR14/18,,false,
78115,NR17/18,,false,
78116,NR20/18,,false,
78117,NR22/18,,false,
78118,NR24/18,,false,
78119,NR29/18,,false,
78120,NR31/18,,false,
78121,NR34/18,,false,
78122,NR35/18,,false,
78123,NR39/18,,false,
78124,NR41/18,,false,
78125,NR45/18,,false,
78126,NR46/18,,false,
78127,NR47/18,,false,
78128,NR49/18,,false,
78129,NR53/18,,false,
78130,NR55/18,,false,
78131,NR56/18,,false,
78132,NR6/19,,false,
78133,NR63/18,,false,
78134,NR64/18,,false,
78135,NR67/18,,false,
78136,NR72/18,,false,
78137,NR73/18,,false,
78138,NR77/18,,false,
78139,NR78/18,,false,
78140,NR79/18,,false,
78141,NR82/18,,false,
78142,NR83/18,,false,
78143,NR88/18,,false,
78144,NR89/18,,false,
78153,20GB000982,,false,
78330,AU2012-155,1122,false,
78331,AU2012-161,1122,false,
78332,AU2012-162,1122,false,
78333,AU2012-165,1122,false,
78334,AU2012-166,1122,false,
78335,AU2012-167,1122,false,
78336,AU2012-168,1122,false,
78337,AU2012-237,1122,false,
78338,AU2012-238,1122,false,
78339,AU2012-240,1122,false,
78340,AU2012-241,1122,false,
78341,AU2012-248,1122,false,
78342,AU2012-249,1122,false,
78343,AU2012-250,1122,false,
78344,AU2012-319,1122,false,
78345,AU2012-323,1122,false,
78346,AU2012-325,1122,false,
78347,AU2012-329,1122,false,
78348,AU2012-331,1122,false,
78349,AU2012-332,1122,false,
78350,AU2012-336,1122,false,
78351,AU2012-338,1122,false,
78352,AU2012-340,1122,false,
78353,AU2012-341,1122,false,
78354,AU2012-416,1122,false,
78355,AU2012-417,1122,false,
78356,AU2012-418,1122,false,
78357,AU2012-420,1122,false,
78358,AU2012-425,1122,false,
78359,AU2012-497,1122,false,
78360,AU2012-500,1122,false,
78361,AU2012-501,1122,false,
78362,AU2012-502,1122,false,
78363,AU2012-510,1122,false,
78364,AU2012-511,1122,false,
78365,AU2012-57,1122,false,
78366,AU2012-572,1122,false,
78367,AU2012-573,1122,false,
78368,AU2012-574,1122,false,
78369,AU2012-60,1122,false,
78370,AU2012-61,1122,false,
78371,AU2012-62,1122,false,
78372,AU2012-63,1122,false,
78373,AU2012-646,1122,false,
78374,AU2012-648,1122,false,
78375,AU2012-649,1122,false,
78376,AU2012-65,1122,false,
78377,AU2012-68,1122,false,
78378,AU2012-698,1122,false,
78379,AU2012-70,1122,false,
78380,AU2012-700,1122,false,
78381,AU2012-701,1122,false,
78382,AU2012-73,1122,false,
78383,AU2012-74,1122,false,
78384,AU2012-75,1122,false,
78385,AU2012-758,,false,
78386,AU2012-767,1122,false,
78387,AU2012-768,1122,false,
78388,AU2012-807,1122,false,
78389,AU2014-574,1122,false,
78390,AU2014-579,1122,false,
78391,AU2014-580,1122,false,
78392,AU2014-586,1122,false,
78393,AU2014-589,1122,false,
78394,AU2014-593,1122,false,
78395,AU2014-594,1122,false,
78396,AU2014-595,1122,false,
78397,AU2014-596,1122,false,
78398,AU2014-602,1122,false,
78399,AU2014-606,1122,false,
78400,AU2014-607,1122,false,
78401,AU2014-612,1122,false,
78402,AU2014-613,1122,false,
78403,AU2014-620,1122,false,
78404,AU2014-622,1122,false,
78405,AU2014-634,1122,false,
78406,AU2014-635,1122,false,
78407,AU2014-637,1122,false,
78408,AU2014-645,1122,false,
78409,AU2014-647,1122,false,
78410,AU2014-651,1122,false,
78411,AU2014-653,1122,false,
78412,AU2014-654,1122,false,
78413,AU2014-661,1122,false,
78414,AU2014-663,1122,false,
78415,AU2014-665,1122,false,
78416,AU2014-680,1122,false,
78417,AU2014-682,1122,false,
78418,AU2014-684,1122,false,
78419,AU2014-686,3440,false,
78420,AU2014-690,1122,false,
78421,AU2014-693,1122,false,
78422,AU2014-694,3440,false,
78423,AU2014-697,1122,false,
78424,H160860137,18,false,
78425,H162760217,18,false,
78426,H160740838,18,false,
78427,H160940039,3441,false,
78428,H170880483,18,false,
78429,RB12000238,18,false,
78430,H162880343,18,false,
78431,H164000229,18,false,
78432,H170740290,18,false,
78433,H170980470,18,false,
78434,H164980201,18,false,
78435,H164400125,18,false,
78436,H154600138,18,false,
78437,H170800254_ZSB,18,false,
78438,H164160332,18,false,
78439,H161220369,18,false,
78440,H162760219,18,false,
78441,H163560606,18,false,
78442,H162980230,18,false,
78443,H161060383,18,false,
78444,H162980229,18,false,
78445,RB12001497,18,false,
78446,H162980228,18,false,
78447,H162940234,18,false,
78448,H161640178,18,false,
78449,H161860339,18,false,
78450,H162760214,18,false,
78451,H170960364,3364,false,
78452,H162620299,18,false,
78453,H160860139,18,false,
78454,H162760215,18,false,
78455,H162680280,18,false,
78456,H170800254_ZSA,18,false,
78457,H160740834,18,false,
78458,H162760218,18,false,
78459,H164400126,18,false,
78460,H162760220,18,false,
78461,H161520451,18,false,
78462,H162880344,18,false,
78463,H161240198,18,false,
78464,H160740837,18,false,
78465,H160860135,18,false,
78466,H161260213,18,false,
78467,H161420101,18,false,
78468,H162760211,18,false,
78469,H170740291,18,false,
78470,254921,18,false,
78471,H162760212,18,false,
78472,H162760216,18,false,
78473,H161240200,18,false,
78474,H170840436,18,false,
78475,H160740537,18,false,
78476,H164380378,18,false,
78477,H161120422,18,false,
78478,RB15002267,18,false,
78479,H162760213,18,false,
78480,15363,375,false,
78481,18438,635,false,
78482,19173,18,false,
78483,19984,635,false,
78484,20289,375,false,
78485,22830,16,false,
78486,22890,17,false,
78487,23035,370,false,
78488,23435,16,false,
78489,23693,22,false,
78490,23712,21,false,
78491,23729,16,false,
78492,23836,657,false,
78493,24335,16,false,
78494,25151,18,false,
78495,26446,,false,
78496,26539,844,false,
78497,26932,22,false,
78498,27441,367,false,
78499,27459,16,false,
78500,27521,21,false,
78501,27588,16,false,
78502,27613,16,false,
78503,27775,626,false,
78504,27777,3365,false,
78505,27920,21,false,
78506,27931,636,false,
78507,28071,375,false,
78508,28072,375,false,
78509,28076,21,false,
78510,28361,16,false,
78511,28445,21,false,
78512,28541,1548,false,
78513,28861,16,false,
78514,28885,21,false,
78515,28894,16,false,
78516,29055,21,false,
78517,29301,21,false,
78518,29506,21,false,
78519,29954,16,false,
78520,30016,16,false,
78521,30755,16,false,
78522,30865,16,false,
78523,30871,1548,false,
78524,31284,16,false,
78525,31341,16,false,
78526,31348,1548,false,
78527,31349,16,false,
78528,31350,16,false,
78529,31352,21,false,
78530,31355,21,false,
78531,31357,1548,false,
78532,31623,21,false,
78533,31819,16,false,
78534,31823,16,false,
78535,31826,16,false,
78536,31834,1006,false,
78537,31858,16,false,
78538,31935,16,false,
78539,32118,21,false,
78540,32123,16,false,
78541,32320,16,false,
78542,32330,1006,false,
78543,32335,22,false,
78544,32615,16,false,
78545,32664,3366,false,
78546,32752,1006,false,
78547,32838,367,false,
78548,32847,367,false,
78549,32849,16,false,
78550,32902,16,false,
78551,32929,1548,false,
78552,32962,16,false,
78553,33074,22,false,
78554,33162,16,false,
78555,33232,367,false,
78556,33234,367,false,
78557,33244,22,false,
78558,33264,367,false,
78559,33288,367,false,
78560,33293,367,false,
78561,33295,367,false,
78562,33316,367,false,
78563,33375,16,false,
78564,33386,2375,false,
78565,33442,16,false,
78566,33467,16,false,
78567,33485,1548,false,
78568,33492,16,false,
78569,33523,16,false,
78570,33546,16,false,
78571,33569,16,false,
78572,33577,21,false,
78573,33588,16,false,
78574,33608,16,false,
78575,33679,367,false,
78576,33680,367,false,
78577,33681,22,false,
78578,33756,16,false,
78579,33764,16,false,
78580,33828,636,false,
78581,33901,16,false,
78582,33965,2401,false,
78583,33967,3365,false,
78584,33997,16,false,
78585,34067,3367,false,
78586,34097,3367,false,
78587,34225,1548,false,
78588,34245,16,false,
78589,34344,16,false,
78590,34349,16,false,
78591,34359,16,false,
78592,34361,16,false,
78593,34421,16,false,
78594,34442,367,false,
78595,34527,16,false,
78596,34620,21,false,
78597,34638,1006,false,
78598,34647,666,false,
78599,34651,3442,false,
78600,34678,16,false,
78601,34688,367,false,
78602,34718,367,false,
78603,34740,367,false,
78604,34772,17,false,
78605,34780,636,false,
78606,34796,636,false,
78607,34842,16,false,
78608,35169,16,false,
78609,35177,16,false,
78610,35220,16,false,
78611,35317,21,false,
78612,35323,16,false,
78613,35325,16,false,
78614,35330,16,false,
78615,35332,16,false,
78616,35333,16,false,
78617,35334,16,false,
78618,35335,16,false,
78619,35336,16,false,
78620,35346,16,false,
78621,35352,16,false,
78622,35415,16,false,
78623,35416,16,false,
78624,35417,21,false,
78625,35423,16,false,
78626,35424,1548,false,
78627,35425,21,false,
78628,35428,1006,false,
78629,35433,367,false,
78630,35435,16,false,
78631,35439,16,false,
78632,35476,18,false,
78633,35477,22,false,
78634,35593,17,false,
78635,36090,16,false,
78636,36185,636,false,
78637,883218,21,false,
78638,DO11394,3368,false,
78639,DO12954,632,false,
78640,DO17630,378,false,
78641,DO20618,678,false,
78642,DO20662,3369,false,
78643,DO27508,632,false,
78644,DO23013,378,false,
78645,DO23085,636,false,
78646,DO28387,843,false,
78647,DO28432,843,false,
78648,DO28824,843,false,
78649,DO28873,843,false,
78650,DO66180,632,false,
78651,DO65983,678,false,
78652,DO48739,378,false,
78653,DO51056,378,false,
78654,DO1823,843,false,
78655,DO2141,378,false,
78656,DO2179,367,false,
78657,DO134,678,false,
78658,DO140,367,false,
78659,DO371,3370,false,
78660,DO750,367,false,
78661,DO836,3371,false,
78662,DO837,678,false,
78663,DO838,3372,false,
78664,DO846,3373,false,
78665,DO921,678,false,
78666,DO932,3368,false,
78667,DO1229,3374,false,
78668,DO14675,378,false,
78669,DOU3,3375,false,
78670,DO21-31,678,false,
78671,DO23096,378,false,
78672,DO26346,636,false,
78673,DO26370,636,false,
78674,DO26537,367,false,
78675,DO26580,3376,false,
78676,DO1424,367,false,
78677,DO66401,630,false,
78678,DO67893,678,false,
78679,DO32051,378,false,
78680,DO21958,3377,false,
78681,DO22492,378,false,
78682,DO41417,378,false,
78683,DO44672,678,false,
78684,DO46386,378,false,
78685,DOU12,674,false,
78686,DO1966,378,false,
78687,DO3783,372,false,
78688,DO41290,678,false,
78689,DO4522,3378,false,
78690,DO47438,3379,false,
78691,DO48480,3379,false,
78692,DO4976,678,false,
78693,DO68768,678,false,
78694,DO70233,678,false,
78695,DO40555,367,false,
78696,DO16938,299,false,
78697,DO14998,678,false,
78698,DO13729,378,false,
78699,DO11271,678,false,
78700,DO2475,678,false,
78701,DO4034,678,false,
78702,DO27557,632,false,
78703,DO202,632,false,
78704,DO1783,678,false,
78705,DO100,3380,false,
78706,DO156,16,false,
78707,DO1197,671,false,
78708,DO97,367,false,
78709,DO97-48,18,false,
78710,DO98-95,16,false,
78711,DO98-105,21,false,
78712,DO00-15,18,false,
78713,DO02-258,16,false,
78714,DO02-270,16,false,
78715,DO04-247,628,false,
78716,DO04-238,3381,false,
78717,DO06-400,21,false,
78718,DO06-398,16,false,
78719,DO07-27,16,false,
78720,DO07-9,18,false,
78721,DO08-233,666,false,
78722,DO09-181,2375,false,
78723,DO09-257,22,false,
78724,DO10-84,367,false,
78725,DO13-1,2375,false,
78726,DO13-15,2375,false,
78727,DO13-72,373,false,
78728,DO13-88,1006,false,
78729,DO13-116,16,false,
78730,DO13-142,18,false,
78731,DO13-146,18,false,
78732,DO13-175,22,false,
78733,DO13-248,18,false,
78734,DO13-272,632,false,
78735,DO13-327,1006,false,
78736,DO13-360,18,false,
78737,DO13-406,16,false,
78738,DO13-440,18,false,
78739,DO13-242,16,false,
78740,DO13-263,16,false,
78741,DO80-1256,18,false,
78742,DO80-1392,3443,false,
78743,DO81-2787,1122,false,
78744,DO81-2997,22,false,
78745,DO82-343,657,false,
78746,DO82-546,17,false,
78747,DO83-3377,378,false,
78748,DO83-3510,22,false,
78749,DO84-2679,844,false,
78750,DO84-2882,2401,false,
78751,DO85-2407,632,false,
78752,DO85-2584,681,false,
78753,DO86-2036,18,false,
78754,DO86-2121,17,false,
78755,DO87-1128,16,false,
78756,DO90-593,640,false,
78757,DO90-619,18,false,
78758,DO91-314,375,false,
78759,DO91-336,3382,false,
78760,DO92-294,367,false,
78761,DO95-1,3444,false,
78762,DO95-98,18,false,
78763,DO95-171,18,false,
78764,DO96-47,18,false,
78765,DO96-92,18,false,
78766,DONV51-26544,824,false,
78767,DONV42-65871,678,false,
78768,DONV42-65988,678,false,
78769,DONV42-69016,378,false,
78770,DONV62-4615,678,false,
78771,DONV62-4623,299,false,
78772,DONV46-2106,3383,false,
78773,DONV44-54211,636,false,
78774,DONV62-3629,378,false,
78775,DONV59-82,23,false,
78776,DONV59-646,23,false,
78777,DONV58-1148,3384,false,
78778,DONV57-25539,378,false,
78779,DONV57-2111,678,false,
78780,DONV44-7072,632,false,
78781,DONV44-8053,632,false,
78782,DONV43-19018,378,false,
78783,DONV56-7616,632,false,
78784,DONV45-41906,632,false,
78785,DONV40-17517,678,false,
78786,DONV40-17554,632,false,
78787,DONV40-17566,378,false,
78788,DONV41-32256,378,false,
78789,DONV41-32425,378,false,
78790,DONV43-54204,677,false,
78791,DONV43-64995,678,false,
78792,DONV43-11421,378,false,
78793,MCRJ 00195,,false,
78794,MCRJ 00253,,false,
78795,MCRJ 00281,,false,
78796,MCRJ 00293,,false,
78797,MCRJ 00294,,false,
78798,MCRJ 00295,,false,
78799,MCRJ 00318,,false,
78800,MCRJ 00319,,false,
78801,MCRJ 00321,,false,
78802,VNM11-10,375,false,
78803,VNM11-100,21,false,
78804,VNM11-101,16,false,
78805,VNM11-102,16,false,
78806,VNM11-103,18,false,
78807,VNM11-104,21,false,
78808,VNM11-105,21,false,
78809,VNM11-106,18,false,
78810,VNM11-107,21,false,
78811,VNM11-108,21,false,
78812,VNM11-11,18,false,
78813,VNM11-12,21,false,
78814,VNM11-13,18,false,
78815,VNM11-14,3385,false,
78816,VNM11-15,18,false,
78817,VNM11-16,18,false,
78818,VNM11-17,16,false,
78819,VNM11-18,21,false,
78820,VNM11-19,18,false,
78821,VNM11-20,18,false,
78822,VNM11-21,21,false,
78823,VNM11-22,18,false,
78824,VNM11-23,18,false,
78825,VNM11-24,21,false,
78826,VNM11-25,18,false,
78827,VNM11-26,2377,false,
78828,VNM11-27,375,false,
78829,VNM11-28,21,false,
78830,VNM11-29,21,false,
78831,VNM11-3,375,false,
78832,VNM11-30,16,false,
78833,VNM11-31,18,false,
78834,VNM11-32,21,false,
78835,VNM11-33,18,false,
78836,VNM11-34,16,false,
78837,VNM11-35,18,false,
78838,VNM11-36,21,false,
78839,VNM11-37,16,false,
78840,VNM11-38,21,false,
78841,VNM11-39,21,false,
78842,VNM11-4,18,false,
78843,VNM11-40,18,false,
78844,VNM11-41,21,false,
78845,VNM11-42,18,false,
78846,VNM11-43,21,false,
78847,VNM11-44,16,false,
78848,VNM11-45,21,false,
78849,VNM11-46,3445,false,
78850,VNM11-47,2377,false,
78851,VNM11-48,2377,false,
78852,VNM11-49,375,false,
78853,VNM11-5,375,false,
78854,VNM11-50,16,false,
78855,VNM11-51,18,false,
78856,VNM11-52,21,false,
78857,VNM11-53,16,false,
78858,VNM11-54,375,false,
78859,VNM11-55,18,false,
78860,VNM11-56,21,false,
78861,VNM11-57,16,false,
78862,VNM11-58,16,false,
78863,VNM11-59,375,false,
78864,VNM11-6,375,false,
78865,VNM11-60,18,false,
78866,VNM11-61,18,false,
78867,VNM11-62,18,false,
78868,VNM11-63,21,false,
78869,VNM11-64,21,false,
78870,VNM11-65,,false,
78871,VNM11-66,3446,false,
78872,VNM11-67,18,false,
78873,VNM11-68,21,false,
78874,VNM11-69,21,false,
78875,VNM11-7,16,false,
78876,VNM11-70,16,false,
78877,VNM11-71,21,false,
78878,VNM11-72,21,false,
78879,VNM11-73,657,false,
78880,VNM11-74,21,false,
78881,VNM11-75,21,false,
78882,VNM11-76,18,false,
78883,VNM11-77,21,false,
78884,VNM11-78,18,false,
78885,VNM11-79,21,false,
78886,VNM11-8,21,false,
78887,VNM11-80,21,false,
78888,VNM11-81,21,false,
78889,VNM11-82,375,false,
78890,VNM11-83,21,false,
78891,VNM11-84,18,false,
78892,VNM11-85,21,false,
78893,VNM11-86,21,false,
78894,VNM11-87,18,false,
78895,VNM11-88,16,false,
78896,VNM11-89,18,false,
78897,VNM11-9,21,false,
78898,VNM11-90,21,false,
78899,VNM11-91,21,false,
78900,VNM11-92,16,false,
78901,VNM11-93,,false,
78902,VNM11-94,375,false,
78903,VNM11-95,21,false,
78904,VNM11-96,845,false,
78905,VNM11-97,21,false,
78906,VNM11-98,21,false,
78907,VNM11-99,2377,false,
78908,VNM16-1,18,false,
78909,VNM16-10,16,false,
78910,VNM16-100,21,false,
78911,VNM16-101,16,false,
78912,VNM16-102,16,false,
78913,VNM16-103,3386,false,
78914,VNM16-104,16,false,
78915,VNM16-105,21,false,
78916,VNM16-106,16,false,
78917,VNM16-107,18,false,
78918,VNM16-108,654,false,
78919,VNM16-109,16,false,
78920,VNM16-11,18,false,
78921,VNM16-110,21,false,
78922,VNM16-111,3447,false,
78923,VNM16-112,16,false,
78924,VNM16-113,16,false,
78925,VNM16-114,18,false,
78926,VNM16-115,,false,
78927,VNM16-116,,false,
78928,VNM16-117,16,false,
78929,VNM16-118,635,false,
78930,VNM16-119,18,false,
78931,VNM16-12,3387,false,
78932,VNM16-120,16,false,
78933,VNM16-122,21,false,
78934,VNM16-123,635,false,
78935,VNM16-124,21,false,
78936,VNM16-125,16,false,
78937,VNM16-126,632,false,
78938,VNM16-127,21,false,
78939,VNM16-128,16,false,
78940,VNM16-129,16,false,
78941,VNM16-13,16,false,
78942,VNM16-130,18,false,
78943,VNM16-131,16,false,
78944,VNM16-132,18,false,
78945,VNM16-14,16,false,
78946,VNM16-15,21,false,
78947,VNM16-16,18,false,
78948,VNM16-17,16,false,
78949,VNM16-18,18,false,
78950,VNM16-19,18,false,
78951,VNM16-2,18,false,
78952,VNM16-21,21,false,
78953,VNM16-22,21,false,
78954,VNM16-23,655,false,
78955,VNM16-24,21,false,
78956,VNM16-25,21,false,
78957,VNM16-28,16,false,
78958,VNM16-29,21,false,
78959,VNM16-3,18,false,
78960,VNM16-30,16,false,
78961,VNM16-31,16,false,
78962,VNM16-33,16,false,
78963,VNM16-34,,false,
78964,VNM16-35,18,false,
78965,VNM16-36,16,false,
78966,VNM16-37,18,false,
78967,VNM16-38,21,false,
78968,VNM16-39,21,false,
78969,VNM16-4,21,false,
78970,VNM16-40,16,false,
78971,VNM16-41,16,false,
78972,VNM16-42,18,false,
78973,VNM16-43,18,false,
78974,VNM16-44,18,false,
78975,VNM16-45,18,false,
78976,VNM16-46,18,false,
78977,VNM16-47,18,false,
78978,VNM16-48,16,false,
78979,VNM16-49,2370,false,
78980,VNM16-5,16,false,
78981,VNM16-50,16,false,
78982,VNM16-51,18,false,
78983,VNM16-52,2370,false,
78984,VNM16-53,2375,false,
78985,VNM16-54,21,false,
78986,VNM16-55,16,false,
78987,VNM16-57,21,false,
78988,VNM16-6,16,false,
78989,VNM16-60,16,false,
78990,VNM16-61,21,false,
78991,VNM16-62,16,false,
78992,VNM16-63,16,false,
78993,VNM16-64,16,false,
78994,VNM16-65,16,false,
78995,VNM16-66,2377,false,
78996,VNM16-67,850,false,
78997,VNM16-68,16,false,
78998,VNM16-69,18,false,
78999,VNM16-7,16,false,
79000,VNM16-70,16,false,
79001,VNM16-72,16,false,
79002,VNM16-73,18,false,
79003,VNM16-74,18,false,
79004,VNM16-75,18,false,
79005,VNM16-76,18,false,
79006,VNM16-77,367,false,
79007,VNM16-78,21,false,
79008,VNM16-8,21,false,
79009,VNM16-80,367,false,
79010,VNM16-81,16,false,
79011,VNM16-82,16,false,
79012,VNM16-83,21,false,
79013,VNM16-84,16,false,
79014,VNM16-85,16,false,
79015,VNM16-86,16,false,
79016,VNM16-87,16,false,
79017,VNM16-88,16,false,
79018,VNM16-89,655,false,
79019,VNM16-9,18,false,
79020,VNM16-90,18,false,
79021,VNM16-91,16,false,
79022,VNM16-92,16,false,
79023,VNM16-93,16,false,
79024,VNM16-95,16,false,
79025,VNM16-96,21,false,
79026,VNM16-97,635,false,
79027,VNM16-98,16,false,
79028,VNM16-99,3386,false,
79040,SMG-20-1084,138,false,
79041,SMG-20-1086,259,false,
79042,SMG-20-1087,87,false,
79043,SMG-20-1089,3,false,
79044,SMG-20-1091,1730,false,
79045,SMG-20-1092,1487,false,
79046,SMG-20-1100,1482,false,
79047,SMG-20-1104,784,false,
79048,SMG-20-1110,779,false,
79049,GCWGS_0035,16,false,
79050,GCWGS_0043,3353,false,
79051,GCWGS_0044,3353,false,
79052,GCWGS_0045,367,false,
79053,GCWGS_0048,3353,false,
79054,GCWGS_0151,367,false,
79055,GCWGS_0156,16,false,
79056,GCWGS_0161,16,false,
79057,GCWGS_0163,16,false,
79058,GCWGS_0165,367,false,
79059,GCWGS_0169,16,false,
79060,GCWGS_0032,1006,false,
79061,GCWGS_0034,367,false,
79062,GCWGS_0444,18,false,
79063,GCWGS_0436,367,false,
79064,GCWGS_0394,16,false,
79065,GCWGS_0352,18,false,
79066,GCWGS_0348,367,false,
79067,GCWGS_0345,367,false,
79068,GCWGS_0344,1006,false,
79069,GCWGS_0201,378,false,
79070,GCWGS_0199,1006,false,
79071,GCWGS_0131,3353,false,
79072,GCWGS_0129,367,false,
79073,GCWGS_0108,16,false,
79074,GCWGS_0079,3353,false,
79075,GCWGS_0078,3966,false,
79076,GCWGS_0077,3353,false,
79077,GCWGS_0068,1006,false,
79078,GCWGS_0023,1006,false,
79079,GCWGS_0014,633,false,
79080,GCWGS_0003,3353,false,
79081,GCWGS_0002,1006,false,
79082,GCWGS_0001,3353,false,
79083,GCWGS_0586,1006,false,
79084,GCWGS_0575,3448,false,
79085,GCWGS_0562,3966,false,
79086,GCWGS_0555,633,false,
79087,GCWGS_0553,2375,false,
79088,GCWGS_0552,3966,false,
79089,GCWGS_0551,3966,false,
79090,GCWGS_0545,1006,false,
79091,GCWGS_0519,1548,false,
79092,GCWGS_0518,3388,false,
79093,GCWGS_0500,367,false,
79094,GCWGS_0415,633,false,
79095,GCWGS_0414,633,false,
79096,GCWGS_0413,3966,false,
79097,GCWGS_0412,633,false,
79098,GCWGS_0382,18,false,
79099,GCWGS_0311,3276,false,
79100,GCWGS_0308,,false,
79101,GCWGS_0307,3353,false,
79102,GCWGS_0306,3966,false,
79103,GCWGS_0295,3353,false,
79104,GCWGS_0294,1006,false,
79105,GCWGS_0289,1006,false,
79106,GCWGS_0288,3966,false,
79107,GCWGS_0287,3353,false,
79108,GCWGS_0284,3966,false,
79109,GCWGS_0283,3353,false,
79110,GCWGS_0282,3448,false,
79111,GCWGS_0280,3353,false,
79112,GCWGS_0269,16,false,
79113,GCWGS_0261,3353,false,
79114,GCWGS_0235,18,false,
79115,GCWGS_0788,3353,false,
79116,GCWGS_0787,3966,false,
79117,GCWGS_0770,3353,false,
79118,GCWGS_0771,3353,false,
79119,GCWGS_0772,3353,false,
79120,GCWGS_0773,3353,false,
79121,GCWGS_0774,3353,false,
79122,GCWGS_0775,,false,
79123,GCWGS_0643,16,false,
79124,GCWGS_0640,21,false,
79125,GCWGS_0690,1548,false,
79126,GCWGS_0656,451,false,
79127,GCWGS_0731,3353,false,
79128,GCWGS_0703,1006,false,
79129,GCWGS_0652,3353,false,
79130,GCWGS_0824,3353,false,
79131,GCWGS_0838,367,false,
79132,GCWGS_0822,16,false,
79133,GCWGS_1357,3353,false,
79134,GCWGS_1251,824,false,
79135,GCWGS_0878,3353,false,
79136,GCWGS_0879,3353,false,
79137,GCWGS_0892,3353,false,
79138,GCWGS_1356,3353,false,
79139,GCWGS_0839,367,false,
79140,GCWGS_1598,16,false,
79141,GCWGS_1367,3353,false,
79142,GCWGS_1600,16,false,
79143,GCWGS_1599,1006,false,
79144,GCWGS_1621,3353,false,
79145,GCWGS_1620,367,false,
79146,GCWGS_1623,3353,false,
79147,GCWGS_1622,3353,false,
79148,LRRBGS_0371,3353,false,
79149,LRRBGS_0368,3353,false,
79150,LRRBGS_0369,3353,false,
79151,LRRBGS_0370,3353,false,
79152,LRRBGS_0342,3449,false,
79153,LRRBGS_0341,3353,false,
79154,LRRBGS_0374,3353,false,
79155,LRRBGS_0644,21,false,
79156,LRRBGS_0635,3353,false,
79157,LRRBGS_0375,3353,false,
79158,LRRBGS_0333,3353,false,
79159,LRRBGS_0336,3353,false,
79160,LRRBGS_0335,3353,false,
79161,LRRBGS_0340,21,false,
79162,LRRBGS_0337,3353,false,
79163,LRRBGS_0331,3353,false,
79164,LRRBGS_0330,3353,false,
79165,LRRBGS_0319,3353,false,
79166,LRRBGS_0318,16,false,
79167,LRRBGS_0317,16,false,
79168,LRRBGS_0314,3353,false,
79169,LRRBGS_0313,3353,false,
79170,LRRBGS_0312,3353,false,
79171,LRRBGS_0311,3353,false,
79172,LRRBGS_0310,3353,false,
79173,LRRBGS_0308,21,false,
79174,LRRBGS_0299,654,false,
79175,LRRBGS_0362,3353,false,
79176,LRRBGS_0631,3353,false,
79177,LRRBGS_0376,367,false,
79178,LRRBGS_0373,367,false,
79179,LRRBGS_0361,3353,false,
79180,LRRBGS_0360,3353,false,
79181,LRRBGS_0359,3353,false,
79182,LRRBGS_0358,3353,false,
79183,LRRBGS_0632,3353,false,
79184,LRRBGS_0633,3353,false,
79185,LRRBGS_0355,4005,false,
79186,LRRBGS_0356,3353,false,
79187,LRRBGS_0357,16,false,
79188,LRRBGS_0347,3353,false,
79189,LRRBGS_0348,5666,false,
79190,LRRBGS_0353,21,false,
79191,LRRBGS_0354,3353,false,
79192,LRRBGS_0343,3353,false,
79193,LRRBGS_0344,3449,false,
79194,LRRBGS_0345,3353,false,
79195,LRRBGS_0346,3448,false,
79196,LRRBGS_0326,18,false,
79197,LRRBGS_0327,3353,false,
79198,LRRBGS_0324,3353,false,
79199,LRRBGS_0325,,false,
79200,LRRBGS_0322,3353,false,
79201,LRRBGS_0323,3966,false,
79202,LRRBGS_0320,3353,false,
79203,LRRBGS_0321,3353,false,
79204,LRRBGS_0334,3353,false,
79205,LRRBGS_0328,3353,false,
79206,LRRBGS_0329,3353,false,
79207,LRRBGS_0372,367,false,
79208,LRRBGS_0288,367,false,
79209,LRRBGS_0281,669,false,
79210,LRRBGS_0249,,false,
79211,LRRBGS_0227,18,false,
79212,LRRBGS_0277,16,false,
79213,LRRBGS_0252,367,false,
79214,LRRBGS_0190,367,false,
79215,LRRBGS_0219,16,false,
79216,LRRBGS_0195,18,false,
79217,LRRBGS_0673,3353,false,
79218,LRRBGS_0246,16,false,
79219,LRRBGS_0245,378,false,
79220,LRRBGS_0244,16,false,
79221,LRRBGS_0243,18,false,
79222,LRRBGS_0242,18,false,
79223,LRRBGS_0241,18,false,
79224,LRRBGS_0239,22,false,
79225,LRRBGS_0248,367,false,
79226,LRRBGS_0247,1006,false,
79227,LRRBGS_0634,18,false,
79228,LRRBGS_0636,3353,false,
79229,LRRBGS_0637,3353,false,
79230,LRRBGS_0642,3389,false,
79231,LRRBGS_0643,21,false,
79232,LRRBGS_0651,3353,false,
79233,LRRBGS_0229,18,false,
79234,LRRBGS_0230,16,false,
79235,LRRBGS_0231,1006,false,
79236,LRRBGS_0232,367,false,
79237,LRRBGS_0233,18,false,
79238,LRRBGS_0234,1006,false,
79239,LRRBGS_0235,666,false,
79240,LRRBGS_0236,18,false,
79241,LRRBGS_0237,1006,false,
79242,LRRBGS_0238,633,false,
79243,LRRBGS_0270,18,false,
79244,LRRBGS_0269,3390,false,
79245,LRRBGS_0266,451,false,
79246,LRRBGS_0265,21,false,
79247,LRRBGS_0268,367,false,
79248,LRRBGS_0267,367,false,
79249,LRRBGS_0262,18,false,
79250,LRRBGS_0264,22,false,
79251,LRRBGS_0263,636,false,
79252,LRRBGS_0259,367,false,
79253,LRRBGS_0260,1006,false,
79254,LRRBGS_0257,451,false,
79255,LRRBGS_0258,824,false,
79256,LRRBGS_0255,367,false,
79257,LRRBGS_0256,18,false,
79258,LRRBGS_0253,367,false,
79259,LRRBGS_0254,367,false,
79260,LRRBGS_0250,18,false,
79261,LRRBGS_0251,451,false,
79262,LRRBGS_0660,3353,false,
79263,LRRBGS_0659,3353,false,
79264,LRRBGS_0658,3353,false,
79265,LRRBGS_0657,3353,false,
79266,LRRBGS_0656,3353,false,
79267,LRRBGS_0655,3353,false,
79268,LRRBGS_0654,3353,false,
79269,LRRBGS_0653,3353,false,
79270,LRRBGS_0652,3353,false,
79271,LRRBGS_0206,666,false,
79272,LRRBGS_0205,367,false,
79273,LRRBGS_0200,367,false,
79274,LRRBGS_0199,367,false,
79275,LRRBGS_0198,1006,false,
79276,LRRBGS_0197,633,false,
79277,LRRBGS_0204,1006,false,
79278,LRRBGS_0203,16,false,
79279,LRRBGS_0202,367,false,
79280,LRRBGS_0201,451,false,
79281,LRRBGS_0286,367,false,
79282,LRRBGS_0284,18,false,
79283,LRRBGS_0285,367,false,
79284,LRRBGS_0309,3353,false,
79285,LRRBGS_0291,167,false,
79286,LRRBGS_0290,367,false,
79287,LRRBGS_0283,1006,false,
79288,LRRBGS_0287,1006,false,
79289,LRRBGS_0296,16,false,
79290,LRRBGS_0297,1006,false,
79291,LRRBGS_0294,367,false,
79292,LRRBGS_0295,16,false,
79293,LRRBGS_0306,3353,false,
79294,LRRBGS_0307,3353,false,
79295,LRRBGS_0298,367,false,
79296,LRRBGS_0300,633,false,
79297,LRRBGS_0186,18,false,
79298,LRRBGS_0185,22,false,
79299,LRRBGS_0188,18,false,
79300,LRRBGS_0187,18,false,
79301,LRRBGS_0191,18,false,
79302,LRRBGS_0189,3391,false,
79303,LRRBGS_0193,367,false,
79304,LRRBGS_0192,367,false,
79305,LRRBGS_0196,367,false,
79306,LRRBGS_0194,,false,
79307,LRRBGS_0289,18,false,
79308,LRRBGS_0293,1006,false,
79309,LRRBGS_0280,16,false,
79310,LRRBGS_0282,657,false,
79311,LRRBGS_0292,1006,false,
79312,LRRBGS_0275,1006,false,
79313,LRRBGS_0276,18,false,
79314,LRRBGS_0278,367,false,
79315,LRRBGS_0279,16,false,
79316,LRRBGS_0271,18,false,
79317,LRRBGS_0272,367,false,
79318,LRRBGS_0273,16,false,
79319,LRRBGS_0274,367,false,
79320,LRRBGS_0366,3353,false,
79321,LRRBGS_0349,21,false,
79322,LRRBGS_0316,16,false,
79323,LRRBGS_0351,3353,false,
79324,LRRBGS_0350,21,false,
79325,LRRBGS_0363,3353,false,
79326,LRRBGS_0352,1006,false,
79327,LRRBGS_0365,3353,false,
79328,LRRBGS_0364,3353,false,
79329,LRRBGS_0218,18,false,
79330,LRRBGS_0217,,false,
79331,LRRBGS_0221,16,false,
79332,LRRBGS_0220,378,false,
79333,LRRBGS_0223,18,false,
79334,LRRBGS_0222,1591,false,
79335,LRRBGS_0225,18,false,
79336,LRRBGS_0228,367,false,
79337,LRRBGS_0226,16,false,
79338,LRRBGS_0669,3353,false,
79339,LRRBGS_0670,3353,false,
79340,LRRBGS_0667,3353,false,
79341,LRRBGS_0668,3353,false,
79342,LRRBGS_0665,3353,false,
79343,LRRBGS_0666,3353,false,
79344,LRRBGS_0663,3353,false,
79345,LRRBGS_0664,16,false,
79346,LRRBGS_0671,3353,false,
79347,LRRBGS_0672,3353,false,
79348,LRRBGS_0209,633,false,
79349,LRRBGS_0210,824,false,
79350,LRRBGS_0207,3392,false,
79351,LRRBGS_0208,367,false,
79352,LRRBGS_0213,18,false,
79353,LRRBGS_0214,18,false,
79354,LRRBGS_0211,3392,false,
79355,LRRBGS_0212,18,false,
79356,LRRBGS_0215,1006,false,
79357,LRRBGS_0216,18,false,
79358,GCWGS_0621,1548,false,
79359,GCWGS_0615,1006,false,
79360,GCWGS_0606,2017,false,
79361,GCWGS_0605,3966,false,
79362,GCWGS_0244,1006,false,
79363,GCWGS_0637,18,false,
79364,GCWGS_0632,1006,false,
79365,GCWGS_0190,367,false,
79366,GCWGS_0320,367,false,
79367,GCWGS_0312,367,false,
79368,GCWGS_0599,367,false,
79369,GCWGS_0597,669,false,
79370,LRRBGS_0339,18,false,
79371,LRRBGS_0338,3353,false,
79372,LRRBGS_0332,3353,false,
79373,3122122,,false,
79420,IE20Nm01,45,false,
79421,TUM15784,16,false,
79422,SMG-20-1127,45,false,
79429,EXNM664_sm,1,false,
79710,M19 240023,49,false,
79791,M19 240272,150,false,
79885,M19 240467,1,false,
79888,M19 240473,120,false,
79890,M19 240474,45,false,
79891,M19 240476,120,false,
79892,M19 240477,87,false,
79893,M19 240475,1,false,
79894,M19 240478,104,false,
79899,M19 240482,45,false,
79901,M19 240483,318,false,
79903,M19 240485,45,false,
79904,M19 240486,45,false,
79905,M19 240489,306,false,
79906,M19 240491,1,false,
79909,M19 240484,1,false,
79912,M19 240490,2361,false,
79913,M19 240496,62,false,
79915,M19 240498,262,false,
79916,M19 240500,62,false,
79919,M19 240502,62,false,
79920,M19 240505,1,false,
79921,M19 240504,45,false,
79922,M19 240509,1,false,
79923,M19 240511,45,false,
79925,M19 240506,1,false,
79926,M19 240507,3673,false,
79927,M19 240510,1,false,
79929,M19 240514,127,false,
79930,M19 240518,199,false,
79932,M19 240515,2361,false,
79933,M19 240516,1,false,
79936,M19 240517,2252,false,
79937,M19 240519,2363,false,
79939,M19 240521,1,false,
79941,M19 240522,3674,false,
79942,M19 240523,62,false,
79943,M19 240525,857,false,
79944,M19 240526,93,false,
79946,M19 240530,1,false,
79947,M19 240524,398,false,
79948,M19 240527,62,false,
79950,M19 240528,1,false,
79954,M19 240531,93,false,
79955,M19 240534,1,false,
79956,M19 240535,259,false,
79958,M19 240538,93,false,
79959,M19 240540,1,false,
79960,M19 240541,49,false,
79964,M19 240539,527,false,
79965,M19 240542,1,false,
79966,M19 240543,1730,false,
79967,M19 240637,87,false,
79968,M19 240551,3675,false,
79969,M19 240548,127,false,
79971,M19 240550,1,false,
79973,M19 240549,1,false,
79974,M19 240555,62,false,
79975,M19 240559,1,false,
79976,M19 240554,45,false,
79977,M19 240557,45,false,
79979,M19 240556,62,false,
79980,M19 240561,62,false,
79981,M19 240558,120,false,
79982,M19 240560,1,false,
79983,M19 240567,9,false,
79985,M19 240566,3676,false,
79989,M19 240562,127,false,
79990,M19 240565,120,false,
79991,M19 240569,120,false,
79992,M19 240571,120,false,
79993,M19 240572,1,false,
79995,M19 240573,1,false,
79996,M19 240568,45,false,
79997,M19 240574,1,false,
79998,M19 240579,150,false,
79999,M19 240593,857,false,
80001,M19 240575,257,false,
80004,M19 240576,1,false,
80005,M19 240580,3677,false,
80007,M19 240581,3,false,
80008,M19 240582,87,false,
80009,M19 240590,1588,false,
80010,M19 240591,318,false,
80011,M19 240594,120,false,
80012,M19 240595,9,false,
80014,M19 240596,211,false,
80015,M19 240626,318,false,
80016,M19 240630,97,false,
80020,M19 240629,97,false,
80022,M19 240636,68,false,
80023,M19 240675,97,false,
80025,M19 240641,1,false,
80026,M19 240644,,false,
80029,M19 240642,1,false,
80030,M19 240643,45,false,
80032,M19 240645,77,false,
80033,M19 240649,62,false,
80034,M19 240650,87,false,
80035,M19 240638,45,false,
80036,M19 240664,77,false,
80037,M19 240665,77,false,
80039,M19 240663,9,false,
80040,M19 240647,3,false,
80042,M19 240670,3678,false,
80044,M19 240673,77,false,
80047,M19 240666,301,false,
80048,M19 240668,259,false,
80049,M19 240672,3680,false,
80050,M19 240676,9,false,
80052,M19 240685,3679,false,
80053,M19 240694,2887,false,
80056,M19 240687,262,false,
80057,M19 240690,93,false,
80058,M19 240693,127,false,
80059,M19 240696,141,false,
80072,M19 240695,1,false,
80075,M20 240003,1,false,
80076,M19 240701,93,false,
80077,M19 240702,1,false,
80078,M19 240698,1,false,
80079,M19 240707,45,false,
80081,M19 240703,104,false,
80082,M19 240705,87,false,
80083,M19 240708,196,false,
80086,M20 240013,305,false,
80087,M19 240704,45,false,
80091,M19 240709,1,false,
80094,M20 240004,120,false,
80097,M20 240002,150,false,
80098,M20 240006,77,false,
80099,M20 240005,1,false,
80100,M20 240009,3606,false,
80101,M20 240010,62,false,
80102,M20 240000,127,false,
80105,M19 240710,45,false,
80107,M20 240008,67,false,
80108,M20 240012,211,false,
80109,M20 240015,349,false,
80110,M20 240014,66,false,
80111,M20 240023,3,false,
80112,M20 240038,2448,false,
80115,M20 240016,77,false,
80116,M20 240026,3,false,
80117,M20 240011,62,false,
80118,M20 240022,1,false,
80121,M20 240025,62,false,
80122,M20 240027,1,false,
80123,M20 240028,1,false,
80124,M20 240037,97,false,
80125,M20 240040,127,false,
80127,M20 240039,87,false,
80128,M20 240054,45,false,
80129,M20 240035,280,false,
80130,M20 240041,127,false,
80131,M20 240053,1,false,
80137,M20 240044,62,false,
80138,M20 240063,62,false,
80141,M20 240046,1,false,
80142,M20 240048,62,false,
80144,M20 240060,45,false,
80145,M20 240062,45,false,
80147,M20 240061,45,false,
80148,M20 240064,45,false,
80149,M20 240066,2895,false,
80150,M20 240047,93,false,
80151,M20 240065,120,false,
80152,M20 240067,62,false,
80153,M20 240068,62,false,
80154,M20 240045,120,false,
80155,M20 240069,3681,false,
80156,M20 240070,1,false,
80157,M20 240071,1,false,
80158,M20 240083,62,false,
80159,M20 240086,104,false,
80163,M20 240074,1,false,
80165,M20 240073,62,false,
80166,M20 240079,3,false,
80167,M20 240080,120,false,
80168,M20 240090,93,false,
80170,M20 240078,120,false,
80171,M20 240088,1,false,
80172,M20 240093,3,false,
80174,M20 240092,1,false,
80177,M20 240091,87,false,
80181,M20 240100,1,false,
80182,M20 240098,97,false,
80184,M20 240105,1,false,
80186,M20 240104,87,false,
80189,M20 240099,45,false,
80191,M20 240103,45,false,
80193,M20 240112,87,false,
80197,M20 240107,1,false,
80199,M20 240113,45,false,
80200,M20 240118,2169,false,
80203,M20 240121,150,false,
80206,M20 240124,3274,false,
80207,M20 240133,1,false,
80208,M20 240132,3682,false,
80209,M20 240136,62,false,
80212,M20 240131,87,false,
80213,M20 240134,45,false,
80214,M20 240144,62,false,
80215,M20 240135,1,false,
80216,M20 240137,1250,false,
80217,M20 240143,62,false,
80218,M20 240138,87,false,
80221,M20 240141,77,false,
80223,M20 240139,1,false,
80224,M20 240142,45,false,
80225,M20 240147,45,false,
80230,M20 240150,1,false,
80231,M20 240153,45,false,
80235,M20 240156,870,false,
80236,M20 240162,1,false,
80239,M20 240159,87,false,
80240,M20 240165,1,false,
80241,M20 240167,49,false,
80243,M20 240169,45,false,
80247,M20 240168,1,false,
80248,M20 240171,45,false,
80249,M20 240172,3,false,
80250,M20 240174,1220,false,
80252,M20 240176,1156,false,
80254,M20 240177,120,false,
80256,M20 240182,211,false,
80257,M20 240185,104,false,
80260,M20 240179,9,false,
80261,M20 240180,97,false,
80264,M20 240184,45,false,
80267,M20 240191,45,false,
80268,M20 240189,97,false,
80271,M20 240190,262,false,
80273,M20 240195,1,false,
80277,M20 240202,1,false,
80278,M20 240203,3,false,
80279,M20 240204,1,false,
80285,M20 240205,1,false,
80286,M20 240212,2887,false,
80290,M20 240214,87,false,
80291,M20 240215,93,false,
80295,M20 240224,97,false,
80297,M20 240230,97,false,
80303,M20 240235,280,false,
80304,M20 240236,3683,false,
80308,M20 240238,45,false,
80309,22590,3,false,
80310,23483,,false,
80311,22574,5217,false,
80312,23098,,false,
80313,23200,,false,
80314,23139,,false,
80315,SMG-20-1133,97,false,
80316,SMG-20-1115,5218,false,
80317,SMG-20-1129,49,false,
80318,SMG-20-1121,57,false,
80319,SMG-20-1112,49,false,
80320,SMG-20-1138,65,false,
80321,SMG-20-1125,65,false,
81427,23578,,false,
81428,23600,,false,
81686,BA9952365,,false,
81687,BA9952016,,false,
81688,OX9931314,,false,
81689,OX9931487,,false,
81690,OX9931010,,false,
81691,PL0021451,,false,
81692,BA0102007,,false,
81693,BA0102953,,false,
81694,GL0101265,,false,
81695,GL0103881,,false,
81696,NO01020806,,false,
81697,ST01245146,,false,
81698,HC 12,,false,
81699,HC 28,,false,
81700,HC 1,,false,
81701,HC 2,,false,
81702,HVH 175,,false,
81703,HVH 179,,false,
81704,Donosti 4,,false,
81705,HCUV 1,,false,
81706,HR 3,,false,
81707,HVH 97,,false,
81708,HUMS 23,,false,
81709,HVH 44,,false,
81710,HR 6,,false,
81711,HR 8,,false,
81712,HVH 37,,false,
81713,HUSE 32,,false,
81714,HCUV 23,,false,
81715,HUMS 24,,false,
81716,HCUV 20,,false,
81717,HCUV 30,,false,
81718,HUSE 114,,false,
81719,HUMS 22,,false,
81720,HR 5,,false,
81721,HR 9,,false,
81722,G18002576,,false,
81723,G18002579,,false,
81724,G18002580,,false,
81725,G18002581,,false,
81726,G18002582,,false,
81727,G18002584,,false,
81728,G18002588,,false,
81729,G18002593,,false,
81730,G18002601,,false,
81731,G18002603,,false,
81732,G18002604,,false,
81733,G18002605,,false,
81734,G18002606,,false,
81735,G18002607,,false,
81736,G18002610,,false,
81737,G18002612,,false,
81738,G18002619,,false,
81739,G18002620,,false,
81740,G18002630,,false,
81741,G18002638,,false,
81742,G18002648,,false,
81743,G18002650,,false,
81744,G18002653,,false,
81745,G18002659,,false,
81746,G18002664,,false,
81747,G18002667,,false,
81748,G18002669,,false,
81749,G18002670,,false,
81750,G18002676,,false,
81751,G18002735,,false,
81752,G18002678,,false,
81753,G18002680,,false,
81754,G18002681,,false,
81755,G18002682,,false,
81756,G18002685,,false,
81757,G18002688,,false,
81758,G18002689,,false,
81759,G18002698,,false,
81760,G18002699,,false,
81761,G18002701,,false,
81762,G18002704,,false,
81763,G18002712,,false,
81764,G18002713,,false,
81765,G18002717,,false,
81766,G18002721,,false,
81767,G18002748,,false,
81768,G18002791,,false,
81769,G18002792,,false,
81770,G18002800,,false,
81771,G18002818,,false,
81772,G18002871,,false,
81776,SMG-20-1206,1,false,
81777,SMG-20-1208,150,false,
81778,SMG-20-1209,90,false,
81788,SMG-20-1218,93,false,
81789,SMG-20-1251,97,false,
81790,SMG-20-1263,211,false,
81791,IH167403,93,false,
81792,IH167404,49,false,
81793,IH167408,45,false,
81794,IH167406,45,false,
81795,IH167414,396,false,
81796,IH167413,45,false,
81797,IH167418,1059,false,
81798,IH167419,45,false,
81799,IH167421,45,false,
81800,IH167423,45,false,
81801,IH167426,45,false,
81802,IH167431,45,false,
81803,IH167432,396,false,
81804,IH167433,45,false,
81805,IH167436,45,false,
81806,IH167439,87,false,
81807,IH167437,45,false,
81808,IH167438,45,false,
81809,IH167442,396,false,
81810,IH167443,435,false,
81811,IH167447,260,false,
81828,IH166767,45,false,
81829,IH166769,45,false,
81830,IH166770,1060,false,
81831,IH166773,1061,false,
81832,IH166774,1062,false,
81833,IH166775,1063,false,
81834,IH166778,9,false,
81835,IH166779,396,false,
81836,IH166780,352,false,
81837,IH166782,49,false,
81838,IH166783,1059,false,
81839,107453,87,false,
81840,107459,460,false,
81841,107466,3,false,
81842,107470,45,false,
81843,107468,435,false,
81844,107474,1059,false,
81845,107475,141,false,
81846,107477,104,false,
81847,23207,,false,
81848,23250,,false,
81849,23367,,false,
81850,20-419,1,false,
81851,20-428,1,false,
81894,20-454,1,false,
81895,NM134,,false,
81896,SMG-20-1326,3,false,
81897,20153,24,false,
81898,11-251_2,1,false,
81899,12-208_2,,false,
81900,14-159_2,1,false,
81901,14-627_2,,false,
81902,15-123_2,,false,
81904,15-198_2,,false,
81905,15-215_2,1,false,
81907,16-7_2,,false,
81908,16-92_2,,false,
81909,16-306_2,1,false,
81910,16-579_2,,false,
81911,DE14602,45,false,
81920,09-037,16,false,
81921,09-020,16,false,
81922,98-003,16,false,
81923,11-001,16,false,
81924,98-093,16,false,
81925,09-013,16,false,
81926,98-001,16,false,
81927,98-095,16,false,
81928,98-025,16,false,
81929,09-019,16,false,
81930,98-118,16,false,
81931,13-067,16,false,
81932,98-135,16,false,
81933,12-029,16,false,
81934,98-145,16,false,
81935,09-012,16,false,
81936,08-046,16,false,
81937,08-054,16,false,
81938,98-064,16,false,
81939,11-003,16,false,
81940,98-094,16,false,
81941,11-014,16,false,
81942,98-128,16,false,
81943,98-124,16,false,
81944,98-116,16,false,
81945,98-109,16,false,
81946,98-112,16,false,
81947,09-028,16,false,
81948,09-010,16,false,
81949,98-023,16,false,
81950,09-024,16,false,
81951,13-094,16,false,
81952,12-026,16,false,
81953,12-016,16,false,
81954,98-021,16,false,
81955,09-036,16,false,
81956,11-005,16,false,
81957,12-030,16,false,
81958,98-117,16,false,
81959,98-133,16,false,
81960,98-131,16,false,
81961,13-21,16,false,
81962,98-091,16,false,
81963,12-013,16,false,
81964,16-80,16,false,
81965,16-81,16,false,
81966,11-069,16,false,
81967,11-071,16,false,
81968,16-39,16,false,
81969,13-22,16,false,
81970,13-43,16,false,
81971,13-12,16,false,
81972,13-99,16,false,
81973,16-25,16,false,
81974,16-82,16,false,
81975,13-108,16,false,
81976,14-30,16,false,
81977,14-16,16,false,
81978,16-68,16,false,
81979,13-118,16,false,
81980,13-47,16,false,
81981,13-41,16,false,
81982,13-96,16,false,
81983,13-95,16,false,
81984,16-48,16,false,
81985,13-18,16,false,
81986,13-115,16,false,
81987,13-113,16,false,
81988,14-26,16,false,
81989,13-51,16,false,
81990,16-43,16,false,
81991,13-116,16,false,
81992,17-19,16,false,
81993,16-37,16,false,
81994,13-071,16,false,
81995,17-20,16,false,
81996,16-90,16,false,
81997,16-79,16,false,
81998,16-16,16,false,
81999,17-45,16,false,
82000,16-61,16,false,
82001,12-036,16,false,
82002,98-076,16,false,
82003,98-081,16,false,
82004,98-086,16,false,
82005,13-34,16,false,
82006,14-29,16,false,
82007,13-092,16,false,
82008,14-35,16,false,
82009,17-12,16,false,
82010,17-13,16,false,
82011,16-36,16,false,
82012,17-27,16,false,
82013,16-50,16,false,
82014,17-23,16,false,
82015,16-83,16,false,
82016,17-29,16,false,
82017,16-91,16,false,
82018,17-16,16,false,
82019,16-92,16,false,
82020,17-64,16,false,
82021,17-31,16,false,
82022,17-32,16,false,
82023,DE14684,1747,false,
82024,MZ150/20,,false,
82025,MZ154/20,,false,
82026,DE14690,3482,false,
82027,SMG-20-1310,62,false,
82028,SMG-20-1314,1428,false,
82029,SMG-20-1316,857,false,
82030,SMG-20-1317,1,false,
82031,SMG-20-1319,1,false,
82032,SMG-20-1321,9,false,
82033,SMG-20-1329,87,false,
82034,DE14620,,false,
82035,DE14638,3451,false,
82036,DE14660,62,false,
82037,DE14665,62,false,
82038,DE14667,77,false,
82040,11-251_3,1,false,
82041,12-208_3,77,false,
82043,14-627_3,1,false,
82044,15-123_3,1,false,
82045,15-193_3,1,false,
82046,15-198_3,1,false,
82048,15-236_3,1,false,
82049,16-7_3,1,false,
82050,16-92_3,1,false,
82051,16-306_3,1,false,
82052,16-579_3,1,false,
82053,0023/10,3,false,
82054,0024/10,3,false,
82055,0044/10,608,false,
82056,0049/10,608,false,
82057,0064/10,3452,false,
82058,0065/10,3452,false,
82059,0066/10,68,false,
82060,0067/10,68,false,
82061,0068/10,687,false,
82062,0027/14,2076,false,
82063,0080/16,2,false,
82064,0013/17,1,false,
82065,0014/17,1,false,
82066,0033/17,1,false,
82067,0074/17,1,false,
82068,0061/18,1730,false,
82069,0062/18,1730,false,
82070,0042/19,68,false,
82071,0043/19,68,false,
82072,0061/19,3453,false,
82073,2182117,97,false,
82074,20154,24,false,
82075,20161,24,false,
82076,20167,24,false,
82077,23348,,false,
82213,EXNM779,1,false,
82218,14-159_3,1,false,
82219,NEIS-15-123,1,false,
82220,15-193_2,1,false,
82221,15-215_3,1,false,
82222,15-236_2,,false,
82224,NEIS-16-7,1,false,
82228,EXNM672,1535,false,
82229,38131,2375,false,
82230,37867,16,false,
82231,37868,16,false,
82232,38129,22,false,
82233,38130,16,false,
82234,38132,850,false,
82235,GCGS0278,16,false,
82236,GCGS0385,16,false,
82237,GCGS0388,16,false,
82238,GCGS0410,16,false,
82239,GCGS0411,16,false,
82240,GCGS0413,16,false,
82241,GCGS0414,16,false,
82242,GCGS0415,16,false,
82243,GCGS0444,3454,false,
82244,GCGS0475,16,false,
82245,GCGS0480,16,false,
82246,GCGS0490,16,false,
82247,GCGS0491,16,false,
82248,GCGS0499,16,false,
82249,GCGS0506,16,false,
82250,GCGS0507,16,false,
82251,GCGS0508,16,false,
82252,GCGS0588,16,false,
82253,GCGS0589,16,false,
82254,GCGS0597,16,false,
82255,GCGS0606,16,false,
82256,GCGS0625,16,false,
82257,GCGS0626,16,false,
82258,GCGS0627,16,false,
82259,GCGS0628,16,false,
82260,GCGS0629,16,false,
82261,GCGS0631,16,false,
82262,GCGS0650,16,false,
82263,GCGS0664,16,false,
82264,GCGS0673,16,false,
82265,GCGS0683,16,false,
82266,GCGS0684,16,false,
82267,GCGS0686,16,false,
82268,GCGS0689,16,false,
82269,GCGS0710,16,false,
82270,GCGS0711,16,false,
82271,GCGS0773,16,false,
82272,GCGS0774,16,false,
82273,GCGS0775,16,false,
82274,GCGS0781,16,false,
82275,GCGS0783,16,false,
82276,GCGS0796,16,false,
82277,GCGS0797,16,false,
82278,N.42-20,,false,
82279,SMG-20-1389,3455,false,
82280,20-475,,false,
82281,GCGS0798,16,false,
82282,GCGS0799,16,false,
82283,GCGS0840,16,false,
82284,GCGS0854,16,false,
82285,GCGS0869,16,false,
82286,GCGS0886,16,false,
82287,GCGS0896,16,false,
82288,GCGS0899,16,false,
82289,GCGS0900,16,false,
82290,GCGS0902,16,false,
82291,GCGS0904,16,false,
82292,GCGS0909,16,false,
82293,GCGS0913,16,false,
82294,GCGS0949,16,false,
82295,GCGS0950,16,false,
82296,GCGS0951,16,false,
82297,GCGS0957,16,false,
82298,GCGS0963,16,false,
82299,GCGS0965,16,false,
82300,GCGS0974,16,false,
82301,GCGS0975,16,false,
82302,GCGS0978,16,false,
82303,GCGS0992,16,false,
82304,GCGS0994,16,false,
82305,GCGS0995,842,false,
82306,GCGS1002,16,false,
82307,GCGS1003,16,false,
82308,GCGS1004,16,false,
82309,GCGS1012,16,false,
82310,GCGS1094,16,false,
82311,GCGS1098,16,false,
82312,GCGS1100,16,false,
82313,GCGS1101,16,false,
82314,GCGS1104,16,false,
82315,GCGS0919,16,false,
82316,AUSMDU00005522,3456,false,
82317,AUSMDU00005523,678,false,
82318,AUSMDU00005524,18,false,
82319,AUSMDU00005525,18,false,
82320,AUSMDU00005526,367,false,
82321,AUSMDU00005527,367,false,
82322,AUSMDU00005528,367,false,
82323,AUSMDU00005529,367,false,
82324,AUSMDU00005530,367,false,
82325,AUSMDU00005531,367,false,
82326,AUSMDU00005532,367,false,
82327,AUSMDU00005533,18,false,
82328,AUSMDU00005534,18,false,
82329,AUSMDU00005535,18,false,
82330,AUSMDU00005536,18,false,
82331,AUSMDU00005537,21,false,
82332,AUSMDU00005538,21,false,
82333,AUSMDU00005539,21,false,
82334,AUSMDU00005540,21,false,
82335,AUSMDU00005541,21,false,
82336,AUSMDU00005542,21,false,
82337,AUSMDU00005543,21,false,
82338,AUSMDU00005544,21,false,
82339,AUSMDU00005545,21,false,
82340,AUSMDU00005546,18,false,
82341,AUSMDU00005547,18,false,
82342,AUSMDU00005548,18,false,
82343,AUSMDU00005549,18,false,
82344,AUSMDU00005550,21,false,
82345,AUSMDU00005551,21,false,
82346,AUSMDU00005552,367,false,
82347,AUSMDU00005553,367,false,
82348,AUSMDU00005554,367,false,
82349,AUSMDU00005555,18,false,
82350,AUSMDU00005556,18,false,
82351,AUSMDU00005557,1006,false,
82352,AUSMDU00005558,1006,false,
82353,AUSMDU00005559,16,false,
82354,AUSMDU00005560,16,false,
82355,AUSMDU00005561,1598,false,
82356,AUSMDU00005562,1598,false,
82357,AUSMDU00005563,1598,false,
82358,AUSMDU00005564,1598,false,
82359,AUSMDU00005565,367,false,
82360,AUSMDU00005566,367,false,
82361,AUSMDU00005567,367,false,
82362,AUSMDU00005568,1006,false,
82363,AUSMDU00005569,1006,false,
82364,AUSMDU00005570,16,false,
82365,AUSMDU00005571,16,false,
82366,AUSMDU00005572,18,false,
82367,AUSMDU00005573,18,false,
82368,AUSMDU00005574,369,false,
82369,AUSMDU00005575,369,false,
82370,AUSMDU00005576,369,false,
82371,AUSMDU00005577,18,false,
82372,AUSMDU00005578,18,false,
82373,AUSMDU00005579,21,false,
82374,AUSMDU00005580,21,false,
82375,AUSMDU00005581,21,false,
82376,AUSMDU00005582,21,false,
82377,AUSMDU00005583,21,false,
82378,AUSMDU00005584,21,false,
82379,AUSMDU00005585,16,false,
82380,AUSMDU00005586,16,false,
82381,AUSMDU00005587,16,false,
82382,AUSMDU00005588,16,false,
82383,AUSMDU00005589,16,false,
82384,AUSMDU00005590,16,false,
82385,AUSMDU00005591,16,false,
82386,AUSMDU00005592,16,false,
82387,AUSMDU00005593,16,false,
82388,AUSMDU00005594,23,false,
82389,AUSMDU00005595,23,false,
82390,AUSMDU00005596,23,false,
82391,AUSMDU00005597,18,false,
82392,AUSMDU00005598,18,false,
82393,AUSMDU00005599,18,false,
82394,AUSMDU00005600,18,false,
82395,AUSMDU00005601,3457,false,
82396,AUSMDU00005602,3457,false,
82397,AUSMDU00005603,18,false,
82398,AUSMDU00005604,18,false,
82399,AUSMDU00005605,18,false,
82400,AUSMDU00005606,18,false,
82401,AUSMDU00005607,1006,false,
82402,AUSMDU00005608,1006,false,
82403,AUSMDU00005609,1006,false,
82404,AUSMDU00005610,1006,false,
82405,AUSMDU00005611,1006,false,
82406,AUSMDU00005612,1006,false,
82407,AUSMDU00005613,1006,false,
82408,AUSMDU00005614,16,false,
82409,AUSMDU00005615,16,false,
82411,LNP31663,1451,false,
82412,N.29-17,,false,
82413,19049,2256,false,
82414,M2001 043,3458,false,
82415,20151,2256,false,
82416,20158,24,false,
82417,20150,62,false,
82418,20152,24,false,
82419,20155,24,false,
82420,20156,24,false,
82421,20157,24,false,
82422,20162,24,false,
82423,20163,24,false,
82424,20164,24,false,
82425,20165,24,false,
82426,20166,24,false,
82427,20168,24,false,
82428,114780,62,false,
82429,20GB001134,,false,
82430,20149,24,false,
82431,Nmen176,87,false,
82432,Nmen177,150,false,
82433,Nmen178,1,false,
82434,Nmen179,87,false,
82435,Nmen180,150,false,
82436,Nmen181,1,false,
82437,Nmen182,1,false,
82438,Nmen183,49,false,
82439,Nmen184,2,false,
82440,Nmen185,3459,false,
82441,Nmen186,45,false,
82442,Nmen187,3460,false,
82443,Nmen188,93,false,
82444,Nmen189,1,false,
82445,Nmen190,3,false,
82446,Nmen191,62,false,
82447,Nmen192,57,false,
82448,Nmen193,3460,false,
82449,Nmen194,1,false,
82450,Nmen195,1,false,
82451,Nmen196,150,false,
82452,Nmen197,1,false,
82453,Nmen198,67,false,
82454,Nmen199,348,false,
82455,Nmen200,87,false,
82456,Nmen201,87,false,
82457,Nmen202,87,false,
82458,Nmen203,93,false,
82459,Nmen204,1,false,
82460,Nmen205,1862,false,
82461,Nmen206,87,false,
82462,Nmen207,87,false,
82463,Nmen208,150,false,
82464,Nmen209,87,false,
82465,Nmen211,1,false,
82466,Nmen212,1,false,
82467,Nmen213,87,false,
82468,Nmen214,62,false,
82469,Nmen215,1,false,
82470,Nmen216,3,false,
82471,Nmen217,150,false,
82472,Nmen218,87,false,
82473,Nmen219,3,false,
82474,Nmen220,1,false,
82475,Nmen221,87,false,
82476,Nmen222,68,false,
82477,Nmen223,87,false,
82478,Nmen224,257,false,
82479,Nmen225,87,false,
82480,Nmen226,2,false,
82481,Nmen227,1,false,
82482,Nmen228,1,false,
82483,Nmen229,1,false,
82484,Nmen230,87,false,
82485,Nmen231,87,false,
82486,Nmen232,257,false,
82487,Nmen233,87,false,
82488,Nmen234,87,false,
82489,Nmen235,65,false,
82490,Nmen236,9,false,
82491,Nmen237,1,false,
82492,Nmen238,262,false,
82493,Nmen239,1,false,
82494,Nmen240,3461,false,
82495,Nmen241,67,false,
82496,Nmen242,3,false,
82497,Nmen243,87,false,
82498,Nmen244,1,false,
82499,Nmen245,2359,false,
82500,Nmen246,77,false,
82501,Nmen247,2359,false,
82502,Nmen249,45,false,
82503,Nmen250,1521,false,
82504,Nmen251,67,false,
82505,Nmen252,87,false,
82506,Nmen253,3,false,
82507,Nmen254,993,false,
82508,Nmen255,150,false,
82509,Nmen256,3462,false,
82510,Nmen257,93,false,
82512,Nmen259,87,false,
82513,Nmen260,67,false,
82514,Nmen261,141,false,
82515,Nmen262,2,false,
82516,Nmen263,2359,false,
82517,Nmen264,87,false,
82518,Nmen266,292,false,
82519,Nmen267,77,false,
82520,Nmen268,1,false,
82521,Nmen269,262,false,
82522,Nmen270,87,false,
82523,Nmen271,87,false,
82524,Nmen272,87,false,
82525,Nmen273,3,false,
82526,Nmen274,1,false,
82527,Nmen275,3483,false,
82528,Nmen276,87,false,
82529,Nmen277,39,false,
82530,Nmen278,2,false,
82531,Nmen279,67,false,
82532,Nmen280,87,false,
82533,Nmen281,49,false,
82534,Nmen282,87,false,
82535,Nmen283,150,false,
82536,Nmen284,39,false,
82537,Nmen285,93,false,
82538,Nmen286,257,false,
82539,P206414321C,5600,false,
82540,IH167449,435,false,
82541,IH167453,45,false,
82542,IH167454,9,false,
82543,IH167455,3463,false,
82544,IH167457,45,false,
82545,IH167458,45,false,
82546,IH167461,45,false,
82547,IH167463,3464,false,
82548,IH167465,,false,
82549,IH167472,437,false,
82550,IH167473,45,false,
82551,IH167478,45,false,
82552,IH167479,47,false,
82553,IH167481,87,false,
82554,IH167484,310,false,
82555,IH167485,3465,false,
82556,006,3466,false,
82557,NGRL_181798,,false,
82558,NGRL_196712,378,false,
82559,NGRL_178487,378,false,
82560,NGRL_193852,378,false,
82561,NGRL_199856,18,false,
82562,NGRL_191587,1006,false,
82563,NGRL_67818,16,false,
82564,NGRL_420132,18,false,
82565,NGRL_71324,16,false,
82566,016,16,false,
82567,035,16,false,
82568,NGRL_286088,16,false,
82569,NGRL_76972,18,false,
82570,NGRL_176561,18,false,
82571,NGRL_501373,1006,false,
82572,024,16,false,
82573,009,16,false,
82574,NGRL_194698,367,false,
82575,NGRL_191262,16,false,
82576,NGRL_422671,16,false,
82577,NGRL_179501,378,false,
82578,NGRL_422102,16,false,
82579,NGRL_81513,16,false,
82580,NGRL_178526,18,false,
82581,NGRL_68931,16,false,
82582,NGRL_425204,841,false,
82583,NGRL_193058,373,false,
82584,NGRL_197747,1122,false,
82585,NGRL_425657,367,false,
82586,NGRL_177574,18,false,
82587,NGRL_168628,3353,false,
82588,NGRL_422322,18,false,
82589,008,657,false,
82590,NGRL_166587,16,false,
82591,NGRL_180505,18,false,
82592,NGRL_178575,18,false,
82593,NGRL_41277,3353,false,
82594,NGRL_179411,18,false,
82595,039,367,false,
82596,NGRL_82432,1006,false,
82597,NGRL_86606,3353,false,
82602,29360,18,false,
82603,30014,16,false,
82604,30198,21,false,
82606,30382,625,false,
82607,30616,18,false,
82610,37456,16,false,
82611,33387,16,false,
82612,EXNM702,,false,
82613,ExNm703,,false,
82614,ExNm704,207,false,
82615,ExNm705,,false,
82616,ExNm706,,false,
82617,ExNm708,,false,
82618,ExNm709,,false,
82619,ExNm711,,false,
82620,ExNm712,,false,
82621,ExNm713,,false,
82622,ExNm714,5,false,
82623,ExNm715,,false,
82624,ExNm716,,false,
82625,ExNm717,,false,
82626,ExNm719,,false,
82627,ExNm720,1411,false,
82628,ExNm723,49,false,
82629,ExNm725,,false,
82630,ExNm726,,false,
82631,ExNm727,,false,
82633,2020-041,,false,
82634,2020-043,,false,
82635,2020-052,,false,
82636,58785,,false,
82653,N.50/18,1,false,
82663,N.27/18,49,false,
82665,N.28/18,1,false,
82667,N.32/18,1,false,
82672,N.42/18,1,false,
82694,N.279/18,1,false,
82702,N.85/18,1,false,
82704,N.84/18,1,false,
82707,N.88/18,68,false,
82710,N.108/18,1,false,
82718,N.107/18,1,false,
82725,N.123/18,1,false,
82733,N.124/18,1,false,
82734,N.131/18,1,false,
82736,N.126/18,1,false,
82740,N.141/18,1,false,
82745,N.195/18,1,false,
82746,N.142/18,1,false,
82759,N.163/18,1,false,
82769,N.190/18,1,false,
82771,N.176/18,1,false,
82782,N.179/18,1,false,
82783,N.200/18,1,false,
82786,N.222/18,571,false,
82788,N.211/18,1,false,
82792,N.224/18,1,false,
82796,N.215/18,,false,
82800,N.263/18,1,false,
82808,N.208/18,1,false,
82817,N.245/18,1,false,
82819,N.232/18,1,false,
82824,N.251/18,1,false,
82829,N.259/18,1,false,
82832,N.252/18,1,false,
82838,N.274/18,1,false,
82857,N.7/19,1,false,
82866,N.26/19,,false,
82867,N.28/19,1,false,
82877,N.17/19,1,false,
82882,N.34/19,68,false,
82892,N.49/19,1,false,
82893,N.43/19,1,false,
82894,N.48/19,1,false,
82901,N.63/19,1,false,
82904,N.72/19,77,false,
82913,N.69/19,1,false,
82917,N.71/19,1,false,
82918,N.99/19,1,false,
82952,N.117/19,1,false,
82964,N.159/19,1,false,
82966,N.161/19,1,false,
82972,N.171/19,1,false,
82973,N.166/19,77,false,
82981,N.185/19,1,false,
82991,N.191/19,1,false,
82998,N.178/19,77,false,
83059,DE14692,565,false,
83060,DE14694,64,false,
83061,DE14695,87,false,
83062,DE14696,57,false,
83063,DE14697,,false,
83064,MZ168/20,,false,
83065,DE14698,569,false,
83066,Nei0341,4609,false,
83067,24009,499,false,
83068,24028,499,false,
83069,24048,138,false,
83070,24055,2025,false,
83071,24061,138,false,
83072,24082,1446,false,
83073,24140,738,false,
83074,24154,138,false,
83075,24195,2026,false,
83076,24315,138,false,
83077,24339,1446,false,
83078,24341,138,false,
83079,24347,2027,false,
83080,24348,138,false,
83081,24354,138,false,
83082,24355,3467,false,
83083,24357,138,false,
83084,24360,138,false,
83085,24361,138,false,
83086,24396,138,false,
83087,24411,138,false,
83088,24417,138,false,
83089,24422,138,false,
83090,24424,138,false,
83091,24429,138,false,
83092,24437,138,false,
83093,24441,138,false,
83094,24442,138,false,
83095,24444,138,false,
83096,24449,138,false,
83097,24466,138,false,
83098,24470,138,false,
83099,24484,138,false,
83100,24490,138,false,
83101,24493,138,false,
83102,24494,138,false,
83103,24536,138,false,
83104,24565,138,false,
83105,24568,138,false,
83106,24602,138,false,
83107,24612,138,false,
83108,24615,2028,false,
83109,24617,138,false,
83110,24621,138,false,
83111,24631,138,false,
83112,24637,2029,false,
83113,24641,138,false,
83114,24647,138,false,
83115,24649,33,false,
83116,24654,138,false,
83117,24671,138,false,
83118,24677,138,false,
83119,24683,138,false,
83120,24698,138,false,
83121,24727,138,false,
83122,24729,138,false,
83123,24756,1446,false,
83124,24761,138,false,
83125,24764,138,false,
83126,24767,138,false,
83127,24769,138,false,
83128,24773,138,false,
83129,24774,1446,false,
83130,24775,138,false,
83131,24800,138,false,
83132,24820,138,false,
83133,24826,1964,false,
83134,24828,1968,false,
83135,24829,1446,false,
83136,24832,138,false,
83137,24833,138,false,
83138,24876,138,false,
83139,24877,138,false,
83140,24881,138,false,
83141,24883,138,false,
83142,24891,138,false,
83143,24893,138,false,
83144,24897,138,false,
83145,24904,138,false,
83146,24959,138,false,
83147,24969,138,false,
83148,24974,138,false,
83149,24980,138,false,
83150,25003,1964,false,
83151,25018,138,false,
83152,25023,138,false,
83153,25027,138,false,
83154,25046,138,false,
83155,25049,138,false,
83156,25055,138,false,
83157,25069,138,false,
83158,25083,138,false,
83159,25085,,false,
83160,25120,138,false,
83161,25131,138,false,
83162,25148,138,false,
83163,25154,138,false,
83164,25173,3468,false,
83165,25283,138,false,
83166,25285,3469,false,
83167,25286,138,false,
83168,25298,138,false,
83169,25314,3470,false,
83170,25316,33,false,
83171,25318,138,false,
83172,25319,138,false,
83173,25320,138,false,
83174,25347,138,false,
83175,25356,138,false,
83176,25382,138,false,
83177,25384,1446,false,
83178,25414,138,false,
83179,25446,80,false,
83180,25451,138,false,
83181,25453,138,false,
83182,25459,138,false,
83183,25494,138,false,
83184,25498,138,false,
83185,25499,138,false,
83186,25528,138,false,
83187,25534,138,false,
83188,25561,138,false,
83189,25563,138,false,
83190,25602,138,false,
83191,25607,138,false,
83192,25610,138,false,
83193,25619,138,false,
83194,25622,138,false,
83195,25629,138,false,
83196,25631,138,false,
83197,25641,138,false,
83198,25644,138,false,
83199,25645,138,false,
83200,25647,138,false,
83201,25650,138,false,
83202,25656,138,false,
83203,25658,138,false,
83204,25659,1446,false,
83205,25697,138,false,
83206,25700,138,false,
83207,25701,138,false,
83208,25704,138,false,
83209,25736,138,false,
83210,KL22655,1,false,
83211,KL22681,1,false,
83212,KL22686,1474,false,
83213,KL22694,1965,false,
83214,KL22710,1,false,
83215,KL22758,1,false,
83216,KL23335,1,false,
83217,KL23593,1446,false,
83218,KL23676,1,false,
83219,M40445,1,false,
83220,M40448,1,false,
83221,M40449,1,false,
83222,M40451,1,false,
83223,M40452,1,false,
83224,M40455,1,false,
83225,M40456,1,false,
83226,M40457,1,false,
83227,M40460,1,false,
83228,M40462,138,false,
83229,M40464,738,false,
83230,M40465,738,false,
83231,M40466,738,false,
83232,M40467,1,false,
83233,M40468,1,false,
83234,M40469,1,false,
83235,M40470,1,false,
83236,M40471,1,false,
83237,M40472,1,false,
83238,M40473,1,false,
83239,M40474,1,false,
83240,M40475,1,false,
83241,M40476,1,false,
83242,M40477,1,false,
83243,M40478,1,false,
83244,M40479,1,false,
83245,M40480,1,false,
83246,M40481,1,false,
83247,M40482,1,false,
83248,M40483,1,false,
83249,M40484,1,false,
83250,M40485,1,false,
83251,M40486,1,false,
83252,M40487,1,false,
83253,M40488,1,false,
83254,M40489,1,false,
83255,M40491,1,false,
83256,M40492,1,false,
83257,M40493,1,false,
83258,M40494,1,false,
83259,M40495,1,false,
83260,M40497,1,false,
83261,M40498,1,false,
83262,M40499,1,false,
83263,M40502,1,false,
83264,M40503,3471,false,
83265,M40504,1,false,
83266,M40505,138,false,
83267,M40506,138,false,
83268,M40507,3471,false,
83269,M40508,1,false,
83270,M40509,138,false,
83271,M40513,1,false,
83272,M40514,738,false,
83273,M40515,1,false,
83274,M40520,1,false,
83275,M40522,1,false,
83276,M40525,1307,false,
83277,M40526,1,false,
83278,M40542,1,false,
83279,M40544,138,false,
83280,M40545,138,false,
83281,M40549,138,false,
83282,M40552,3472,false,
83283,M40554,1,false,
83284,M42045,138,false,
83285,M42047,138,false,
83286,M42049,1,false,
83287,M42050,1,false,
83288,M42051,138,false,
83289,M42052,33,false,
83290,M42053,1,false,
83291,M42054,1,false,
83292,M42055,1,false,
83293,M42056,1,false,
83294,M42059,138,false,
83295,M42060,138,false,
83296,M42061,138,false,
83297,M42062,138,false,
83298,M42063,1,false,
83299,M42065,1,false,
83300,M42066,138,false,
83301,M42067,1,false,
83302,M42070,1,false,
83303,M42071,1,false,
83304,M42073,1,false,
83305,M42074,1,false,
83306,M42076,138,false,
83307,M42077,138,false,
83308,M42078,138,false,
83309,M42079,1,false,
83310,M42080,138,false,
83311,M42082,738,false,
83312,M42086,138,false,
83313,M42087,138,false,
83314,M42091,138,false,
83315,M42095,138,false,
83316,M42097,33,false,
83317,M43306,138,false,
83318,M43307,138,false,
83319,M43308,138,false,
83320,M43309,738,false,
83321,M43310,138,false,
83322,M43311,138,false,
83323,M43312,138,false,
83324,M43313,138,false,
83325,M43314,138,false,
83326,M43315,138,false,
83327,M43316,138,false,
83328,M43317,138,false,
83329,M43318,138,false,
83330,M43319,138,false,
83331,M43320,138,false,
83332,M43321,138,false,
83333,M43322,138,false,
83334,M43323,138,false,
83335,M43324,138,false,
83336,M43325,138,false,
83337,M43326,138,false,
83338,M43327,738,false,
83339,M43328,738,false,
83340,M43329,738,false,
83341,M43330,1,false,
83342,M43331,738,false,
83343,M43332,738,false,
83344,M43333,138,false,
83345,M43334,138,false,
83346,M43335,738,false,
83347,M43336,138,false,
83348,M43337,138,false,
83349,M43338,138,false,
83350,M43339,138,false,
83351,M43340,1,false,
83352,M43341,738,false,
83353,M43342,138,false,
83354,M43343,138,false,
83355,M43344,138,false,
83356,M43345,138,false,
83357,M43346,138,false,
83358,M43347,138,false,
83359,M43348,138,false,
83360,M43349,138,false,
83361,M43350,138,false,
83362,M43351,138,false,
83363,M43352,138,false,
83364,M43353,138,false,
83365,M43354,138,false,
83366,M43355,138,false,
83367,M43356,138,false,
83368,M43357,138,false,
83369,M43358,138,false,
83370,M43359,138,false,
83371,M43360,138,false,
83372,M43361,138,false,
83373,M43362,138,false,
83374,M43363,138,false,
83375,M43364,138,false,
83376,M43365,138,false,
83377,M43366,138,false,
83378,M43367,138,false,
83379,M43368,138,false,
83380,M43369,138,false,
83381,M43370,138,false,
83382,M43371,138,false,
83383,M43372,138,false,
83384,M43373,138,false,
83385,M43374,138,false,
83386,M43375,138,false,
83387,M43376,138,false,
83388,M43377,138,false,
83389,M43378,138,false,
83390,M43379,138,false,
83391,M43380,138,false,
83392,M43381,138,false,
83393,M43382,138,false,
83394,M43383,138,false,
83395,M43384,138,false,
83396,M43385,138,false,
83397,M43386,138,false,
83398,M43387,138,false,
83399,M43388,138,false,
83400,M43389,138,false,
83401,M43390,138,false,
83402,M43391,138,false,
83403,M43392,138,false,
83404,M43393,138,false,
83405,M43394,138,false,
83406,M43395,138,false,
83407,M43396,138,false,
83408,M43397,138,false,
83409,M43398,138,false,
83410,M43399,138,false,
83411,M43400,138,false,
83412,M43401,138,false,
83413,M43402,138,false,
83414,M43403,138,false,
83415,M43404,138,false,
83416,M43405,138,false,
83417,M43406,138,false,
83418,M43407,138,false,
83419,M43408,138,false,
83420,M43409,738,false,
83421,M43410,738,false,
83422,M43411,738,false,
83423,M43412,738,false,
83424,M43413,138,false,
83425,M43414,138,false,
83426,M43415,138,false,
83427,M43416,138,false,
83428,M43417,138,false,
83429,M43418,138,false,
83430,M43419,1,false,
83431,M43420,138,false,
83432,M43421,138,false,
83433,M43422,138,false,
83434,M43423,738,false,
83435,M43424,738,false,
83436,M43425,138,false,
83437,M43426,138,false,
83438,M43427,138,false,
83439,M43428,138,false,
83440,M43429,138,false,
83441,M43430,138,false,
83442,M43431,138,false,
83443,M43432,138,false,
83444,M43433,138,false,
83445,M43434,138,false,
83446,M43435,138,false,
83447,M43436,738,false,
83448,M43437,138,false,
83449,M43438,138,false,
83450,M43439,138,false,
83451,M43440,138,false,
83452,M43441,138,false,
83453,M43442,138,false,
83454,M43443,138,false,
83455,M43444,138,false,
83456,M43445,138,false,
83457,M43446,1,false,
83458,M43447,138,false,
83459,M43448,138,false,
83460,M43449,138,false,
83461,M43450,738,false,
83462,M43451,138,false,
83463,M43452,738,false,
83464,M43453,738,false,
83465,M43454,738,false,
83466,M43455,138,false,
83467,M43456,138,false,
83468,M43457,138,false,
83469,M43458,138,false,
83470,M43459,138,false,
83471,M43460,138,false,
83472,M43461,138,false,
83473,M43462,138,false,
83474,M43463,138,false,
83475,M43465,1,false,
83476,M43466,138,false,
83477,M43467,738,false,
83478,M43468,738,false,
83479,M43469,138,false,
83480,M43470,738,false,
83481,M43471,138,false,
83482,M43472,138,false,
83483,M43473,138,false,
83484,M43474,138,false,
83485,M43475,138,false,
83486,M43476,738,false,
83487,M43477,738,false,
83488,M43478,138,false,
83489,M43479,138,false,
83490,M43480,138,false,
83491,M43482,138,false,
83492,M43483,138,false,
83493,M43484,138,false,
83494,M43485,138,false,
83495,M43486,138,false,
83496,M43487,138,false,
83497,M43488,138,false,
83498,M43489,138,false,
83499,M43490,138,false,
83500,M43491,138,false,
83501,M43492,138,false,
83502,M43493,738,false,
83503,M43494,738,false,
83504,M43495,138,false,
83505,M43496,138,false,
83506,M43497,138,false,
83507,M43498,738,false,
83508,M43499,738,false,
83509,M43500,138,false,
83510,M43501,738,false,
83511,M43502,138,false,
83512,M43503,738,false,
83513,M43504,138,false,
83514,M43505,738,false,
83515,M43506,138,false,
83516,M43507,138,false,
83517,M43508,138,false,
83518,M43509,138,false,
83519,M43510,138,false,
83520,M43511,138,false,
83521,M43512,138,false,
83522,M43513,138,false,
83523,M43514,138,false,
83524,M43515,138,false,
83525,M43516,138,false,
83526,M43517,138,false,
83527,M43518,138,false,
83528,M43519,138,false,
83529,M43520,138,false,
83530,M43521,138,false,
83531,M43522,138,false,
83532,M43523,138,false,
83533,M43524,138,false,
83534,M43525,138,false,
83535,M43526,138,false,
83536,M43527,138,false,
83537,M43528,138,false,
83538,M43529,138,false,
83539,M43530,738,false,
83540,M43531,138,false,
83541,M43532,138,false,
83542,M43533,138,false,
83543,M43534,138,false,
83544,M43535,738,false,
83545,M43536,138,false,
83546,M43537,138,false,
83547,M43538,138,false,
83548,M43539,138,false,
83549,M43540,138,false,
83550,M43541,138,false,
83551,M43542,138,false,
83552,M43543,138,false,
83553,M43544,138,false,
83554,M43545,138,false,
83555,M43546,138,false,
83556,M43547,138,false,
83557,M43548,138,false,
83558,M43549,138,false,
83559,M43550,138,false,
83560,M43551,138,false,
83561,M43552,138,false,
83562,M43553,138,false,
83563,M43554,1,false,
83564,M43555,138,false,
83565,M43556,138,false,
83566,M43557,138,false,
83567,M43558,138,false,
83568,M43559,138,false,
83569,M43560,138,false,
83570,M43561,138,false,
83571,M43562,138,false,
83572,M43563,138,false,
83573,M43564,138,false,
83574,M43565,138,false,
83575,M43566,138,false,
83576,M43567,138,false,
83577,M43568,138,false,
83578,M43569,138,false,
83579,M43570,138,false,
83580,M43571,138,false,
83581,M43572,138,false,
83582,M43573,138,false,
83583,M43574,138,false,
83584,M43575,138,false,
83585,M43576,138,false,
83586,M43577,138,false,
83587,M43578,138,false,
83588,M43579,138,false,
83589,M43580,138,false,
83590,M43581,138,false,
83591,M43582,138,false,
83592,M43583,138,false,
83593,M43584,138,false,
83594,M43585,138,false,
83595,M43586,138,false,
83596,M43587,138,false,
83597,M43588,138,false,
83598,M43589,138,false,
83599,M43590,138,false,
83600,M43591,138,false,
83601,M43592,138,false,
83602,M45629,138,false,
83603,M45630,138,false,
83604,M45631,138,false,
83605,M45632,138,false,
83606,M45633,138,false,
83607,M45634,138,false,
83608,M45635,1,false,
83609,M45636,138,false,
83610,M45637,138,false,
83611,M45638,138,false,
83612,M45639,138,false,
83613,M45640,138,false,
83614,M45641,138,false,
83615,M45642,138,false,
83616,M45643,138,false,
83617,M45644,138,false,
83618,M45645,138,false,
83619,M45646,138,false,
83620,M45647,138,false,
83621,M45648,138,false,
83622,M45649,138,false,
83623,M45650,138,false,
83624,M45651,33,false,
83625,M45652,138,false,
83626,M45653,138,false,
83627,M45654,138,false,
83628,M45655,138,false,
83629,M45656,138,false,
83630,M45657,138,false,
83631,M45658,138,false,
83632,M45659,138,false,
83633,M45660,138,false,
83634,M45661,138,false,
83637,MSP084,,false,
83638,M47221,4443,false,
83639,M47478,,false,
83640,M47484,259,false,
83641,M47712,,false,
83642,M47804,77,false,
83643,M47832,4444,false,
83644,M47893,45,false,
83645,M47895,,false,
83646,M47899,77,false,
83647,M48310,,false,
83648,M48318,,false,
83649,2020,,false,
83650,2202,,false,
83651,20181204,,false,
83652,20182034,,false,
83653,20182141,,false,
83654,20181064,,false,
83655,20180228,,false,
83666,M44900,120,false,
83667,SMG-18-2007,45,false,
83668,20237,,false,
83669,22461,,false,
83678,AG1-183,49,false,
83679,KL1-136,138,false,
83680,KL1-138,138,false,
83681,KL1-139,138,false,
83682,KL1-161,,false,
83683,KL1-189,259,false,
83684,KL1-118,1396,false,
83685,KL1-108,259,false,
83686,KL1-217,138,false,
83687,KL2-082,33,false,
83688,C1 0144,97,false,
83689,C1 0370,2179,false,
83690,C1 0567,62,false,
83691,W10673,62,false,
83693,C20695,259,false,
83694,C20861,259,false,
83695,W20906,24,false,
83697,20188901,,false,
83698,AR06000,1107,false,
83710,Mcbar-16,262,false,
83711,Mcbar-21,141,false,
83712,Mcbar-61,65,false,
83713,Mcbar-82,45,false,
83714,Mcbar-91,2288,false,
83715,Mcbar-104,2289,false,
83716,Mcbar-108,1482,false,
83717,Mcbar-113,95,false,
83718,Mcbar-119,57,false,
83719,Mcbar-122,65,false,
83720,Mcbar-130,259,false,
83721,Mcbar-131,259,false,
83722,Mcbar-158,62,false,
83723,Mcbar-175,2290,false,
83724,Mcbar-178,1790,false,
83725,Mcbar-200,345,false,
83726,Mcbar-234,62,false,
83727,Mcbar-244,3,false,
83728,Mcbar-249,3,false,
83729,Mcbar-276,259,false,
83730,Mcbar-280,62,false,
83731,Mcbar-330,262,false,
83732,Mcbar-367,67,false,
83733,Mcbar-369,348,false,
83734,Mcbar-390,95,false,
83735,Mcbar-396,2291,false,
83736,Mcbar-406,902,false,
83737,Mcbar-407,97,false,
83738,Mcbar-419,65,false,
83739,Mcbar-421,65,false,
83740,Mcbar-427,1166,false,
83741,Mcbar-456,65,false,
83742,Mcbar-457,259,false,
83743,Mcbar-459,262,false,
83744,Mcbar-462,62,false,
83745,Mcbar-466,49,false,
83746,Mcbar-474,348,false,
83747,Mcbar-476,24,false,
83748,Mcbar-489,87,false,
83749,Mcbar-490,1166,false,
83750,Mcbar-513,62,false,
83751,Mcbar-514,45,false,
83752,Mcbar-516,65,false,
83753,Mcbar-531,65,false,
83754,Mcbar-536,62,false,
83755,MCbar-549,49,false,
83756,MCbar-551,24,false,
83757,MCbar-554,65,false,
83758,MCbar-586,97,false,
83759,MCbar-618,62,false,
83760,MCbar-621,,false,
83761,MCbar-622,3,false,
83762,MCbar-634,62,false,
83763,MCbar-640,3,false,
83764,MCbar-643,97,false,
83765,MCbar-644,4772,false,
83766,MCbar-646,2292,false,
83767,MCbar-663,1166,false,
83768,MCbar-664,3,false,
83769,MCbar-671,77,false,
83770,MCbar-674,65,false,
83771,MCbar-697,49,false,
83772,MCbar-735,407,false,
83773,MCbar-778,1482,false,
83774,MCbar-791,57,false,
83775,MCbar-831,65,false,
83776,MCbar-865,62,false,
83777,MCbar-867,104,false,
83778,MCbar-884,2293,false,
83779,MCbar-894,65,false,
83780,MCbar-899,97,false,
83781,MCbar-934,57,false,
83782,MCbar-984,902,false,
83783,MCbar-1021,259,false,
83784,MCbar-1028,50,false,
83785,MCbar-1029,3,false,
83786,MCbar-1032,262,false,
83787,MCbar-1035,902,false,
83788,MCbar-1081,97,false,
83789,MCbar-1084,65,false,
83790,MCbar-1094,65,false,
83791,MCbar-1101,1166,false,
83792,MCbar-1105,62,false,
83793,MCbar-1155,259,false,
83794,MCbar-1160,62,false,
83795,MCbar-1169,902,false,
83796,MCbar-1170,97,false,
83797,MCbar-1183,756,false,
83798,MCbar-1201,65,false,
83799,MCbar-1212,65,false,
83800,MCbar-1226,2294,false,
83801,MCbar-1234,62,false,
83802,MCbar-1244,67,false,
83803,0009/16,3,false,
83804,0010/16,,false,
83805,0015/16,2295,false,
83806,0023/16,49,false,
83807,0027/16,3,false,
83808,0038/16,220,false,
83809,0052/16,,false,
83810,0065/16,64,false,
83811,0009/17,1,false,
83812,0010/17,1,false,
83813,0023/17,1,false,
83814,0027/17,49,false,
83815,0030/17,1,false,
83816,0036/17,1,false,
83817,0039/17,1,false,
83818,0045/17,1,false,
83819,0057/17,67,false,
83820,0061/17,1,false,
83821,0065/17,1,false,
83822,0069/17,1,false,
83823,602514,23,false,
83824,609222,18,false,
83833,SMG-18-2103,3,false,
83834,SMG-18-2104,1,false,
83836,0022/17,3,false,
83837,0024/17,288,false,
83838,0029/17,3,false,
83839,0037/17,460,false,
83840,0041/17,119,false,
83841,0043/17,97,false,
83842,0044/17,,false,
83843,0047/17,,false,
83844,0049/17,119,false,
83845,0058/17,,false,
83846,0059/17,2296,false,
83847,0067/17,3,false,
83848,0071/16,3,false,
83849,0075/16,119,false,
83850,0076/16,,false,
83851,0085/16,2297,false,
83852,0092/16,,false,
83853,603452,18,false,
83864,0004/11,,false,
83865,0008/96,2298,false,
83866,0019/17,148,false,
83867,0024/16,148,false,
83868,0032/13,62,false,
83869,0034/17,97,false,
83870,0039/10,148,false,
83871,0040/95,141,false,
83872,0049/09,62,false,
83873,0052/17,66,false,
83874,0055/02,141,false,
83875,0060/14,1862,false,
83876,0063/10,62,false,
83877,0068/02,2299,false,
83878,0073/17,1,false,
83879,0079/17,127,false,
83880,0089/12,148,false,
83881,0095/17,3,false,
83882,0098/17,1,false,
83883,0100/17,2300,false,
83884,0101/17,1,false,
83885,0103/17,93,false,
83886,0109/17,,false,
83887,0112/17,1,false,
83888,0115/07,2301,false,
83889,0120/95,220,false,
83890,0121/17,1,false,
83891,0125/17,,false,
83892,0126/17,1,false,
83893,0135/17,288,false,
83894,0136/17,3,false,
83895,0172/01,2299,false,
83896,0177/02,141,false,
83897,0179/01,141,false,
83898,0192/04,2299,false,
83899,0200/94,474,false,
83900,0251/01,62,false,
83901,0264/99,,false,
83902,0267/04,,false,
83903,0449/95,474,false,
83904,0014/11,2299,false,
83905,0022/14,97,false,
83906,0037/90,2302,false,
83907,0043/15,119,false,
83908,0044/15,119,false,
83909,0064/16,1,false,
83910,0065/05,,false,
83911,0066/03,611,false,
83912,0068/17,3,false,
83913,0075/05,2299,false,
83914,0087/02,2303,false,
83915,0094/07,62,false,
83916,0102/11,148,false,
83917,0105/07,,false,
83918,0114/07,2301,false,
83919,0119/17,2304,false,
83920,0121/08,62,false,
83921,0156/07,49,false,
83922,0157/03,49,false,
83923,0190/07,148,false,
83924,18-520,,false,
83943,M1784/18,1,false,
83944,M1798/18,1,false,
83945,M1814/18,,false,
83946,114740,62,false,
83947,114747,87,false,
83948,114746,62,false,
83949,114745,260,false,
83950,114744,436,false,
83951,114749,,false,
83952,114752,45,false,
83953,107489,87,false,
83954,107488,396,false,
83955,107490,45,false,
83956,107531,87,false,
83957,114739,153,false,
83958,114750,62,false,
83959,114751,62,false,
83960,114753,1,false,
83961,114754,45,false,
83962,500834,16,false,
83963,16AM101446,23,false,
83964,16AM108209,18,false,
83965,16AM110701,18,false,
83966,16AM111895,18,false,
83967,NEIS_16_115,,false,
83968,NEIS_16_307,,false,
83969,NEIS_16_476,,false,
83970,M2419LII/2018,,false,
83971,M2294LII/2018,,false,
83972,M2458LII/2018,,false,
83973,M2595LII/2018,,false,
83974,M2759LII/2018,,false,
83975,M2543LII/2018,,false,
83976,M2571LII/2018,,false,
83977,M2587LII/2018,,false,
83978,M2513LII/2018,,false,
83979,2181974_I,1,false,
83980,2181974_II,1,false,
83981,2181984,24,false,
83982,2182006,1,false,
83983,2182007,1,false,
83984,2182008,,false,
83985,2182022,1,false,
83986,2182023,45,false,
83987,2182038,1,false,
83988,2182085,39,false,
83989,2182099,1,false,
83990,2182106,1,false,
83992,2182118,93,false,
83993,2182130,2306,false,
83994,2182139,62,false,
83995,2182140_I,93,false,
83997,2182159,2307,false,
83998,2182164,95,false,
83999,2182221,1,false,
84000,2182261,1,false,
84001,2182273,49,false,
84002,2182322,3,false,
84003,2182359_I,1,false,
84004,2182359_II,1,false,
84005,2182376,2308,false,
84008,107484,2309,false,
84009,BY_m698,,false,
84010,MCRJ 084,,false,
84011,MCRJ 130,,false,
84012,MCRJ 333,,false,
84013,SMG-18-2199,93,false,
84014,BY_N.m095,,false,
84015,BY_m790,,false,
84016,500020,,false,
84017,16AM100095,367,false,
84018,16AM101107,21,false,
84019,16AM102487,21,false,
84020,16AM104014,18,false,
84021,16AM104822,627,false,
84022,16AM105569,18,false,
84023,16AM106729,367,false,
84024,16AM108138,632,false,
84025,16AM108377,,false,
84026,NEIS_16_155,,false,
84027,NEIS_16_260,,false,
84029,1027,,false,
84030,1028,,false,
84031,1053,,false,
84032,1136,,false,
84042,2522,141,false,
84043,2534,141,false,
84044,2545,5219,false,
84045,2567,275,false,
84046,2583,87,false,
84047,2627,93,false,
84048,2647,93,false,
84049,2650,2319,false,
84050,2668,9,false,
84051,2699,9,false,
84052,2714,9,false,
84053,2725,841,false,
84054,2727,288,false,
84055,2731,9,false,
84056,2786,141,false,
84057,2787,141,false,
84058,2788,1228,false,
84059,2817,1846,false,
84060,2819,9,false,
84061,2823,9,false,
84062,2836,45,false,
84063,2863,9,false,
84064,2870,141,false,
84065,2871,62,false,
84066,2872,62,false,
84067,2875,150,false,
84068,2882,141,false,
84069,2889,87,false,
84070,2895,87,false,
84071,2897,45,false,
84072,2902,62,false,
84073,2910,2320,false,
84074,2912,1250,false,
84075,2939,738,false,
84076,2952,141,false,
84077,2955,102,false,
84078,2956,141,false,
84079,2958,49,false,
84080,2960,62,false,
84081,2962,407,false,
84082,2963,141,false,
84083,2969,87,false,
84084,2976,151,false,
84085,2981,1,false,
84086,2984,257,false,
84087,2988,262,false,
84088,2990,,false,
84089,2991,87,false,
84090,2992,2321,false,
84091,2996,93,false,
84092,3000,93,false,
84093,3005,2322,false,
84094,3023,141,false,
84095,3026,2323,false,
84096,3028,1,false,
84097,3029,141,false,
84098,3032,57,false,
84099,3033,62,false,
84100,3034,141,false,
84101,3035,141,false,
84102,3036,,false,
84103,3038,1250,false,
84104,3041,1,false,
84105,3042,1,false,
84106,3044,141,false,
84107,3054,87,false,
84108,3130,127,false,
84109,3142,2295,false,
84110,18-352,,false,
84111,18-375,62,false,
84112,18-378,,false,
84114,18-391,,false,
84115,18-400,,false,
84116,18-402,,false,
84117,18-411,,false,
84118,18-469,,false,
84119,18-490,,false,
84120,18-541,,false,
84121,18-554,1,false,
84122,18-563,62,false,
84123,18-567,,false,
84124,18-573,,false,
84125,18-607,,false,
84126,18-616,3,false,
84127,18-623,1,false,
84128,18-637,,false,
84129,18-641,45,false,
84130,18-642,29,false,
84131,18-643,,false,
84132,18-644,,false,
84133,3052,1250,false,
84134,3072,9,false,
84135,3110,87,false,
84136,3120,87,false,
84137,3128,9,false,
84138,3129,49,false,
84139,3131,45,false,
84140,3132,262,false,
84141,SMG-18-2291,400,false,
84143,9987,16,false,
84153,LNP30352,424,false,
84156,LNP30365abd,424,false,
84158,7311/18,,false,
84159,7563/18,,false,
84160,14/18/13,,false,
84161,20/18/03,,false,
84162,14/18/16,,false,
84163,19/18/02,,false,
84164,07/18/33,,false,
84165,20/18/04,,false,
84166,SMG-18-2327,97,false,
84167,SMG-18-2328,97,false,
84168,M48277,,false,
84169,M48292,,false,
84195,Nei0012,,false,
84198,Nei0018,,false,
84201,Nei0028,4281,false,
84202,Nei0033,,false,
84206,Nei0042,4966,false,
84258,Nei0367,,false,
84261,Nei0422,,false,
84263,Nei0437,,false,
84265,Nei0443,,false,
84266,DE14257,1,false,
84267,DE14260,1,false,
84268,DE14265,141,false,
84269,DE14267,1,false,
84270,DE14271,2328,false,
84271,DE14275,1,false,
84272,DE14278,1,false,
84273,DE14283,424,false,
84274,DE14290,1,false,
84275,DE14296,68,false,
84281,SMG-18-2440,2329,false,
84295,LNP30366,95,false,
84382,MCRJ108,,false,
84383,MCRJ244,,false,
84384,SMG-18-2456,2335,false,
84385,NM056,,false,
84386,9836,407,false,
84387,DL13591,141,false,
84390,7949/17,,false,
84411,NM055,,false,
84412,KL11168,57,false,
84413,DL20404,1,false,
84414,DE13317,,false,
84415,DE13319,,false,
84416,DE13334,,false,
84417,DE13357,,false,
84418,DE13369,,false,
84419,DE13395,,false,
84420,DE13398,,false,
84421,DE13402,,false,
84422,DE13416,,false,
84423,DE13424,,false,
84424,DE13429,,false,
84425,DE13445,,false,
84426,DE13451,,false,
84427,DE13479,,false,
84428,DE13482,,false,
84429,DE13492,,false,
84430,DE13524,,false,
84432,DE13533,,false,
84433,DE13536,,false,
84434,DE13537,,false,
84435,DE13539,,false,
84437,DE13562,570,false,
84438,DE13566,9,false,
84439,DE13575,4731,false,
84440,DE13602,67,false,
84441,DE13603,49,false,
84442,DE13606,62,false,
84443,DE13628,87,false,
84444,DE13634,5560,false,
84445,DE13650,5561,false,
84446,DE13660,9,false,
84447,DE13676,62,false,
84448,DE13680,3,false,
84449,DE13688,396,false,
84450,DE13716,569,false,
84451,DE13743,49,false,
84452,DE13753,45,false,
84453,DE13792,127,false,
84454,DE13806,45,false,
84455,DE13819,3,false,
84457,DE13880,,false,
84458,DE13898,,false,
84459,DE13905,,false,
84460,DE13913,4732,false,
84461,DE13917,87,false,
84462,DE13919,9,false,
84463,DE13936,41,false,
84464,DE13938,67,false,
84465,DE13957,57,false,
84466,DE13965,45,false,
84467,DE13974,,false,
84468,DE14002,4733,false,
84470,DE14038,87,false,
84471,DE14081,87,false,
84472,DE14088,9,false,
84473,NM057,,false,
84474,Nei0110,4796,false,
84477,Nei0139,,false,
84478,Nei0145,4593,false,
84485,114755,87,false,
84486,SMG-19-2,1,false,
84487,SMG-19-24,3700,false,
84504,LNP30478,424,false,
84508,Mcbar-16,,false,
84509,Mcbar-21,,false,
84510,Mcbar-61,,false,
84511,Mcbar-82,,false,
84512,Mcbar-91,,false,
84513,Mcbar-104,,false,
84514,Mcbar-108,,false,
84515,Mcbar-113,,false,
84516,Mcbar-119,,false,
84517,Mcbar-122,,false,
84518,Mcbar-130,,false,
84519,Mcbar-131,,false,
84520,Mcbar-158,,false,
84521,Mcbar-175,,false,
84522,Mcbar-178,,false,
84523,Mcbar-200,,false,
84524,Mcbar-234,,false,
84525,Mcbar-244,,false,
84526,Mcbar-249,,false,
84527,Mcbar-276,,false,
84528,Mcbar-280,,false,
84529,Mcbar-333,,false,
84530,Mcbar-367,,false,
84531,Mcbar-369,,false,
84532,Mcbar-390,,false,
84533,Mcbar-396,,false,
84534,Mcbar-406,,false,
84535,Mcbar-407,,false,
84536,Mcbar-419,,false,
84537,Mcbar-421,,false,
84538,Mcbar-427,,false,
84539,Mcbar-456,,false,
84540,Mcbar-457,,false,
84541,Mcbar-459,,false,
84542,Mcbar-462,,false,
84543,Mcbar-466,,false,
84544,Mcbar-474,,false,
84545,Mcbar-476,,false,
84546,Mcbar-489,,false,
84547,Mcbar-490,,false,
84548,Mcbar-513,,false,
84549,Mcbar-514,,false,
84550,Mcbar-516,,false,
84551,Mcbar-531,,false,
84552,Mcbar-536,,false,
84553,MCbar-549,,false,
84554,MCbar-551,,false,
84555,MCbar-554,,false,
84556,MCbar-586,,false,
84557,MCbar-618,,false,
84558,MCbar-621,,false,
84559,MCbar-622,,false,
84560,MCbar-634,,false,
84561,MCbar-640,,false,
84562,MCbar-643,,false,
84563,MCbar-644,,false,
84564,MCbar-646,,false,
84565,MCbar-663,,false,
84566,MCbar-664,,false,
84567,MCbar-671,,false,
84568,MCbar-674,,false,
84569,MCbar-697,,false,
84570,MCbar-735,,false,
84571,MCbar-778,,false,
84572,MCbar-791,,false,
84573,MCbar-831,,false,
84574,MCbar-865,,false,
84575,MCbar-867,,false,
84576,MCbar-884,,false,
84577,MCbar-894,,false,
84578,MCbar-899,,false,
84579,MCbar-934,,false,
84580,MCbar-984,,false,
84581,MCbar-1021,,false,
84582,MCbar-1028,,false,
84583,MCbar-1029,,false,
84584,MCbar-1032,,false,
84585,MCbar-1035,,false,
84586,MCbar-1081,,false,
84587,MCbar-1084,,false,
84588,MCbar-1094,,false,
84589,MCbar-1011,,false,
84590,MCbar-1105,,false,
84591,MCbar-1155,,false,
84592,MCbar-1160,,false,
84593,MCbar-1169,,false,
84594,MCbar-1170,,false,
84595,MCbar-1183,,false,
84596,MCbar-1201,,false,
84597,MCbar-1212,,false,
84598,MCbar-1226,,false,
84600,MCbar-1244,,false,
84601,Mcbar-1297,104,false,
84602,Mcbar-1299,4773,false,
84603,Mcbar-1301,902,false,
84604,Mcbar-1304,3,false,
84605,Mcbar-1307,62,false,
84606,Mcbar-1310,24,false,
84607,Mcbar-1314,2337,false,
84608,Mcbar-1322,57,false,
84609,Mcbar-1336,902,false,
84610,Mcbar-1351,49,false,
84611,Mcbar-1356,62,false,
84612,Mcbar-1399,1,false,
84613,INS-Nm984,,false,
84614,INS-Nm1013,,false,
84615,INS-Nm1032,,false,
84616,INS-Nm1046,,false,
84617,INS-Nm1064,,false,
84618,INS-Nm1066,,false,
84619,INS-Nm1077,,false,
84620,INS-Nm1078,,false,
84621,INS-Nm1091,,false,
84622,INS-Nm1103,,false,
84623,INS-Nm1105,,false,
84624,INS-Nm1177,,false,
84625,NM061,,false,
84626,NM065,,false,
84627,NM066,,false,
84628,NM060,,false,
84629,114756,62,false,
84630,NM073,,false,
84631,NZ18MI0003,,false,
84634,NZ18MI0042,,false,
84635,NZ18MI0043,,false,
84636,NZ18MI0056,,false,
84665,NM071,,false,
84666,NM074,,false,
84667,SMG-19-33,87,false,
84668,SMG-19-59,424,false,
84669,SMG-19-61,1,false,
84670,SMG-19-64,87,false,
84671,DE13454,,false,
84672,DE13472,,false,
84673,DE13627,2319,false,
84674,DE13692,5562,false,
84675,DE13738,4734,false,
84676,DE13822,67,false,
84677,DE13961,93,false,
84678,DE13588,93,false,
84679,DE13358,,false,
84680,DE13675,1,false,
84681,DE13363,,false,
84682,DE13978,4735,false,
84684,DE13645,130,false,
84685,DE13759,93,false,
84686,DE14086,57,false,
84687,DE13401,,false,
84688,DE13476,,false,
84689,DE13509,,false,
84690,DE13784,87,false,
84691,DE13862,,false,
84692,DE13900,,false,
84693,DE13941,93,false,
84694,DE13953,87,false,
84695,DE13639,87,false,
84696,DE14032,4736,false,
84697,DE13359,,false,
84698,DE13604,1,false,
84699,DE13895,,false,
84700,DE14062,87,false,
84724,P4615,,false,
84725,2182387,24,false,
84726,M45662,138,false,
84727,2182402,1,false,
84728,2182403_I,2345,false,
84730,2182404_I,791,false,
84732,2182405,1,false,
84733,2182422,45,false,
84734,2182435,1,false,
84735,2182436,1,false,
84736,2182448,1,false,
84737,2182479,1,false,
84738,2182499,1,false,
84739,2182500,9,false,
84740,2182522,1,false,
84741,2182523,1,false,
84743,2182531_II,2346,false,
84744,2182553,45,false,
84748,2182627,93,false,
84749,2182645,45,false,
84750,2182646,62,false,
84751,2182647,1,false,
84752,2182648,62,false,
84753,2182659,1,false,
84754,2182684,1,false,
84755,2182685,1,false,
84756,2182731,2347,false,
84757,2182732_I,3,false,
84759,2182747,1,false,
84760,2182776,1,false,
84761,2182777,1,false,
84820,NIID739,,false,
84823,Nm505,2920,false,
84824,Nm506,2921,false,
84825,DE12589,68,false,
84826,DE12605,93,false,
84827,DE12613,1,false,
84828,DE12627,68,false,
84829,DE12639,620,false,
84830,DE12658,68,false,
84831,DE12667,68,false,
84832,DE12676,93,false,
84833,DE12677,68,false,
84834,DE12686,68,false,
84835,DE12736,68,false,
84836,DE12798,62,false,
84837,DE12888,68,false,
84838,DE12896,68,false,
84839,DE12951,68,false,
84840,DE12995,1,false,
84841,DE12997,331,false,
84842,DE13001,68,false,
84843,DE13080,49,false,
84844,DE13081,68,false,
84845,DE13085,68,false,
84846,DE13135,68,false,
84847,DE13138,68,false,
84848,DE13143,68,false,
84849,DE13150,68,false,
84850,DE13242,68,false,
84851,DE13246,68,false,
84852,DE13256,68,false,
84853,DE13298,484,false,
84854,DE13309,68,false,
84855,DE13321,2348,false,
84856,DE13325,68,false,
84857,DE13423,62,false,
84858,DE13428,1,false,
84859,DE13525,1,false,
84860,DE13534,1,false,
84861,DE13540,1,false,
84862,DE13546,68,false,
84863,DE13550,1,false,
84864,DE13565,68,false,
84865,DE13579,1,false,
84866,DE13581,1,false,
84867,DE13582,62,false,
84868,DE13601,1,false,
84869,DE13605,1,false,
84870,DE13607,68,false,
84871,DE13613,62,false,
84872,DE13616,1,false,
84873,DE13620,424,false,
84874,DE13623,57,false,
84875,DE13631,1,false,
84876,DE13633,1,false,
84877,DE13654,1,false,
84878,DE13664,68,false,
84879,DE13689,292,false,
84880,DE13702,1,false,
84881,DE13711,68,false,
84882,DE13733,1,false,
84883,DE13735,68,false,
84884,DE13752,1,false,
84885,DE13762,62,false,
84886,DE13809,424,false,
84887,DE13817,68,false,
84888,DE13824,68,false,
84889,DE13856,1,false,
84890,DE13864,1,false,
84891,DE13884,68,false,
84892,DE13886,62,false,
84893,DE13908,1,false,
84894,DE13947,1,false,
84895,DE13973,1,false,
84896,DE13980,1,false,
84897,DE13990,68,false,
84898,DE13997,211,false,
84899,DE14004,141,false,
84900,DE14011,1,false,
84901,DE14012,1,false,
84902,DE14014,1,false,
84903,DE14017,1,false,
84904,DE14025,1,false,
84905,DE14028,68,false,
84906,DE14052,1,false,
84907,DE14069,424,false,
84908,DE14090,141,false,
84909,DE14096,1,false,
84910,DE14098,1,false,
84911,DE14101,1,false,
84912,DE14114,1,false,
84913,DE14118,137,false,
84914,DE14141,1,false,
84915,DE14146,1,false,
84916,DE14183,1,false,
84917,DE14193,1,false,
84918,DE14208,1,false,
84919,DE14211,120,false,
84920,DE14213,1,false,
84921,DE14223,1,false,
84922,DE14236,1,false,
84923,DE14241,1,false,
84924,DE14243,1,false,
84925,DE14315,1,false,
84926,DE14327,68,false,
84927,PMB4968,,false,
84928,HNLN2017047HKQS,,false,
84929,1317/18,,false,
84930,9426/18,,false,
84931,Nmiss3156,308,false,
84932,SMG-19-152,141,false,
84935,BY_N.m046,,false,
84936,BY_N.m109,,false,
84937,9227/18,,false,
84968,05-016,738,false,
85033,16-018,738,false,
85053,M45022,65,false,
85054,M45917,5160,false,
85055,M45918,1482,false,
85056,M45931,69,false,
85057,M45935,3708,false,
85058,M45950,5223,false,
85059,M45970,69,false,
85060,M46321,1482,false,
85061,M46328,3708,false,
85062,M46335,69,false,
85063,M49464,3,false,
85064,M49619,1439,false,
85077,NML2018-073,,false,
85078,NML2018-130,77,false,
85079,NML2018-131,1,false,
85080,NML2018-132,1,false,
85081,NML2018-138,1,false,
85082,NML2018-140,857,false,
85083,NML2018-147,857,false,
85084,NML2018-148,1,false,
85085,NML2018-150,1,false,
85086,NML2018-151,4789,false,
85087,NML2018-153,77,false,
85088,NML2018-163,77,false,
85089,NML2018-164,77,false,
85090,NML2018-168,77,false,
85091,NML2018-173,1,false,
85092,NML2018-180,1,false,
85093,NML2018-181,4789,false,
85094,NML2018-183,77,false,
85095,NML2018-187,4789,false,
85096,NML2018-188,4789,false,
85097,NML2018-189,1,false,
85098,NML2018-190,857,false,
85099,NML2018-192,77,false,
85100,NML2018-194,4789,false,
85113,SMG-19-165,1,false,
85114,SMG-19-169,2354,false,
85116,M22821,29,false,
85117,M22692,1,false,
85118,M22668,29,false,
85119,M22667,29,false,
85120,M22676,29,false,
85121,M22693,29,false,
85122,M07152,1,false,
85123,M07142,1,false,
85124,M07115,1,false,
85125,M08051,1,false,
85126,M08049,1,false,
85127,M22479,29,false,
85128,M22652,29,false,
85129,M22663,29,false,
85130,M22662,29,false,
85131,M22689,29,false,
85132,M22688,29,false,
85133,M07799,29,false,
85134,M07798,29,false,
85135,M22758,29,false,
85136,M22767,29,false,
85137,M22752,29,false,
85138,M22784,29,false,
85139,M22812,29,false,
85140,M22825,29,false,
85141,M22831,29,false,
85142,M22830,29,false,
85143,M22814,57,false,
85144,M22805,57,false,
85145,M22795,57,false,
85146,M22794,57,false,
85147,M22768,57,false,
85148,M22669,57,false,
85149,M22661,57,false,
85150,M22654,57,false,
85151,M05735,1,false,
85152,M22191,1,false,
85153,M22189,1,false,
85155,M22157,29,false,
85156,M22161,29,false,
85157,M22159,29,false,
85158,M22164,29,false,
85159,M22163,29,false,
85160,M22180,29,false,
85161,M22177,29,false,
85162,M22774,921,false,
85163,M22803,1,false,
85164,M22481,29,false,
85165,M22682,921,false,
85166,M07801,921,false,
85167,M22686,921,false,
85168,M22711,921,false,
85169,M22698,533,false,
85170,M22765,1,false,
85171,M22681,29,false,
85172,M07797,921,false,
85173,M07796,29,false,
85174,M22697,29,false,
85175,M22764,921,false,
85176,M22741,29,false,
85177,M08002,1,false,
85178,M22797,1,false,
85179,M22744,29,false,
85180,M18576,29,false,
85181,M22799,29,false,
85182,M18880,29,false,
85183,M18881,29,false,
85184,M22818,29,false,
85185,M22817,29,false,
85186,M18882,29,false,
85187,M22827,29,false,
85188,M22826,29,false,
85189,M22824,29,false,
85190,M22823,29,false,
85191,M18883,29,false,
85192,M24689,29,false,
85193,M24688,29,false,
85194,M24693,29,false,
85195,M24691,29,false,
85196,M22829,57,false,
85197,M22773,29,false,
85198,M22835,29,false,
85199,M22775,29,false,
85200,M22789,29,false,
85201,M49874,,false,
85212,2018-182,,false,
85213,CH001,1,false,
85214,CH002,1,false,
85215,CH003,1,false,
85216,CH004,1,false,
85217,CH005,1,false,
85218,CH006,1,false,
85219,CH007,1,false,
85220,CH008,1,false,
85221,CH009,1,false,
85222,CH010,1,false,
85223,CH011,1,false,
85224,CH012,1,false,
85225,CH013,68,false,
85226,CH014,68,false,
85227,CH015,68,false,
85228,CH016,1,false,
85229,CH017,1808,false,
85230,CH018,68,false,
85231,CH019,,false,
85232,CH020,1,false,
85233,CH021,1,false,
85234,CH022,1,false,
85235,CH023,1,false,
85236,CH024,1,false,
85237,CH025,1,false,
85238,CH026,1,false,
85239,CH027,68,false,
85240,CH028,1,false,
85241,CH029,1,false,
85242,CH030,1,false,
85243,CH031,1,false,
85244,CH032,1,false,
85245,CH033,1,false,
85246,CH034,1,false,
85247,CH035,1,false,
85248,CH036,1,false,
85249,CH037,1,false,
85250,CH038,1,false,
85251,CH039,1,false,
85252,CH040,1,false,
85253,Gono-11,,false,
85254,2018-142,,false,
85255,2018-049,,false,
85256,M1_19/2019,,false,
85257,M2_2691/2018,,false,
85259,M6_54/2019,,false,
85260,M7_126/2019,,false,
85261,M8_131/2019,,false,
85262,18-671,1,false,
85263,18-734,,false,
85264,18-742,,false,
85265,18-752,,false,
85266,19-3,,false,
85267,19-4,,false,
85268,19-18,62,false,
85269,19-29,1,false,
85270,19-30,2355,false,
85271,19-50,77,false,
85272,19-59,571,false,
85273,19-84,62,false,
85274,BY_N.m113,,false,
85275,BY_N.m084,,false,
85276,BY_N.m061,,false,
85277,43569,,false,
85278,104Mo,62,false,
85279,106Mo,67,false,
85280,107Mo,2356,false,
85282,109Mo,93,false,
85283,110Mo,93,false,
85285,22975,,false,
85286,22880,1,false,
85288,0050/18,,false,
85304,Gono-50,,false,
85306,SMG-19-293,45,false,
85307,1985140,87,false,
85309,BY_N.m037,,false,
85310,BY_N.m103,,false,
85311,16-354,1,false,
85312,1459000321,67,false,
85336,LNP30634,1,false,
85346,UA17-102,,false,
85347,UA17-123,,false,
85348,UA17-75,,false,
85349,UA17-93,,false,
85350,UAD14-9,,false,
85351,UAT14-26,,false,
85352,UAT14-30,,false,
85353,EXNM611,2358,false,
85358,UMNJ21_04CA,18,false,
85359,AK-2069_Str,93,false,
85360,AK-2037_Str,104,false,
85361,AK-2041_Str,3,false,
85362,AK-2048_Str,887,false,
85363,W-6967_Str,97,false,
85364,W-7022_Str,257,false,
85365,W-7092_Str,87,false,
85366,W-7101_Str,87,false,
85367,W-7184_Str,45,false,
85368,W-7185_Str,257,false,
85369,W-7197_Str,257,false,
85370,W-7262_Str,1,false,
85371,W-7365_Str,93,false,
85372,BY_N.m105,,false,
85373,BY_N.m114,,false,
85374,BY_N.m043,,false,
85375,Nmiss3181.fasta,2,false,
85376,1110001,62,false,
85377,1417917,87,false,
85378,1535437,62,false,
85379,1662164,3,false,
85380,1784068,87,false,
85381,1974803,87,false,
85382,1981594,257,false,
85383,1990385,2359,false,
85384,1990776,87,false,
85385,2025742,1,false,
85386,1960764,407,false,
85387,1593673,68,false,
85388,1660355,4457,false,
85389,1666217,141,false,
85390,1794271,95,false,
85392,SMG-19-325,1,false,
85393,BY_N.m067,,false,
85399,SMG-19-352,1,false,
85400,SMG-19-365,45,false,
85402,BY_N.m104,,false,
85502,BY_N.m048,,false,
85503,BY_N.m058,,false,
85504,BY_N.m106,,false,
85505,BY_N.m107,,false,
85506,BY_N.m035,,false,
85507,BY_N.m051,,false,
85508,BY_N.m101,,false,
85527,M18 240119,1,false,
85528,M18 240129,255,false,
85530,M18 240130,45,false,
85531,M18 240132,45,false,
85532,M18 240133,1,false,
85533,M18 240135,1,false,
85534,M18 240136,120,false,
85535,M18 240139,1,false,
85536,M18 240140,,false,
85537,M18 240143,93,false,
85538,M18 240144,1,false,
85539,M18 240145,1,false,
85540,M18 240146,1,false,
85541,M18 240150,45,false,
85542,M18 240151,45,false,
85543,M18 240152,1,false,
85544,M18 240153,62,false,
85545,M18 240154,1,false,
85546,M18 240166,1,false,
85547,M18 240178,1,false,
85548,M18 240185,62,false,
85549,M18 240192,45,false,
85550,M18 240196,9,false,
85551,M18 240199,93,false,
85552,M18 240204,1,false,
85553,M18 240206,45,false,
85554,M18 240215,120,false,
85555,M18 240220,2360,false,
85556,M18 240233,1,false,
85557,M18 240244,62,false,
85558,M18 240245,2219,false,
85559,M18 240247,68,false,
85560,M18 240250,45,false,
85561,M18 240256,68,false,
85562,M18 240260,1,false,
85563,M18 240264,1,false,
85564,M18 240269,280,false,
85565,M18 240278,150,false,
85566,M18 240286,62,false,
85567,M18 240290,1432,false,
85568,M18 240291,62,false,
85569,M18 240298,1,false,
85570,M18 240301,103,false,
85571,M18 240304,2361,false,
85572,M18 240305,1,false,
85573,M18 240308,45,false,
85574,M18 240309,1,false,
85575,M18 240310,1,false,
85576,M18 240313,68,false,
85577,M18 240316,93,false,
85578,M18 240319,127,false,
85579,M18 240320,1435,false,
85580,M18 240322,45,false,
85581,M18 240324,1,false,
85582,M18 240326,45,false,
85583,M18 240328,150,false,
85584,M18 240329,2363,false,
85585,M18 240331,120,false,
85586,M18 240332,1,false,
85587,M18 240333,93,false,
85588,M18 240334,9,false,
85589,M18 240337,55,false,
85590,M18 240338,1,false,
85591,M18 240339,120,false,
85592,M18 240340,9,false,
85593,M18 240352,66,false,
85594,M18 240358,120,false,
85595,M18 240363,416,false,
85596,M18 240378,279,false,
85597,M18 240386,62,false,
85598,M18 240401,120,false,
85599,M18 240404,77,false,
85600,M18 240410,141,false,
85601,M18 240415,45,false,
85602,M18 240421,45,false,
85603,M18 240434,120,false,
85604,M18 240437,45,false,
85605,M18 240551,67,false,
85606,M18 240559,137,false,
85607,M18 240574,259,false,
85608,11,58,false,
85609,12,45,false,
85610,13,49,false,
85611,N.m057,67,false,
85612,N.m064,67,false,
85613,N.m066,41,false,
85614,N.m070,618,false,
85615,N.m080,,false,
85616,N.m081,3,false,
85617,N.m089,67,false,
85618,N.m090,1,false,
85619,N.m108,1,false,
85620,M18 240555,29,false,
85621,M18 240556,33,false,
85622,M18 240557,138,false,
85623,M12 240077,196,false,
85632,2492,,false,
85633,2573,,false,
85634,2574,,false,
85635,2595,,false,
85636,2630,,false,
85637,2854,,false,
85638,M-061-18,,false,
85639,50896,,false,
85640,50898,,false,
85641,50908,,false,
85642,50921,,false,
85643,52524,,false,
85644,52566,,false,
85645,52576,,false,
85646,52578,,false,
85647,52579,,false,
85648,52591,,false,
85649,52598,,false,
85650,52650,,false,
85651,52677,,false,
85652,50953,,false,
85653,51908,,false,
85654,51912,,false,
85655,51913,,false,
85656,52058,,false,
85657,W-4575,,false,
85658,W-4886,,false,
85659,W-4994,,false,
85660,2018-062,,false,
85665,N1-16,2413,false,
85666,N7-16,1,false,
85667,N8-16,2033,false,
85668,N11-16,2414,false,
85669,N18-16,1,false,
85670,N11-16_spv,1,false,
85671,999/13,,false,
85672,605/13,,false,
85673,4859/13,,false,
85674,5382/14,,false,
85675,819/15,,false,
85676,1454/15,,false,
85677,2559/15,,false,
85678,2627/15,,false,
85679,3876/15,,false,
85680,6289/16,,false,
85681,4760/16,,false,
85682,6225/16,,false,
85683,3409/16,,false,
85684,1024/17,,false,
85685,3016/17,,false,
85686,265/17,,false,
85687,6720/17,,false,
85688,7792/17,,false,
85689,2683/17,,false,
85690,3332/17,,false,
85691,6718/17,,false,
85696,0027/19,,false,
85701,NM083,,false,
85702,P2848,,false,
85703,P2851,,false,
85704,P2861,,false,
85705,P2914,,false,
85706,P2941,,false,
85707,P2955,,false,
85708,P2987,,false,
85709,P3039,,false,
85710,P3040,,false,
85711,P3074,,false,
85712,P3076,,false,
85713,P3087,,false,
85714,P3095,,false,
85715,P3110,,false,
85716,P3279,,false,
85717,P3357,,false,
85718,P3358,,false,
85719,P3365,,false,
85720,P3369,,false,
85721,P3370,,false,
85722,P3371,,false,
85723,P3480,,false,
85724,P3497,,false,
85725,P3554,,false,
85726,P3557,,false,
85727,P3558,,false,
85728,P3667,,false,
85729,P3668,,false,
85730,P3670,,false,
85731,P3733,,false,
85732,P3776,,false,
85733,P3777,,false,
85734,P3791,,false,
85735,P3792,,false,
85736,P3978,,false,
85737,P3979,,false,
85738,P3986,,false,
85739,P4005,,false,
85740,P4007,,false,
85741,P4029,,false,
85742,P4030,,false,
85743,P4031,,false,
85744,P4032,,false,
85745,P4056,,false,
85746,P4072,,false,
85747,P4073,,false,
85748,P4075,,false,
85749,P4077,,false,
85750,P4132,,false,
85751,P4133,,false,
85752,P4144,,false,
85753,P4248,,false,
85754,P4250,,false,
85755,P4274,,false,
85756,P4277,,false,
85757,P4322,,false,
85758,P4329,,false,
85759,P4330,,false,
85760,P4331,,false,
85761,P4333,,false,
85762,P4334,,false,
85763,P4335,,false,
85764,P4336,,false,
85765,P4338,,false,
85766,P4344,,false,
85767,P4352,,false,
85768,P4431,,false,
85769,P4464,,false,
85770,P4466,,false,
85771,P4480,,false,
85772,P4531,,false,
85773,P4534,,false,
85774,P4615,,false,
85775,P4950,,false,
85776,P5174,,false,
85777,P5523,,false,
85832,NZ19MI0021,,false,
85833,SMG-19-460,1,false,
85835,NM084,,false,
85836,NM01807,62,false,
85837,NM01900,62,false,
85838,NM01903,24,false,
85839,NM01905,57,false,
85840,NM01947,65,false,
85841,NM02578,62,false,
85842,NM02712,62,false,
85843,NM02763,2139,false,
85844,NM02769,141,false,
85845,NM02970,2148,false,
85846,M11705,,false,
85847,M11005,,false,
85848,SMG-19-482,93,false,
85849,101727,,false,
85850,131709,,false,
85851,BM-1038,93,false,
85852,EF-185,57,false,
85853,EF-190,2362,false,
85854,EF-195,944,false,
85855,EF-264,67,false,
85856,EF-264B,67,false,
85857,EF-267,259,false,
85858,EF-285,,false,
85859,EF-337,2415,false,
85860,EF-357,887,false,
85861,EF-357B,887,false,
85862,EF-403,407,false,
85863,EF-420,95,false,
85865,W-3322,93,false,
85866,W-3347,3,false,
85867,W-3445,3,false,
85868,W-4167,45,false,
85869,W-4221,3,false,
85870,W-4289,87,false,
85871,W-4710,3,false,
85872,W-4897,93,false,
85874,W-5125,1,false,
85875,W-5228,3,false,
85891,25023,,false,
85892,25085,,false,
85893,43744,,false,
85894,45117,,false,
85895,45119,,false,
85896,45321,,false,
85897,48598,,false,
85898,50680,,false,
85899,51465,,false,
85900,52007,,false,
85901,N.m036,,false,
85902,N.m111,,false,
85911,75Mo,,false,
85912,102Mo,,false,
85913,103Mo,67,false,
85914,108Mo,,false,
85915,111Mo,,false,
85916,125M,,false,
85917,126M,45,false,
85918,163M,,false,
85919,N.m018,,false,
85920,N.m024,,false,
85921,N.m025,,false,
85922,N.m026,,false,
85923,N.m034,,false,
85924,N.m039,,false,
85925,N.m040,,false,
85926,N.m042,,false,
85927,N.m045,,false,
85928,N.m047,,false,
85929,N.m053,,false,
85930,N.m073,,false,
85931,N.m083,,false,
85932,N.m086,,false,
85933,N.m087,,false,
85934,N.m091,,false,
85935,N.m092,,false,
85936,N.m102,,false,
85937,N.m112,,false,
85938,N.m116,,false,
85939,m675,,false,
85940,m764,,false,
85941,SMG-19-526,62,false,
85942,11059,,false,
85943,Nm22135,2416,false,
85944,34279,2417,false,
85945,100503,407,false,
85946,100578,2418,false,
85947,Nm100595,2419,false,
85948,Nm100703,33,false,
85949,Nm101108,24,false,
85950,Nm130508,29,false,
85952,Nm131123,,false,
85953,Nm210622,2420,false,
85954,Nm210902,5225,false,
85955,Nm310501,29,false,
85956,Nm310502,1,false,
85957,Nm310803,1833,false,
85958,Nm310812,3,false,
85959,Nm310822,1834,false,
85960,Nm311113,1829,false,
85961,Nm311114,407,false,
85962,Nm320524,29,false,
85963,Nm340562,29,false,
85964,Nm350601,1833,false,
85965,Nm350602,1833,false,
85966,Nm350703,1469,false,
85967,Nm360527,2421,false,
85968,Nm360559,2422,false,
85969,Nm360601,2423,false,
85970,Nm370537,2424,false,
85971,Nm420601,2425,false,
85972,Nm420707,9,false,
85973,Nm420710,2426,false,
85974,Nm420815,2427,false,
85975,Nm420818,2428,false,
85976,Nm421014,2429,false,
85977,Nm440529,29,false,
85978,Nm440530,29,false,
85979,Nm440550,2358,false,
85980,Nm440716,,false,
85981,Nm440725,2417,false,
85982,Nm440910,2430,false,
85983,Nm440911,,false,
85984,Nm441005,1469,false,
85985,Nm441009,2431,false,
85986,Nm441102,2428,false,
85987,Nm441107,407,false,
85988,Nm441207,1469,false,
85989,Nm510510,1834,false,
85990,Nm510608,3,false,
85991,Nm510901,1469,false,
85992,Nm530605,2432,false,
85993,Nm11300180,1812,false,
85994,Nm13200133,350,false,
85995,Nm13200163,2433,false,
85996,Nm21300274,2434,false,
85997,NmBJ4384,49,false,
85998,NmLMG672,60,false,
85999,NmGX2002-2,29,false,
86000,NmGX526,60,false,
86001,NmGZ80003,25,false,
86002,NmGZ80025,,false,
86003,NmGZ80026,60,false,
86004,NmGZ80028,,false,
86005,NmGZ80056,,false,
86006,NmHA80132,60,false,
86007,NmHA84002,2435,false,
86008,NmHA84024,29,false,
86009,NmHB79049,3,false,
86010,NmHE84005,32,false,
86011,Nm88001,275,false,
86012,NmHE89009,2429,false,
86013,NmHEN3260,1,false,
86014,NmJX213099,60,false,
86015,NmJX79209,2436,false,
86016,NmJX80281,1839,false,
86017,NmLN16,2423,false,
86018,NmLN9233,2437,false,
86019,NmLN95,2438,false,
86020,NmNX08,2439,false,
86021,NmNX17,2440,false,
86022,NmNX21,2441,false,
86023,NmR29026,39,false,
86024,NmR29057,2442,false,
86025,NmSC84082,1,false,
86026,NmSH1985,9,false,
86027,NmG261,49,false,
86028,NmSH80090,60,false,
86029,NmSHG255,2162,false,
86030,NmXJ043,60,false,
86031,NmSX78005,407,false,
86032,NG110,657,false,
86033,NG109,16,false,
86034,NG108,657,false,
86035,NG107,16,false,
86036,NG106,18,false,
86037,NG105,18,false,
86038,NG104,18,false,
86039,NG103,18,false,
86040,NG102,16,false,
86041,NG407,18,false,
86042,NG408,16,false,
86043,NG405,16,false,
86044,NG406,16,false,
86045,NG411,16,false,
86046,NG413,375,false,
86047,NG409,16,false,
86048,NG390,657,false,
86049,NG115,18,false,
86050,NG114,635,false,
86051,NG067,21,false,
86052,NG068,18,false,
86053,NG065,657,false,
86054,NG066,21,false,
86055,NG063,657,false,
86056,NG064,16,false,
86057,NG061,18,false,
86058,NG062,16,false,
86059,NG069,18,false,
86060,NG070,18,false,
86061,NG262,16,false,
86062,NG263,2364,false,
86063,NG317,16,false,
86064,NG316,16,false,
86065,NG319,2365,false,
86066,NG318,21,false,
86067,NG321,18,false,
86068,NG320,16,false,
86069,NG253,18,false,
86070,NG254,16,false,
86071,NG255,16,false,
86072,NG256,375,false,
86073,NG258,2366,false,
86074,NG259,21,false,
86075,NG260,21,false,
86076,NG261,18,false,
86077,NG415,18,false,
86078,NG414,18,false,
86079,NG410,16,false,
86080,NG134,855,false,
86081,NG141,18,false,
86082,NG140,21,false,
86083,NG040,21,false,
86084,NG039,16,false,
86085,NG032,657,false,
86086,NG031,657,false,
86087,NG034,16,false,
86088,NG033,16,false,
86089,NG036,16,false,
86090,NG035,16,false,
86091,NG038,683,false,
86092,NG037,18,false,
86093,NG191,18,false,
86094,NG192,2367,false,
86095,NG224,16,false,
86096,NG223,16,false,
86097,NG226,21,false,
86099,NG228,375,false,
86100,NG227,2368,false,
86101,NG230,855,false,
86102,NG229,18,false,
86103,NG183,635,false,
86104,NG184,18,false,
86105,NG185,18,false,
86106,NG186,18,false,
86107,NG187,18,false,
86108,NG188,635,false,
86109,NG189,841,false,
86110,NG190,18,false,
86111,NG232,16,false,
86112,NG231,855,false,
86113,NG364,2369,false,
86114,NG363,16,false,
86115,NG360,16,false,
86116,NG359,16,false,
86117,NG362,657,false,
86118,NG361,16,false,
86119,NG356,18,false,
86120,NG355,16,false,
86121,NG358,18,false,
86122,NG357,16,false,
86123,NG182,16,false,
86124,NG181,16,false,
86125,NG174,18,false,
86126,NG173,16,false,
86127,NG176,16,false,
86128,NG175,16,false,
86129,NG178,16,false,
86130,NG177,16,false,
86131,NG180,18,false,
86132,NG179,16,false,
86133,NG121,375,false,
86134,NG120,16,false,
86135,NG393,16,false,
86137,NG387,655,false,
86138,NG388,18,false,
86139,NG385,18,false,
86140,NG386,16,false,
86141,NG391,21,false,
86142,NG392,635,false,
86143,NG389,16,false,
86144,NG157,2370,false,
86145,NG156,16,false,
86146,NG161,21,false,
86147,NG160,18,false,
86148,NG274,18,false,
86149,NG128,850,false,
86150,NG129,18,false,
86152,NG127,16,false,
86153,NG124,2371,false,
86154,NG125,850,false,
86155,NG122,18,false,
86156,NG123,850,false,
86157,NG130,2372,false,
86158,NG131,2373,false,
86159,NG049,21,false,
86160,NG050,2374,false,
86161,NG045,18,false,
86162,NG046,21,false,
86163,NG047,657,false,
86164,NG048,367,false,
86165,NG041,841,false,
86166,NG042,18,false,
86167,NG043,21,false,
86168,NG044,657,false,
86169,NG344,18,false,
86170,NG343,18,false,
86171,NG338,16,false,
86172,NG337,18,false,
86173,NG336,2375,false,
86174,NG334,16,false,
86175,NG342,18,false,
86176,NG341,21,false,
86177,NG340,16,false,
86178,NG339,18,false,
86179,NG235,18,false,
86180,NG236,855,false,
86181,NG233,16,false,
86182,NG234,18,false,
86183,NG239,18,false,
86184,NG240,367,false,
86185,NG237,16,false,
86186,NG238,375,false,
86187,NG241,2376,false,
86188,NG242,21,false,
86189,NG433,16,false,
86190,NG432,18,false,
86191,NG431,18,false,
86192,NG430,18,false,
86193,NG429,16,false,
86194,NG428,635,false,
86195,NG353,16,false,
86196,NG354,16,false,
86197,NG351,16,false,
86198,NG352,16,false,
86199,NG349,18,false,
86200,NG350,16,false,
86201,NG347,16,false,
86202,NG348,18,false,
86205,NG171,18,false,
86206,NG172,2377,false,
86207,NG287,21,false,
86208,NG286,635,false,
86209,NG285,16,false,
86210,NG284,16,false,
86211,NG291,18,false,
86212,NG290,2378,false,
86213,NG289,18,false,
86214,NG288,16,false,
86215,NG165,18,false,
86216,NG166,1563,false,
86217,NG293,2377,false,
86218,NG163,16,false,
86219,NG169,18,false,
86220,NG162,16,false,
86221,NG167,2379,false,
86222,NG168,2380,false,
86223,NG292,635,false,
86224,NG170,18,false,
86225,NG076,16,false,
86226,NG075,2381,false,
86227,NG079,16,false,
86228,NG078,21,false,
86229,NG072,16,false,
86230,NG071,18,false,
86231,NG074,16,false,
86232,NG073,18,false,
86233,NG081,16,false,
86234,NG080,18,false,
86235,NG306,16,false,
86236,NG307,375,false,
86237,NG304,21,false,
86238,NG305,18,false,
86239,NG273,2382,false,
86241,NG308,18,false,
86242,NG309,367,false,
86243,NG269,375,false,
86244,NG268,16,false,
86245,NG271,18,false,
86246,NG270,375,false,
86247,NG265,18,false,
86248,NG264,2370,false,
86249,NG267,18,false,
86250,NG266,18,false,
86251,NG424,16,false,
86252,NG425,16,false,
86253,NG422,18,false,
86254,NG423,18,false,
86255,NG420,16,false,
86256,NG421,18,false,
86257,NG418,683,false,
86258,NG419,635,false,
86259,NG416,18,false,
86260,NG417,18,false,
86261,NG315,18,false,
86262,NG314,18,false,
86263,NG323,16,false,
86264,NG322,635,false,
86265,NG137,18,false,
86266,NG136,2383,false,
86267,NG139,657,false,
86268,NG138,18,false,
86269,NG133,16,false,
86270,NG132,18,false,
86271,NG135,375,false,
86272,NG275,16,false,
86273,NG250,21,false,
86274,NG003,18,false,
86275,NG002,18,false,
86276,NG001,21,false,
86277,NG008,18,false,
86278,NG007,21,false,
86279,NG006,635,false,
86280,NG243,635,false,
86281,NG155,18,false,
86282,NG154,18,false,
86283,NG153,18,false,
86284,NG152,16,false,
86285,NG159,18,false,
86286,NG158,16,false,
86287,NG111,2374,false,
86288,NG310,18,false,
86289,NG311,16,false,
86290,NG029,16,false,
86291,NG030,841,false,
86292,NG023,18,false,
86293,NG024,16,false,
86294,NG021,18,false,
86295,NG022,841,false,
86296,NG027,375,false,
86297,NG028,16,false,
86298,NG025,16,false,
86299,NG026,635,false,
86300,NG312,18,false,
86301,NG313,16,false,
86302,NG221,657,false,
86303,NG222,18,false,
86304,NG217,21,false,
86305,NG218,16,false,
86306,NG219,657,false,
86307,NG220,18,false,
86308,NG213,635,false,
86309,NG214,635,false,
86310,NG215,18,false,
86311,NG216,375,false,
86312,NG200,18,false,
86313,NG199,657,false,
86314,NG198,657,false,
86315,NG197,2377,false,
86316,NG196,2377,false,
86317,NG195,2377,false,
86318,NG194,375,false,
86319,NG193,21,false,
86320,NG202,850,false,
86321,NG201,16,false,
86322,NG101,18,false,
86323,NG100,16,false,
86324,NG099,16,false,
86325,NG098,18,false,
86326,NG097,16,false,
86327,NG096,16,false,
86328,NG095,16,false,
86329,NG094,18,false,
86330,NG093,16,false,
86331,NG092,16,false,
86332,NG373,18,false,
86333,NG374,16,false,
86334,NG365,657,false,
86335,NG366,16,false,
86336,NG367,18,false,
86337,NG368,375,false,
86338,NG369,18,false,
86339,NG370,21,false,
86340,NG371,18,false,
86341,NG372,18,false,
86342,NG146,21,false,
86343,NG147,21,false,
86344,NG148,21,false,
86345,NG149,16,false,
86346,NG142,21,false,
86347,NG143,21,false,
86348,NG144,16,false,
86349,NG145,2373,false,
86350,NG150,18,false,
86351,NG151,16,false,
86352,NG404,2377,false,
86353,NG403,21,false,
86354,NG396,671,false,
86355,NG395,16,false,
86356,NG398,635,false,
86357,NG397,850,false,
86358,NG400,18,false,
86359,NG399,16,false,
86360,NG402,18,false,
86361,NG401,18,false,
86362,NG054,16,false,
86363,NG053,18,false,
86364,NG052,21,false,
86365,NG051,16,false,
86366,NG058,2377,false,
86367,NG057,16,false,
86368,NG056,16,false,
86369,NG055,16,false,
86370,NG060,16,false,
86371,NG059,18,false,
86372,NG332,16,false,
86373,NG333,16,false,
86374,NG328,16,false,
86375,NG329,21,false,
86376,NG330,21,false,
86377,NG331,18,false,
86378,NG324,16,false,
86379,NG325,18,false,
86380,NG326,21,false,
86381,NG327,16,false,
86382,NG004,375,false,
86383,NG249,16,false,
86384,NG248,16,false,
86385,NG247,18,false,
86386,NG246,16,false,
86387,NG245,18,false,
86388,NG244,18,false,
86389,NG005,18,false,
86390,NG010,21,false,
86391,NG009,18,false,
86392,NG252,18,false,
86393,NG251,18,false,
86394,NG436,16,false,
86395,NG437,2380,false,
86396,NG438,21,false,
86397,NG439,16,false,
86398,NG440,2371,false,
86399,NG427,671,false,
86400,NG426,2383,false,
86401,NG298,18,false,
86402,NG299,18,false,
86403,NG300,18,false,
86404,NG301,18,false,
86405,NG294,18,false,
86406,NG295,16,false,
86407,NG296,18,false,
86408,NG297,16,false,
86409,NG119,18,false,
86410,NG118,18,false,
86411,NG117,16,false,
86412,NG116,16,false,
86413,NG302,16,false,
86414,NG303,683,false,
86415,NG113,18,false,
86416,NG112,2384,false,
86417,NG435,18,false,
86418,NG434,16,false,
86419,NG018,21,false,
86420,NG017,2385,false,
86421,NG016,657,false,
86422,NG015,16,false,
86423,NG014,16,false,
86424,NG013,16,false,
86425,NG012,16,false,
86426,NG011,18,false,
86427,NG020,16,false,
86428,NG019,657,false,
86429,NG212,635,false,
86430,NG211,18,false,
86431,NG206,657,false,
86432,NG205,635,false,
86433,NG204,18,false,
86434,NG203,18,false,
86435,NG210,18,false,
86436,NG209,657,false,
86437,NG208,18,false,
86438,NG207,18,false,
86439,NG282,657,false,
86440,NG283,16,false,
86441,NG090,18,false,
86442,NG091,2386,false,
86443,NG082,2386,false,
86444,NG083,16,false,
86445,NG084,16,false,
86446,NG085,18,false,
86447,NG086,16,false,
86448,NG087,635,false,
86449,NG088,21,false,
86450,NG089,18,false,
86451,NG382,2387,false,
86452,NG381,18,false,
86453,NG380,16,false,
86454,NG379,16,false,
86455,NG378,635,false,
86456,NG377,2388,false,
86457,NG376,21,false,
86458,NG375,16,false,
86459,NG280,16,false,
86460,NG281,16,false,
86461,NG278,2382,false,
86462,NG279,18,false,
86463,NG276,18,false,
86464,NG277,18,false,
86465,NG384,18,false,
86466,NG383,2377,false,
86486,130644,,false,
86487,SMG-19-581,2390,false,
86488,114759,45,false,
86489,Nmiss3037,257,false,
86490,Nmiss3080,1,false,
86491,Nmiss3082,1,false,
86492,Nmiss3105,257,false,
86493,Nmiss3111,257,false,
86494,Nmiss3124,257,false,
86495,Nmiss3137,,false,
86496,Nmiss3146,257,false,
86497,Nmiss3147,257,false,
86498,Nmiss3150,2,false,
86499,Nmiss3169,1,false,
86500,Nmiss3171,1,false,
86501,Nmiss3172,257,false,
86502,Nmiss3173,257,false,
86503,Nmiss3193,257,false,
86504,Nmiss3197,64,false,
86505,Nmiss3198,64,false,
86506,Nmiss3201,64,false,
86507,Nmiss3209,257,false,
86508,Nmiss3149,257,false,
86527,AUSMDU00006825,367,false,
86528,AUSMDU00006826,367,false,
86529,AUSMDU00006827,1006,false,
86530,AUSMDU00006999,1006,false,
86531,AUSMDU00006998,2391,false,
86532,AUSMDU00006991,22,false,
86533,AUSMDU00006990,1122,false,
86534,AUSMDU00006993,16,false,
86535,AUSMDU00006992,1122,false,
86536,AUSMDU00006995,378,false,
86537,AUSMDU00006994,1006,false,
86538,AUSMDU00006997,2391,false,
86539,AUSMDU00006996,18,false,
86540,AUSMDU00007090,18,false,
86541,AUSMDU00007091,16,false,
86542,AUSMDU00007092,18,false,
86543,AUSMDU00007093,18,false,
86544,AUSMDU00007094,1122,false,
86545,AUSMDU00007095,678,false,
86546,AUSMDU00007096,1006,false,
86547,AUSMDU00007097,1006,false,
86548,AUSMDU00007098,18,false,
86549,AUSMDU00007099,1122,false,
86550,AUSMDU00006795,1006,false,
86551,AUSMDU00006796,1122,false,
86552,AUSMDU00006791,636,false,
86553,AUSMDU00006792,18,false,
86554,AUSMDU00006793,1122,false,
86555,AUSMDU00006794,678,false,
86556,AUSMDU00006787,16,false,
86557,AUSMDU00006788,16,false,
86558,AUSMDU00006789,22,false,
86559,AUSMDU00006790,18,false,
86560,AUSMDU00006862,678,false,
86561,AUSMDU00006863,18,false,
86562,AUSMDU00007019,1006,false,
86563,AUSMDU00006891,378,false,
86564,AUSMDU00004496,636,false,
86565,AUSMDU00006893,1006,false,
86566,AUSMDU00006888,367,false,
86567,AUSMDU00006887,18,false,
86568,AUSMDU00006890,636,false,
86569,AUSMDU00006889,1122,false,
86570,AUSMDU00007080,1006,false,
86571,AUSMDU00007081,636,false,
86572,AUSMDU00007082,378,false,
86573,AUSMDU00007083,1122,false,
86574,AUSMDU00007084,1006,false,
86575,AUSMDU00007085,16,false,
86576,AUSMDU00007086,636,false,
86577,AUSMDU00007087,1006,false,
86578,AUSMDU00007088,1122,false,
86579,AUSMDU00007089,1422,false,
86580,AUSMDU00006881,378,false,
86581,AUSMDU00006880,18,false,
86582,AUSMDU00006879,1122,false,
86583,AUSMDU00006878,678,false,
86584,AUSMDU00006885,18,false,
86585,AUSMDU00006884,1122,false,
86586,AUSMDU00006883,678,false,
86587,AUSMDU00006882,1122,false,
86588,AUSMDU00006886,844,false,
86589,AUSMDU00004495,1006,false,
86590,AUSMDU00004493,1122,false,
86591,AUSMDU00006838,678,false,
86592,AUSMDU00006832,18,false,
86593,AUSMDU00006833,16,false,
86594,AUSMDU00006830,367,false,
86595,AUSMDU00006831,636,false,
86596,AUSMDU00006836,678,false,
86597,AUSMDU00006837,678,false,
86598,AUSMDU00006834,636,false,
86599,AUSMDU00006835,678,false,
86600,AUSMDU00007124,1122,false,
86601,AUSMDU00007125,18,false,
86602,AUSMDU00007126,2391,false,
86603,AUSMDU00007127,2391,false,
86604,AUSMDU00007120,16,false,
86605,AUSMDU00007121,18,false,
86606,AUSMDU00006969,1006,false,
86607,AUSMDU00006968,18,false,
86608,AUSMDU00006967,636,false,
86609,AUSMDU00006966,18,false,
86610,AUSMDU00006965,2392,false,
86611,AUSMDU00006964,1006,false,
86612,AUSMDU00007128,1006,false,
86613,AUSMDU00007129,635,false,
86614,AUSMDU00006961,18,false,
86615,AUSMDU00006960,18,false,
86616,AUSMDU00006930,636,false,
86617,AUSMDU00006931,18,false,
86618,AUSMDU00006928,2392,false,
86619,AUSMDU00006929,367,false,
86620,AUSMDU00004498,18,false,
86621,AUSMDU00006927,18,false,
86622,AUSMDU00006925,378,false,
86623,AUSMDU00006926,18,false,
86624,AUSMDU00006932,636,false,
86625,AUSMDU00006933,16,false,
86626,AUSMDU00007122,2391,false,
86627,AUSMDU00007123,1122,false,
86628,AUSMDU00007038,18,false,
86629,AUSMDU00006963,678,false,
86630,AUSMDU00006962,23,false,
86631,AUSMDU00007148,1006,false,
86632,AUSMDU00007149,636,false,
86633,AUSMDU00007146,18,false,
86634,AUSMDU00007147,1006,false,
86635,AUSMDU00007144,1122,false,
86636,AUSMDU00007145,2391,false,
86637,AUSMDU00007142,18,false,
86638,AUSMDU00007143,18,false,
86639,AUSMDU00007140,18,false,
86640,AUSMDU00007141,2392,false,
86641,AUSMDU00006867,1122,false,
86642,AUSMDU00006866,636,false,
86643,AUSMDU00007012,1006,false,
86644,AUSMDU00007013,1421,false,
86645,AUSMDU00006861,18,false,
86646,AUSMDU00006860,678,false,
86647,AUSMDU00006859,378,false,
86648,AUSMDU00007003,1122,false,
86649,AUSMDU00007002,378,false,
86650,AUSMDU00006894,18,false,
86651,AUSMDU00004497,18,false,
86652,AUSMDU00007007,2391,false,
86653,AUSMDU00007006,635,false,
86654,AUSMDU00007005,378,false,
86655,AUSMDU00007004,1122,false,
86656,AUSMDU00007075,18,false,
86657,AUSMDU00007074,635,false,
86658,AUSMDU00007077,18,false,
86659,AUSMDU00007076,21,false,
86660,AUSMDU00007071,18,false,
86661,AUSMDU00007070,18,false,
86662,AUSMDU00007073,1006,false,
86663,AUSMDU00007072,18,false,
86664,AUSMDU00007079,1122,false,
86665,AUSMDU00007078,1006,false,
86666,AUSMDU00006864,1006,false,
86667,AUSMDU00004485,16,false,
86668,AUSMDU00004484,378,false,
86669,AUSMDU00004483,1006,false,
86670,AUSMDU00006784,18,false,
86671,AUSMDU00006783,678,false,
86672,AUSMDU00004482,18,false,
86673,AUSMDU00006782,1122,false,
86674,AUSMDU00006781,1006,false,
86675,AUSMDU00006786,1006,false,
86676,AUSMDU00006785,1122,false,
86677,AUSMDU00006872,2392,false,
86678,AUSMDU00006873,1006,false,
86679,AUSMDU00006874,1006,false,
86680,AUSMDU00006875,18,false,
86681,AUSMDU00006868,16,false,
86682,AUSMDU00006869,367,false,
86683,AUSMDU00006870,18,false,
86684,AUSMDU00006871,378,false,
86685,AUSMDU00006876,1421,false,
86686,AUSMDU00006877,1122,false,
86687,AUSMDU00006847,378,false,
86688,AUSMDU00006846,1122,false,
86689,AUSMDU00006840,378,false,
86690,AUSMDU00006839,678,false,
86691,AUSMDU00006842,678,false,
86692,AUSMDU00006841,16,false,
86693,AUSMDU00006844,1122,false,
86694,AUSMDU00006843,636,false,
86695,AUSMDU00006845,18,false,
86696,AUSMDU00004494,1421,false,
86697,AUSMDU00006981,636,false,
86698,AUSMDU00006865,18,false,
86699,AUSMDU00006980,18,false,
86700,AUSMDU00007119,367,false,
86701,AUSMDU00007118,1006,false,
86702,AUSMDU00007111,18,false,
86703,AUSMDU00007110,18,false,
86704,AUSMDU00007113,1122,false,
86705,AUSMDU00007112,18,false,
86706,AUSMDU00007115,367,false,
86707,AUSMDU00007114,16,false,
86708,AUSMDU00007117,1006,false,
86709,AUSMDU00007116,18,false,
86710,AUSMDU00006970,21,false,
86711,AUSMDU00006971,1122,false,
86712,AUSMDU00006972,18,false,
86713,AUSMDU00006973,1122,false,
86714,AUSMDU00006974,23,false,
86715,AUSMDU00006975,1122,false,
86716,AUSMDU00006976,1122,false,
86717,AUSMDU00006977,1006,false,
86718,AUSMDU00006978,1122,false,
86719,AUSMDU00006952,367,false,
86720,AUSMDU00006951,367,false,
86721,AUSMDU00006950,1122,false,
86722,AUSMDU00006957,1006,false,
86723,AUSMDU00006956,18,false,
86724,AUSMDU00006955,18,false,
86725,AUSMDU00006954,1006,false,
86726,AUSMDU00006989,16,false,
86727,AUSMDU00007130,16,false,
86728,AUSMDU00006988,18,false,
86729,AUSMDU00007030,1006,false,
86730,AUSMDU00007031,2391,false,
86731,AUSMDU00007047,636,false,
86732,AUSMDU00007046,2391,false,
86733,AUSMDU00007045,683,false,
86734,AUSMDU00007044,2393,false,
86735,AUSMDU00007043,367,false,
86736,AUSMDU00007042,18,false,
86737,AUSMDU00007041,378,false,
86738,AUSMDU00007040,635,false,
86739,AUSMDU00007049,378,false,
86740,AUSMDU00007048,367,false,
86741,AUSMDU00006852,22,false,
86742,AUSMDU00006853,1122,false,
86743,AUSMDU00007001,657,false,
86744,AUSMDU00007000,635,false,
86745,AUSMDU00006848,678,false,
86746,AUSMDU00006849,18,false,
86747,AUSMDU00006850,678,false,
86748,AUSMDU00006851,678,false,
86749,AUSMDU00007009,18,false,
86750,AUSMDU00007008,678,false,
86751,AUSMDU00006856,678,false,
86752,AUSMDU00006857,636,false,
86753,AUSMDU00006892,18,false,
86754,AUSMDU00006855,1421,false,
86755,AUSMDU00007014,1122,false,
86756,AUSMDU00007015,1006,false,
86757,AUSMDU00007016,1006,false,
86758,AUSMDU00007017,1006,false,
86759,AUSMDU00007010,18,false,
86760,AUSMDU00007011,2391,false,
86761,AUSMDU00006924,18,false,
86762,AUSMDU00006923,678,false,
86763,AUSMDU00006922,1421,false,
86764,AUSMDU00006921,1421,false,
86765,AUSMDU00006920,378,false,
86766,AUSMDU00006919,1421,false,
86767,AUSMDU00006918,18,false,
86768,AUSMDU00006917,636,false,
86769,AUSMDU00006916,1006,false,
86770,AUSMDU00006915,367,false,
86771,AUSMDU00006801,678,false,
86772,AUSMDU00006802,18,false,
86773,AUSMDU00006800,2391,false,
86774,AUSMDU00004487,678,false,
86775,AUSMDU00004486,636,false,
86776,AUSMDU00006799,636,false,
86777,AUSMDU00006797,1122,false,
86778,AUSMDU00006798,678,false,
86779,AUSMDU00004488,18,false,
86780,AUSMDU00006803,373,false,
86781,AUSMDU00006854,18,false,
86782,AUSMDU00007053,16,false,
86783,AUSMDU00007054,636,false,
86784,AUSMDU00007055,16,false,
86785,AUSMDU00007056,2392,false,
86786,AUSMDU00007057,378,false,
86787,AUSMDU00006814,1122,false,
86788,AUSMDU00004489,633,false,
86789,AUSMDU00004490,2392,false,
86790,AUSMDU00004491,18,false,
86791,AUSMDU00006815,18,false,
86792,AUSMDU00006816,1006,false,
86793,AUSMDU00006817,18,false,
86794,AUSMDU00006818,678,false,
86795,AUSMDU00006819,636,false,
86796,AUSMDU00006820,367,false,
86797,AUSMDU00007029,1122,false,
86798,AUSMDU00007028,1006,false,
86799,AUSMDU00007021,18,false,
86800,AUSMDU00007020,636,false,
86801,AUSMDU00007023,18,false,
86802,AUSMDU00007022,1006,false,
86803,AUSMDU00007025,1006,false,
86804,AUSMDU00007024,2391,false,
86805,AUSMDU00007027,1006,false,
86806,AUSMDU00007026,1122,false,
86807,AUSMDU00006905,1122,false,
86808,AUSMDU00006906,18,false,
86809,AUSMDU00006907,18,false,
86810,AUSMDU00006908,367,false,
86811,AUSMDU00006909,16,false,
86812,AUSMDU00006910,678,false,
86813,AUSMDU00006911,678,false,
86814,AUSMDU00006912,1421,false,
86815,AUSMDU00006913,367,false,
86816,AUSMDU00006914,378,false,
86817,AUSMDU00006809,16,false,
86818,AUSMDU00006808,367,false,
86819,AUSMDU00006811,1006,false,
86820,AUSMDU00006810,1006,false,
86821,AUSMDU00006805,2393,false,
86822,AUSMDU00006804,18,false,
86823,AUSMDU00006807,669,false,
86824,AUSMDU00006806,636,false,
86825,AUSMDU00006813,1122,false,
86826,AUSMDU00006812,636,false,
86827,AUSMDU00007018,1006,false,
86828,AUSMDU00006824,636,false,
86829,AUSMDU00006823,2392,false,
86830,AUSMDU00006822,378,false,
86831,AUSMDU00004492,367,false,
86832,AUSMDU00006821,1122,false,
86833,AUSMDU00006829,1006,false,
86834,AUSMDU00006828,18,false,
86835,AUSMDU00007133,1006,false,
86836,AUSMDU00007132,654,false,
86837,AUSMDU00007131,18,false,
86838,AUSMDU00007039,1006,false,
86839,AUSMDU00007137,1006,false,
86840,AUSMDU00007136,1006,false,
86841,AUSMDU00007135,18,false,
86842,AUSMDU00007134,1122,false,
86843,AUSMDU00007032,1006,false,
86844,AUSMDU00007033,1122,false,
86845,AUSMDU00007139,18,false,
86846,AUSMDU00007138,18,false,
86847,AUSMDU00007036,18,false,
86848,AUSMDU00007037,1122,false,
86849,AUSMDU00007034,18,false,
86850,AUSMDU00007035,678,false,
86851,AUSMDU00006939,1006,false,
86852,AUSMDU00006938,636,false,
86853,AUSMDU00004499,1006,false,
86854,AUSMDU00006940,16,false,
86855,AUSMDU00006935,1006,false,
86856,AUSMDU00006934,678,false,
86857,AUSMDU00006937,18,false,
86858,AUSMDU00006936,18,false,
86859,AUSMDU00004608,367,false,
86860,AUSMDU00006941,633,false,
86861,AUSMDU00007066,18,false,
86862,AUSMDU00007067,367,false,
86863,AUSMDU00007064,16,false,
86864,AUSMDU00007065,1122,false,
86865,AUSMDU00007062,1006,false,
86866,AUSMDU00007063,16,false,
86867,AUSMDU00007060,18,false,
86868,AUSMDU00007061,1006,false,
86869,AUSMDU00007068,2394,false,
86870,AUSMDU00007069,16,false,
86871,AUSMDU00007155,1006,false,
86872,AUSMDU00007154,1421,false,
86873,AUSMDU00007157,1122,false,
86874,AUSMDU00007156,18,false,
86875,AUSMDU00007151,678,false,
86876,AUSMDU00007150,1006,false,
86877,AUSMDU00007153,1122,false,
86878,AUSMDU00007152,2391,false,
86879,AUSMDU00006959,1006,false,
86880,AUSMDU00006958,1006,false,
86881,AUSMDU00006904,1006,false,
86882,AUSMDU00006903,2395,false,
86883,AUSMDU00006896,1122,false,
86884,AUSMDU00006895,1006,false,
86885,AUSMDU00006898,18,false,
86886,AUSMDU00006897,1006,false,
86887,AUSMDU00006900,1006,false,
86888,AUSMDU00006899,1006,false,
86889,AUSMDU00006902,1122,false,
86890,AUSMDU00006901,378,false,
86891,AUSMDU00006953,678,false,
86892,AUSMDU00006979,633,false,
86893,AUSMDU00007108,16,false,
86894,AUSMDU00007109,636,false,
86895,AUSMDU00007102,1122,false,
86896,AUSMDU00007103,18,false,
86897,AUSMDU00007100,1006,false,
86898,AUSMDU00007101,1006,false,
86899,AUSMDU00007106,2393,false,
86900,AUSMDU00007107,18,false,
86901,AUSMDU00007104,18,false,
86902,AUSMDU00007105,2393,false,
86903,AUSMDU00006985,22,false,
86904,AUSMDU00006984,635,false,
86905,AUSMDU00006987,1006,false,
86906,AUSMDU00006986,18,false,
86907,AUSMDU00006949,1006,false,
86908,AUSMDU00004501,367,false,
86909,AUSMDU00006983,378,false,
86910,AUSMDU00006982,1006,false,
86911,AUSMDU00006946,18,false,
86912,AUSMDU00004500,635,false,
86913,AUSMDU00006947,378,false,
86914,AUSMDU00006948,18,false,
86915,AUSMDU00006942,2391,false,
86916,AUSMDU00006943,23,false,
86917,AUSMDU00006944,636,false,
86918,AUSMDU00006945,1122,false,
86919,AUSMDU00006858,1122,false,
86920,AUSMDU00007058,1006,false,
86921,AUSMDU00007059,2391,false,
86922,AUSMDU00007050,16,false,
86923,AUSMDU00007051,18,false,
86924,AUSMDU00007052,18,false,
86925,23106,,false,
86926,23110,,false,
86927,23115,,false,
86949,2182856,1,false,
86950,2182932,2396,false,
86951,2182933,262,false,
86952,2182934,87,false,
86953,2182979,62,false,
86954,2183027,49,false,
86955,2183039,1,false,
86956,2183040,62,false,
86957,2183068,416,false,
86958,2183070,1,false,
86959,M45663,138,false,
86960,2183087,3,false,
86961,2183107,93,false,
86962,2190047,1,false,
86963,2190048,1,false,
86964,2190049,3,false,
86965,2190050,1,false,
86966,2190068,1,false,
86967,2190100,3,false,
86968,2190134,,false,
86969,2190135,199,false,
86970,2190148,,false,
86971,2190149,1,false,
86972,2190169,62,false,
86974,2190196,1,false,
86975,2190222,62,false,
86976,2190287,1,false,
86977,2190358_I,45,false,
86979,2190390,1,false,
86980,2190410,257,false,
86981,2190422,,false,
86982,2190423,62,false,
86983,2190424,87,false,
86984,2190449,87,false,
86985,2190450,1,false,
86986,2190451,45,false,
86987,2190452_I,1,false,
86988,2190452_II,1,false,
86989,2190453,62,false,
86990,2190485,791,false,
86991,2190498,1,false,
86992,2190502,1,false,
86993,2190548,87,false,
86994,2190590_I,93,false,
87060,SMG-19-384,3,false,
87061,SMG-19-554,1,false,
87062,Nm510,407,false,
87068,M40774,33,false,
87069,NIID756,,false,
87070,SMG-19-604,1,false,
87071,ECDC_1830458,367,false,
87072,ECDC_1836157,1006,false,
87073,ECDC_AT13_479,18,false,
87074,ECDC_AT13_480,18,false,
87075,ECDC_AT13_481,18,false,
87076,ECDC_AT13_482,22,false,
87077,ECDC_AT13_483,23,false,
87078,ECDC_AT13_484,627,false,
87079,ECDC_AT13_485,367,false,
87080,ECDC_AT13_486,18,false,
87081,ECDC_AT13_487,2399,false,
87082,ECDC_AT13_488,21,false,
87083,ECDC_AT13_489,18,false,
87084,ECDC_AT13_490,21,false,
87085,ECDC_AT13_491,18,false,
87086,ECDC_AT13_493,16,false,
87087,ECDC_AT13_494,18,false,
87088,ECDC_AT13_495,627,false,
87089,ECDC_AT13_496,18,false,
87090,ECDC_AT13_497,23,false,
87091,ECDC_AT13_498,23,false,
87092,ECDC_AT13_499,21,false,
87093,ECDC_AT13_500,16,false,
87094,ECDC_AT13_501,367,false,
87095,ECDC_AT13_502,21,false,
87096,ECDC_AT13_503,18,false,
87097,ECDC_AT13_504,16,false,
87098,ECDC_AT13_505,18,false,
87099,ECDC_AT13_506,16,false,
87100,ECDC_AT13_507,21,false,
87101,ECDC_AT13_508,23,false,
87102,ECDC_AT13_509,367,false,
87103,ECDC_AT13_510,18,false,
87104,ECDC_AT13_511,16,false,
87105,ECDC_AT13_512,18,false,
87106,ECDC_AT13_513,16,false,
87107,ECDC_AT13_514,16,false,
87108,ECDC_AT13_515,367,false,
87109,ECDC_AT13_516,367,false,
87110,ECDC_AT13_517,18,false,
87111,ECDC_AT13_518,627,false,
87112,ECDC_AT13_519,18,false,
87113,ECDC_AT13_520,1006,false,
87114,ECDC_AT13_521,18,false,
87115,ECDC_AT13_522,23,false,
87116,ECDC_AT13_523,18,false,
87117,ECDC_AT13_524,633,false,
87118,ECDC_AT13_525,18,false,
87119,ECDC_AT13_526,21,false,
87120,ECDC_AT13_527,18,false,
87121,ECDC_AT13_528,18,false,
87122,ECDC_AT13_529,23,false,
87123,ECDC_AT13_530,23,false,
87124,ECDC_AT13_531,16,false,
87125,ECDC_AT13_532,18,false,
87126,ECDC_AT13_534,627,false,
87127,ECDC_BE13_444,16,false,
87128,ECDC_BE13_445,16,false,
87129,ECDC_BE13_446,367,false,
87130,ECDC_BE13_447,18,false,
87131,ECDC_BE13_448,636,false,
87132,ECDC_BE13_449,21,false,
87133,ECDC_BE13_450,367,false,
87134,ECDC_BE13_451,627,false,
87135,ECDC_BE13_452,16,false,
87136,ECDC_BE13_453,18,false,
87137,ECDC_BE13_454,627,false,
87138,ECDC_BE13_455,627,false,
87139,ECDC_BE13_456,18,false,
87140,ECDC_BE13_457,18,false,
87141,ECDC_BE13_458,16,false,
87142,ECDC_BE13_459,16,false,
87143,ECDC_BE13_460,1006,false,
87144,ECDC_BE13_461,1006,false,
87145,ECDC_BE13_462,1006,false,
87146,ECDC_BE13_463,367,false,
87147,ECDC_BE13_465,18,false,
87148,ECDC_BE13_466,1006,false,
87149,ECDC_BE13_467,636,false,
87150,ECDC_BE13_468,16,false,
87151,ECDC_BE13_469,636,false,
87152,ECDC_BE13_470,367,false,
87153,ECDC_BE13_471,367,false,
87154,ECDC_BE13_472,367,false,
87155,ECDC_BE13_473,1006,false,
87156,ECDC_BE13_474,627,false,
87157,ECDC_BE13_475,627,false,
87158,ECDC_BE13_476,683,false,
87159,ECDC_BE13_477,16,false,
87160,ECDC_BE13_478,16,false,
87161,ECDC_BE13_479,1006,false,
87162,ECDC_BE13_480,627,false,
87163,ECDC_BE13_481,627,false,
87164,ECDC_BE13_482,18,false,
87165,ECDC_BE13_483,18,false,
87166,ECDC_BE13_484,16,false,
87167,ECDC_BE13_485,16,false,
87168,ECDC_BE13_486,367,false,
87169,ECDC_BE13_487,22,false,
87170,ECDC_BE13_488,18,false,
87171,ECDC_BE13_489,1006,false,
87172,ECDC_BE13_490,636,false,
87173,ECDC_BE13_491,1006,false,
87174,ECDC_BE13_492,1006,false,
87175,ECDC_BE13_493,18,false,
87176,ECDC_BE13_494,627,false,
87177,ECDC_BE13_495,1006,false,
87178,ECDC_BE13_496,367,false,
87179,ECDC_BE13_497,18,false,
87180,ECDC_BE13_498,16,false,
87181,ECDC_BE13_499,18,false,
87182,ECDC_CY13_002,16,false,
87183,ECDC_CY13_003,16,false,
87184,ECDC_CY13_004,16,false,
87185,ECDC_CY13_005,2400,false,
87186,ECDC_CY13_006,18,false,
87187,ECDC_CY13_007,16,false,
87188,ECDC_CY13_009,16,false,
87189,ECDC_CY13_010,378,false,
87190,ECDC_DK13_454,632,false,
87191,ECDC_DK13_455,632,false,
87192,ECDC_DK13_456,18,false,
87193,ECDC_DK13_457,2375,false,
87194,ECDC_DK13_458,16,false,
87195,ECDC_DK13_459,2401,false,
87196,ECDC_DK13_460,367,false,
87197,ECDC_DK13_461,636,false,
87198,ECDC_DK13_462,367,false,
87199,ECDC_DK13_463,1006,false,
87200,ECDC_DK13_464,657,false,
87201,ECDC_DK13_465,18,false,
87202,ECDC_DK13_466,16,false,
87203,ECDC_DK13_467,18,false,
87204,ECDC_DK13_468,2401,false,
87205,ECDC_DK13_469,367,false,
87206,ECDC_DK13_470,16,false,
87207,ECDC_DK13_471,632,false,
87208,ECDC_DK13_472,18,false,
87209,ECDC_DK13_473,21,false,
87210,ECDC_DK13_475,632,false,
87211,ECDC_DK13_476,16,false,
87212,ECDC_DK13_477,18,false,
87213,ECDC_DK13_478,16,false,
87214,ECDC_DK13_479,16,false,
87215,ECDC_DK13_480,628,false,
87216,ECDC_DK13_482,16,false,
87217,ECDC_DK13_483,1006,false,
87218,ECDC_DK13_484,21,false,
87219,ECDC_DK13_485,1006,false,
87220,ECDC_DK13_486,657,false,
87221,ECDC_DK13_487,1006,false,
87222,ECDC_DK13_488,632,false,
87223,ECDC_DK13_489,1006,false,
87224,ECDC_DK13_490,367,false,
87225,ECDC_DK13_491,18,false,
87226,ECDC_DK13_492,18,false,
87227,ECDC_DK13_493,632,false,
87228,ECDC_DK13_494,841,false,
87229,ECDC_DK13_495,841,false,
87230,ECDC_DK13_496,18,false,
87231,ECDC_DK13_497,632,false,
87232,ECDC_DK13_498,16,false,
87233,ECDC_DK13_499,21,false,
87234,ECDC_DK13_500,632,false,
87235,ECDC_DK13_501,632,false,
87236,ECDC_DK13_502,16,false,
87237,ECDC_DK13_503,632,false,
87238,ECDC_DK13_504,1006,false,
87239,ECDC_DK13_505,367,false,
87240,ECDC_DK13_506,1006,false,
87241,ECDC_DK13_507,632,false,
87242,ECDC_DK13_508,16,false,
87243,ECDC_DK13_509,23,false,
87244,ECDC_DK13_510,367,false,
87245,ECDC_ES001,,false,
87246,ECDC_ES002,1006,false,
87247,ECDC_ES003,18,false,
87248,ECDC_ES004,627,false,
87249,ECDC_ES005,16,false,
87250,ECDC_ES006,627,false,
87251,ECDC_ES007,16,false,
87252,ECDC_ES009,367,false,
87253,ECDC_ES010,16,false,
87254,ECDC_ES011,,false,
87255,ECDC_ES012,1006,false,
87256,ECDC_ES013,367,false,
87257,ECDC_ES014,16,false,
87258,ECDC_ES015,16,false,
87259,ECDC_ES016,16,false,
87260,ECDC_ES017,841,false,
87261,ECDC_ES018,18,false,
87262,ECDC_ES019,16,false,
87263,ECDC_ES020,22,false,
87264,ECDC_ES021,1006,false,
87265,ECDC_ES022,16,false,
87266,ECDC_ES023,21,false,
87267,ECDC_ES024,16,false,
87268,ECDC_ES025,16,false,
87269,ECDC_ES026,22,false,
87270,ECDC_ES027,367,false,
87271,ECDC_ES028,18,false,
87272,ECDC_ES029,666,false,
87273,ECDC_ES030,367,false,
87274,ECDC_ES031,378,false,
87275,ECDC_ES032,18,false,
87276,ECDC_ES033,1006,false,
87277,ECDC_ES034,18,false,
87278,ECDC_ES035,18,false,
87279,ECDC_ES037,367,false,
87280,ECDC_ES038,18,false,
87281,ECDC_ES039,18,false,
87282,ECDC_ES040,18,false,
87283,ECDC_ES041,18,false,
87284,ECDC_ES042,18,false,
87285,ECDC_ES043,16,false,
87286,ECDC_ES044,16,false,
87287,ECDC_ES045,21,false,
87288,ECDC_ES046,18,false,
87289,ECDC_ES047,18,false,
87290,ECDC_ES048,16,false,
87291,ECDC_ES049,367,false,
87292,ECDC_ES050,18,false,
87293,ECDC_ES051,1006,false,
87294,ECDC_ES052,,false,
87295,ECDC_ES053,636,false,
87296,ECDC_ES054,18,false,
87297,ECDC_ES055,16,false,
87298,ECDC_ES056,16,false,
87299,ECDC_ES057,2402,false,
87300,ECDC_ES058,16,false,
87301,ECDC_ES059,16,false,
87302,ECDC_FR13_056,367,false,
87303,ECDC_FR13_057,1006,false,
87304,ECDC_FR13_059,18,false,
87305,ECDC_FR13_060,18,false,
87306,ECDC_FR13_061,643,false,
87307,ECDC_FR13_062,16,false,
87308,ECDC_FR13_063,16,false,
87309,ECDC_FR13_064,16,false,
87310,ECDC_FR13_065,18,false,
87311,ECDC_FR13_066,16,false,
87312,ECDC_FR13_067,378,false,
87313,ECDC_FR13_068,843,false,
87314,ECDC_FR13_069,16,false,
87315,ECDC_FR13_070,367,false,
87316,ECDC_FR13_071,21,false,
87317,ECDC_FR13_072,18,false,
87318,ECDC_FR13_073,16,false,
87319,ECDC_FR13_074,18,false,
87320,ECDC_FR13_075,367,false,
87321,ECDC_FR13_076,18,false,
87322,ECDC_FR13_077,21,false,
87323,ECDC_FR13_078,16,false,
87324,ECDC_FR13_079,22,false,
87325,ECDC_FR13_080,636,false,
87326,ECDC_FR13_081,367,false,
87327,ECDC_FR13_082,22,false,
87328,ECDC_FR13_083,367,false,
87329,ECDC_FR13_084,16,false,
87330,ECDC_FR13_085,644,false,
87331,ECDC_FR13_086,666,false,
87332,ECDC_FR13_087,367,false,
87333,ECDC_FR13_088,367,false,
87334,ECDC_FR13_089,1006,false,
87335,ECDC_FR13_090,367,false,
87336,ECDC_FR13_091,22,false,
87337,ECDC_FR13_092,18,false,
87338,ECDC_FR13_093,367,false,
87339,ECDC_FR13_094,1006,false,
87340,ECDC_FR13_095,1122,false,
87341,ECDC_FR13_096,666,false,
87342,ECDC_FR13_097,367,false,
87343,ECDC_FR13_098,18,false,
87344,ECDC_FR13_099,18,false,
87345,ECDC_FR13_100,367,false,
87346,ECDC_FR13_101,367,false,
87347,ECDC_FR13_102,16,false,
87348,ECDC_FR13_103,18,false,
87349,ECDC_FR13_104,18,false,
87350,ECDC_FR13_105,1006,false,
87351,ECDC_FR13_106,21,false,
87352,ECDC_FR13_107,21,false,
87353,ECDC_FR13_108,21,false,
87354,ECDC_FR13_109,16,false,
87355,ECDC_FR13_110,18,false,
87356,ECDC_FR13_111,18,false,
87357,ECDC_FR13_112,1006,false,
87358,ECDC_FR13_113,18,false,
87359,ECDC_GC_058,16,false,
87360,ECDC_GC_059,2375,false,
87361,ECDC_GC_060,1006,false,
87362,ECDC_GC_061,18,false,
87363,ECDC_GC_062,16,false,
87364,ECDC_GC_063,16,false,
87365,ECDC_GC_064,2375,false,
87366,ECDC_GC_065,367,false,
87367,ECDC_GC_066,18,false,
87368,ECDC_GC_067,369,false,
87369,ECDC_GC_068,18,false,
87370,ECDC_GC_069,18,false,
87371,ECDC_GC_070,367,false,
87372,ECDC_GC_071,18,false,
87373,ECDC_GC_072,18,false,
87374,ECDC_GC_073,18,false,
87375,ECDC_GC_074,657,false,
87376,ECDC_GC_075,16,false,
87377,ECDC_GC_076,1006,false,
87378,ECDC_GC_077,18,false,
87379,ECDC_GC_078,18,false,
87380,ECDC_GC_079,1006,false,
87381,ECDC_GC_080,1006,false,
87382,ECDC_GC_081,367,false,
87383,ECDC_GC_082,18,false,
87384,ECDC_GC_083,627,false,
87385,ECDC_GC_084,21,false,
87386,ECDC_GC_085,16,false,
87387,ECDC_GC_086,16,false,
87388,ECDC_GC_087,16,false,
87389,ECDC_GC_088,18,false,
87390,ECDC_GC_089,16,false,
87391,ECDC_GC_090,16,false,
87392,ECDC_GC_091,1006,false,
87393,ECDC_GC_092,21,false,
87394,ECDC_GC_093,18,false,
87395,ECDC_GC_094,18,false,
87396,ECDC_GC_095,22,false,
87397,ECDC_GC_096,16,false,
87398,ECDC_GC_097,18,false,
87399,ECDC_GC_098,627,false,
87400,ECDC_GC_099,18,false,
87401,ECDC_GC_100,16,false,
87402,ECDC_GC_101,21,false,
87403,ECDC_GC_102,21,false,
87404,ECDC_GC_103,18,false,
87405,ECDC_GC_104,367,false,
87406,ECDC_GC_105,21,false,
87407,ECDC_GC_106,632,false,
87408,ECDC_GC_107,18,false,
87409,ECDC_GC_108,18,false,
87410,ECDC_GC_109,18,false,
87411,ECDC_GC_110,21,false,
87412,ECDC_GC_111,16,false,
87413,ECDC_GC_112,16,false,
87414,ECDC_GE13_056,2403,false,
87415,ECDC_GE13_057,16,false,
87416,ECDC_GE13_058,16,false,
87417,ECDC_GE13_059,16,false,
87418,ECDC_GE13_062,16,false,
87419,ECDC_GE13_063,627,false,
87420,ECDC_GE13_064,16,false,
87421,ECDC_GE13_065,1006,false,
87422,ECDC_GE13_066,16,false,
87423,ECDC_GE13_067,16,false,
87424,ECDC_GE13_068,23,false,
87425,ECDC_GE13_071,1006,false,
87426,ECDC_GE13_072,1006,false,
87427,ECDC_GE13_073,841,false,
87428,ECDC_GE13_074,378,false,
87429,ECDC_GE13_075,16,false,
87430,ECDC_GE13_076,18,false,
87431,ECDC_GE13_077,16,false,
87432,ECDC_GE13_078,18,false,
87433,ECDC_GE13_079,18,false,
87434,ECDC_GE13_080,18,false,
87435,ECDC_GE13_081,1006,false,
87436,ECDC_GE13_082,18,false,
87437,ECDC_GE13_083,18,false,
87438,ECDC_GE13_084,1006,false,
87439,ECDC_GE13_085,16,false,
87440,ECDC_GE13_086,369,false,
87441,ECDC_GE13_087,369,false,
87442,ECDC_GE13_088,367,false,
87443,ECDC_GE13_089,369,false,
87444,ECDC_GE13_090,627,false,
87445,ECDC_GE13_092,18,false,
87446,ECDC_GE13_093,22,false,
87447,ECDC_GE13_094,16,false,
87448,ECDC_GE13_095,22,false,
87449,ECDC_GE13_096,18,false,
87450,ECDC_GE13_098,16,false,
87451,ECDC_GE13_099,627,false,
87452,ECDC_GE13_100,369,false,
87453,ECDC_GE13_102,627,false,
87454,ECDC_GE13_104,1006,false,
87455,ECDC_GE13_105,18,false,
87456,ECDC_GE13_106,1006,false,
87457,ECDC_GE13_107,367,false,
87458,ECDC_GE13_108,367,false,
87459,ECDC_GE13_109,1006,false,
87460,ECDC_GE13_111,367,false,
87461,ECDC_GR13026,21,false,
87462,ECDC_GR13027,16,false,
87463,ECDC_GR13028,16,false,
87464,ECDC_GR13029,21,false,
87465,ECDC_GR13030,21,false,
87466,ECDC_GR13031,21,false,
87467,ECDC_GR13032,16,false,
87468,ECDC_GR13033,16,false,
87469,ECDC_GR13034,21,false,
87470,ECDC_GR13035,16,false,
87471,ECDC_GR13036,16,false,
87472,ECDC_GR13037,18,false,
87473,ECDC_GR13038,367,false,
87474,ECDC_GR13039,21,false,
87475,ECDC_GR13040,21,false,
87476,ECDC_GR13041,16,false,
87477,ECDC_GR13043,16,false,
87478,ECDC_GR13044,16,false,
87479,ECDC_GR13045,16,false,
87480,ECDC_GR13046,16,false,
87481,ECDC_GR13047,367,false,
87482,ECDC_GR13048,16,false,
87483,ECDC_GR13049,21,false,
87484,ECDC_GR13050,21,false,
87485,ECDC_GR13051,16,false,
87486,ECDC_GR13052,21,false,
87487,ECDC_GR13053,16,false,
87488,ECDC_GR13054,18,false,
87489,ECDC_GR13055,21,false,
87490,ECDC_GR13056,18,false,
87491,ECDC_GR13057,18,false,
87492,ECDC_GR13058,1006,false,
87493,ECDC_GR13059,367,false,
87494,ECDC_GR13060,367,false,
87495,ECDC_GR13061,21,false,
87496,ECDC_GR13062,367,false,
87497,ECDC_GR13064,18,false,
87498,ECDC_GR13065,367,false,
87499,ECDC_GR13066,21,false,
87500,ECDC_GR13067,18,false,
87501,ECDC_GR13068,21,false,
87502,ECDC_GR13069,16,false,
87503,ECDC_GR13070,666,false,
87504,ECDC_GR13071,367,false,
87505,ECDC_GR13072,2404,false,
87506,ECDC_GR13073,21,false,
87507,ECDC_GR13074,367,false,
87508,ECDC_GR13075,367,false,
87509,ECDC_HU13_044,16,false,
87510,ECDC_HU13_047,16,false,
87511,ECDC_HU13_048,627,false,
87512,ECDC_HU13_049,16,false,
87513,ECDC_HU13_050,18,false,
87514,ECDC_HU13_052,367,false,
87515,ECDC_HU13_053,367,false,
87516,ECDC_HU13_054,16,false,
87517,ECDC_HU13_055,16,false,
87518,ECDC_HU13_056,635,false,
87519,ECDC_HU13_057,16,false,
87520,ECDC_HU13_058,16,false,
87521,ECDC_HU13_059,21,false,
87522,ECDC_HU13_060,841,false,
87523,ECDC_HU13_061,627,false,
87524,ECDC_HU13_062,627,false,
87525,ECDC_HU13_063,16,false,
87526,ECDC_HU13_064,367,false,
87527,ECDC_HU13_065,16,false,
87528,ECDC_HU13_066,367,false,
87529,ECDC_HU13_067,16,false,
87530,ECDC_HU13_068,367,false,
87531,ECDC_HU13_069,16,false,
87532,ECDC_HU13_070,21,false,
87533,ECDC_HU13_071,635,false,
87534,ECDC_HU13_072,635,false,
87535,ECDC_HU13_073,16,false,
87536,ECDC_HU13_076,18,false,
87537,ECDC_HU13_077,1006,false,
87538,ECDC_HU13_078,627,false,
87539,ECDC_HU13_079,18,false,
87540,ECDC_HU13_080,18,false,
87541,ECDC_HU13_082,21,false,
87542,ECDC_HU13_083,16,false,
87543,ECDC_HU13_084,16,false,
87544,ECDC_HU13_086,16,false,
87545,ECDC_HU13_087,18,false,
87546,ECDC_HU13_088,1122,false,
87547,ECDC_HU13_089,16,false,
87548,ECDC_HU13_090,16,false,
87549,ECDC_HU13_091,16,false,
87550,ECDC_HU13_092,2375,false,
87551,ECDC_HU13_093,21,false,
87552,ECDC_HU13_094,18,false,
87553,ECDC_HU13_095,367,false,
87554,ECDC_HU13_096,16,false,
87555,ECDC_HU13_097,18,false,
87556,ECDC_HU13_098,16,false,
87557,ECDC_IT2914,16,false,
87558,ECDC_IT2926,1006,false,
87559,ECDC_IT2927,,false,
87560,ECDC_IT2930,16,false,
87561,ECDC_IT2931,1006,false,
87562,ECDC_IT2933,1006,false,
87563,ECDC_IT2934,1006,false,
87564,ECDC_IT2935,1006,false,
87565,ECDC_IT2943,1006,false,
87566,ECDC_IT2944,21,false,
87567,ECDC_IT2945,18,false,
87568,ECDC_IT2951,18,false,
87569,ECDC_IT2952,16,false,
87570,ECDC_IT2953,367,false,
87571,ECDC_IT2954,18,false,
87572,ECDC_IT2955,1006,false,
87573,ECDC_IT2956,16,false,
87574,ECDC_IT2967,16,false,
87575,ECDC_IT2968,,false,
87576,ECDC_IT2969,367,false,
87577,ECDC_IT2970,16,false,
87578,ECDC_IT2972,1006,false,
87579,ECDC_IT2974,1006,false,
87580,ECDC_IT2975,18,false,
87581,ECDC_IT2979,18,false,
87582,ECDC_IT2980,1006,false,
87583,ECDC_LV13_001,18,false,
87584,ECDC_LV13_003,18,false,
87585,ECDC_LV13_004,18,false,
87586,ECDC_LV13_005,18,false,
87587,ECDC_LV13_006,627,false,
87588,ECDC_LV13_007,18,false,
87589,ECDC_LV13_008,18,false,
87590,ECDC_LV13_009,18,false,
87591,ECDC_LV13_010,18,false,
87592,ECDC_LV13_011,18,false,
87593,ECDC_LV13_012,18,false,
87594,ECDC_LV13_013,16,false,
87595,ECDC_LV13_014,16,false,
87596,ECDC_LV13_015,18,false,
87597,ECDC_LV13_016,18,false,
87598,ECDC_LV13_017,16,false,
87599,ECDC_LV13_018,18,false,
87600,ECDC_LV13_019,16,false,
87601,ECDC_LV13_020,18,false,
87602,ECDC_LV13_021,18,false,
87603,ECDC_LV13_022,369,false,
87604,ECDC_LV13_023,627,false,
87605,ECDC_LV13_024,18,false,
87606,ECDC_LV13_025,633,false,
87607,ECDC_LV13_026,1006,false,
87608,ECDC_LV13_027,1006,false,
87609,ECDC_LV13_028,18,false,
87610,ECDC_LV13_029,18,false,
87611,ECDC_LV13_030,16,false,
87612,ECDC_LV13_031,18,false,
87613,ECDC_LV13_032,18,false,
87614,ECDC_LV13_033,627,false,
87615,ECDC_LV13_034,18,false,
87616,ECDC_LV13_035,627,false,
87617,ECDC_LV13_036,627,false,
87618,ECDC_LV13_037,18,false,
87619,ECDC_LV13_038,627,false,
87620,ECDC_LV13_039,18,false,
87621,ECDC_MT13_001,1006,false,
87622,ECDC_MT13_002,367,false,
87623,ECDC_MT13_003,16,false,
87624,ECDC_MT13_008,,false,
87625,ECDC_MT13_009,1006,false,
87626,ECDC_MT13_010,367,false,
87627,ECDC_MT13_012,1006,false,
87628,ECDC_MT13_013,1006,false,
87629,ECDC_MT13_015,1006,false,
87630,ECDC_MT13_016,367,false,
87631,ECDC_MT13_017,16,false,
87632,ECDC_MT13_019,16,false,
87633,ECDC_MT13_020,16,false,
87634,ECDC_MT13_021,1006,false,
87635,ECDC_MT13_022,1006,false,
87636,ECDC_MT13_025,1006,false,
87637,ECDC_MT13_026,367,false,
87638,ECDC_MT13_028,1006,false,
87639,ECDC_MT13_030,3354,false,
87640,ECDC_MT13_031,1006,false,
87641,ECDC_NL1,18,false,
87642,ECDC_NL10,21,false,
87643,ECDC_NL13,18,false,
87644,ECDC_NL14,1006,false,
87645,ECDC_NL15,18,false,
87646,ECDC_NL16,1006,false,
87647,ECDC_NL17,16,false,
87648,ECDC_NL18,18,false,
87649,ECDC_NL2,1006,false,
87650,ECDC_NL20,16,false,
87651,ECDC_NL21,18,false,
87652,ECDC_NL22,1006,false,
87653,ECDC_NL23,18,false,
87654,ECDC_NL24,633,false,
87655,ECDC_NL25,367,false,
87656,ECDC_NL26,367,false,
87657,ECDC_NL27,1006,false,
87658,ECDC_NL28,1006,false,
87659,ECDC_NL29,1006,false,
87660,ECDC_NL3,1006,false,
87661,ECDC_NL30,367,false,
87662,ECDC_NL31,1006,false,
87663,ECDC_NL32,18,false,
87664,ECDC_NL33,18,false,
87665,ECDC_NL35,367,false,
87666,ECDC_NL36,18,false,
87667,ECDC_NL37,367,false,
87668,ECDC_NL38,636,false,
87669,ECDC_NL39,18,false,
87670,ECDC_NL4,18,false,
87671,ECDC_NL41,666,false,
87672,ECDC_NL42,627,false,
87673,ECDC_NL43,1006,false,
87674,ECDC_NL44,678,false,
87675,ECDC_NL45,367,false,
87676,ECDC_NL46,3484,false,
87677,ECDC_NL47,18,false,
87678,ECDC_NL49,367,false,
87679,ECDC_NL5,18,false,
87680,ECDC_NL51,22,false,
87681,ECDC_NL54,18,false,
87682,ECDC_NL57,678,false,
87683,ECDC_NL6,22,false,
87684,ECDC_NL60,22,false,
87685,ECDC_NL62,16,false,
87686,ECDC_NL63,16,false,
87687,ECDC_NL65,22,false,
87688,ECDC_NL68,666,false,
87689,ECDC_NL69,22,false,
87690,ECDC_NL7,18,false,
87691,ECDC_NL70,367,false,
87692,ECDC_NL71,18,false,
87693,ECDC_NL72,1006,false,
87694,ECDC_NL74,18,false,
87695,ECDC_NL75,18,false,
87696,ECDC_NL78,367,false,
87697,ECDC_NL79,18,false,
87698,ECDC_NL8,18,false,
87699,ECDC_NL81,18,false,
87700,ECDC_NL82,1006,false,
87701,ECDC_NL84,666,false,
87702,ECDC_NL85,18,false,
87703,ECDC_NL86,367,false,
87704,ECDC_NL87,18,false,
87705,ECDC_NL89,1006,false,
87706,ECDC_NL9,367,false,
87707,ECDC_PT13_001,18,false,
87708,ECDC_PT13_002,,false,
87709,ECDC_PT13_004,18,false,
87710,ECDC_PT13_005,18,false,
87711,ECDC_PT13_006,18,false,
87712,ECDC_PT13_007,16,false,
87713,ECDC_PT13_008,367,false,
87714,ECDC_PT13_009,18,false,
87715,ECDC_PT13_010,18,false,
87716,ECDC_PT13_012,16,false,
87717,ECDC_PT13_013,3354,false,
87718,ECDC_PT13_014,3354,false,
87719,ECDC_PT13_015,18,false,
87720,ECDC_PT13_016,18,false,
87721,ECDC_PT13_017,1006,false,
87722,ECDC_PT13_018,21,false,
87723,ECDC_PT13_019,367,false,
87724,ECDC_PT13_020,18,false,
87725,ECDC_PT13_021,3354,false,
87726,ECDC_PT13_022,16,false,
87727,ECDC_PT13_023,18,false,
87728,ECDC_PT13_024,16,false,
87729,ECDC_PT13_025,636,false,
87730,ECDC_PT13_026,367,false,
87731,ECDC_PT13_027,22,false,
87732,ECDC_PT13_028,3354,false,
87733,ECDC_PT13_029,22,false,
87734,ECDC_PT13_030,636,false,
87735,ECDC_PT13_031,367,false,
87736,ECDC_PT13_032,18,false,
87737,ECDC_PT13_033,18,false,
87738,ECDC_PT13_034,16,false,
87739,ECDC_PT13_035,2405,false,
87740,ECDC_PT13_036,16,false,
87741,ECDC_PT13_037,627,false,
87742,ECDC_PT13_039,3354,false,
87743,ECDC_PT13_040,18,false,
87744,ECDC_PT13_041,1006,false,
87745,ECDC_PT13_042,666,false,
87746,ECDC_PT13_043,4167,false,
87747,ECDC_PT13_044,636,false,
87748,ECDC_PT13_045,16,false,
87749,ECDC_PT13_046,16,false,
87750,ECDC_PT13_047,16,false,
87751,ECDC_PT13_048,3354,false,
87752,ECDC_PT13_049,16,false,
87753,ECDC_PT13_050,16,false,
87754,ECDC_PT13_052,,false,
87755,ECDC_PT13_053,16,false,
87756,ECDC_PT13_054,16,false,
87757,ECDC_PT13_055,16,false,
87758,ECDC_PT13_056,16,false,
87759,ECDC_PT13_057,3354,false,
87760,ECDC_PT13_059,636,false,
87761,ECDC_PT13_060,18,false,
87762,ECDC_PT13_061,,false,
87763,ECDC_PT13_062,3354,false,
87764,ECDC_PT13_063,16,false,
87765,ECDC_PT13_064,644,false,
87766,ECDC_PT13_065,16,false,
87767,ECDC_PT13_066,3354,false,
87768,ECDC_PT13_067,18,false,
87769,ECDC_PT13_068,16,false,
87770,ECDC_PT13_069,367,false,
87771,ECDC_PT13_070,21,false,
87772,ECDC_PT13_071,,false,
87773,ECDC_PT13_072,16,false,
87774,ECDC_PT13_074,367,false,
87775,ECDC_PT13_075,,false,
87776,ECDC_PT13_076,1006,false,
87777,ECDC_PT13_077,3354,false,
87778,ECDC_PT13_078,18,false,
87779,ECDC_PT13_079,18,false,
87780,ECDC_PT13_080,18,false,
87781,ECDC_PT13_081,4167,false,
87782,ECDC_PT13_082,3354,false,
87783,ECDC_PT13_083,16,false,
87784,ECDC_PT13_084,16,false,
87785,ECDC_PT13_085,16,false,
87786,ECDC_PT13_086,,false,
87787,ECDC_PT13_087,16,false,
87788,ECDC_PT13_088,22,false,
87789,ECDC_PT13_089,18,false,
87790,ECDC_PT13_090,16,false,
87791,ECDC_PT13_091,644,false,
87792,ECDC_PT13_092,16,false,
87793,ECDC_PT13_093,16,false,
87794,ECDC_PT13_094,18,false,
87795,ECDC_PT13_095,666,false,
87796,ECDC_PT13_096,18,false,
87797,ECDC_PT13_098,18,false,
87798,ECDC_PT13_099,18,false,
87799,ECDC_PT13_100,378,false,
87800,ECDC_PT13_101,666,false,
87801,ECDC_PT13_102,18,false,
87802,ECDC_PT13_103,627,false,
87803,ECDC_PT13_104,367,false,
87804,ECDC_PT13_105,18,false,
87805,ECDC_PT13_106,22,false,
87806,ECDC_PT13_107,18,false,
87807,ECDC_PT13_108,636,false,
87808,ECDC_PT13_109,18,false,
87809,ECDC_PT13_110,3354,false,
87810,ECDC_PT13_111,18,false,
87811,ECDC_PT13_112,21,false,
87812,ECDC_PT13_115,1006,false,
87813,ECDC_PT13_116,1006,false,
87814,ECDC_PT13_118,3354,false,
87815,ECDC_RB13000536,367,false,
87816,ECDC_RB13000537,1006,false,
87817,ECDC_RB13000567,367,false,
87818,ECDC_RB13000568,367,false,
87819,ECDC_RB13000570,1006,false,
87820,ECDC_RB13000571,2406,false,
87821,ECDC_RB13000572,18,false,
87822,ECDC_RB13000573,657,false,
87823,ECDC_RB13000574,657,false,
87824,ECDC_RB13000575,1006,false,
87825,ECDC_RB13001465,367,false,
87826,ECDC_RB13001466,22,false,
87827,ECDC_RB13001468,657,false,
87828,ECDC_RB13001469,22,false,
87829,ECDC_RB13001471,18,false,
87830,ECDC_RB13001472,657,false,
87831,ECDC_RB13001473,18,false,
87832,ECDC_RB13001474,22,false,
87833,ECDC_RB13001516,22,false,
87834,ECDC_RB13001545,1006,false,
87835,ECDC_RB13001546,22,false,
87836,ECDC_RB13001547,367,false,
87837,ECDC_RB13001550,22,false,
87838,ECDC_RB13001559,1006,false,
87839,ECDC_RB13001571,367,false,
87840,ECDC_RB13001572,369,false,
87841,ECDC_RB13001573,367,false,
87842,ECDC_RB13001574,666,false,
87843,ECDC_RB13001584,1006,false,
87844,ECDC_RB13001585,18,false,
87845,ECDC_RB13001661,16,false,
87846,ECDC_RB13001669,16,false,
87847,ECDC_RB13001678,1006,false,
87848,ECDC_RB13001679,18,false,
87849,ECDC_RB13001691,18,false,
87850,ECDC_RB13001695,22,false,
87851,ECDC_RB13001950,367,false,
87852,ECDC_RB13001951,1006,false,
87853,ECDC_RB13001952,367,false,
87854,ECDC_RB13001954,18,false,
87855,ECDC_RB13001955,367,false,
87856,ECDC_RB13001956,18,false,
87857,ECDC_RB13001957,657,false,
87858,ECDC_RB13001958,18,false,
87859,ECDC_RB13001959,1006,false,
87860,ECDC_RB13001960,1006,false,
87861,ECDC_RB13001961,1006,false,
87862,ECDC_RB13001962,18,false,
87863,ECDC_RB13001963,1006,false,
87864,ECDC_RB13001964,367,false,
87865,ECDC_RB13001965,16,false,
87866,ECDC_RB13001967,16,false,
87867,ECDC_RB13001969,18,false,
87868,ECDC_RB13001970,378,false,
87869,ECDC_RB13001971,666,false,
87870,ECDC_RB13001972,18,false,
87871,ECDC_RB13001973,367,false,
87872,ECDC_RB13001975,666,false,
87873,ECDC_RB13001976,18,false,
87874,ECDC_RB13001978,367,false,
87875,ECDC_RB13001979,18,false,
87876,ECDC_RB13001980,367,false,
87877,ECDC_RB13001981,666,false,
87878,ECDC_RB13001982,666,false,
87879,ECDC_RB13001983,824,false,
87880,ECDC_RB13001985,18,false,
87881,ECDC_RB13001986,666,false,
87882,ECDC_RB13001987,1006,false,
87883,ECDC_RB13001989,367,false,
87884,ECDC_RB13001990,18,false,
87885,ECDC_RB13001991,18,false,
87886,ECDC_RB13001992,367,false,
87887,ECDC_RB13001993,666,false,
87888,ECDC_RB13001994,1006,false,
87889,ECDC_RB13001995,367,false,
87890,ECDC_RB13001996,1006,false,
87891,ECDC_RB13001997,18,false,
87892,ECDC_RB13001998,367,false,
87893,ECDC_RB13001999,1006,false,
87894,ECDC_RB13002019,627,false,
87895,ECDC_RB13002064,367,false,
87896,ECDC_RB13002065,367,false,
87897,ECDC_RB13002066,22,false,
87898,ECDC_RB13002081,22,false,
87899,ECDC_RB13002115,22,false,
87900,ECDC_RB13002116,22,false,
87901,ECDC_RB13002130,2364,false,
87902,ECDC_RB13002142,16,false,
87903,ECDC_RB13002150,657,false,
87904,ECDC_RB13002151,636,false,
87905,ECDC_RB13002200,3354,false,
87906,ECDC_RB13002201,22,false,
87907,ECDC_RB13002204,22,false,
87908,ECDC_RB13002208,1006,false,
87909,ECDC_RB13002252,22,false,
87910,ECDC_RB13002254,1006,false,
87911,ECDC_RB13002255,2407,false,
87912,ECDC_RB13002308,367,false,
87913,ECDC_RB13002309,22,false,
87914,ECDC_RB13002310,1006,false,
87915,ECDC_RB13002311,1006,false,
87916,ECDC_RB13002323,636,false,
87917,ECDC_RB13002324,22,false,
87918,ECDC_RB13002397,1006,false,
87919,ECDC_RB13002398,367,false,
87920,ECDC_RB13002399,16,false,
87921,ECDC_SE13_051,16,false,
87922,ECDC_SE13_052,2408,false,
87923,ECDC_SE13_053,16,false,
87924,ECDC_SE13_054,16,false,
87925,ECDC_SE13_055,367,false,
87926,ECDC_SE13_056,2408,false,
87927,ECDC_SE13_057,18,false,
87928,ECDC_SE13_058,367,false,
87929,ECDC_SE13_059,16,false,
87930,ECDC_SE13_060,2408,false,
87931,ECDC_SE13_061,2409,false,
87932,ECDC_SE13_062,824,false,
87933,ECDC_SE13_063,16,false,
87934,ECDC_SE13_064,21,false,
87935,ECDC_SE13_065,16,false,
87936,ECDC_SE13_066,3354,false,
87937,ECDC_SE13_067,18,false,
87938,ECDC_SE13_068,16,false,
87939,ECDC_SE13_069,16,false,
87940,ECDC_SE13_070,18,false,
87941,ECDC_SE13_071,1006,false,
87942,ECDC_SE13_072,1006,false,
87943,ECDC_SE13_073,16,false,
87944,ECDC_SE13_074,2408,false,
87945,ECDC_SE13_075,16,false,
87946,ECDC_SE13_076,2409,false,
87947,ECDC_SE13_077,1006,false,
87948,ECDC_SE13_078,2408,false,
87949,ECDC_SE13_079,18,false,
87950,ECDC_SE13_080,18,false,
87951,ECDC_SE13_081,16,false,
87952,ECDC_SE13_082,18,false,
87953,ECDC_SE13_083,16,false,
87954,ECDC_SE13_084,16,false,
87955,ECDC_SE13_085,16,false,
87956,ECDC_SE13_086,3354,false,
87957,ECDC_SE13_087,16,false,
87958,ECDC_SE13_088,16,false,
87959,ECDC_SE13_089,1006,false,
87960,ECDC_SE13_090,1006,false,
87961,ECDC_SE13_091,18,false,
87962,ECDC_SE13_092,18,false,
87963,ECDC_SE13_093,367,false,
87964,ECDC_SE13_094,1006,false,
87965,ECDC_SE13_095,367,false,
87966,ECDC_SE13_096,1122,false,
87967,ECDC_SE13_097,3354,false,
87968,ECDC_SE13_098,367,false,
87969,ECDC_SE13_099,1006,false,
87970,ECDC_SE13_100,16,false,
87971,ECDC_SI13_020,1006,false,
87972,ECDC_SI13_021,367,false,
87973,ECDC_SI13_022,18,false,
87974,ECDC_SI13_023,18,false,
87975,ECDC_SI13_024,18,false,
87976,ECDC_SI13_025,18,false,
87977,ECDC_SI13_026,16,false,
87978,ECDC_SI13_027,18,false,
87979,ECDC_SI13_028,367,false,
87980,ECDC_SI13_029,18,false,
87981,ECDC_SI13_030,18,false,
87982,ECDC_SI13_031,22,false,
87983,ECDC_SI13_032,22,false,
87984,ECDC_SI13_033,18,false,
87985,ECDC_SI13_034,628,false,
87986,ECDC_SI13_035,18,false,
87987,ECDC_SI13_036,18,false,
87988,ECDC_SI13_037,18,false,
87989,ECDC_SI13_038,1006,false,
87990,ECDC_SI13_039,21,false,
87991,ECDC_SI13_040,18,false,
87992,ECDC_SI13_041,18,false,
87993,ECDC_SI13_043,18,false,
87994,ECDC_SI13_045,18,false,
87995,ECDC_SI13_046,18,false,
87996,ECDC_SI13_047,18,false,
87997,ECDC_SI13_048,18,false,
87998,ECDC_SI13_049,16,false,
87999,ECDC_SI13_052,657,false,
88000,ECDC_SI13_053,18,false,
88001,ECDC_SI13_055,18,false,
88002,ECDC_SI13_057,18,false,
88003,ECDC_SI13_059,18,false,
88004,ECDC_SI13_060,,false,
88005,ECDC_SI13_061,628,false,
88006,ECDC_SI13_062,23,false,
88007,ECDC_SI13_063,16,false,
88008,ECDC_SI13_064,16,false,
88009,ECDC_SI13_065,23,false,
88010,ECDC_SI13_066,23,false,
88011,ECDC_SI13_067,23,false,
88012,ECDC_SI13_068,16,false,
88013,ECDC_SI13_069,627,false,
88014,ECDC_SI13_070,628,false,
88015,ECDC_SI13_071,23,false,
88016,ECDC_SI13_072,23,false,
88017,ECDC_SI13_073,628,false,
88018,ECDC_SI13_074,16,false,
88019,ECDC_SI13_075,628,false,
88020,ECDC_SI13_076,23,false,
88021,ECDC_SI13_077,18,false,
88022,ECDC_SI13_079,18,false,
88023,ECDC_SI13_080,628,false,
88024,ECDC_SI13_081,378,false,
88025,ECDC_SK13_057,18,false,
88026,ECDC_SK13_058,369,false,
88027,ECDC_SK13_059,369,false,
88028,ECDC_SK13_060,369,false,
88029,ECDC_SK13_061,1006,false,
88030,ECDC_SK13_062,16,false,
88031,ECDC_SK13_063,16,false,
88032,ECDC_SK13_064,1006,false,
88033,ECDC_SK13_065,16,false,
88034,ECDC_SK13_066,369,false,
88035,ECDC_SK13_067,16,false,
88036,ECDC_SK13_068,16,false,
88037,ECDC_SK13_069,16,false,
88038,ECDC_SK13_070,628,false,
88039,ECDC_SK13_071,628,false,
88040,ECDC_SK13_072,16,false,
88041,ECDC_SK13_082,628,false,
88042,ECDC_SK13_083,628,false,
88043,ECDC_SK13_084,16,false,
88044,ECDC_SK13_085,16,false,
88045,ECDC_SK13_086,627,false,
88046,ECDC_SK13_087,369,false,
88047,ECDC_SK13_088,628,false,
88048,ECDC_SK13_089,628,false,
88049,ECDC_SK13_098,16,false,
88050,ECDC_SK13_100,16,false,
88051,ECDC_SK13_101,628,false,
88052,ECDC_SK13_102,628,false,
88053,ECDC_SK13_103,16,false,
88054,ECDC_SK13_104,1006,false,
88055,ECDC_SK13_105,18,false,
88056,ECDC_SK13_106,628,false,
88057,ECDC_SK13_107,628,false,
88058,ECDC_SK13_108,1006,false,
88059,ECDC_SK13_109,628,false,
88060,ECDC_SK13_110,21,false,
88061,ECDC_SK13_111,628,false,
88062,ECDC_SK13_112,16,false,
88063,ECDC_T2_ES001,22,false,
88064,ECDC_T2_ES002,16,false,
88065,ECDC_T2_ES003,378,false,
88066,ECDC_T2_ES004,18,false,
88067,ECDC_T2_ES005,644,false,
88068,ECDC_T2_ES006,18,false,
88069,ECDC_T2_ES007,4003,false,
88070,ECDC_T2_ES008,18,false,
88071,ECDC_T2_ES009,18,false,
88072,ECDC_T2_ES010,21,false,
88073,ECDC_T2_ES011,16,false,
88074,ECDC_T2_ES012,627,false,
88075,ECDC_T2_ES013,16,false,
88076,ECDC_T2_ES014,1006,false,
88077,ECDC_T2_ES015,16,false,
88078,ECDC_T2_ES016,18,false,
88079,ECDC_T2_ES017,367,false,
88080,ECDC_T2_ES018,1006,false,
88081,ECDC_T2_ES019,,false,
88082,ECDC_T2_ES020,,false,
88083,ECDC_T2_ES021,16,false,
88084,ECDC_T2_ES022,378,false,
88085,ECDC_T2_ES023,378,false,
88086,ECDC_T2_ES024,378,false,
88087,ECDC_T2_ES025,1006,false,
88088,ECDC_T2_ES026,367,false,
88089,ECDC_T2_ES027,628,false,
88090,ECDC_T2_ES028,18,false,
88091,ECDC_T2_ES029,22,false,
88092,ECDC_T2_ES030,18,false,
88093,ECDC_T2_ES031,,false,
88094,ECDC_T2_ES032,657,false,
88095,ECDC_T2_ES033,18,false,
88096,ECDC_T2_ES035,18,false,
88097,ECDC_T2_ES036,21,false,
88098,ECDC_T2_ES037,16,false,
88099,ECDC_T2_ES038,18,false,
88100,ECDC_T2_ES039,18,false,
88101,ECDC_T2_ES040,18,false,
88102,ECDC_T2_ES041,1006,false,
88103,ECDC_T2_ES042,18,false,
88104,ECDC_T2_ES043,666,false,
88105,ECDC_T2_ES044,22,false,
88106,ECDC_T2_ES045,21,false,
88107,ECDC_T2_ES046,18,false,
88108,ECDC_T2_ES047,21,false,
88109,ECDC_T2_ES048,16,false,
88110,ECDC_T2_ES049,1006,false,
88111,ECDC_T2_ES050,18,false,
88112,ECDC_T2_ES051,18,false,
88113,ECDC_T2_ES052,18,false,
88114,ECDC_T2_ES053,1006,false,
88115,ECDC_T2_ES054,21,false,
88116,ECDC_T2_ES055,666,false,
88117,ECDC_T2_ES056,16,false,
88118,ECDC_T2_ES057,21,false,
88119,ECDC_T2_ES058,18,false,
88120,ECDC_T2_ES059,21,false,
88121,ECDC_T2_ES060,21,false,
88122,DE13896,141,false,
88123,DE14311,49,false,
88124,DE14348,1,false,
88125,DE14350,1,false,
88126,DE14352,93,false,
88127,DE14353,62,false,
88128,DE14354,62,false,
88129,DE14355,93,false,
88130,DE14356,151,false,
88131,DE14357,93,false,
88132,DE14359,45,false,
88133,DE14360,274,false,
88134,DE14361,2443,false,
88135,DE14362,2444,false,
88136,DE14363,62,false,
88137,DE14364,2445,false,
88138,DE14365,49,false,
88139,DE14366,141,false,
88140,DE14367,45,false,
88141,DE14368,198,false,
88142,DE14369,141,false,
88143,DE14370,87,false,
88144,DE14371,3,false,
88145,DE14372,400,false,
88146,DE14373,65,false,
88147,DE14375,1,false,
88148,DE14376,93,false,
88149,DE14378,1,false,
88150,DE14379,1,false,
88151,DE14382,62,false,
88152,DE14384,978,false,
88153,DE14386,2446,false,
88154,DE14387,93,false,
88155,DE14388,1,false,
88156,DE14389,2447,false,
88157,DE14390,45,false,
88158,DE14391,257,false,
88159,DE14392,49,false,
88160,DE14394,262,false,
88161,DE14396,301,false,
88162,DE14397,45,false,
88163,DE14398,127,false,
88164,DE14400,49,false,
88165,DE14401,262,false,
88166,DE14402,2,false,
88167,DE14403,274,false,
88168,DE14404,262,false,
88169,DE14406,49,false,
88170,DE14407,67,false,
88171,DE14408,1730,false,
88172,DE14409,49,false,
88173,DE14410,93,false,
88174,DE14411,1156,false,
88175,DE14414,2448,false,
88176,DE14415,87,false,
88177,DE14418,49,false,
88178,DE14419,62,false,
88179,DE14420,141,false,
88180,DE14421,1,false,
88181,DE14422,460,false,
88182,DE14423,499,false,
88183,DE14424,1,false,
88184,DE14425,62,false,
88185,DE14426,1,false,
88186,DE14427,62,false,
88187,DE14428,45,false,
88188,DE14429,67,false,
88189,DE14430,569,false,
88190,DE14431,68,false,
88191,DE14433,148,false,
88192,DE14434,257,false,
88193,DE14435,257,false,
88196,N177,,false,
88197,N179,,false,
88198,N180,,false,
88199,N181,,false,
88200,BY_N.m052,,false,
88201,BY_N.m110,,false,
88202,19095,18,false,
88203,19156,18,false,
88204,19255,18,false,
88205,19328,16,false,
88206,19366,18,false,
88207,19398,18,false,
88208,19418,18,false,
88209,19432,18,false,
88210,19433,18,false,
88211,19439,18,false,
88212,19446,18,false,
88213,19486,18,false,
88214,19491,21,false,
88215,19492,18,false,
88216,19501,18,false,
88217,20359,18,false,
88218,20360,18,false,
88219,20869,18,false,
88220,20870,18,false,
88221,21280,18,false,
88222,21283,18,false,
88223,21295,16,false,
88224,21297,18,false,
88225,21414,18,false,
88226,21505,18,false,
88227,21631,5558,false,
88228,21648,18,false,
88229,21959,18,false,
88230,21960,18,false,
88231,22223,18,false,
88232,22247,18,false,
88233,22484,2527,false,
88234,23545,18,false,
88235,23814,18,false,
88236,24069,657,false,
88237,24201,18,false,
88238,25452,,false,
88239,26502,,false,
88240,26629,18,false,
88241,26748,18,false,
88242,26891,18,false,
88243,26967,2528,false,
88244,27040,,false,
88245,27046,18,false,
88246,27455,18,false,
88247,27632,16,false,
88248,27633,16,false,
88249,27924,18,false,
88250,28194,21,false,
88251,28759,18,false,
88252,29151,16,false,
88253,29362,18,false,
88254,30248,18,false,
88255,30374,16,false,
88256,30617,18,false,
88257,30978,375,false,
88258,31182,2529,false,
88259,31256,,false,
88260,31408,,false,
88261,31636,1598,false,
88262,31804,16,false,
88263,31812,16,false,
88264,31821,16,false,
88265,31822,16,false,
88266,32151,21,false,
88267,32402,4167,false,
88268,32648,16,false,
88269,32928,2375,false,
88270,32956,,false,
88271,33121,367,false,
88272,33128,367,false,
88273,33133,367,false,
88274,33136,367,false,
88275,33137,367,false,
88276,33144,367,false,
88277,33383,2375,false,
88278,33630,367,false,
88279,33632,367,false,
88280,33637,1006,false,
88281,33638,367,false,
88282,33647,367,false,
88283,33648,367,false,
88284,33660,2375,false,
88285,33759,1006,false,
88286,33815,1006,false,
88287,33817,1006,false,
88288,33825,1006,false,
88289,33858,1006,false,
88290,33890,1006,false,
88291,33904,16,false,
88292,33922,1006,false,
88293,33925,1006,false,
88294,33934,1006,false,
88295,33935,1006,false,
88296,33969,16,false,
88297,34099,,false,
88298,34106,367,false,
88299,34108,2530,false,
88300,34123,1006,false,
88301,34131,,false,
88302,34565,,false,
88303,34572,16,false,
88304,34600,1006,false,
88305,34605,1006,false,
88306,34615,1006,false,
88307,34639,16,false,
88308,34745,1006,false,
88309,34851,1006,false,
88310,35042,1006,false,
88311,35211,850,false,
88312,35410,21,false,
88313,35442,16,false,
88314,35443,16,false,
88315,35444,,false,
88316,35507,16,false,
88317,35541,1006,false,
88318,35570,16,false,
88319,35594,1006,false,
88320,35809,16,false,
88321,35835,16,false,
88322,35846,16,false,
88323,35908,1006,false,
88324,35917,16,false,
88325,35987,16,false,
88326,36021,16,false,
88327,36029,16,false,
88328,36037,16,false,
88329,36045,21,false,
88330,36058,16,false,
88331,36160,1006,false,
88332,36171,1006,false,
88333,36172,1006,false,
88334,36182,1006,false,
88335,36192,1006,false,
88336,36293,1006,false,
88337,36294,1006,false,
88338,36296,1006,false,
88339,36350,16,false,
88340,36361,1006,false,
88341,36391,18,false,
88342,36441,16,false,
88343,36442,16,false,
88344,36443,16,false,
88345,36650,16,false,
88346,36690,16,false,
88347,36746,,false,
88348,36946,1006,false,
88349,36948,1006,false,
88350,36952,,false,
88351,37021,16,false,
88352,37086,,false,
88353,37088,,false,
88354,37094,18,false,
88355,37308,16,false,
88356,37320,16,false,
88357,37327,16,false,
88358,37350,18,false,
88359,37413,18,false,
88360,37510,16,false,
88361,37535,16,false,
88362,37540,16,false,
88363,37576,369,false,
88364,37599,5552,false,
88365,37624,,false,
88366,37635,16,false,
88367,37649,,false,
88368,37654,,false,
88369,37748,18,false,
88370,37750,18,false,
88371,37790,,false,
88372,38133,22,false,
88373,38134,22,false,
88374,38135,22,false,
88375,38136,22,false,
88376,38137,22,false,
88377,38138,22,false,
88378,38139,22,false,
88379,38140,16,false,
88380,38141,,false,
88381,38142,22,false,
88382,38143,22,false,
88383,38144,,false,
88384,38145,,false,
88385,38150,22,false,
88386,38152,22,false,
88387,38155,22,false,
88388,38156,,false,
88389,38158,5552,false,
88390,38196,5552,false,
88391,38197,367,false,
88392,38198,22,false,
88393,38199,22,false,
88394,38200,,false,
88395,38201,,false,
88396,38202,5552,false,
88397,BT00019V1C,45,false,
88398,BT00044V1C,97,false,
88399,BT00057V1C,97,false,
88400,BT00095V1C,345,false,
88401,BT00102V1C,259,false,
88402,BT00131V1C,259,false,
88403,BT00137V1C,97,false,
88404,BT00145V1C,137,false,
88405,BT00168V1C,2449,false,
88406,BT00207V1C,1660,false,
88407,BT00226V1C,57,false,
88408,BT00237V1C,262,false,
88409,BT00251V1C,97,false,
88410,BT00253V1C,87,false,
88411,BT00257V1C,2450,false,
88412,BT00268V1C,97,false,
88413,BT00312V1C,1,false,
88414,BT00330V1C,49,false,
88415,BT00346V1C,87,false,
88416,BT00354V1C,65,false,
88417,BT00356V1C,279,false,
88418,BT00358V1C,318,false,
88419,BT00407V1C,65,false,
88420,BT00414V1C,2452,false,
88421,BT00416V1C,65,false,
88422,BT00417V1C,2451,false,
88423,BT00429V1C,250,false,
88424,BT03002V1C,97,false,
88425,BT03042V1C,259,false,
88426,BT03055V1C,2453,false,
88427,BT03083V1C,262,false,
88428,BT03151V1C,97,false,
88429,BT03180V1C,49,false,
88430,BT03236V1C,45,false,
88431,BT03335V1C,2455,false,
88432,BT03338V1C,49,false,
88433,BT03347V1C,87,false,
88434,BT15017V1C,65,false,
88435,BT15018V1C,65,false,
88436,BT15071V1C,2456,false,
88437,BT15112V1C,65,false,
88438,BT15218V1C,87,false,
88439,BT15292V1C,97,false,
88440,BT15338V1C,65,false,
88441,BT15376V1C,87,false,
88442,BT15436V1C,97,false,
88443,BT15557V1C,62,false,
88444,BT15600V1C,3,false,
88445,BT15605V1C,65,false,
88446,BT18057V1C,1486,false,
88447,BT18060V1C,2454,false,
88448,BT18107V1C,87,false,
88449,BT18132V1C,262,false,
88450,BT18139V1C,49,false,
88451,BT18161V1C,65,false,
88452,BT18162V1C,65,false,
88453,BT18163V1C,1408,false,
88454,BT18180V1C,65,false,
88455,BT18185V1C,2460,false,
88456,BT18224V1C,57,false,
88457,BT18228V1C,2462,false,
88458,BT18245V1C,822,false,
88459,BT18254V1C,259,false,
88460,BT18406V1C,2461,false,
88461,BT18442V1C,1336,false,
88462,BT18443V1C,65,false,
88463,BT18453V1C,97,false,
88464,BT18504V1C,288,false,
88465,BT18516V1C,1408,false,
88466,BT18520V1C,97,false,
88467,BT18536V1C,259,false,
88468,BT18547V1C,65,false,
88469,BT18578V1C,97,false,
88470,BT18583V1C,1481,false,
88471,BT18629V1C,49,false,
88472,BT18633V1C,2459,false,
88473,BT18638V1C,1660,false,
88474,BT18644V1C,104,false,
88475,BT18649V1C,2457,false,
88476,BT18657V1C,97,false,
88477,BT18671V1C,87,false,
88478,BT18674V1C,104,false,
88479,BT18681V1C,2458,false,
88480,BT18686V1C,45,false,
88481,BT18689V1C,103,false,
88482,BT18692V1C,2463,false,
88483,BT18716V1C,1401,false,
88484,BT18728V1C,1166,false,
88485,BT18753V1C,104,false,
88486,BT18757V1C,2464,false,
88487,BT18772V1C,45,false,
88488,BT18785V1C,49,false,
88489,BT18809V1C,104,false,
88490,BT21012V1C,9,false,
88491,BT21019V1C,2465,false,
88493,BT21047V1C,2466,false,
88494,BT21056V1C,97,false,
88496,BT21119V1C,2467,false,
88498,BT21125V1C,3,false,
88499,BT21139V1C,62,false,
88500,BT21148V1C,49,false,
88501,BT21206V1C,97,false,
88502,BT21229V1C,62,false,
88503,BT21235V1C2,894,false,
88504,BT21252V1C,2468,false,
88505,BT21287V1C,3,false,
88506,BT21376V1C,65,false,
88509,BT21505V1C,65,false,
88510,BT21548V1C,90,false,
88511,BT21584V1C,45,false,
88512,BT21604V1C,24,false,
88513,BT21667V1C,1,false,
88514,BT21720V1C,87,false,
88515,BT21742V1C,97,false,
88516,BT21756V1C,3,false,
88517,BT21831V1C,1401,false,
88518,BT21850V1C,97,false,
88519,BT21861V1C,45,false,
88520,BT21874V1C,50,false,
88521,BT21902V1C,50,false,
88522,BT21915V1C,97,false,
88523,BT21959V1C,141,false,
88524,BT21968V1C,2469,false,
88525,BT21969V1C,68,false,
88526,BT21997V1C,2470,false,
88527,BT22034V1C,2472,false,
88528,BT22071V1C,65,false,
88529,BT22075V1C,262,false,
88530,BT22114V1C,1208,false,
88531,BT22115V1C,57,false,
88532,BT22175V1C,288,false,
88533,BT22223V1C,3,false,
88534,BT22244V1C,2473,false,
88535,BT22264V1C,49,false,
88536,BT22279V1C,2471,false,
88537,BT22280V1C,62,false,
88538,BT22283V1C,62,false,
88539,BT22291V1C,87,false,
88540,BT22296V1C,62,false,
88541,BT22300V1C,62,false,
88542,BT22305V1C,12,false,
88543,BT24113V1C,45,false,
88544,BT24172V1C,87,false,
88545,BT24184V1C,2475,false,
88546,BT24191V1C,288,false,
88547,BT24241V1C,2474,false,
88548,BT24322V1C,57,false,
88549,BT24401V1C,49,false,
88550,BT24411V1C,805,false,
88551,BT24427V1C,2477,false,
88552,BT24442V1C,2476,false,
88553,BT24450V1C,49,false,
88554,BT24463V1C2,62,false,
88555,BT24497V1C2,65,false,
88556,BT24513V1C2,1451,false,
88557,BT24555V1C,837,false,
88558,BT24603V1C,62,false,
88559,BT24644V1C2,1145,false,
88560,BT24683V1C,2479,false,
88561,BT24688V1C,62,false,
88562,BT24726V1C,2478,false,
88563,BT24735V1C,141,false,
88564,BT24744V1C,141,false,
88565,BT24747V1C,57,false,
88566,BT24751V1C,9,false,
88567,BT24762V1C,137,false,
88568,BT24795V1C,211,false,
88569,BT24798V1C,2481,false,
88570,BT24860V1C,1232,false,
88571,BT24866V1C,2480,false,
88572,BT24879V1C,65,false,
88573,BT24905V1C,62,false,
88574,BT24923V1C,3,false,
88575,BT24963V1C,62,false,
88576,BT24972V1C,65,false,
88577,BT24995V1C,65,false,
88578,BT24999V1C,65,false,
88579,BT25000V1C,65,false,
88580,BT25002V1C,96,false,
88581,BT25035V1C,97,false,
88582,BT25042V1C,65,false,
88583,BT25043V1C,65,false,
88584,BT25051V1C,45,false,
88585,BT25052V1C,65,false,
88586,BT25053V1C,87,false,
88587,BT25065V1C,2482,false,
88588,BT25108V1C,250,false,
88589,BT25115V1C,288,false,
88590,BT25119V1C,259,false,
88591,BT25137V1C,2482,false,
88592,BT25155V1C,97,false,
88593,BT25202V1C,345,false,
88594,BT25223V1C,1204,false,
88595,BT25267V1C,65,false,
88596,BT25268V1C,2485,false,
88597,BT25269V1C,65,false,
88598,BT30034V1C,2484,false,
88599,BT30105V1C,2483,false,
88600,BT30148V1C,2486,false,
88601,BT30180V1C,49,false,
88602,BT30197V1C,62,false,
88604,BT30257V1C,65,false,
88605,BT30266V1C,,false,
88606,BT30272V1C,1489,false,
88607,BT30291V1C,97,false,
88608,BT30317V1C,407,false,
88609,BT33032V1C,2488,false,
88610,BT33036V1C,97,false,
88611,BT33077V1C,211,false,
88612,BT33184V1C,2487,false,
88613,BT33243V1C,1282,false,
88614,BT33254V1C,259,false,
88615,BT33310V1C,1981,false,
88616,BT36018V1C,822,false,
88617,BT36042V1C,569,false,
88618,BT36077V1C,95,false,
88619,BT36099V1C,2489,false,
88620,BT36100V1C,2490,false,
88621,BT36101V1C,288,false,
88622,BT36127V1C,1389,false,
88623,BT36128V1C,104,false,
88624,BT36187V1C,339,false,
88625,BT36199V1C,62,false,
88626,BT36213V1C,104,false,
88627,BT36219V1C,345,false,
88628,BT36223V1C,2491,false,
88629,BT36226V1C,45,false,
88630,BT36261V1C,345,false,
88631,BT36277V1C,45,false,
88632,BT36315V1C,738,false,
88633,BT36330V1C,262,false,
88634,BT36341V1C,2493,false,
88635,BT36343V1C,262,false,
88636,BT36348V1C,1,false,
88637,BT36361V1C,2492,false,
88638,BT36364V1C,262,false,
88639,BT36377V1C,2452,false,
88640,BT36379V1C,274,false,
88641,BT36384V1C,262,false,
88642,BT36387V1C,2494,false,
88643,BT36443V1C,45,false,
88644,BT36444V1C,45,false,
88645,BT36446V1C,97,false,
88646,BT36509V1C,137,false,
88647,BT36640V1C,120,false,
88648,BT36765V1C,104,false,
88649,BT36772V1C,49,false,
88650,BT36786V1C,97,false,
88651,BT36807V1C2,2474,false,
88652,BT36882V1C,288,false,
88653,BT36893V1C,87,false,
88654,BT36894V1C,104,false,
88655,BT36953V1C,68,false,
88656,BT36970V1C,65,false,
88657,BT36992V1C,95,false,
88658,BT37014V1C,306,false,
88659,BT37076V1C,2497,false,
88660,BT37156V1C,2495,false,
88661,BT37165V1C,62,false,
88662,BT37206V1C,2496,false,
88663,BT37266V1C,1336,false,
88664,BT37319V1C,2498,false,
88665,BT37384V1C,42,false,
88666,BT37413V1C,2499,false,
88667,BT37443V1C,65,false,
88668,BT37450V1C,65,false,
88669,BT37506V1C,65,false,
88670,BT37513V1C,6,false,
88671,BT37547V1C,62,false,
88672,BT37552V1C,45,false,
88673,BT37555V1C,65,false,
88674,BT37562V1C,45,false,
88675,BT37594V1C,104,false,
88676,BT37598V1C,104,false,
88677,BT37616V1C,97,false,
88678,BT37660V1C,45,false,
88679,BT37668V1C,1702,false,
88680,BT37689V1C,120,false,
88681,BT37696V1C,2501,false,
88682,BT37703V1C,2500,false,
88683,BT37734V1C,65,false,
88684,BT37753V1C,45,false,
88685,BT37756V1C,2502,false,
88686,BT37760V1C,1498,false,
88687,BT37808V1C,97,false,
88688,BT37822V1C,2503,false,
88689,BT37826V1C,68,false,
88690,BT37830V1C,,false,
88691,BT37849V1C,1232,false,
88692,BT37870V1C,1481,false,
88693,BT37880V1C,1,false,
88694,BT37906V1C,104,false,
88695,BT37921V1C,1209,false,
88696,BT37929V1C,45,false,
88697,BT37978V1C,890,false,
88698,BT37982V1C,2493,false,
88699,BT37986V1C,57,false,
88700,BT37990V1C,1,false,
88701,BT37991V1C,568,false,
88702,BT38011V1C,45,false,
88703,BT38046V1C,259,false,
88704,BT38065V1C,2504,false,
88705,BT38073V1C,66,false,
88706,BT38074V1C,2505,false,
88707,BT38120V1C,87,false,
88708,BT39021V1C,97,false,
88709,BT39023V1C,93,false,
88710,BT39043V1C,62,false,
88711,BT39067V1C,2506,false,
88712,BT39072V1C,2507,false,
88713,BT39076V1C,97,false,
88714,BT39142V1C,45,false,
88715,BT18153V1C,65,false,
88716,BT39220V1C,2481,false,
88717,BT39227V1C,137,false,
88718,BT39239V1C,104,false,
88719,BT39283V1C,288,false,
88720,BT39287V1C,259,false,
88721,BT39291V1C,87,false,
88722,BT39320V1C,2511,false,
88723,BT39362V1C,45,false,
88724,BT39371V1C,259,false,
88725,BT39398V1C,97,false,
88726,BT39401V1C,259,false,
88727,BT39411V1C,2508,false,
88728,BT39415V1C,97,false,
88729,BT39428V1C,97,false,
88730,BT39439V1C,2510,false,
88731,BT39463V1C,2509,false,
88732,BT39478V1C,1,false,
88733,BT39482V1C,62,false,
88734,BT51005V1C,49,false,
88735,BT51016V1C,49,false,
88736,BT51047V1C,87,false,
88737,BT51070V1C,87,false,
88738,BT51142V1C,2512,false,
88739,BT51148V1C,2513,false,
88740,BT51316V1C2,416,false,
88741,BT6045V1C,97,false,
88742,BT6073V1C,345,false,
88743,BT6112V1C2,65,false,
88744,BT6115V1C,2514,false,
88745,BT6131V1C,65,false,
88746,BT6216V1C,57,false,
88747,BT6237V1C,331,false,
88748,BT6266V1C,62,false,
88749,BT6284V1C,65,false,
88750,BT6311V1C,67,false,
88751,BT6314V1C,2515,false,
88752,BT6353V1C,2516,false,
88753,BT6396V1C,97,false,
88754,BT6399V1C,259,false,
88755,BT6400V1C,259,false,
88756,BT6407V1C,1400,false,
88757,BT6422V1C,45,false,
88758,BT6452V1C,65,false,
88759,BT6472V1C,62,false,
88760,BT6619V1C,57,false,
88761,BT6638V1C,262,false,
88762,BT6669V1C,57,false,
88763,BT6674V1C,2531,false,
88764,BT6710V1C,1489,false,
88765,BT6718V1C,62,false,
88766,BT6722V1C,65,false,
88767,BT6742V1C,62,false,
88768,BT6774V1C,65,false,
88769,BT6783V1C,62,false,
88770,BT6785V1C,2517,false,
88771,BT6786V1C,103,false,
88772,BT6810V1C,97,false,
88773,BT6813V1C,211,false,
88774,BT6814V1C,211,false,
88775,BT6918V1C,87,false,
88776,BT6927V1C,65,false,
88777,BT6941V1C,259,false,
88778,BT6975V1C,65,false,
88779,BT6990V1C,57,false,
88780,BT6997V1C,1332,false,
88781,EXNG476,1006,false,
88782,M45664,138,false,
88783,EXNG956,1006,false,
88784,EXNG960,1421,false,
88785,EXNG977,1006,false,
88786,EXNG984,1421,false,
88787,EXNG1034,1006,false,
88788,EXNG1052,16,false,
88789,M37058,,false,
88790,M37063,,false,
88791,M37071,,false,
88792,M37073,,false,
88793,M37078,1400,false,
88794,M37079,,false,
88795,M37083,,false,
88796,M37084,883,false,
88797,M37091,,false,
88798,M37094,,false,
88799,M37101,1660,false,
88800,M37105,,false,
88801,M37107,,false,
88802,M37110,,false,
88803,M37119,1660,false,
88804,M37123,,false,
88805,M37130,,false,
88806,M37131,,false,
88807,M37132,,false,
88808,M37136,1660,false,
88809,M37137,,false,
88810,M37140,,false,
88811,M37142,,false,
88812,M37143,1660,false,
88813,M37146,,false,
88814,M37147,1660,false,
88815,M37155,,false,
88816,M37157,1194,false,
88817,M37158,,false,
88818,M37159,1531,false,
88819,M37160,,false,
88820,M37162,,false,
88821,M37163,1194,false,
88822,M37164,,false,
88823,M37166,1194,false,
88824,M37167,,false,
88825,M37168,,false,
88826,M37169,,false,
88827,M37170,1194,false,
88828,M37171,1194,false,
88829,M37172,,false,
88830,M37173,1194,false,
88831,M37174,1843,false,
88832,M37175,1531,false,
88833,M37176,,false,
88834,M37177,,false,
88835,M37178,1194,false,
88836,M37179,,false,
88837,M37957,1660,false,
88838,M37161,,false,
88839,4992,1178,false,
88848,16O6,,false,
88849,16O8,,false,
88850,16O9,,false,
88851,16O11,,false,
88852,16O12,,false,
88853,16O13,,false,
88854,16O14,,false,
88855,WHO G,18,false,
88856,WHO K,16,false,
88857,WHO L,375,false,
88858,WHO M,16,false,
88859,WHO N,654,false,
88860,WHO O,21,false,
88861,WHO P,641,false,
88862,WHO U,636,false,
88863,WHO V,16,false,
88864,WHO W,16,false,
88865,WHO X,16,false,
88866,WHO Y,16,false,
88867,WHO Z,2242,false,
88868,NM101,,false,
88870,Nmen2,87,false,
88871,Nmen3,1,false,
88872,Nmen6,1,false,
88873,Nmen9,62,false,
88874,Nmen10,45,false,
88875,Nmen52,87,false,
88876,Nmen53,62,false,
88877,Nmen54,198,false,
88878,Nmen55,1,false,
88879,Nmen56,1,false,
88880,Nmen57,87,false,
88881,Nmen58,1,false,
88882,NM01,,false,
88883,NM03,,false,
88884,NM04,,false,
88885,NM05,,false,
88886,NM06,,false,
88887,NM07,,false,
88888,NM08,,false,
88889,NM09,,false,
88890,NM10,,false,
88891,NM11,,false,
88892,NM12,,false,
88893,NM13,,false,
88894,NM14,,false,
88895,NM15,,false,
88896,NM16,,false,
88897,NM18,,false,
88898,NM19,,false,
88899,NM20,,false,
88900,NM21,,false,
88901,NM22,,false,
88902,NM23,,false,
88903,NM24,,false,
88904,NM25,,false,
88905,M4_2672/2018,1,false,
88906,NIID418,49,false,
88907,NIID425,49,false,
88908,NIID434,49,false,
88909,NIID436,62,false,
88910,NIID443,49,false,
88911,NIID456,141,false,
88912,NIID461,49,false,
88913,NIID462,49,false,
88914,NIID472,62,false,
88915,NIID478,2533,false,
88916,NIID482,49,false,
88917,NIID484,77,false,
88918,NIID485,3,false,
88919,NIID496,2534,false,
88920,NIID501,62,false,
88921,NIID503,45,false,
88922,NIID505,141,false,
88923,NIID512,49,false,
88924,NIID520,2535,false,
88925,NIID525,62,false,
88926,NIID529,49,false,
88927,NIID531,62,false,
88928,NIID534,49,false,
88929,NIID535,1,false,
88930,NIID536,68,false,
88931,NIID541,5233,false,
88932,NIID551,62,false,
88933,NIID552,62,false,
88934,NIID560,2,false,
88935,NIID568,2534,false,
88936,NIID569,62,false,
88937,NIID572,49,false,
88938,NIID586,62,false,
88939,NIID596,49,false,
88940,NIID598,62,false,
88941,NIID601,1,false,
88942,NIID620,65,false,
88943,NIID624,2536,false,
88944,NIID633,45,false,
88945,NIID635,62,false,
88946,NIID637,62,false,
88947,NIID642,62,false,
88948,NIID643,2536,false,
88949,NIID647,2537,false,
88950,NIID652,407,false,
88951,NIID658,49,false,
88952,NIID661,62,false,
88953,NIID669,77,false,
88954,NIID677,2534,false,
88955,NIID685,1845,false,
88956,NIID691,288,false,
88957,NIID694,77,false,
88958,NIID695,87,false,
88959,NIID705,2536,false,
88960,NIID711,49,false,
88961,NIID716,2,false,
88962,NIID721,87,false,
88963,NIID731,1,false,
88964,NIID734,62,false,
88965,NIID737,87,false,
88966,NIID738,62,false,
88967,NIID740,1,false,
88974,19-87,,false,
88975,19-160,1146,false,
88976,19-187,,false,
88977,19-192,141,false,
88978,19-212,45,false,
88979,19-216,,false,
88980,19-219,1,false,
88981,19-228,77,false,
88982,19-241,62,false,
88983,19-307,103,false,
88984,19-328,1,false,
89017,5654,62,false,
89019,3/2012,45,false,
89020,5/2012,62,false,
89021,6/2012,65,false,
89022,14/2012,579,false,
89023,17/2012,45,false,
89024,20/2012,49,false,
89025,21/2012,1,false,
89026,25/2012,260,false,
89027,28/2012,1,false,
89028,29/2012,45,false,
89029,31/2012,262,false,
89030,32/2012,1,false,
89031,34/2012,1,false,
89032,37/2012,68,false,
89033,38/2012,580,false,
89034,44/2012,3,false,
89035,48/2012,62,false,
89036,58/2012,3,false,
89037,59/2012,3,false,
89038,60/2012,3,false,
89039,63/2012,2539,false,
89040,64/2012,262,false,
89041,66/2012,45,false,
89042,73/2012,2540,false,
89043,74/2012,97,false,
89044,83/2012,45,false,
89045,84/2012,108,false,
89046,1/2013,106,false,
89047,10/2013,67,false,
89048,102/2013,45,false,
89049,105/2013,45,false,
89050,106/2013,2541,false,
89051,11/2013,62,false,
89052,13/2013,3,false,
89053,14/2013,260,false,
89054,15/2013,599,false,
89055,16/2013,1632,false,
89056,18/2013,62,false,
89057,23/2013,87,false,
89058,25/2013,1,false,
89059,33/2013,93,false,
89060,35/2013,87,false,
89061,37/2013,68,false,
89062,38/2013,3,false,
89063,41/2013,1,false,
89064,42/2013,3,false,
89065,44/2013,141,false,
89066,46/2013,1,false,
89067,49/2013,2542,false,
89068,51/2013,45,false,
89069,52/2013,3,false,
89070,53/2013,150,false,
89071,57/2013,1,false,
89072,58/2013,45,false,
89073,60/2013,687,false,
89074,61/2013,33;687,false,
89075,65/2013,45,false,
89076,67/2013,1618,false,
89077,71/2013,3,false,
89078,74/2013,2543,false,
89079,75/2013,2544,false,
89080,76/2013,1,false,
89081,8/2013,3,false,
89082,82/2013,3,false,
89083,9 (=MG 87/12)/2013,3,false,
89084,94/2013,62,false,
89085,96/2013,259,false,
89086,1/2014,2340,false,
89087,6/2014,62,false,
89088,7/2014,127,false,
89089,10/2014,2545,false,
89090,13/2014,3,false,
89091,21/2014,67,false,
89092,22/2014,49,false,
89093,24/2014,49,false,
89094,25/2014,67,false,
89095,26/2014,87,false,
89096,27/2014,790,false,
89097,31/2014,62,false,
89098,33/2014,954,false,
89099,36/2014,3,false,
89100,38/2014,62,false,
89101,40/2014,1,false,
89102,41/2014,45,false,
89103,43/2014,45,false,
89104,44/2014,3,false,
89105,48/2014,141,false,
89106,56/2014,1,false,
89107,64/2014,1,false,
89108,65/2014,45,false,
89109,66/2014,62,false,
89110,67/2014,262,false,
89111,71/2014,45,false,
89120,SMG-19-720,45,false,
89121,SMG-19-726,1,false,
89122,SMG-19-737,45,false,
89123,2015-6263,,false,
89124,2015-13311,,false,
89125,2015-14748,,false,
89126,2015-15751,,false,
89127,2016-4315,,false,
89128,2016-13787,,false,
89129,2017-12111,,false,
89130,2018-3532,,false,
89131,2018-10836,,false,
89133,SMG-19-559,45,false,
89134,NM091,,false,
89137,NM090,,false,
89148,23300099,1,false,
89149,13300262,2546,false,
89150,130927,1,false,
89151,320805,1,false,
89152,220803,1,false,
89153,220804,1,false,
89154,140507,1,false,
89155,431423,1,false,
89156,210717,1,false,
89157,431204,1,false,
89158,N.213-16,,false,
89159,N.227-16,,false,
89160,N.46-18,,false,
89161,N.41-17,,false,
89162,N.91-17,,false,
89163,Nei0082,4580,false,
89164,Nei0153,,false,
89165,Nei0343,4614,false,
89170,3122002W,,false,
89171,3122109buke,,false,
89172,NM095,,false,
89173,3122189W,,false,
89174,597645,18,false,
89175,599759,2548,false,
89180,TH18_35,18,false,
89181,TH18_97,18,false,
89182,15MUS-Pl003,,false,
89183,15MUS-Pl044,,false,
89184,TH18_70,367,false,
89185,15MUS-Pl098,,false,
89186,17MUS-AH083,,false,
89187,17MUS-AH094,,false,
89188,17MUS-AH118,,false,
89189,17MUS-AH035,,false,
89190,15MUS-PI063,,false,
89191,TH18_27,367,false,
89192,TH18_1,16,false,
89193,TH18_21,16,false,
89194,17MUS-AH070,,false,
89195,15MUS-PI091,,false,
89196,17MUS-AH060,,false,
89197,15MUS-PI005,,false,
89198,15MUS-PI092,,false,
89199,17MUS-AH077,,false,
89200,17MUS-AH017,,false,
89201,TH18_58,16,false,
89202,TH18_72,367,false,
89203,TH18_100,18,false,
89223,M50704,1730,false,
89224,M50711,3519,false,
89225,NML2014-197,68,false,
89226,NML2015-031,68,false,
89227,NML2015-171,68,false,
89228,NML2017-151,68,false,
89229,NML2017-154,68,false,
89230,NML2018-017,4789,false,
89231,NML2018-035,2136,false,
89232,NML2018-078,68,false,
89233,NML2018-079,292,false,
89234,NML2018-126,104,false,
89235,NML2019-002,857,false,
89236,NML2019-007,1,false,
89237,NML2019-010,1,false,
89238,NML2019-017,857,false,
89239,NML2019-018,4789,false,
89240,NML2019-021,4789,false,
89241,NML2019-026,857,false,
89242,NML2019-035,857,false,
89243,NML2019-036,857,false,
89244,NML2019-041,857,false,
89245,NML2019-044,77,false,
89246,NML2019-045,857,false,
89247,NML2019-048,4789,false,
89248,NML2019-050,4789,false,
89249,NML2019-051,4789,false,
89250,NML2019-056,857,false,
89251,NML2019-057,1,false,
89252,NML2019-061,4789,false,
89253,NML2019-066,4789,false,
89254,NML2019-074,1,false,
89255,NML2019-076,1,false,
89256,NML2019-086,857,false,
89257,NML2019-088,4789,false,
89259,M19 240328,3,false,
89260,MZ147/19,,false,
89261,NML2018-056,49,false,
89262,54470,,false,
89263,54482,,false,
89264,54502,,false,
89265,2190951,,false,
89269,M00 240630,3,false,
89270,M00 240631,1,false,
89271,M00 240739,45,false,
89272,M00 240824,3,false,
89273,M00 240886,3,false,
89274,M00 241249,2521,false,
89275,M00 241342,3,false,
89276,M00 241751,3,false,
89277,M00 241752,2520,false,
89278,M00 241827,3,false,
89279,M00 242460,14,false,
89280,M00 242686,3,false,
89281,M01 240264,49,false,
89282,M01 240265,3,false,
89283,M01 240372,3,false,
89284,M01 240400,3,false,
89285,M01 240722,3,false,
89286,M01 241117,3,false,
89287,M01 241388,77,false,
89288,M01 241881,67,false,
89289,M01 242005,3,false,
89290,M01 242633,3,false,
89291,M02 240155,3,false,
89292,M02 240386,3,false,
89293,M02 241529,64,false,
89294,M02 241589,55,false,
89295,M02 241724,3,false,
89296,M02 241835,3,false,
89297,M02 241836,2,false,
89298,M03 240051,3,false,
89299,M03 240250,3,false,
89300,M03 240449,3,false,
89301,M03 240612,2,false,
89302,M03 241207,3,false,
89303,M04 240146,3,false,
89304,M04 241004,93,false,
89305,M04 241262,3,false,
89306,M04 241263,45,false,
89307,M04 241464,93,false,
89308,M05 240136,45,false,
89309,M05 240429,64,false,
89310,M05 240430,87,false,
89311,M05 240885,64,false,
89312,M05 241155,2,false,
89313,M06 240408,3,false,
89314,M06 240891,3,false,
89315,M06 240924,3,false,
89316,M06 241310,3,false,
89317,M07 240228,3,false,
89318,M07 240282,68,false,
89319,M07 240485,3,false,
89320,M07 240531,3,false,
89321,M07 240589,3,false,
89322,M08 240537,1,false,
89323,M08 240646,1,false,
89324,M09 240180,3,false,
89325,M09 240274,45,false,
89326,M09 240315,2,false,
89327,M09 240324,1,false,
89328,M10 240564,696,false,
89329,M12 240696,9,false,
89330,M13 240037,141,false,
89331,M13 240038,2523,false,
89332,M13 240420,2524,false,
89333,M15 240764,1,false,
89334,M18 011113,259,false,
89335,M18 011123,259,false,
89336,M18 011126,259,false,
89337,M18 021113,2522,false,
89338,M18 051108,407,false,
89339,M18 051123,97,false,
89340,M18 051143,93,false,
89341,M18 091014,68,false,
89342,M18 101008,424,false,
89343,M18 111001,890,false,
89344,M18 131106,45,false,
89345,M18 131108,2526,false,
89346,M18 131118,62,false,
89347,M18 141103,24,false,
89348,M18 151004,77,false,
89349,M18 161009,62,false,
89350,M18 191001,49,false,
89351,M18 211114,150,false,
89352,M18 231102,62,false,
89353,M18 291014,2525,false,
89354,M18 291032,259,false,
89355,M98 250797,3,false,
89356,M98 251983,3,false,
89357,M98 252190,93,false,
89358,M98 252381,3,false,
89359,M98 252643,3,false,
89360,M98 252669,3,false,
89361,M98 252691,57,false,
89362,M98 252922,3,false,
89363,M98 253167,67,false,
89364,M99 241105,3,false,
89365,M99 241199,3,false,
89366,M99 241926,3,false,
89367,M99 241997,3,false,
89368,M99 242636,3,false,
89369,M99 243779,2,false,
89370,M05 240686,2,false,
89371,M06 241251,2,false,
89372,M11 240504,62,false,
89373,M11 240505,151,false,
89374,M11 240600,45,false,
89375,M11 240601,305,false,
89376,M11 240730,151,false,
89377,M11 240768,259,false,
89378,M06 240340,1,false,
89379,M09 240241,2,false,
89380,M13 240382,1,false,
89381,M99 242612,1,false,
89382,M99 243856,1,false,
89383,M07 240610,3,false,
89384,M08 240202,3,false,
89385,5283,,false,
89386,881919,,false,
89388,SMG-19-843,97,false,
89394,0052/19,690,false,
89397,0059/19,,false,
89398,CHB01,49,false,
89399,CHB02,217,false,
89400,CHB03,3,false,
89401,CHB04,3,false,
89402,CHB05,3,false,
89403,CHB06,68,false,
89404,CHB07,127,false,
89405,CHB08,67,false,
89406,CHB09,45,false,
89407,CHB010,87,false,
89408,CHB011,87,false,
89409,CHB012,1533,false,
89410,CHB013,87,false,
89411,CHB014,1534,false,
89412,CHB015,45,false,
89413,CHB016,57,false,
89414,CHB017,599,false,
89415,CHB018,67,false,
89416,CHB019,1545,false,
89417,CHB020,45,false,
89418,CHB021,87,false,
89419,CHB022,15,false,
89420,CHB023,199,false,
89422,CHB025,3,false,
89423,CHB026,45,false,
89424,CHB027,15,false,
89425,CHB028,257,false,
89426,CHB029,87,false,
89427,CHB030,599,false,
89428,CHB031,3,false,
89429,CHB032,120,false,
89430,CHB033,45,false,
89431,CHB034,45,false,
89432,CHB035,45,false,
89433,CHB036,93,false,
89434,CHB037,2,false,
89435,CHB038,45,false,
89436,CHB039,599,false,
89437,CHB040,49,false,
89438,CHB041,127,false,
89439,CHB042,199,false,
89440,CHB043,127,false,
89441,CHB044,45,false,
89442,CHB045,87,false,
89443,CHB046,87,false,
89444,CHB047,45,false,
89445,CHB048,262,false,
89446,CHB049,97,false,
89447,CHB050,262,false,
89448,CHB051,262,false,
89449,CHB052,93,false,
89450,CHB053,3,false,
89451,CHB054,1475,false,
89452,CHB055,3,false,
89453,CHB056,77,false,
89454,CHB057,599,false,
89455,CHB058,93,false,
89456,CHB059,106,false,
89457,CHB060,262,false,
89458,CHB061,127,false,
89459,CHB062,87,false,
89460,CHB063,1533,false,
89461,CHB064,87,false,
89462,CHB065,87,false,
89463,CHB066,45,false,
89464,CHB067,805,false,
89465,CHB068,572,false,
89466,CHB069,9,false,
89467,CHB070,87,false,
89468,CHB071,39,false,
89469,CHB072,45,false,
89470,CHB073,45,false,
89471,CHB074,1546,false,
89472,CHB075,45,false,
89473,CHB076,45,false,
89474,CHB077,49,false,
89475,CHB078,3,false,
89476,CHB079,87,false,
89477,CHB080,120,false,
89478,CHB081,87,false,
89479,CHB082,87,false,
89480,CHB083,45,false,
89481,CHB084,3,false,
89482,CHB085,599,false,
89483,CHB086,1,false,
89484,CHB087,318,false,
89485,CHB088,93,false,
89486,CHB089,87,false,
89487,CHB090,3,false,
89488,CHB091,1547,false,
89489,CHB093,1618,false,
89490,CHB094,93,false,
89491,CHB095,45,false,
89492,CHB096,198,false,
89493,CHB097,87,false,
89494,CHB098,87,false,
89495,CHB099,87,false,
89496,CHB0100,358,false,
89497,CHB0101,45,false,
89498,CHB0102,49,false,
89499,CHB0103,93,false,
89500,CHB0104,93,false,
89501,CHB0105,87,false,
89502,114758,332,false,
89503,114760,45,false,
89504,CHB024_corr,499,false,
89506,SMG-19-923,1,false,
89507,SMG-19-924,288,false,
89508,SMG-19-927,1,false,
89509,SMG-19-929,49,false,
89510,SMG-19-930,1,false,
89511,SMG-19-932,62,false,
89512,SMG-19-937,87,false,
89513,G03-2019,,false,
89514,G137-2019,,false,
89515,G156-2019,,false,
89516,G182-2019,,false,
89517,G207-2019,,false,
89518,G225-2019,,false,
89519,G235-2019,,false,
89520,G242-2019,,false,
89521,12-221,62,false,
89522,SMG-19-911,259,false,
89523,ERR586056,,false,
89524,ERR586001,407,false,
89525,ERR586040,407,false,
89526,ERR586048,407,false,
89527,ERR586049,407,false,
89528,ERR1517376,407,false,
89529,ERR1517383,407,false,
89530,ERR1677964,407,false,
89531,VB13856,407,false,
89532,VB15548,,false,
89533,VB493,407,false,
89534,ERR1761874,1687,false,
89535,ERR1762009,407,false,
89536,ERR1771139,407,false,
89537,ERR1771153,407,false,
89538,VB35262,407,false,
89539,VB734,,false,
89540,VB860,407,false,
89541,ERR1795671,407,false,
89542,B301,407,false,
89543,INS_Nm1151,407,false,
89549,SRR7106624,407,false,
89550,SRR8034195,407,false,
89565,M19 240346,738,false,
89566,MB10034,318,false,
89567,MB10059,77,false,
89568,MB10075,5238,false,
89569,MB10100,97,false,
89570,MB10111,62,false,
89571,MB10116,318,false,
89572,MB10127,65,false,
89573,MB10200,772,false,
89574,MB10257,62,false,
89575,MB10258,288,false,
89576,MB10326,87,false,
89577,MB10349,65,false,
89578,MB10356,288,false,
89579,MB10404,87,false,
89580,MB10430,65,false,
89581,MB10451,318,false,
89582,MB10518,318,false,
89583,MB10556,62,false,
89584,MB10610,9,false,
89585,MB10613,1696,false,
89586,MB10639,262,false,
89587,MB10668,15,false,
89588,MB10683,62,false,
89589,MB10689,104,false,
89590,MB10751,77,false,
89591,MB10752,15,false,
89592,MB10812,65,false,
89593,MB10832,65,false,
89594,MB10836,45,false,
89595,MB10854,407,false,
89596,MB10871,150,false,
89597,MB10888,97,false,
89598,MB10899,57,false,
89599,MB10992,95,false,
89600,MB11023,318,false,
89601,MB11046,318,false,
89602,MB11151,259,false,
89603,MB11257,57,false,
89604,MB11336,275,false,
89605,MB11387,68,false,
89606,MB11427,65,false,
89607,MB11457,1482,false,
89608,MB11459,65,false,
89609,MB11532,141,false,
89610,MB11598,77,false,
89611,MB11657,318,false,
89612,MB11671,65,false,
89613,MB11868,738,false,
89614,MB12047,57,false,
89615,MB12097,318,false,
89616,MB12299,259,false,
89617,MB12329,62,false,
89618,MB12338,77,false,
89619,MB12355,141,false,
89620,M45665,138,false,
89621,MB12428,9,false,
89622,MB12469,57,false,
89623,MB12534,62,false,
89624,MB12600,2589,false,
89625,MB12665,62,false,
89626,MB12733,65,false,
89627,MB12736,149,false,
89628,MB12738A,65,false,
89629,MB12738B,65,false,
89630,MB12761,77,false,
89631,MB12772,50,false,
89632,MB12792,62,false,
89633,MB12800,62,false,
89634,MB12875,77,false,
89635,MB12914,62,false,
89636,MB12929,1702,false,
89637,MB12975,95,false,
89638,MB13021,65,false,
89639,MB13049,2590,false,
89640,MB13055,902,false,
89641,MB13059,,false,
89642,MB13214,45,false,
89643,MB13310,65,false,
89644,MB13393,45,false,
89645,MB13417,45,false,
89646,MB13418,1166,false,
89647,MB13423,2591,false,
89648,MB13522,62,false,
89649,MB13747,1,false,
89650,MB13797,77,false,
89651,MB13844,95,false,
89652,MB13846,95,false,
89653,MB13960,62,false,
89654,MB13962,62,false,
89655,MB13969,62,false,
89656,MB13987,65,false,
89657,MB14014,62,false,
89658,Nmen63,1,false,
89659,Nmen64,150,false,
89660,Nmen65,57,false,
89661,Nmen67,1,false,
89662,Nmen75,97,false,
89663,Nmen72,,false,
89664,Nmen48,1,false,
89665,Nmen76,65,false,
89666,Nmen77,67,false,
89667,Nmen81,68,false,
89668,Nmen82,2588,false,
89669,Nmen83,87,false,
89707,N.161/16,,false,
89708,N.166/16,,false,
89709,N.182/16,,false,
89710,N.202/18,,false,
89711,N.63/17,,false,
89712,M19 240348,738,false,
89713,M19 240363,738,false,
89714,MB14034A,738,false,
89715,MB14034B,738,false,
89716,MB14101,24,false,
89717,MB14121,2592,false,
89718,MB14159,65,false,
89719,MB14174,62,false,
89720,MB14214,2593,false,
89721,MB14218,95,false,
89722,MB14228,1702,false,
89723,MB14233,62,false,
89724,MB14237,2593,false,
89725,MB14270,318,false,
89726,MB14275,77,false,
89727,MB14280,141,false,
89728,MB14341,2593,false,
89729,MB14344,2593,false,
89730,MB14356,2593,false,
89731,MB14359,2593,false,
89732,MB14372,2593,false,
89733,MB14377,2593,false,
89734,MB14517,2593,false,
89735,MB14597,65,false,
89736,MB14610,57,false,
89737,MB14669,87,false,
89738,MB14868,62,false,
89739,MB14900,77,false,
89740,MB14917,5160,false,
89741,MB14936,77,false,
89742,MB14959,318,false,
89743,MB14980,95,false,
89744,MB15095,2159,false,
89745,MB15159,1702,false,
89746,MB15181,3,false,
89747,MB15203,95,false,
89748,MB15216,292,false,
89749,MB15238,149,false,
89750,MB15267,49,false,
89751,MB15296,62,false,
89752,MB15331,2291,false,
89753,MB15334,318,false,
89754,MB15373,259,false,
89755,MB15458,49,false,
89756,MB15574,1702,false,
89757,MB15587,318,false,
89758,MB15628,2594,false,
89759,MB15634,318,false,
89760,MB15646,,false,
89761,MB15661,1166,false,
89762,MB15772,2595,false,
89763,MB15826,68,false,
89764,MB15851,57,false,
89765,MB15907,1166,false,
89766,MB15973,49,false,
89767,MB15979,2596,false,
89768,MB16113,49,false,
89769,MB16124,5242,false,
89770,MB16152,87,false,
89771,MB16166,57,false,
89772,MB16173,57,false,
89773,MB16309,2160,false,
89774,MB16358,2160,false,
89775,MB16362,2160,false,
89776,MB16398,2160,false,
89777,MB16403,77,false,
89778,MB16496,95,false,
89779,MB16534,4286,false,
89780,MB16538,4286,false,
89781,MB16594,318,false,
89782,MB16717,95,false,
89783,MB16757,149,false,
89784,MB16766,62,false,
89785,MB16908,149,false,
89786,MB16909,149,false,
89787,MB16916,65,false,
89788,MB16935,65,false,
89789,MB16944,65,false,
89790,MB16971,65,false,
89791,MB17000,87,false,
89792,MB17045,49,false,
89793,MB17143,62,false,
89794,MB17146,1166,false,
89795,MB17154,1166,false,
89796,MB17191,57,false,
89797,MB17204,1166,false,
89798,MB17333,62,false,
89799,MB17346,62,false,
89800,MB17352,77,false,
89801,MB17414,2597,false,
89802,MB17526,4286,false,
89803,MB17537,45,false,
89804,MB17619,1702,false,
89805,MB17692,62,false,
89806,MB17725,65,false,
89807,MB17737,62,false,
89808,MB17758,45,false,
89809,MB17788,62,false,
89810,MB17798,407,false,
89811,MB17858,,false,
89812,MB17949,87,false,
89813,MB17973,2598,false,
89814,MB18007,68,false,
89815,MB18126,318,false,
89816,MB18130,77,false,
89817,MB18149,49,false,
89818,MB18227,95,false,
89819,MB18232,24,false,
89820,MB18247,87,false,
89821,MB18250,77,false,
89822,MB18259,49,false,
89823,MB18317,772,false,
89824,MB18369,57,false,
89825,MB18370A,57,false,
89826,MB18370B,57,false,
89827,MB18384,49,false,
89828,MB18470,2599,false,
89829,MB18482,318,false,
89830,MB18494,2596,false,
89831,MB18512,87,false,
89832,MB18577,95,false,
89833,MB18629,1,false,
89834,MB18644,97,false,
89835,MB18712,65,false,
89836,MB18781,87,false,
89837,MB18812,77,false,
89838,MB18932,2600,false,
89839,MB18945,149,false,
89840,MB19094A,738,false,
89841,MB19094B,738,false,
89842,MB19337,57,false,
89843,MB19356,77,false,
89844,MB19389,62,false,
89845,MB19441,62,false,
89846,MB19493,97,false,
89847,MB19549,149,false,
89848,MB19718,95,false,
89849,MB19725,2601,false,
89850,MB19765,1702,false,
89851,MB19829,9,false,
89852,MB19862,4286,false,
89853,MB19929,77,false,
89854,MB20036,2602,false,
89855,MB20055,95,false,
89856,MB20134,65,false,
89857,MB20200,65,false,
89858,MB20235,57,false,
89859,MB20255,97,false,
89860,MB20310,62,false,
89861,MB20352,5802,false,
89862,MB20371,77,false,
89863,MB20373,149,false,
89864,MB20386,318,false,
89865,MB20408,50,false,
89866,MB20417,50,false,
89867,MB20425,50,false,
89868,MB20481,49,false,
89869,MB20492,5802,false,
89870,MB20497,5802,false,
89871,MB20557,95,false,
89872,MB20564,77,false,
89873,MB20756,105,false,
89874,MB20785,326,false,
89875,MB20825,57,false,
89876,MB20831,4286,false,
89877,MB20848,57,false,
89878,MB20851,87,false,
89879,MB20854,57,false,
89880,MB20861,65,false,
89881,MB20875,497,false,
89882,MB20877,,false,
89883,MB20891,4286,false,
89884,MB21047,62,false,
89885,MB21085,62,false,
89886,MB21136,1166,false,
89887,MB21297,57,false,
89888,MB21323,2603,false,
89889,MB21329,400,false,
89890,MB21387,259,false,
89891,MB21396,318,false,
89892,MB21408,97,false,
89893,MB21412,62,false,
89894,MB21469,97,false,
89895,MB21494,50,false,
89896,MB21516,62,false,
89897,MB21522,50,false,
89898,MB21552,,false,
89899,MB21565,2604,false,
89900,MB21598,1702,false,
89901,MB21650,95,false,
89902,MB21654,77,false,
89903,MB21710,1166,false,
89904,MB21713,65,false,
89905,MB21727,62,false,
89906,MB21731,62,false,
89907,MB21733,67,false,
89908,MB21772,77,false,
89909,MB21775,77,false,
89910,MB21853,77,false,
89911,MB21859,2159,false,
89912,MB21879,67,false,
89913,MB21884,97,false,
89914,MB21913,67,false,
89915,MB22013,1,false,
89916,MB22024,5802,false,
89917,MB22037,57,false,
89918,MB22065,3,false,
89919,MB22121,65,false,
89920,M1206/12,618,false,
89921,M1219/12,618,false,
89922,M1949/1243/19,618,false,
89923,M/1950/1282/19,618,false,
89924,Nsk119/19,618,false,
89925,Nsk1929/19,618,false,
89926,NskP56/19,618,false,
89927,NskP6/19,618,false,
89928,MB22170,65,false,
89929,MB22212,1481,false,
89930,MB22260,68,false,
89931,MB22293,57,false,
89932,MB22324,318,false,
89933,MB22325,5160,false,
89934,MB22370,57,false,
89935,MB22382,149,false,
89936,MB22385,67,false,
89937,MB22388,149,false,
89938,MB22404,77,false,
89939,MB22406,49,false,
89940,MB22482,5234,false,
89941,MB22500,62,false,
89942,MB22542,49,false,
89943,MB22566,24,false,
89944,MB22604,318,false,
89945,MB22619,318,false,
89946,MB22622,57,false,
89947,MB22660,2605,false,
89948,MB22663,97,false,
89949,MB22665,2606,false,
89950,MB22671,45,false,
89951,MB22683,57,false,
89952,MB22691,68,false,
89953,MB22696,2607,false,
89954,MB22732,104,false,
89955,MB22789,1166,false,
89956,MB22900,77,false,
89957,MB22937,318,false,
89958,MB22997,68,false,
89959,MB22998,5234,false,
89960,MB23030,77,false,
89961,MB23059,77,false,
89962,MB23077,77,false,
89963,MB23223,2608,false,
89964,MB23418,65,false,
89965,MB23481,62,false,
89966,MB23484,4286,false,
89967,MB23503,68,false,
89968,MB23581,62,false,
89969,MB23612,2609,false,
89970,MB23629,1702,false,
89971,MB23639,1166,false,
89972,MB23674,1702,false,
89973,MB23708,87,false,
89974,MB23726,3,false,
89975,MB24031,4286,false,
89976,MB24050,2610,false,
89977,MB24058,1702,false,
89978,MB24087,288,false,
89979,MB24163,259,false,
89980,MB24164,259,false,
89981,MB24172,149,false,
89982,MB24192,62,false,
89983,MB24196,49,false,
89984,MB24200,49,false,
89985,MB24215,97,false,
89986,MB24246,2593,false,
89987,MB24260,87,false,
89988,MB24284,87,false,
89989,MB24322,259,false,
89990,MB24353,2358,false,
89991,MB24427,65,false,
89992,MB24438,77,false,
89993,MB24442,352,false,
89994,MB24528,49,false,
89995,MB24529,57,false,
89996,MB24542,49,false,
89997,MB24627,138,false,
89998,MB24654,95,false,
89999,MB24659,95,false,
90000,MB24666,2593,false,
90001,MB24737,2611,false,
90002,MB24803,2589,false,
90003,MB24845,62,false,
90004,MB24865,57,false,
90005,MB24905,24,false,
90006,MB24922,24,false,
90007,MB25032,318,false,
90008,MB25057,77,false,
90009,MB25210,68,false,
90010,MB25212,68,false,
90011,MB25228,68,false,
90012,MB25283,77,false,
90013,MB25316,87,false,
90014,MB25353,45,false,
90015,MB25454,68,false,
90016,MB25460,62,false,
90017,MB25481,68,false,
90018,MB25657,62,false,
90019,MB25707,97,false,
90020,MB25776,2612,false,
90021,MB25816,87,false,
90022,MB25822,62,false,
90023,MB25860A,57,false,
90024,MB25860B,57,false,
90025,MB25894,62,false,
90026,MB26021,1702,false,
90027,MB26085,318,false,
90028,MB26123,62,false,
90029,MB26136,65,false,
90030,MB26192,1166,false,
90031,MB26272,95,false,
90032,MB26285,95,false,
90033,MB26396,62,false,
90034,MB26442,45,false,
90035,MB26459,5234,false,
90036,MB26501,45,false,
90037,MB26543,318,false,
90038,MB26544,62,false,
90039,MB26568,4286,false,
90040,MB26591,149,false,
90041,MB26607,3,false,
90042,MB26639,57,false,
90043,MB26643,259,false,
90044,MB26657,77,false,
90045,MB26823,77,false,
90046,MB26824,77,false,
90047,MB26842,3,false,
90048,MB26868,149,false,
90049,MB26869,149,false,
90050,MB26887,149,false,
90051,MB26898,149,false,
90052,MB27005,57,false,
90053,MB27040,318,false,
90054,MB27114,62,false,
90055,MB27130,97,false,
90056,MB27159,62,false,
90057,MB27171,4286,false,
90058,MB27200,4286,false,
90059,MB27271,57,false,
90060,MB27275,77,false,
90061,MB27282,2613,false,
90062,MB27308,4286,false,
90063,MB27332,4286,false,
90064,MB27381,77,false,
90065,MB27399,87,false,
90066,MB27413,49,false,
90067,MB27421,57,false,
90068,MB27433,65,false,
90069,MB27455,104,false,
90070,MB27484,149,false,
90071,MB27491,149,false,
90072,MB27562,62,false,
90073,MB27638,77,false,
90074,MB27741,77,false,
90075,MB27775,77,false,
90076,MB27823,141,false,
90077,MB27841,2614,false,
90078,MB27896,1208,false,
90079,MB28030,2159,false,
90080,MB28060,68,false,
90081,MB28077,77,false,
90082,MB28137,45,false,
90083,MB28149,318,false,
90084,MB28166,87,false,
90085,MB28261,68,false,
90086,MB28328,9,false,
90087,MB28330,15,false,
90088,MB28344,318,false,
90089,MB28358,5809,false,
90090,MB28482,902,false,
90091,MB28484,259,false,
90092,MB28499,97,false,
90093,MB28559,259,false,
90094,MB28583,57,false,
90095,MB28664,65,false,
90096,MB28687,62,false,
90097,MB28730,62,false,
90098,MB28829,97,false,
90099,MB28838,318,false,
90100,MB28877,2615,false,
90101,MB28878,318,false,
90102,MB28885,149,false,
90103,MB28888,57,false,
90104,MB28894,4286,false,
90105,MB28896,57,false,
90106,MB28897,62,false,
90107,MB28992,62,false,
90108,MB29002,77,false,
90109,MB29091,62,false,
90110,MB29122,149,false,
90111,MB29139,318,false,
90112,MB29151,259,false,
90113,MB29156,4286,false,
90114,MB29180,65,false,
90115,MB29197,62,false,
90116,MB29239,95,false,
90117,MB29298,2591,false,
90118,MB29359,62,false,
90119,MB29360,65,false,
90120,MB29377,62,false,
90121,MB29380,65,false,
90122,MB29397,65,false,
90123,MB29410,259,false,
90124,MB29424,259,false,
90125,MB29565,24,false,
90126,MB29621,65,false,
90127,MB29709,262,false,
90128,MB29714,65,false,
90129,MB29720,,false,
90130,MB29724,318,false,
90131,MB29726,2589,false,
90132,MB29730,65,false,
90133,MB29837,318,false,
90134,MB29910,318,false,
90135,MB29919,65,false,
90136,MB29929,62,false,
90137,MB30293,62,false,
90138,MB30361,95,false,
90139,MB30389,149,false,
90140,MB30532,318,false,
90141,MB30587,4286,false,
90142,MB30616,4286,false,
90143,MB30617,3,false,
90144,MB30646,149,false,
90145,MB30796,4286,false,
90146,MB308A,149,false,
90147,MB30821,259,false,
90148,MB30868,318,false,
90149,MB30877,318,false,
90150,MB30900,77,false,
90151,MB31007,149,false,
90152,MB31028,65,false,
90153,MB31037,2616,false,
90154,MB31047,288,false,
90155,MB31055,288,false,
90156,MB31067,149,false,
90157,MB31074,288,false,
90158,MB31083,149,false,
90159,MB31084,288,false,
90160,MB31101,318,false,
90161,MB31107,62,false,
90162,MB31132,49,false,
90163,MB31165,77,false,
90164,MB31171,77,false,
90165,MB31184,57,false,
90166,MB31205,57,false,
90167,MB31294,62,false,
90168,MB31318,1166,false,
90169,MB31395,57,false,
90170,MB31531,77,false,
90171,MB31572,49,false,
90172,MB31608,4286,false,
90173,MB31612,3,false,
90174,MB31618,4286,false,
90175,MB31644,62,false,
90176,MB31723,77,false,
90177,MB31741,65,false,
90178,MB31746,62,false,
90179,MB31773,77,false,
90180,MB31825,262,false,
90181,MB31891,45,false,
90182,MB31960,259,false,
90183,MB31978,318,false,
90184,MB31995,65,false,
90185,MB32000,62,false,
90186,MB32045,77,false,
90187,MB32129,77,false,
90188,MB32180,62,false,
90189,MB32207,24,false,
90190,MB32208,77,false,
90191,MB32214,62,false,
90192,MB32226,77,false,
90193,MB32235,97,false,
90194,MB32245,57,false,
90195,MB32247,288,false,
90196,MB32250,149,false,
90197,MB32251,62,false,
90198,MB32309,77,false,
90199,MB32348,68,false,
90200,MB32399,49,false,
90201,MB32402,49,false,
90202,MB32406,49,false,
90203,MB32421,49,false,
90204,MB32434,62,false,
90205,MB32437,65,false,
90206,MB32441,62,false,
90207,MB32451,62,false,
90208,MB32453,149,false,
90209,MB32456,49,false,
90210,MB32459,87,false,
90211,MB32466,49,false,
90212,MB32469,49,false,
90213,MB32472,49,false,
90214,MB32513,49,false,
90215,MB32549,149,false,
90216,MB32559,49,false,
90217,MB32586,49,false,
90218,MB32590,49,false,
90219,MB32593,62,false,
90220,MB32594,49,false,
90221,MB32620,77,false,
90222,MB32639,65,false,
90223,MB32640,62,false,
90224,MB32654,65,false,
90225,MB32755,65,false,
90226,MB32768,77,false,
90227,MB32779,,false,
90228,MB32788,65,false,
90229,MB32804,149,false,
90230,MB32942,57,false,
90231,MB32957,77,false,
90232,MB33043,24,false,
90233,MB33121,62,false,
90234,MB33179,49,false,
90235,MB33256,62,false,
90236,MB33274,57,false,
90237,MB33308,77,false,
90238,MB33310,49,false,
90239,MB33471,57,false,
90240,MB33493,407,false,
90241,MB33556,3,false,
90242,MB33600,318,false,
90243,MB33649,62,false,
90244,MB33726,3,false,
90245,MB33737,318,false,
90246,MB33755,77,false,
90247,MB33782,87,false,
90248,MB33827,318,false,
90249,MB33846,87,false,
90250,MB33863,318,false,
90251,MB33922,65,false,
90252,MB33968,62,false,
90253,MB33973,87,false,
90254,MB33995,318,false,
90255,MB34015,1,false,
90256,MB34115,318,false,
90257,MB34119,62,false,
90258,MB34130,149,false,
90259,MB34205,318,false,
90260,MB34218,62,false,
90261,MB34269,318,false,
90262,MB34317,45,false,
90263,MB34319,318,false,
90264,MB34378,407,false,
90265,MB34438,77,false,
90266,MB34561,62,false,
90267,MB34741,318,false,
90268,MB34750,77,false,
90269,MB34751,49,false,
90270,MB34757,77,false,
90271,MB34771,77,false,
90272,MB34775,5802,false,
90273,MB34781,62,false,
90274,MB34807,77,false,
90275,MB34817,4650,false,
90276,MB34845,318,false,
90277,MB34859,149,false,
90278,MB34873,318,false,
90279,MB34910,62,false,
90280,MB34923,149,false,
90281,MB35077,318,false,
90282,MB35182,318,false,
90283,MB35186,62,false,
90284,MB35196,1730,false,
90285,MB35203,318,false,
90286,MB35223,318,false,
90287,MB35233,4286,false,
90288,MB35264,318,false,
90289,MB35320,57,false,
90290,MB35326,407,false,
90291,MB35335,62,false,
90292,MB35391,77,false,
90293,MB35410,45,false,
90294,MB35430,1166,false,
90295,MB35449,57,false,
90296,MB35469,259,false,
90297,MB35494,149,false,
90298,MB35589,24,false,
90299,MB35637,62,false,
90300,MB35659,62,false,
90301,MB35662,5775,false,
90302,MB35665,62,false,
90303,MB35682,45,false,
90304,MB35686,149,false,
90305,MB35753,259,false,
90306,MB35760,4286,false,
90307,MB35795,77,false,
90308,MB35827,87,false,
90309,MB35841,62,false,
90310,MB35896,318,false,
90311,MB35907,62,false,
90312,MB35910,318,false,
90313,MB35912,62,false,
90314,MB35925,1,false,
90315,MB35995,62,false,
90316,MB36036,318,false,
90317,MB36130,77,false,
90318,MB36143,5775,false,
90319,MB36145,5775,false,
90320,MB36180,318,false,
90321,MB36218,62,false,
90322,MB36225,318,false,
90323,MB36357,45,false,
90324,MB36461,77,false,
90325,MB36578,65,false,
90326,MB36638,77,false,
90327,MB36648,68,false,
90328,MB36657,77,false,
90329,MB36687,65,false,
90330,MB36701,68,false,
90331,MB36714,318,false,
90332,MB36720,786,false,
90333,MB36799,318,false,
90334,MB36809,318,false,
90335,MB36897,407,false,
90336,MB36916,68,false,
90337,MB36966,2159,false,
90338,MB36967,77,false,
90339,MB36981,45,false,
90340,MB37044,1166,false,
90341,MB37068,,false,
90342,MB37139,57,false,
90343,MB37151,45,false,
90344,MB37218,149,false,
90345,MB37222,24,false,
90346,MB37224,77,false,
90347,MB37228A,77,false,
90348,MB37228B,77,false,
90349,MB37229,57,false,
90350,MB37230,357,false,
90351,MB37236,93,false,
90352,MB37272,2159,false,
90353,MB37301,49,false,
90354,MB37332,95,false,
90355,MB37348,2159,false,
90356,MB37379,77,false,
90357,MB37381,77,false,
90358,MB37407,77,false,
90359,MB37411,318,false,
90360,MB37426,77,false,
90361,MB37431,288,false,
90362,MB37446,318,false,
90363,MB37539,318,false,
90364,MB37551,77,false,
90365,MB37659,318,false,
90366,MB37660,62,false,
90367,MB37691,318,false,
90368,MB37698,65,false,
90369,MB37743,1702,false,
90370,MB37779,259,false,
90371,MB37919,65,false,
90372,MB37920,62,false,
90373,MB37931,318,false,
90374,MB37936,2617,false,
90375,MB37942,318,false,
90376,MB37965,65,false,
90377,MB37986,259,false,
90378,MB37990,65,false,
90379,MB37993,62,false,
90380,MB38000,68,false,
90381,MB38017,77,false,
90382,MB38027,62,false,
90383,MB38088,57,false,
90384,MB38139,65,false,
90385,MB38292,149,false,
90386,MB38293,5635,false,
90387,MB38338,149,false,
90388,MB38340,149,false,
90389,MB38348,149,false,
90390,MB38367,149,false,
90391,MB38368,149,false,
90392,MB38384,5775,false,
90393,MB38385,77,false,
90394,MB38443,149,false,
90395,MB38502,87,false,
90396,MB38506,87,false,
90397,MB38514,57,false,
90398,MB38551,2618,false,
90399,MB38557,2589,false,
90400,MB38598,141,false,
90401,MB38610,1481,false,
90402,MB38651,259,false,
90403,MB38655,2619,false,
90404,MB38666,65,false,
90405,MB38751,62,false,
90406,MB38779,3,false,
90407,MB38793,15,false,
90408,MB38855,24,false,
90409,MB38890,105,false,
90410,MB38897,2620,false,
90411,MB38939,2615,false,
90412,MB38992,149,false,
90413,MB39024,2589,false,
90414,MB39049,62,false,
90415,MB39057,1702,false,
90416,MB39060,62,false,
90417,MB39089,149,false,
90418,MB39138,87,false,
90419,MB39158,3,false,
90420,MB39223,1307,false,
90421,MB39377,65,false,
90422,MB39405,211,false,
90423,MB39428,65,false,
90424,MB39475,407,false,
90425,MB39479,149,false,
90426,MB39481,149,false,
90427,MB39484,57,false,
90428,MB39573,87,false,
90429,MB39631,57,false,
90430,MB39687,400,false,
90431,MB39702,95,false,
90432,MB39743,2621,false,
90433,MB39795,4286,false,
90434,MB39805,57,false,
90435,MB39816,149,false,
90436,MB39842,149,false,
90437,MB39854,65,false,
90438,MB39866,318,false,
90439,MB39887,407,false,
90440,MB40084,50,false,
90441,MB40163,62,false,
90442,MB40172,2160,false,
90443,MB40195,9,false,
90444,MB40210,62,false,
90445,MB40218,65,false,
90446,MB40299,738,false,
90447,MB40361,77,false,
90448,MB40395,65,false,
90449,MB40406,62,false,
90450,MB40411,62,false,
90451,MB40421,318,false,
90452,MB40429,77,false,
90453,MB40481,288,false,
90454,MB40484,77,false,
90455,MB40529,1,false,
90456,MB40566,149,false,
90457,MB40623,9,false,
90458,MB40650,149,false,
90459,MB40675,259,false,
90460,MB40754,149,false,
90461,MB40826,1702,false,
90462,MB40885,318,false,
90463,MB40921,2622,false,
90464,MB40950,259,false,
90465,MB40966A,259,false,
90466,MB40966B,259,false,
90467,MB40969,259,false,
90468,MB40971,352,false,
90469,MB40972,150,false,
90470,MB40973A,77,false,
90471,MB40973B,77,false,
90472,MB40977,2590,false,
90473,MB40981,259,false,
90474,MB40994,2160,false,
90475,MB40996,2160,false,
90476,MB41040,149,false,
90477,MB41065,1702,false,
90478,MB41076,2615,false,
90479,MB41104,62,false,
90480,MB41129A,5300,false,
90481,MB41129B,5236,false,
90482,MB41139,4286,false,
90483,MB41163,45,false,
90484,MB41200,45,false,
90485,MB41241,87,false,
90486,MB41317,259,false,
90487,MB41421,1,false,
90488,MB41453,65,false,
90489,MB41571,77,false,
90490,MB41701,5234,false,
90491,MB41708,318,false,
90492,MB41733A,4286,false,
90493,MB41733B,4286,false,
90494,MB41735,87,false,
90495,MB41813,62,false,
90496,MB41834,62,false,
90497,MB41849,120,false,
90498,MB41887,77,false,
90499,MB41891,45,false,
90500,MB41999,259,false,
90501,MB42128A,1166,false,
90502,MB42128B,1166,false,
90503,MB42167,3,false,
90504,MB42237,68,false,
90505,MB42289,95,false,
90506,MB42294A,97,false,
90507,MB42294B,97,false,
90508,MB42310,97,false,
90509,MB42313,5239,false,
90510,MB42328,65,false,
90511,MB42387,65,false,
90512,MB42440,259,false,
90513,MB42469,65,false,
90514,MB42488,77,false,
90515,MB42497,105,false,
90516,MB42606,65,false,
90517,MB42633,1166,false,
90518,MB42685,49,false,
90519,MB42706,318,false,
90520,MB42765A,65,false,
90521,MB42765B,65,false,
90522,MB42791,4286,false,
90523,MB42974,62,false,
90524,MB43027,407,false,
90525,MB43087A,97,false,
90526,MB43087B,97,false,
90527,MB43254,77,false,
90528,MB43292,77,false,
90529,MB43454,77,false,
90530,MB43458,65,false,
90531,MB43499,318,false,
90532,MB43685,149,false,
90533,MB43716,318,false,
90534,MB43763,259,false,
90535,MB43840,57,false,
90536,MB43913,62,false,
90537,MB44008,1,false,
90538,MB44022,57,false,
90539,MB44135,104,false,
90540,MB44157,259,false,
90541,MB44238,207,false,
90542,MB44281,68,false,
90543,MB44289A,,false,
90544,MB44289B,,false,
90545,MB44295,2618,false,
90546,MB44312,77,false,
90547,MB44313,68,false,
90548,MB44320,97,false,
90549,M45666,738,false,
90550,MB44429,77,false,
90551,MB44475,57,false,
90552,MB50054,57,false,
90553,MB50106,57,false,
90554,MB50120,3,false,
90555,MB50161,95,false,
90556,MB50175,57,false,
90557,MB50179,68,false,
90558,MB50200,65,false,
90559,MB50208A,68,false,
90560,MB50208B,68,false,
90561,MB50221,87,false,
90562,MB50247,62,false,
90563,MB50257,45,false,
90564,MB50275A,57,false,
90565,MB50278,62,false,
90566,MB50284,4310,false,
90567,MB50294,77,false,
90568,MB50306,49,false,
90569,MB50309,318,false,
90570,MB50322,62,false,
90571,MB50338,407,false,
90573,MB50383,318,false,
90574,MB50402,318,false,
90575,MB50404,62,false,
90576,MB50411,62,false,
90577,MB50428,2623,false,
90578,MB50448,332,false,
90579,MB50450,104,false,
90580,MB50536,62,false,
90581,MB50552,1730,false,
90582,MB50559,62,false,
90583,MB50568,62,false,
90584,MB50594,318,false,
90585,MB50617,786,false,
90586,MB50618,288,false,
90587,MB50627,4286,false,
90588,MB50631,62,false,
90589,MB50635,2617,false,
90590,MB50658,62,false,
90591,MB50664,62,false,
90592,MB50672,77,false,
90593,MB50674,65,false,
90594,MB50723,141,false,
90595,MB50725,57,false,
90596,MB50749,62,false,
90597,MB50751,4286,false,
90598,MB50775,65,false,
90599,MB50780,65,false,
90600,MB50783,77,false,
90601,MB50793,49,false,
90602,MB50810,65,false,
90603,MB50824,4310,false,
90604,MB50826,62,false,
90605,MB50870,4286,false,
90606,MB50875,318,false,
90607,MB50878,2589,false,
90608,MB50885,65,false,
90609,MB50919A,105,false,
90610,MB50940,62,false,
90611,MB50945,57,false,
90612,MB50966,62,false,
90613,MB50976,318,false,
90614,MB51013,149,false,
90615,MB51014,65,false,
90616,MB51024,45,false,
90617,MB51036,318,false,
90618,MB51039,62,false,
90619,MB51056,2291,false,
90620,MB51083,57,false,
90621,MB51117,2159,false,
90622,MB51152,149,false,
90623,MB51187,62,false,
90624,MB51202,105,false,
90625,MB51215,4286,false,
90626,MB51245,65,false,
90627,MB51268,141,false,
90628,MB51271,45,false,
90629,MB51272,77,false,
90630,MB51273,77,false,
90631,MB51276A,77,false,
90632,MB51276B,77,false,
90633,MB51279,65,false,
90634,MB51300,62,false,
90635,MB51325A,62,false,
90636,MB51346,62,false,
90637,MB51370,141,false,
90638,MB51380,902,false,
90639,MB51413,141,false,
90640,MB51423,262,false,
90641,MB51425,288,false,
90642,MB51451,49,false,
90643,MB51461,57,false,
90644,MB51493,62,false,
90645,MB51503,97,false,
90646,MB51512,62,false,
90647,MB51515,318,false,
90648,MB51528,62,false,
90649,MB51531,57,false,
90650,MB51532,259,false,
90651,MB51542,2615,false,
90652,MB51549,149,false,
90653,MB51560A,77,false,
90654,MB51560B,77,false,
90655,MB51585,141,false,
90656,MB51601,77,false,
90657,MB51606,77,false,
90658,MB51614,149,false,
90659,MB51670A,77,false,
90660,MB51670B,77,false,
90661,MB51678,4286,false,
90662,MB51680,1166,false,
90663,MB51721,87,false,
90664,MB51722,5240,false,
90665,MB51731,62,false,
90666,MB51750,57,false,
90667,MB51751,318,false,
90668,MB51783,288,false,
90669,MB51790,288,false,
90670,MB51799,77,false,
90671,MB51889,77,false,
90672,MB51890,259,false,
90673,MB51894,318,false,
90674,MB51914,318,false,
90675,MB51923,149,false,
90676,MB51929,49,false,
90677,MB52012,87,false,
90678,MB52013,62,false,
90679,MB52025,62,false,
90680,MB52030,62,false,
90681,MB52035,4286,false,
90682,MB52051,259,false,
90683,MB52052,4286,false,
90684,MB52056,62,false,
90685,MB52057,45,false,
90686,MB52066,2159,false,
90687,MB52073,57,false,
90688,MB52083,62,false,
90689,MB52085,49,false,
90690,MB52088,68,false,
90691,MB52134,50,false,
90692,MB52146,62,false,
90693,MB52173,62,false,
90694,MB52195,2624,false,
90695,MB52196,87,false,
90696,MB52224,1166,false,
90697,MB52232,2159,false,
90698,MB52239,3,false,
90699,MB52240,318,false,
90700,MB52254,45,false,
90701,MB52264,62,false,
90702,MB52271,97,false,
90703,MB52292,57,false,
90704,MB52303,62,false,
90705,MB52327,318,false,
90706,MB52413,288,false,
90707,MB52420,62,false,
90708,MB52425,65,false,
90709,MB52482,326,false,
90710,MB52511,57,false,
90711,MB52533,97,false,
90712,MB52657,45,false,
90713,MB52769,45,false,
90714,MB52772,104,false,
90715,MB52774,407,false,
90716,MB52800,120,false,
90717,MB52833,65,false,
90718,MB52895,318,false,
90719,MB52925,87,false,
90720,MB52953,318,false,
90721,MB53015,4286,false,
90722,MB53015A,4286,false,
90723,MB53015B,4286,false,
90724,MB53054,9,false,
90725,MB53174,149,false,
90726,MB53186,288,false,
90727,MB53195,57,false,
90728,MB53217,2625,false,
90729,MB53238,141,false,
90730,MB53311,2626,false,
90731,MB53441,2625,false,
90732,MB53452,77,false,
90733,MB53466,318,false,
90734,MB53504,259,false,
90735,M45667,1,false,
90736,MB53521,49,false,
90737,MB53553,57,false,
90738,MB53554,2159,false,
90739,MB53556,77,false,
90740,MB53559,259,false,
90741,MB53580,62,false,
90742,MB53605,62,false,
90743,MB53623,318,false,
90744,MB53645,1,false,
90745,MB53764,62,false,
90746,MB53768,318,false,
90747,MB53791,77,false,
90748,MB53792,62,false,
90749,MB53802,1482,false,
90750,MB53920,288,false,
90751,MB53952,259,false,
90752,MB53967,318,false,
90753,MB53991,49,false,
90754,MB54016,65,false,
90755,MB54017,87,false,
90756,MB54018,65,false,
90757,MB54027,318,false,
90758,MB54030,62,false,
90759,MB54035,65,false,
90760,MB54037,65,false,
90761,MB54042,288,false,
90762,MB54048,65,false,
90763,MB54055,318,false,
90764,MB54071,4286,false,
90765,MB54079,62,false,
90766,MB54081,65,false,
90767,MB54203,77,false,
90768,MB54207,62,false,
90769,MB54295,62,false,
90770,MB54303,77,false,
90771,MB54315,318,false,
90772,MB54483,62,false,
90773,MB54490,62,false,
90774,MB54493,65,false,
90775,MB54548,62,false,
90776,MB54551,67,false,
90777,M45668,138,false,
90778,MB54720,1702,false,
90779,MB54783,62,false,
90780,MB54812,77,false,
90781,MB54879,77,false,
90782,MB54965,65,false,
90783,MB55048,95,false,
90784,MB55056,4286,false,
90785,MB55090,9,false,
90786,MB55187,95,false,
90787,MB55191,9,false,
90788,MB55196,9,false,
90789,MB55242,24,false,
90790,MB55251,67,false,
90791,MB55273,77,false,
90792,MB55277,2627,false,
90793,MB55282,57,false,
90794,MB55301,62,false,
90795,MB55302,97,false,
90796,MB55317,62,false,
90797,MB55319,2628,false,
90798,MB55332,318,false,
90799,MB55340,62,false,
90800,MB55346,45,false,
90801,MB55373,62,false,
90802,MB55384,45,false,
90803,MB55404,15,false,
90804,MB55419,149,false,
90805,MB55423,288,false,
90806,MB55427,77,false,
90807,MB55460,77,false,
90808,MB55482,62,false,
90809,MB55492,77,false,
90810,MB55535,4310,false,
90811,MB55672,318,false,
90812,MB55687,77,false,
90813,MB55713,3,false,
90814,MB55759,95,false,
90816,MB55821A,4286,false,
90817,MB55821B,4286,false,
90818,MB55831,65,false,
90819,MB55854,1702,false,
90820,MB55874,57,false,
90821,MB55897,62,false,
90822,MB55979,77,false,
90823,MB55993,62,false,
90824,MB56008,5234,false,
90825,MB56013,2594,false,
90826,MB56023,396,false,
90827,MB56034,65,false,
90828,MB56045,318,false,
90829,MB56051,65,false,
90830,MB56138,3,false,
90831,MB56180,65,false,
90832,MB56212,2629,false,
90833,MB56236,77,false,
90834,MB56257,141,false,
90835,MB56263,1166,false,
90836,MB56384,1702,false,
90837,MB56389,95,false,
90838,MB56455,1702,false,
90839,MB56479,65,false,
90840,MB56513,24,false,
90841,MB56523,77,false,
90842,MB56577,259,false,
90843,MB56614A,3,false,
90844,MB56614B,3,false,
90845,MB56673,2159,false,
90846,MB56726,65,false,
90847,MB56733,62,false,
90848,MB56779,57,false,
90849,MB56820,65,false,
90850,MB56821,62,false,
90851,MB56870,62,false,
90852,MB56884,65,false,
90853,MB56885,318,false,
90854,MB56911,62,false,
90855,MB56915,292,false,
90856,MB56931,4286,false,
90857,MB56946,3,false,
90858,MB56958,45,false,
90859,MB57020,1166,false,
90860,MB57040,62,false,
90861,MB57049,1702,false,
90862,MB57082,97,false,
90864,M45669,138,false,
90865,M45670,138,false,
90866,MB57136,65,false,
90867,MB57139,62,false,
90868,MB57144,57,false,
90869,MB57187,97,false,
90870,MB57230,62,false,
90871,MB57256,65,false,
90872,MB57277,2591,false,
90873,MB57345,65,false,
90874,MB57350,,false,
90875,MB57368A,65,false,
90876,MB57368B,65,false,
90877,MB57377A,62,false,
90878,MB57377B,62,false,
90879,MB57385,149,false,
90880,MB57407,49,false,
90881,MB57422,77,false,
90882,MB57433,149,false,
90883,MB57437,149,false,
90884,MB57474,262,false,
90885,MB57487A,62,false,
90886,MB57487B,62,false,
90887,MB57488,318,false,
90888,MB57493,24,false,
90889,M45671,738,false,
90890,MB57499,77,false,
90891,MB57539,97,false,
90892,MB57636,45,false,
90893,MB57644,1702,false,
90894,MB57651,24,false,
90895,MB57669,772,false,
90896,MB57700,318,false,
90897,MB57746,259,false,
90898,MB57785,2159,false,
90899,MB57835,62,false,
90900,MB57885,2630,false,
90901,MB57897,1166,false,
90902,MB57927,,false,
90903,MB57948,2159,false,
90904,MB57954,57,false,
90905,MB57968A,62,false,
90906,MB57968B,62,false,
90907,MB58005,62,false,
90908,MB58009,62,false,
90909,MB58061,65,false,
90910,MB58070,95,false,
90911,MB58071,318,false,
90912,MB58074,4286,false,
90913,MB58079,77,false,
90914,MB58115,2631,false,
90915,MB58150,,false,
90916,MB58161,1166,false,
90917,MB58235,62,false,
90918,MB58275,2593,false,
90919,MB58286,62,false,
90920,MB58290,288,false,
90921,MB58302,45,false,
90922,MB58355,2593,false,
90923,MB58373,62,false,
90924,MB58391,57,false,
90925,MB58403,57,false,
90926,MB58530,,false,
90927,MB58531,77,false,
90928,MB58551,87,false,
90929,MB58605,87,false,
90930,MB58609,57,false,
90931,MB58653,4286,false,
90932,MB58707,87,false,
90933,MB58771,2632,false,
90934,MB58792,57,false,
90935,MB58906,318,false,
90936,MB58909,4286,false,
90937,M45672,738,false,
90938,MB59034,45,false,
90939,MB59100,95,false,
90940,MB59156,3,false,
90941,MB59166,65,false,
90942,MB59169,57,false,
90943,MB59180,120,false,
90944,MB59186,65,false,
90945,MB59194,65,false,
90946,MB59209,1702,false,
90947,MB59218,57,false,
90948,MB59277,87,false,
90949,MB59309,57,false,
90950,MB59316,318,false,
90951,MB59353,45,false,
90952,MB59372,49,false,
90953,MB59394,95,false,
90954,MB59414,62,false,
90955,MB59456,259,false,
90956,MB59471,738,false,
90957,MB59482A,2633,false,
90958,MB59482B,2633,false,
90959,MB59510,77,false,
90960,MB59515,77,false,
90961,MB59668,5802,false,
90962,MB59677A,2634,false,
90963,MB59677B,2634,false,
90964,MB59690,5802,false,
90965,MB59696,77,false,
90966,MB59780,45,false,
90967,MB59906,104,false,
90968,MB59941,45,false,
90969,MB59970,62,false,
90970,MB60051,65,false,
90971,MB60116,288,false,
90972,MB60118,77,false,
90973,MB60150,259,false,
90974,MB60160,77,false,
90975,MB60164,259,false,
90976,MB60301,77,false,
90977,MB60336,2635,false,
90978,MB60389,77,false,
90979,MB60405,62,false,
90980,MB60487A,57,false,
90981,MB60487B,57,false,
90982,MB60513,2159,false,
90983,MB60558,57,false,
90984,MB60572,57,false,
90985,MB60612,77,false,
90986,MB60649,1702,false,
90987,MB60655,,false,
90988,MB60726,62,false,
90989,MB60729,77,false,
90990,MB60762,2159,false,
90991,MB60792,2159,false,
90992,MB60827,97,false,
90993,MB60983,3,false,
90994,MB61022,1702,false,
90995,MB61049,62,false,
90996,MB61169,77,false,
90997,MB61177,62,false,
90998,MB61178,62,false,
90999,MB61244,62,false,
91000,MB61244,62,false,
91001,MB61263A,3,false,
91002,MB61263B,3,false,
91003,MB61341A,407,false,
91004,MB61341B,407,false,
91005,MB61390,77,false,
91006,MB61443,3,false,
91007,MB61533,9,false,
91008,MB61588,62,false,
91009,MB61774,97,false,
91010,MB61804,141,false,
91011,MB61810,50,false,
91012,MB61831,5300,false,
91013,MB61834,57,false,
91014,MB61838,24,false,
91015,MB61848,4286,false,
91016,MB61938,318,false,
91017,MB61940,288,false,
91018,MB62012,97,false,
91019,MB62028,318,false,
91020,MB62117,97,false,
91021,MB62192,62,false,
91022,MB62195,57,false,
91023,MB62203,87,false,
91024,MB62210,62,false,
91025,MB62213,87,false,
91026,MB62220,87,false,
91027,MB62259,62,false,
91028,MB62282,57,false,
91029,MB62283,62,false,
91030,MB62294,87,false,
91031,MB62296,62,false,
91032,MB62298,57,false,
91033,MB62359,95,false,
91034,MB62378,4286,false,
91035,MB62381,259,false,
91036,MB62384,5234,false,
91037,MB62399,45,false,
91038,MB62465,95,false,
91039,MB62475,65,false,
91040,MB62551,62,false,
91041,MB62580,68,false,
91042,MB62649,318,false,
91043,MB62657,68,false,
91044,MB62697,1166,false,
91045,MB62775,318,false,
91046,MB62841,57,false,
91047,MB62981A,1702,false,
91048,MB62981B,1702,false,
91049,MB63059,4310,false,
91050,MB63061,149,false,
91051,MB63082,67,false,
91052,MB63086A,2636,false,
91053,MB63086B,2636,false,
91054,MB63159,77,false,
91055,MB63185,1702,false,
91056,MB63191,49,false,
91057,MB63226,62,false,
91058,MB63232,2637,false,
91059,MB63235,62,false,
91060,MB63237,318,false,
91061,MB63244,259,false,
91062,MB63258,77,false,
91063,MB63366,4310,false,
91064,MB63382,62,false,
91065,MB63410,1702,false,
91066,MB63418,62,false,
91067,MB63457,318,false,
91068,MB63473,97,false,
91069,MB63480,77,false,
91070,MB63497,62,false,
91071,MB63510,62,false,
91072,MB63543,62,false,
91073,MB63550,318,false,
91074,MB63560,57,false,
91075,MB63569,62,false,
91076,MB63594,62,false,
91077,MB63672,57,false,
91078,MB63704,288,false,
91079,MB63738,2159,false,
91080,MB63765,149,false,
91081,MB63779,149,false,
91082,MB63853,318,false,
91083,MB63964,1702,false,
91084,MB64014A,65,false,
91085,MB64014B,65,false,
91086,MB64041,87,false,
91087,MB64046,65,false,
91088,MB64047,1523,false,
91089,MB64053,77,false,
91090,MB64077,65,false,
91091,MB64086,9,false,
91092,MB64094,57,false,
91093,MB64183,77,false,
91094,MB64220,67,false,
91095,MB64277,318,false,
91096,MB64312,57,false,
91097,MB64313,62,false,
91098,MB64319,3,false,
91099,MB64328,57,false,
91100,MB64347,62,false,
91101,MB64356,407,false,
91102,MB64360,62,false,
91103,MB64430,318,false,
91104,MB64457,57,false,
91105,MB64538,45,false,
91106,MB64557,2630,false,
91107,MB64571,45,false,
91108,MB64616,45,false,
91109,MB64647,318,false,
91110,MB64713,77,false,
91111,MB64741,318,false,
91112,MB64754,2160,false,
91113,MB64771,65,false,
91114,MB64821,77,false,
91115,MB64843,57,false,
91116,MB64862A,77,false,
91117,MB64862B,77,false,
91118,MB64862C,77,false,
91119,MB64865,87,false,
91120,MB64869,141,false,
91121,MB64878,1220,false,
91122,MB64897,141,false,
91123,MB64915,95,false,
91124,MB64940,65,false,
91125,MB64965,77,false,
91126,MB64987,1702,false,
91127,MB65015,45,false,
91128,MB65061,62,false,
91129,MB65088,62,false,
91130,MB65104,62,false,
91131,MB65107,77,false,
91132,MB65169,1166,false,
91133,MB65213,4286,false,
91134,MB65223,4286,false,
91135,MB65228,,false,
91136,MB65253,62,false,
91137,MB65403,1702,false,
91138,MB65435,318,false,
91139,MB65466,77,false,
91140,MB65482,62,false,
91141,MB65545,62,false,
91142,MB65576,318,false,
91143,MB65592,57,false,
91144,MB65693,62,false,
91145,MB65724,62,false,
91146,MB65727,62,false,
91147,MB65736A,9,false,
91148,MB65736B,9,false,
91149,MB65757,62,false,
91150,MB65798,49,false,
91151,MB65847,149,false,
91152,MB65861,77,false,
91153,MB65889,49,false,
91154,MB65942,2159,false,
91155,MB65973,262,false,
91156,MB65979,62,false,
91157,MB65997,262,false,
91158,MB66014,318,false,
91159,MB66182,149,false,
91160,MB66192,65,false,
91161,MB66207,,false,
91162,MB66238,318,false,
91163,MB66249,65,false,
91164,MB66282,62,false,
91165,MB66285,62,false,
91166,MB66318,65,false,
91167,MB66335,149,false,
91168,MB66358,65,false,
91169,MB66375,2616,false,
91170,MB66385,4286,false,
91171,MB66386,57,false,
91172,MB66444,1702,false,
91173,MB66489,57,false,
91174,MB66492,2638,false,
91175,MB66493,2639,false,
91176,MB66495,1702,false,
91177,MB66504,57,false,
91178,MB66741,57,false,
91179,MB66746,97,false,
91180,MB66751,288,false,
91181,MB66770,786,false,
91182,MB66786,259,false,
91183,MB66801,318,false,
91184,MB66867,62,false,
91185,MB66959A,87,false,
91186,MB66959B,87,false,
91187,MB66972,318,false,
91188,MB67004,738,false,
91189,MB67023,65,false,
91190,MB67029,58,false,
91191,MB67081,318,false,
91192,MB67094,57,false,
91193,MB67104A,1166,false,
91194,MB67104B,1166,false,
91195,MB67159,67,false,
91196,MB67160,87,false,
91197,MB67166,62,false,
91198,MB67178,97,false,
91199,MB67180,77,false,
91200,MB67201,62,false,
91201,MB67255,62,false,
91202,MB67266,95,false,
91203,MB67295,62,false,
91204,MB67299,62,false,
91205,MB67334,2159,false,
91206,MB67351,62,false,
91207,MB67355,318,false,
91208,MB67361,95,false,
91209,MB67362A,95,false,
91210,MB67364,87,false,
91211,MB67372,45,false,
91212,MB67375,9,false,
91213,MB67405,62,false,
91214,MB67421,77,false,
91215,MB67532,62,false,
91216,MB67552,77,false,
91217,MB67571,65,false,
91218,MB67598,62,false,
91219,MB67611A,1166,false,
91220,MB67611B,1166,false,
91221,MB67633,149,false,
91222,MB67718,318,false,
91223,MB67725,65,false,
91224,MB67736,3,false,
91225,MB67739,3,false,
91226,MB67759,318,false,
91227,MB67775,4292,false,
91228,MB67811,318,false,
91229,MB67813,45,false,
91230,MB67816,45,false,
91231,MB67984,4286,false,
91232,MB68057,4286,false,
91233,MB68071,1228,false,
91234,MB68072,4286,false,
91235,MB68079,141,false,
91236,MB68081,62,false,
91237,MB68083,2640,false,
91238,MB68085,87,false,
91239,MB68087,57,false,
91240,MB68091,318,false,
91241,MB68121,141,false,
91242,MB68149,3,false,
91243,MB68179,3,false,
91244,MB68191,62,false,
91245,MB68194,45,false,
91246,MB68261,62,false,
91247,MB68293,62,false,
91248,MB68340,65,false,
91249,MB68344,4286,false,
91250,MB68368,45,false,
91251,MB68385,9,false,
91252,MB68397,4286,false,
91253,MB68555,318,false,
91254,MB68595,149,false,
91255,MB68626,87,false,
91256,MB68640,77,false,
91257,MB68767,1481,false,
91258,MB68894,62,false,
91259,MB68940,68,false,
91260,MB68963,87,false,
91261,MB68967,67,false,
91262,MB68971,45,false,
91263,MB68978A,5242,false,
91264,MB68978B,5242,false,
91265,MB69032,87,false,
91266,MB69091,57,false,
91267,MB69092,318,false,
91268,MB69133,24,false,
91269,MB69134,24,false,
91270,MB69137,259,false,
91271,MB69168,62,false,
91272,MB69229,62,false,
91273,MB69339,77,false,
91274,MB69395,62,false,
91275,MB69443,65,false,
91276,MB69457,57,false,
91277,MB69476,77,false,
91278,MB69493,49,false,
91279,MB69608,57,false,
91280,MB69621,77,false,
91281,MB69646,62,false,
91282,MB69676,65,false,
91283,MB69693,87,false,
91284,MB69702,149,false,
91285,MB69711,49,false,
91286,MB69715,77,false,
91287,MB69731,97,false,
91288,MB69739,62,false,
91289,MB69909,62,false,
91290,MB69962,45,false,
91291,MB70018,62,false,
91292,MB70039,62,false,
91293,MB70069,5234,false,
91294,MB70077,318,false,
91295,MB70086,77,false,
91296,MB70151,62,false,
91297,MB70169,62,false,
91298,MB70176,105,false,
91299,MB70192,4286,false,
91300,MB70254,894,false,
91301,MB70362,77,false,
91302,MB70392,57,false,
91303,MB70457,62,false,
91304,MB70488,62,false,
91305,MB70531,2641,false,
91306,MB70557,1696,false,
91307,MB70592,105,false,
91308,MB70611,77,false,
91309,MB70769,149,false,
91310,MB70804,1166,false,
91311,MB70820,77,false,
91312,MB70854,2160,false,
91313,MB70876A,1166,false,
91314,MB70876B,1166,false,
91315,MB70902,259,false,
91316,MB70905,318,false,
91317,MB70918,2160,false,
91318,MB71001,940,false,
91319,MB71032,318,false,
91320,MB71038,318,false,
91321,MB71044,77,false,
91322,MB71059,49,false,
91323,MB71104,,false,
91324,MB71148,62,false,
91325,M45673,138,false,
91326,MB71206,68,false,
91327,MB71232,77,false,
91328,MB71257,77,false,
91329,MB71266,65,false,
91330,MB71287,259,false,
91331,MB71301,45,false,
91332,MB71308,65,false,
91333,MB71312,318,false,
91334,MB71315,4286,false,
91335,MB71335,77,false,
91336,MB71399,62,false,
91337,MB71403,62,false,
91338,MB71404,2159,false,
91339,MB71405,62,false,
91340,MB71407,62,false,
91341,MB71414,,false,
91342,MB71449,62,false,
91343,MB71477,77,false,
91344,MB71557,65,false,
91345,MB71594,318,false,
91346,MB71608,318,false,
91347,MB71631,2642,false,
91348,MB71641,62,false,
91349,MB71706,2615,false,
91350,MB71725,65,false,
91351,MB71764,149,false,
91352,MB71804,149,false,
91353,MB71847,62,false,
91354,MB71868,2615,false,
91355,MB71938,4286,false,
91356,MB71957,62,false,
91357,MB71981,95,false,
91358,MB71997,4286,false,
91359,MB72021,62,false,
91360,MB72034,57,false,
91361,MB72071,4286,false,
91362,MB72073,4286,false,
91363,MB72086,2643,false,
91364,MB72092,318,false,
91365,MB72179,97,false,
91366,MB72189,77,false,
91367,MB72199,57,false,
91368,MB72201A,77,false,
91369,MB72201B,77,false,
91370,MB72220,87,false,
91371,MB72239,95,false,
91372,MB72241,62,false,
91373,MB72259,5160,false,
91374,MB72313,95,false,
91375,MB72321,87,false,
91376,MB72327,95,false,
91377,MB72346,65,false,
91378,MB72347,65,false,
91379,MB72397,62,false,
91380,MB72401,4286,false,
91381,MB72432,4286,false,
91382,MB72441,62,false,
91383,MB72470,95,false,
91384,MB72480,77,false,
91385,MB72489,396,false,
91386,MB72511,57,false,
91387,MB72570,77,false,
91388,MB72598,4286,false,
91389,MB72642,87,false,
91390,MB72650,77,false,
91391,MB72652,65,false,
91392,MB72660,57,false,
91393,MB72698,65,false,
91394,MB72704,65,false,
91395,MB72744,95,false,
91396,MB72764,57,false,
91397,MB72765,2644,false,
91398,MB72824,45,false,
91399,MB72834,259,false,
91400,MB72897,57,false,
91401,MB72963A,45,false,
91402,MB72971,4286,false,
91403,MB73035,318,false,
91404,MB73072,65,false,
91405,MB73113,65,false,
91406,MB73128,65,false,
91407,MB73142,77,false,
91408,MB73167,57,false,
91409,MB73246,77,false,
91410,MB73254,104,false,
91411,MB73284,45,false,
91412,MB73301,45,false,
91413,MB73320,62,false,
91414,MB73333A,45,false,
91415,MB73333B,45,false,
91416,MB73380,4286,false,
91417,MB73407,2645,false,
91418,MB73453,87,false,
91419,MB73456,3,false,
91420,MB73462,2182,false,
91421,MB73463,4286,false,
91422,MB73465,62,false,
91423,MB73472,149,false,
91424,MB73489,62,false,
91425,MB73505,57,false,
91426,MB73509,149,false,
91427,MB73540,87,false,
91428,MB73552,77,false,
91429,MB73568,2645,false,
91430,MB73597,318,false,
91431,MB73621,141,false,
91432,MB73658,65,false,
91433,MB73659,65,false,
91434,MB73688,62,false,
91435,MB73689,57,false,
91436,MB73691,4286,false,
91437,MB73718,1166,false,
91438,MB73727,1166,false,
91439,MB73732,77,false,
91440,MB73746,2646,false,
91441,MB73770,2626,false,
91442,MB73787,326,false,
91443,MB73882,62,false,
91444,MB73908,50,false,
91445,MB73916,318,false,
91446,MB74077,57,false,
91447,MB74115,57,false,
91448,MB74119,1166,false,
91449,MB74126,396,false,
91450,MB74136,57,false,
91451,MB74142,318,false,
91452,MB74145,211,false,
91453,MB74150,87,false,
91454,MB74171,57,false,
91455,MB74184,62,false,
91456,MB74196,65,false,
91457,MB74283,49,false,
91458,MB74409,65,false,
91459,MB74418,57,false,
91460,MB74509,62,false,
91461,MB74512,62,false,
91462,MB74538,262,false,
91463,MB74576,1166,false,
91464,MB74577,57,false,
91465,MB74594,1702,false,
91466,MB74602,141,false,
91467,MB74631,49,false,
91468,MB74642,77,false,
91469,MB74658,62,false,
91470,MB74715,4167,false,
91471,MB74761,318,false,
91472,MB74783,1166,false,
91473,MB74785,,false,
91474,MB74786,57,false,
91475,MB74789,68,false,
91476,MB74862,57,false,
91477,MB74865,2642,false,
91478,MB74925,57,false,
91479,MB74931,,false,
91480,MB74932,259,false,
91481,MB74935,738,false,
91482,MB75042A,1166,false,
91483,MB75042B,1166,false,
91484,MB75063,2617,false,
91485,MB75064,65,false,
91486,MB75107,1166,false,
91487,MB75160,68,false,
91488,MB75199,77,false,
91489,MB75203,62,false,
91490,MB75315,318,false,
91491,MB75356,1166,false,
91492,MB75380,2171,false,
91493,MB75383,2611,false,
91494,MB75416,62,false,
91495,M15_647/2019,618,false,
91496,M20_524/2019,618,false,
91497,M22_537/2019,618,false,
91498,M23_535/2019,618,false,
91499,M26_843/2019,618,false,
91500,M27_859/2019,618,false,
91501,M28_883/2019,618,false,
91502,M29_916/2019,618,false,
91503,M31_949/2019,618,false,
91504,M32_953/2019,618,false,
91505,M33_971/2019,618,false,
91506,Nsk156/19,618,false,
91507,Nsk157/19,618,false,
91508,Smolensk6/2004,61,false,
91509,Smolensk49/2002,10,false,
91511,CNF,,false,
91532,Izhevsk73/2019,,false,
91539,Nmiss3084,738,false,
91541,SMG-19-1689,857,false,
91543,Smolensk98031/2019,,false,
91545,SMG-19-1707,148,false,
91546,SMG-19-1710,1,false,
91547,SMG-19-1713,97,false,
91549,Nmen98,68,false,
91550,Nm_1-15,2724,false,
91551,Nm_5-15,97,false,
91555,Nm_10-15,220,false,
91556,Nm_39-15,257,false,
91557,Nm_51-15,77,false,
91558,Nm_59-15,77,false,
91559,Nm_79-15,2750,false,
91560,N.m072,,false,
91561,N.m118,,false,
91562,55191,,false,
91563,55193,,false,
91564,55198,,false,
91565,52796,,false,
91566,SMG-19-1036,2651,false,
91567,SMG-19-1041,,false,
91568,SMG-19-1048,49,false,
91569,SMG-19-1057,62,false,
91570,SMG-19-1062,1740,false,
91571,Smolensk17/2004,,false,
91572,Smolensk1/2019,,false,
91573,Smolensk66051/2016,,false,
91574,Smolensk66401/2016,,false,
91575,Smolensk67630/2016,,false,
91576,Smolensk67735/2016,,false,
91577,Smolensk71844/2017,,false,
91578,Smolensk71962/2017,,false,
91579,Smolensk778786/2017,,false,
91580,Smolensk80412/2017,,false,
91581,Smolensk86549/2018,,false,
91582,Smolensk91815/2019,,false,
91583,Smolensk92374/2019,,false,
91584,Izhevsk8/2017,,false,
91585,Izhevsk36/2017,,false,
91590,NML2014-007,45,false,
91591,NML2015-028,45,false,
91592,NML2015-079,66,false,
91593,NML2015-092,66,false,
91594,NML2015-093,45,false,
91595,NML2015-156a,66,false,
91596,NML2016-042,66,false,
91597,NML2016-118,66,false,
91598,NML2016-119,45,false,
91599,NML2016-171,66,false,
91600,NML2017-072,45,false,
91601,NML2017-164,66,false,
91602,NML2018-055,66,false,
91603,NML2018-060,66,false,
91604,NML2018-083,66,false,
91605,NML2018-172,45,false,
91606,NML2019-078,45,false,
91607,NML2019-083,66,false,
91609,3023,,false,
91611,NML2016-049,66,false,
91612,M285/19,,false,
91613,M488/19,,false,
91614,M496/19,,false,
91615,M447/19,,false,
91616,M704/19,,false,
91617,M702/19,,false,
91618,M539/19,,false,
91619,M759/19,,false,
91620,M792/19,,false,
91621,M1116/19,,false,
91622,M1123/19,,false,
91623,M1163/19,,false,
91624,M1239/19,,false,
91625,M1213/19,,false,
91659,712/18,,false,
91660,1246/18,,false,
91661,2162/18,,false,
91662,19.8704916,,false,
91663,SMG-19-1102,259,false,
91664,SMG-19-1110,62,false,
91665,SMG-19-1112,345,false,
91666,NML2002-088,45,false,
91667,NML2003-134,45,false,
91668,NML2004-079,66,false,
91669,NML2004-178,45,false,
91670,NML2005-106,66,false,
91671,NML2006-044,66,false,
91672,NML2006-093,66,false,
91673,NML2006-113,66,false,
91674,NML2006-149,66,false,
91675,NML2006-183a,66,false,
91676,NML2006-218,66,false,
91677,NML2007-032,45,false,
91678,NML2007-086,66,false,
91679,NML2007-125,45,false,
91680,NML2007-176,66,false,
91681,NML2007-229,66,false,
91682,NML2007-232,66,false,
91683,NML2007-241,66,false,
91684,NML2008-019,2653,false,
91685,NML2008-038,66,false,
91686,NML2008-096,93,false,
91687,NML2008-145,66,false,
91688,NML2008-177,66,false,
91689,NML2008-179,66,false,
91690,NML2008-213,66,false,
91691,NML2008-227,66,false,
91692,NML2008-281,66,false,
91693,NML2009-149,45,false,
91694,NML2009-301,66,false,
91695,NML2009-311,66,false,
91696,NML2010-150,2654,false,
91697,NML2011-003,45,false,
91698,NML2011-104,93,false,
91699,NML2012-067,45,false,
91700,NML2012-154,2655,false,
91701,NML2012-246,66,false,
91702,NML2013-026,45,false,
91703,NML2013-030,66,false,
91704,NML2013-040,66,false,
91705,NML2013-171,45,false,
91706,NML2014-072,45,false,
91707,NML2015-017a,45,false,
91709,M47524,407,false,
91710,M47527,3709,false,
91711,M47538,5244,false,
91712,M48019,5245,false,
91713,M49300,,false,
91714,M49922,,false,
91715,M49925,,false,
91716,M49929,,false,
91717,M50304,,false,
91718,M50309,,false,
91719,M50311,,false,
91720,M51069,,false,
91721,NIID763,,false,
91722,SMG-19-1131,259,false,
91723,3024,,false,
91735,2018-130,,false,
91736,2190628,1,false,
91737,2190648,260,false,
91738,2190746,93,false,
91739,2190824,292,false,
91741,2190852,3,false,
91742,2190883,49,false,
91743,2190921_1,1,false,
91744,2190921_2,,false,
91745,2190922,1,false,
91746,2190928,1,false,
91747,2190951,87,false,
91748,2190960,1,false,
91749,2190974,62,false,
91750,2190984,3,false,
91753,SMG-19-1163,65,false,
91754,SMG-19-1166,290,false,
91755,SMG-19-1182,97,false,
91756,SMG-19-1184,97,false,
91757,SMG-19-1188,1,false,
91758,SMG-19-1191,1,false,
91759,M15 240951,1,false,
91760,M18 240449,77,false,
91761,M18 240534,77,false,
91762,M18 240582,77,false,
91763,M18 240612,77,false,
91764,M19 240214,2252,false,
91765,M19 240292,1,false,
91766,M19 240316,1,false,
91767,M19 240384,77,false,
91768,M19 240385,2658,false,
91769,M19 240386,77,false,
91770,1 MEX,2,false,
91771,2 MEX,2,false,
91772,3 MEX,,false,
91773,4 MEX,141,false,
91774,6 MEX,292,false,
91775,7 MEX,141,false,
91776,8 MEX,141,false,
91777,9 MEX,141,false,
91778,10 MEX,141,false,
91779,11 MEX,67,false,
91780,12 MEX,141,false,
91781,13 MEX,2,false,
91782,14 MEX,141,false,
91783,15 MEX,1,false,
91784,SMG-19-1207,288,false,
91785,12706,2256,false,
91786,12711,2256,false,
91787,14490,2256,false,
91788,1293,,false,
91789,1295,,false,
91790,12117,,false,
91791,12713,,false,
91792,12716,,false,
91793,14032,,false,
91794,14507,,false,
91795,M1801 029,,false,
91796,12712,,false,
91797,12718,,false,
91798,M6643,2659,false,
91799,Nmen88,2660,false,
91800,Nmen89,77,false,
91801,Nmen90,396,false,
91802,Nmen91,198,false,
91803,Nmen92,141,false,
91804,Nmen93,87,false,
91805,2191017,1,false,
91806,2191030,1,false,
91807,2191045,45,false,
91809,2191152,2661,false,
91810,2191177,1,false,
91811,2191220,1,false,
91812,2191254,1,false,
91813,2191281,791,false,
91814,2191303,87,false,
91816,2191304_2,87,false,
91817,2191318,1,false,
91818,2191324,1,false,
91819,2191325,791,false,
91821,2191391,1,false,
91822,2191393,93,false,
91823,2191408_1,45,false,
91825,2191483_1,62,false,
91827,2191485,1,false,
91828,2191526,1,false,
91829,2191595,1,false,
91831,2191628,97,false,
91832,2191629,45,false,
91834,2191737,1,false,
91837,2191830,1,false,
91839,2191876,1,false,
91840,2191877,1,false,
91844,2191889,1,false,
91846,600751,16,false,
91847,Nmiss3133,,false,
91848,105Mo,45,false,
91849,112Mo,45,false,
91850,113Mo,45,false,
91851,114Mo,67,false,
91852,115Mo,45,false,
91853,164M,262,false,
91854,165M,49,false,
91855,166M,62,false,
91856,167M,45,false,
91857,168M,259,false,
91858,169M,93,false,
91859,170M,45,false,
91860,12714,,false,
91861,12704,,false,
91862,16272,,false,
91864,14537,2256,false,
91866,114761,1,false,
91869,12705,2662,false,
91870,19-361,,false,
91871,19-397,,false,
91872,19-419,1158,false,
91873,19-424,62,false,
91874,19-462,,false,
91875,19-463,65,false,
91876,19-508,1,false,
91877,19-509,62,false,
91878,19-511,,false,
91879,19-559,,false,
91880,19-611,,false,
91881,19-616,,false,
91882,19-656,,false,
91883,19-708-1,,false,
91884,19-708-2,,false,
91885,19-719,,false,
91886,19-726,1,false,
91887,19-727,,false,
91888,19-732,,false,
91908,15206183,2664,false,
91932,EXNM874_sm,,false,
91933,Nm_1-19,65,false,
91934,Nm_2-19,292,false,
91935,Nm_3-19,67,false,
91936,Nm_4-19,9,false,
91937,Nm_8-19,62,false,
91938,Nm_11-19,62,false,
91939,Nm_13-19,,false,
91940,Nm_14-19,2665,false,
91941,Nm_17-19,57,false,
91942,Nm_19-19,87,false,
91943,Nm_23-19,87,false,
91944,Nm_24-19,604,false,
91945,Nm_26-19,1786,false,
91946,Nm_27-19,87,false,
91947,Nm_28-19,106,false,
91948,Nm_30-19,49,false,
91949,Nm_35-19,43,false,
91950,Nm_37-19,150,false,
91951,Nm_39-19,45,false,
91952,77/10,,false,
91953,83/10,,false,
91954,187/10,,false,
91955,490/10,,false,
91956,575/10,,false,
91957,630/10,,false,
91958,651/10,,false,
91959,742/10,,false,
91960,1113/10,,false,
91961,1159/10,,false,
91962,1374/10,,false,
91963,1499/10,,false,
91964,1574/10,,false,
91965,1614/10,,false,
91966,1647/10,,false,
91967,1709/10,,false,
91968,1846/10,,false,
91969,1865/10,,false,
91970,2010/10,,false,
91971,2102/10,,false,
91972,2103/10,,false,
91973,2105/10,,false,
91974,2132/10,,false,
91975,2164/10,,false,
91976,3655/10,,false,
91977,3664/10,,false,
91978,3667/10,,false,
91979,3668/10,,false,
91980,3713/10,,false,
91981,3804/10,,false,
91982,3860/10,,false,
91983,4137/10,,false,
91984,4143/10,,false,
91985,4681/10,,false,
91986,4739/10,,false,
91987,5334/10,,false,
91988,5350/10,,false,
91989,5439/10,,false,
91990,5634/10,,false,
91991,5976/10,,false,
91992,6073/10,,false,
91993,6271/10,,false,
91994,7910/10,,false,
91995,7979/10,,false,
91996,8031/10,,false,
91997,8187/10,,false,
91998,8368/10,,false,
91999,8632/10,,false,
92000,9267/10,,false,
92001,9278/10,,false,
92002,9319/10,,false,
92003,12/11,,false,
92004,27/11,,false,
92005,52/11,,false,
92006,73/11,,false,
92007,90/11,,false,
92008,102/11,,false,
92009,117/11,,false,
92010,119/11,,false,
92011,183/11,,false,
92012,232/11,,false,
92013,330/11,,false,
92014,431/11,,false,
92015,433/11,,false,
92016,463/11,,false,
92017,467/11,,false,
92018,480/11,,false,
92019,568/11,,false,
92020,577/11,,false,
92021,762/11,,false,
92022,826/11,,false,
92023,962/11,,false,
92024,1216/11,,false,
92025,1295/11,,false,
92026,1321/11,,false,
92027,1337/11,,false,
92028,1668/11,,false,
92029,1732/11,,false,
92030,1742/11,,false,
92031,4221/11,,false,
92032,4241/11,,false,
92033,4281/11,,false,
92034,4442/11,,false,
92035,4601/11,,false,
92036,4700/11,,false,
92037,4704/11,,false,
92038,4722/11,,false,
92039,4889/11,,false,
92040,4901/11,,false,
92041,4961/11,,false,
92042,5030/11,,false,
92043,5071/11,,false,
92044,5139/11,,false,
92045,5296/11,,false,
92046,5298/11,,false,
92047,5316/11,,false,
92048,5408/11,,false,
92049,5461/11,,false,
92050,5463/11,,false,
92051,5507/11,,false,
92052,5564/11,,false,
92053,5602/11,,false,
92054,5613/11,,false,
92055,5659/11,,false,
92056,5696/11,,false,
92057,5697/11,,false,
92058,8628/11,,false,
92059,8761/11,,false,
92060,8852/11,,false,
92061,8855/11,,false,
92062,8915/11,,false,
92063,9011/11,,false,
92064,9094/11,,false,
92065,9141/11,,false,
92066,9159/11,,false,
92067,9208/11,,false,
92068,9212/11,,false,
92069,9420/11,,false,
92070,9500/11,,false,
92071,9572/11,,false,
92072,9601/11,,false,
92073,9633/11,,false,
92074,9757/11,,false,
92075,9781/11,,false,
92076,9815/11,,false,
92077,9978/11,,false,
92078,9999/11,,false,
92079,10056/11,,false,
92080,10163/11,,false,
92081,10174/11,,false,
92082,10215/11,,false,
92083,10822/11,,false,
92084,10967/11,,false,
92085,10972/11,,false,
92086,10984/11,,false,
92087,52/12,,false,
92088,56/12,,false,
92089,59/12,,false,
92090,123/12,,false,
92091,137/12,,false,
92092,203/12,,false,
92093,401/12,,false,
92094,446/12,,false,
92095,551/12,,false,
92096,635/12,,false,
92097,2769/12,,false,
92098,2883/12,,false,
92099,3011/12,,false,
92100,3098/12,,false,
92101,3169/12,,false,
92102,3203/12,,false,
92103,3248/12,,false,
92104,3356/12,,false,
92105,3384/12,,false,
92106,3387/12,,false,
92107,3533/12,,false,
92108,3653/12,,false,
92109,3658/12,,false,
92110,3668/12,,false,
92111,3669/12,,false,
92112,3695/12,,false,
92113,3771/12,,false,
92114,3859/12,,false,
92115,3943/12,,false,
92116,3962/12,,false,
92117,4123/12,,false,
92118,4125/12,,false,
92119,4180/12,,false,
92120,4199/12,,false,
92121,4305/12,,false,
92122,4362/12,,false,
92123,4414/12,,false,
92124,4447/12,,false,
92125,4515/12,,false,
92126,4584/12,,false,
92127,4671/12,,false,
92128,4705/12,,false,
92129,4708/12,,false,
92130,4726/12,,false,
92131,4732/12,,false,
92132,4861/12,,false,
92133,4867/12,,false,
92134,4916/12,,false,
92135,5034/12,,false,
92136,5052/12,,false,
92137,5067/12,,false,
92138,5094/12,,false,
92139,5250/12,,false,
92140,5351/12,,false,
92141,5354/12,,false,
92142,5521/12,,false,
92143,5682/12,,false,
92144,6151/12,,false,
92145,6171/12,,false,
92146,6250/12,,false,
92147,6378/12,,false,
92148,6387/12,,false,
92149,6527/12,,false,
92150,6573/12,,false,
92151,6574/12,,false,
92152,6597/12,,false,
92153,6625/12,,false,
92154,6814/12,,false,
92155,6834/12,,false,
92156,6840/12,,false,
92157,7032/12,,false,
92158,7054/12,,false,
92159,7562/12,,false,
92160,7665/12,,false,
92161,7708/12,,false,
92162,7788/12,,false,
92163,7808/12,,false,
92164,7810/12,,false,
92165,10/13,,false,
92166,17/13,,false,
92167,101/13,,false,
92168,107/13,,false,
92169,108/13,,false,
92170,116/13,,false,
92171,131/13,,false,
92172,199/13,,false,
92173,206/13,,false,
92174,226/13,,false,
92175,238/13,,false,
92176,250/13,,false,
92177,303/13,,false,
92178,321/13,,false,
92179,323/13,,false,
92180,338/13,,false,
92181,402/13,,false,
92182,469/13,,false,
92183,480/13,,false,
92184,560/13,,false,
92185,587/13,,false,
92186,606/13,,false,
92187,642/13,,false,
92188,645/13,,false,
92189,649/13,,false,
92190,671/13,,false,
92191,672/13,,false,
92192,722/13,,false,
92193,740/13,,false,
92194,832/13,,false,
92195,895/13,,false,
92196,899/13,,false,
92197,944/13,,false,
92198,961/13,,false,
92199,989/13,,false,
92200,1077/13,,false,
92201,1139/13,,false,
92202,1244/13,,false,
92203,1276/13,,false,
92204,1349/13,,false,
92205,1383/13,,false,
92206,1405/13,,false,
92207,1413/13,,false,
92208,1449/13,,false,
92209,1463/13,,false,
92210,1500/13,,false,
92211,1556/13,,false,
92212,1558/13,,false,
92213,1594/13,,false,
92214,1672/13,,false,
92215,1709/13,,false,
92216,1761/13,,false,
92217,1811/13,,false,
92218,1932/13,,false,
92219,2115/13,,false,
92220,2169/13,,false,
92221,2259/13,,false,
92222,2323/13,,false,
92223,2373/13,,false,
92224,2469/13,,false,
92225,2557/13,,false,
92226,2609/13,,false,
92227,2700/13,,false,
92228,2737/13,,false,
92229,2786/13,,false,
92230,2827/13,,false,
92231,2873/13,,false,
92232,3395/13,,false,
92233,3444/13,,false,
92234,3803/13,,false,
92235,3804/13,,false,
92236,3905/13,,false,
92237,4112/13,,false,
92238,4134/13,,false,
92239,4188/13,,false,
92240,4429/13,,false,
92241,4551/13,,false,
92242,4564/13,,false,
92243,4586/13,,false,
92244,4750/13,,false,
92245,5100/13,,false,
92246,5166/13,,false,
92247,5211/13,,false,
92248,5217/13,,false,
92249,5275/13,,false,
92250,5614/13,,false,
92251,5717/13,,false,
92252,5749/13,,false,
92253,5833/13,,false,
92254,5863/13,,false,
92255,5866/13,,false,
92256,5872/13,,false,
92257,5959/13,,false,
92258,10/14,,false,
92259,239/14,,false,
92260,262/14,,false,
92261,289/14,,false,
92262,298/14,,false,
92263,299/14,,false,
92264,415/14,,false,
92265,673/14,,false,
92266,727/14,,false,
92267,844/14,,false,
92268,932/14,,false,
92269,933/14,,false,
92270,948/14,,false,
92271,973/14,,false,
92272,1005/14,,false,
92273,1056/14,,false,
92274,1118/14,,false,
92275,1122/14,,false,
92276,1345/14,,false,
92277,1506/14,,false,
92278,1618/14,,false,
92279,1624/14,,false,
92280,1686/14,,false,
92281,1688/14,,false,
92282,1874/14,,false,
92283,1927/14,,false,
92284,1978/14,,false,
92285,2172/14,,false,
92286,2254/14,,false,
92287,2381/14,,false,
92288,2504/14,,false,
92289,2555/14,,false,
92290,2781/14,,false,
92291,2797/14,,false,
92292,2798/14,,false,
92293,2889/14,,false,
92294,3011/14,,false,
92295,3016/14,,false,
92296,3038/14,,false,
92297,3172/14,,false,
92298,3518/14,,false,
92299,3640/14,,false,
92300,3680/14,,false,
92301,3709/14,,false,
92302,3811/14,,false,
92303,3831/14,,false,
92304,4028/14,,false,
92305,4140/14,,false,
92306,4229/14,,false,
92307,4233/14,,false,
92308,4268/14,,false,
92309,4363/14,,false,
92310,4379/14,,false,
92311,4380/14,,false,
92312,4442/14,,false,
92313,4661/14,,false,
92314,4720/14,,false,
92315,4823/14,,false,
92316,4898/14,,false,
92317,4906/14,,false,
92318,4948/14,,false,
92319,5056/14,,false,
92320,5247/14,,false,
92321,5267/14,,false,
92322,5268/14,,false,
92323,5318/14,,false,
92324,152/15,,false,
92325,206/15,,false,
92326,209/15,,false,
92327,263/15,,false,
92328,302/15,,false,
92329,329/15,,false,
92330,376/15,,false,
92331,420/15,,false,
92332,441/15,,false,
92333,580/15,,false,
92334,631/15,,false,
92335,645/15,,false,
92336,652/15,,false,
92337,718/15,,false,
92338,748/15,,false,
92339,832/15,,false,
92340,869/15,,false,
92341,877/15,,false,
92342,880/15,,false,
92343,968/15,,false,
92344,969/15,,false,
92345,1033/15,,false,
92346,1077/15,,false,
92347,1093/15,,false,
92348,1142/15,,false,
92349,1155/15,,false,
92350,1222/15,,false,
92351,1308/15,,false,
92352,1310/15,,false,
92353,1391/15,,false,
92354,1392/15,,false,
92355,1409/15,,false,
92356,1471/15,,false,
92357,1483/15,,false,
92358,1517/15,,false,
92359,1524/15,,false,
92360,1527/15,,false,
92361,1528/15,,false,
92362,1530/15,,false,
92363,1562/15,,false,
92364,1573/15,,false,
92365,1594/15,,false,
92366,1595/15,,false,
92367,1749/15,,false,
92368,1857/15,,false,
92369,1910/15,,false,
92370,2102/15,,false,
92371,2105/15,,false,
92372,2135/15,,false,
92373,2151/15,,false,
92374,2435/15,,false,
92375,2556/15,,false,
92376,2663/15,,false,
92377,2933/15,,false,
92378,3107/15,,false,
92379,3118/15,,false,
92380,3151/15,,false,
92381,3534/15,,false,
92382,3572/15,,false,
92383,3710/15,,false,
92384,3774/15,,false,
92385,3852/15,,false,
92386,3930/15,,false,
92387,4001/15,,false,
92388,4047/15,,false,
92389,4251/15,,false,
92390,4252/15,,false,
92391,4310/15,,false,
92392,4529/15,,false,
92393,4610/15,,false,
92394,4832/15,,false,
92395,4877/15,,false,
92396,4882/15,,false,
92397,4934/15,,false,
92398,4991/15,,false,
92399,5055/15,,false,
92400,5099/15,,false,
92401,5102/15,,false,
92402,63/16,,false,
92403,211/16,,false,
92404,353/16,,false,
92405,403/16,,false,
92406,405/16,,false,
92407,418/16,,false,
92408,440/16,,false,
92409,552/16,,false,
92410,600/16,,false,
92411,605/16,,false,
92412,720/16,,false,
92413,837/16,,false,
92414,976/16,,false,
92415,1018/16,,false,
92416,1203/16,,false,
92417,1221/16,,false,
92418,1347/16,,false,
92419,1350/16,,false,
92420,1373/16,,false,
92421,1380/16,,false,
92422,1470/16,,false,
92423,1502/16,,false,
92424,1538/16,,false,
92425,1650/16,,false,
92426,2094/16,,false,
92427,2179/16,,false,
92428,2293/16,,false,
92429,2387/16,,false,
92430,2531/16,,false,
92431,2642/16,,false,
92432,2649/16,,false,
92433,2655/16,,false,
92434,2726/16,,false,
92435,2760/16,,false,
92436,3036/16,,false,
92437,3037/16,,false,
92438,4117/16,,false,
92439,4236/16,,false,
92440,4306/16,,false,
92441,4586/16,,false,
92442,4750/16,,false,
92443,4756/16,,false,
92444,4774/16,,false,
92445,5131/16,,false,
92446,5198/16,,false,
92447,5335/16,,false,
92448,5478/16,,false,
92449,5480/16,,false,
92450,5594/16,,false,
92451,5663/16,,false,
92452,5748/16,,false,
92453,5781/16,,false,
92454,5889/16,,false,
92455,6187/16,,false,
92456,6315/16,,false,
92457,6359/16,,false,
92458,6387/16,,false,
92459,6630/16,,false,
92460,7242/16,,false,
92461,7414/16,,false,
92462,12140,,false,
92463,12146,,false,
92464,12163,,false,
92465,12165,,false,
92466,12194,,false,
92467,12195,,false,
92468,12396,,false,
92469,18276,,false,
92470,N.31/16,,false,
92471,N.136/16,,false,
92472,N.143/16,,false,
92473,HA80146,407,false,
92474,GX200201,,false,
92475,JX80227,407,false,
92476,22200124,407,false,
92477,450522,407,false,
92478,21200186,407,false,
92479,341201,407,false,
92480,100516,407,false,
92481,130925,2666,false,
92482,231003,407,false,
92483,320809,29,false,
92484,340803,407,false,
92485,341216,1829,false,
92486,420703,2667,false,
92487,421102,407,false,
92488,421301,407,false,
92489,611001,2428,false,
92490,651301,2668,false,
92491,HEB85-3,2669,false,
92492,130711,1,false,
92493,140901,407,false,
92494,431421,407,false,
92495,130724,407,false,
92496,130811,407,false,
92497,130814,407,false,
92498,130907,407,false,
92499,210713,407,false,
92500,310819,407,false,
92501,320802,407,false,
92502,360522,2670,false,
92503,431401,2671,false,
92504,431410,407,false,
92505,130708,407,false,
92506,100901,407,false,
92507,130924,2666,false,
92508,131457,407,false,
92509,421615,407,false,
92510,421616,2672,false,
92511,651616,2668,false,
92512,651632,2668,false,
92513,651645,407,false,
92514,651675,407,false,
92515,21300235,407,false,
92516,101105,407,false,
92517,101701,407,false,
92518,101767,407,false,
92519,130916,2666,false,
92520,130917,2666,false,
92521,131139,407,false,
92522,131140,2673,false,
92523,131141,407,false,
92524,131337,407,false,
92525,131724,2428,false,
92526,131725,2428,false,
92527,131726,2428,false,
92528,JX210298,407,false,
92529,340815,407,false,
92530,341219,1829,false,
92531,360547,407,false,
92532,411206,407,false,
92533,411401,2674,false,
92534,411402,2674,false,
92535,411405,407,false,
92536,421203,407,false,
92537,421502,2675,false,
92538,421505,407,false,
92539,421512,407,false,
92540,421513,407,false,
92541,421514,2676,false,
92542,421515,2676,false,
92543,421516,2676,false,
92544,431203,407,false,
92545,431205,407,false,
92546,431206,407,false,
92547,431306,5255,false,
92548,431314,2677,false,
92549,431331,2677,false,
92550,431332,407,false,
92551,431339,2678,false,
92552,431340,2679,false,
92553,431343,2680,false,
92554,431345,407,false,
92555,431404,407,false,
92556,431405,407,false,
92557,431414,407,false,
92558,431415,407,false,
92559,431416,407,false,
92560,431417,407,false,
92561,431418,2681,false,
92562,441310,407,false,
92563,441408,407,false,
92564,12145,407,false,
92565,130648,407,false,
92566,ZJ85-1169,407,false,
92567,JX2005-119,407,false,
92568,N2005-309,2682,false,
92569,100701,407,false,
92570,101013,407,false,
92571,101715,407,false,
92572,120601,407,false,
92573,130901,407,false,
92574,131258,407,false,
92575,131259,407,false,
92576,131343,2683,false,
92577,140501,407,false,
92578,141722,407,false,
92579,211307,407,false,
92580,310827,407,false,
92581,320701,407,false,
92582,321102,407,false,
92583,341403,407,false,
92584,421311,407,false,
92585,421315,407,false,
92586,421401,407,false,
92587,431002,2684,false,
92588,431004,407,false,
92589,431210,407,false,
92590,441301,407,false,
92591,441308,407,false,
92592,441407,407,false,
92593,621001,407,false,
92594,651712,2668,false,
92595,131312,407,false,
92596,411306,5255,false,
92597,SMG-19-1395,1178,false,
92641,42-017,738,false,
92688,6688,18,false,
92689,101002,,false,
92690,130638,,false,
92691,360630,,false,
92692,420805,,false,
92693,431102,,false,
92694,510508,,false,
92695,510611,,false,
92696,510720,,false,
92697,510902,,false,
92698,520804,,false,
92699,620505,,false,
92700,630611,,false,
92701,GD93-10,,false,
92702,JS267,,false,
92703,130807,,false,
92704,651602,,false,
92705,651618,,false,
92706,101730,5077,false,
92707,101764,,false,
92708,131121,,false,
92709,131146,,false,
92710,131723,,false,
92711,360535,,false,
92712,411305,,false,
92713,421511,,false,
92714,431311,,false,
92715,101736,,false,
92716,131705,,false,
92717,131706,,false,
92718,141711,,false,
92719,141714,,false,
92720,210672,,false,
92721,421109,,false,
92722,651711,,false,
92723,651713,,false,
92724,360625,,false,
92725,420712,,false,
92726,640706,,false,
92727,651623,,false,
92728,530511,,false,
92729,431201,,false,
92730,101716,,false,
92731,N182,,false,
92736,Nm_12-19,1,false,
92737,Nm_16-19,68,false,
92738,Nm_29-19,1,false,
92739,Nm_38-19,1,false,
92740,Nm_40-19,1,false,
92741,Nm_45-19,1,false,
92742,Nm_50-19,1,false,
92743,Nm_3-18,2687,false,
92744,Nm_9-18,1,false,
92745,Nm_26-18,1,false,
92746,Nm_56-18,1,false,
92747,Nm_68-18,1,false,
92749,Nm_2-17,1,false,
92750,Nm_12-17,2688,false,
92751,Nm_1-16,68,false,
92752,Nm_48-13,1,false,
92753,Nm_70-12,68,false,
92754,50789,,false,
92756,Nm_4-18,57,false,
92757,Nm_5-18,2689,false,
92758,Nm_6-18,87,false,
92759,Nm_7-18,1,false,
92760,Nm_10-18,1,false,
92761,Nm_12-18,67,false,
92763,Nm_15-18,62,false,
92764,Nm_16-18,2690,false,
92765,Nm_18-18,141,false,
92766,Nm_20-18,45,false,
92767,Nm_21-18,45,false,
92768,Nm_24-18,257,false,
92769,Nm_27-18,150,false,
92770,Nm_28-18,262,false,
92771,Nm_29-18,77,false,
92772,Nm_32-18,49,false,
92773,Nm_33-18,410,false,
92774,Nm_35-18,95,false,
92775,Nm_38-18,400,false,
92776,Nm_39-18,65,false,
92777,Nm_40-18,9,false,
92778,Nm_41-18,9,false,
92779,Nm_42-18,1469,false,
92780,Nmen94,68,false,
92781,Nmen95,2752,false,
92782,Nmen96,87,false,
92783,Nmen97,3,false,
92793,Nm_43-18,45,false,
92794,Nm_44-18,87,false,
92795,Nm_46-18,87,false,
92796,Nm_47-18,62,false,
92797,Nm_48-18,1,false,
92798,Nm_49-18,49,false,
92799,Nm_50-18,68,false,
92800,Nm_51-18,604,false,
92801,Nm_53-18,77,false,
92802,Nm_54-18,45,false,
92803,Nm_60-18,45,false,
92804,Nm_61-18,87,false,
92805,Nm_62-18,257,false,
92806,Nm_63-18,67,false,
92807,Nm_65-18,3,false,
92808,Nm_66-18,67,false,
92809,Nm_67-18,62,false,
92810,Nm_69-18,137,false,
92811,Nm_71-18,87,false,
92812,Nm_72-18,4302,false,
92813,Nm_73-18,33,false,
92814,Nm_74-18,2753,false,
92815,Nm_75-18,87,false,
92816,Nm_76-18,62,false,
92817,Nm_78-18,262,false,
92818,Nm_79-18,259,false,
92819,Nm_80-18,1,false,
92820,Nm_82-18,250,false,
92821,Nm_83-18,455,false,
92822,Nm_86-18,5235,false,
92823,Nm_15-19,2665,false,
92824,Nm_42-19,1250,false,
92825,Nm_43-19,150,false,
92826,Nm_46-19,93,false,
92827,Nm_47-19,87,false,
92828,Nm_48-19,3,false,
92829,Nm_52-19,97,false,
92830,Nm_53-19,87,false,
92831,Nm_7-17,954,false,
92832,Nm_31-17,137,false,
92833,Nm_1-17,198,false,
92834,Nm_3-17,67,false,
92835,Nm_6-17,87,false,
92836,Nm_9-17,93,false,
92837,Nm_10-17,106,false,
92838,Nm_11-17,570,false,
92839,Nm_13-17,3,false,
92840,Nm_14-17,49,false,
92841,Nm_16-17,87,false,
92842,Nm_17-17,57,false,
92843,Nm_23-17,136,false,
92844,Nm_24-17,9,false,
92845,Nm_25-17,87,false,
92846,Nm_27-17,93,false,
92847,Nm_30-17,87,false,
92848,Nm_32-17,77,false,
92849,Nm_34-17,62,false,
92851,Nm_50-17,2754,false,
92852,Nm_42-17,9,false,
92853,Nm_49-17,2755,false,
92854,Nm_51-17,120,false,
92855,Nm_53-17,87,false,
92856,Nm_54-17,45,false,
92857,Nm_55-17,2756,false,
92858,Nm_57-17,3,false,
92859,Nm_8-16,62,false,
92860,Nm_17-16,141,false,
92861,Nm_27-16,67,false,
92862,Nm_32-16,208,false,
92863,Nm_41-16,77,false,
92864,Nm_42-16,141,false,
92865,Nm_45-16,67,false,
92866,Nm_46-16,87,false,
92867,Nm_48-16,49,false,
92868,Nm_52-16,49,false,
92869,Nm_53-16,67,false,
92870,Nm_54-16,2259,false,
92871,Nm_57-16,1475,false,
92872,Nei0068,4598,false,
92873,Nei0090,4580,false,
92874,Nei0198,,false,
92875,Nei0409,,false,
92876,Nei0438,,false,
92877,919640,,false,
92878,919740,,false,
92879,919050,,false,
92880,GuiZhou2018TRE10,,false,
92881,GuiZhou2018TRE22,,false,
92882,GuiZhou2018TRF27,,false,
92884,670858,16,false,
92885,671231,2757,false,
92886,00-66,,false,
92887,1359000099,68,false,
92888,13-670,1,false,
92889,16-154,1,false,
92898,JR-409,,false,
92899,JR-413,,false,
92900,JR-414,,false,
92901,JR-412,,false,
92902,JR-403,,false,
92903,JR-401,,false,
93049,M45674,138,false,
93064,M45675,138,false,
93077,M45676,738,false,
93078,M45677,138,false,
93110,M45678,138,false,
93214,G176,,false,
93216,SMG-18-2293,2649,false,
93217,SMG-18-2290,2650,false,
93218,SMG-18-2287,735,false,
93219,SMG-18-2264,2784,false,
93220,SMG-18-2275,2054,false,
93221,SMG-18-2277,2302,false,
93222,SMG-18-2270,1,false,
93223,SMG-18-2274,400,false,
93224,SMG-19-1516,1,false,
93225,SMG-19-1537,138,false,
93226,M7951,18,false,
93227,M8822,18,false,
93228,M9458,654,false,
93229,NZ19MI0015,,false,
93230,NZ19MI0024,,false,
93231,NZ19MI0048,,false,
93232,NZ19MI0062,,false,
93233,SMG-19-1547,3,false,
93234,SMG-19-1548,1,false,
93235,SMG-19-1549,1,false,
93236,SMG-19-1550,97,false,
93237,SMG-19-1551,1,false,
93238,SMG-19-1552,2072,false,
93239,SMG-19-1553,1,false,
93240,SMG-19-1554,1,false,
93241,SMG-19-1555,1,false,
93242,SMG-19-1556,1,false,
93243,Mcbar-1632-4,2785,false,
93244,Mcbar-2473,62,false,
93245,Mcbar-2475,,false,
93246,Mcbar-2490,,false,
93247,Mcbar-2508,,false,
93248,Mcbar-2514,,false,
93249,Mcbar-2549,,false,
93250,Mcbar-1011-3,1166,false,
93251,Mcbar-1028,,false,
93252,Mcbar-1169-2,,false,
93253,Mcbar-1425-3,62,false,
93254,Mcbar-1467-3,62,false,
93255,Mcbar-1510-3,345,false,
93256,Mcbar-1529-3,77,false,
93257,Mcbar-1623,65,false,
93258,Mcbar-1632,,false,
93259,Mcbar-1634,,false,
93260,Mcbar-1640,65,false,
93261,Mcbar-1660,57,false,
93262,Mcbar-1677,97,false,
93263,Mcbar-1701,890,false,
93264,McBar-1710-3,262,false,
93265,Mcbar-1710,,false,
93266,Mcbar-1713,,false,
93267,Mcbar-1739,,false,
93268,Mcbar-1743,,false,
93269,Mcbar-1752,,false,
93270,Mcbar-1762,65,false,
93271,McBar-1820-3,,false,
93272,McBar-2009,,false,
93273,McBar-2024,2786,false,
93274,McBar-2025,,false,
93275,McBar-2035-3,,false,
93276,McBar-2036,62,false,
93277,McBar-2037,,false,
93278,McBar-2045,,false,
93279,McBar-2072,,false,
93280,McBar-2089,65,false,
93281,McBar-2113,454,false,
93282,McBar-2122,4330,false,
93283,McBar-2131,95,false,
93284,Mcbar-2171,65,false,
93285,Mcbar-2172,2289,false,
93286,Mcbar-2216,65,false,
93287,McBar-2266,,false,
93288,Mcbar-234,62,false,
93289,McBar-2415,262,false,
93290,McBar-2419,,false,
93291,McBar-456-2,65,false,
93292,Mcbar-633,2787,false,
93293,Mcbar-791-3,57,false,
93294,Mcbar-2215,1166,false,
93295,Mcbar-2277,,false,
93296,Mcbar-2293,65,false,
93297,Mcbar-2296,,false,
93298,Mcbar-2332,65,false,
93299,Mcbar-2339,65,false,
93300,Mcbar-2341,,false,
93301,Mcbar-2342,65,false,
93302,Mcbar-2359,1166,false,
93303,Mcbar-2366,65,false,
93304,Mcbar-2371,62,false,
93305,Mcbar-2388,65,false,
93306,Mcbar-2401,902,false,
93307,Mcbar-459-3,,false,
93308,Mcbar-1304-2,,false,
93309,Mcbar-1795,,false,
93310,Mcbar-1807,,false,
93311,Mcbar-1819,2788,false,
93312,Mcbar-1820,49,false,
93313,Mcbar-1859,,false,
93314,Mcbar-1862,4167,false,
93315,Mcbar-1884,,false,
93316,Mcbar-1918,,false,
93317,Mcbar-1959,,false,
93318,Mcbar-1978,65,false,
93319,Mcbar-2008,,false,
93320,Mcbar-2011,,false,
93321,Mcbar-2015,62,false,
93322,Mcbar-333,1166,false,
93323,Mcbar-1011,262,false,
93334,SMG-19-1557,1,false,
93335,SMG-19-1582,1,false,
93336,481/17,,false,
93337,560/17,,false,
93338,1312/17,,false,
93339,1452/17,,false,
93340,2009/17,,false,
93341,2628/17,,false,
93342,3160/17,,false,
93343,3169/17,,false,
93344,3335/17,,false,
93345,3336/17,,false,
93346,3686/17,,false,
93347,4301/17,,false,
93348,4630/17,,false,
93349,4964/17,,false,
93350,5379/17,,false,
93351,5389/17,,false,
93352,5669/17,,false,
93353,7118/17,,false,
93354,7618/17,,false,
93355,7672/17,,false,
93356,7796/17,,false,
93357,7949/17,,false,
93358,8016/17,,false,
93359,8513/17,,false,
93360,8556/17,,false,
93361,8740/17,,false,
93362,9182/17,,false,
93363,310/18,,false,
93364,560/18,,false,
93365,656/18,,false,
93366,712/18,,false,
93367,1246/18,,false,
93368,1249/18,,false,
93369,1300/18,,false,
93370,1316/18,,false,
93371,1438/18,,false,
93372,1643/18,,false,
93373,1775/18,,false,
93374,1854/18,,false,
93375,2093/18,,false,
93376,2344/18,,false,
93377,2502/18,,false,
93378,3440/18,,false,
93379,3528/18,,false,
93380,3831/18,,false,
93381,4260/18,,false,
93383,6917/18,,false,
93384,7721/18,,false,
93385,7774/18,,false,
93386,8135/18,,false,
93387,9382/18,,false,
93388,2963/18,,false,
93389,4348/18,,false,
93390,6369/18,,false,
93391,7466/18,,false,
93392,Nm_12-14,5257,false,
93393,Nm_24-14,485,false,
93394,Nm_78-14,2724,false,
93395,Nm_92-14,87,false,
93396,Nm_97-14,93,false,
93397,Nm_3-13,722,false,
93398,Nm_9-13,1,false,
93399,0001/16,1,false,
93400,0002/16,1,false,
93401,0006/17,2117,false,
93402,0011/16,119,false,
93403,0012/16,2789,false,
93404,0019/14,49,false,
93405,0020/14,49,false,
93406,0021/14,49,false,
93407,0025/17,1,false,
93408,0026/17,97,false,
93409,0038/17,,false,
93410,0053/17,66,false,
93411,0055/16,45,false,
93412,0056/16,45,false,
93413,0056/17,57,false,
93414,0075/17,1,false,
93415,0079/16,2,false,
93416,0083/16,2,false,
93417,0104/17,3,false,
93418,NM113,,false,
93419,EXNG995,1006,false,
93420,EXNG985,1006,false,
93421,EXNG923,,false,
93422,EXNG702,22,false,
93423,EXNG658,22,false,
93424,EXNG601,22,false,
93425,EXNG589,22,false,
93426,EXNG530,,false,
93427,EXNG440,3353,false,
93428,EXNG403,22,false,
93429,EXNG335,1006,false,
93432,17170,2256,false,
93433,17200,,false,
93434,M1902 083,2256,false,
93435,18005,2059,false,
93436,12723,,false,
93437,12727,,false,
93438,12728,,false,
93439,12729,,false,
93441,M45679,138,false,
93443,2192019,1,false,
93446,2192042,1,false,
93447,2192090,68,false,
93449,2192127,1,false,
93450,M45680,138,false,
93457,M45681,738,false,
93458,2192321,1,false,
93479,M42412,1521,false,
93480,M42413,49,false,
93481,M42414,2625,false,
93482,M42415,2791,false,
93483,M42416,65,false,
93484,M42418,5804,false,
93485,M42419,1780,false,
93486,M42420,1780,false,
93487,M42421,5260,false,
93488,M42424,,false,
93489,M42425,2625,false,
93490,M42426,49,false,
93491,M42427,2792,false,
93492,M42428,1166,false,
93493,M42429,867,false,
93494,M42431,1166,false,
93495,M42435,65,false,
93496,M42441,,false,
93497,M42442,102,false,
93498,M42444,1521,false,
93499,M42445,2793,false,
93500,M42446,2625,false,
93501,M42448,1780,false,
93502,M42450,2679,false,
93503,M42451,1166,false,
93504,M42454,2625,false,
93505,M42456,2679,false,
93506,M42458,407,false,
93507,M42459,65,false,
93508,M42481,885,false,
93509,M42460,2794,false,
93510,M42461,67,false,
93511,M42467,2791,false,
93512,M42468,65,false,
93513,M42470,77,false,
93514,M42471,396,false,
93515,M42475,95,false,
93516,M42476,77,false,
93517,M42477,97,false,
93518,M42478,65,false,
93519,M42479,65,false,
93520,M42480,980,false,
93521,M42483,1931,false,
93522,M42484,2679,false,
93523,M42485,2795,false,
93524,M42469,1702,false,
93610,DE10055,45,false,
93611,DE10063,45,false,
93612,DE10074,45,false,
93613,DE10117,45,false,
93614,DE10120,45,false,
93615,DE11621,45,false,
93616,DE11629,45,false,
93617,DE11650,2799,false,
93618,DE12811,2800,false,
93619,DE12860,45,false,
93620,DE13047,45,false,
93621,DE13262,93,false,
93622,DE13263,93,false,
93623,DE13264,93,false,
93624,DE13270,93,false,
93625,DE13277,93,false,
93626,DE13280,93,false,
93627,DE13312,45,false,
93628,DE13514,45,false,
93629,DE13567,738,false,
93630,DE13592,738,false,
93631,DE13875,738,false,
93632,DE13914,45,false,
93633,DE13974,120,false,
93634,DE14432,151,false,
93635,DE14437,57,false,
93636,DE14438,49,false,
93637,DE14439,2801,false,
93638,DE14441,2802,false,
93639,DE14442,93,false,
93640,DE14443,1,false,
93641,DE14444,67,false,
93642,DE14445,141,false,
93643,DE14446,45,false,
93644,DE14448,93,false,
93645,DE14449,93,false,
93646,DE14451,141,false,
93647,DE14453,67,false,
93648,DE14454,93,false,
93649,DE14455,62,false,
93650,DE14459,45,false,
93651,DE14460,120,false,
93652,DE14461,257,false,
93653,DE14462,62,false,
93654,DE14463,39,false,
93655,DE14464,141,false,
93656,DE14465,62,false,
93657,DE14466,1481,false,
93658,DE14467,45,false,
93659,DE14468,311,false,
93660,DE14470,151,false,
93661,DE14471,3,false,
93662,DE14472,45,false,
93663,DE14475,260,false,
93664,DE14476,3,false,
93665,DE14477,1,false,
93666,DE14478,1156,false,
93667,DE14479,3,false,
93668,DE14480,49,false,
93669,DE14482,87,false,
93670,DE14483,87,false,
93671,DE14484,274,false,
93672,DE14485,87,false,
93673,DE14486,141,false,
93674,DE14489,49,false,
93675,DE14490,601,false,
93676,DE14491,220,false,
93677,DE14492,1,false,
93678,DE14493,62,false,
93679,DE14494,738,false,
93680,DE14495,385,false,
93681,DE14496,45,false,
93682,DE14498,78,false,
93683,DE14505,257,false,
93684,DE9273,610,false,
93685,DE9274,610,false,
93686,DE9425,610,false,
93688,SMG-19-1674,87,false,
93690,114763,62,false,
93691,114764,5163,false,
93692,114765,62,false,
93693,N.128-08,,false,
93694,N.43-16,,false,
93819,Nm_12-13,62,false,
93820,Nm_25-13,45,false,
93821,Nm_40-13,87,false,
93822,Nm_51-13,2809,false,
93823,Nm_2-12,104,false,
93824,Nm_12-12,2724,false,
93825,Nm_15-12,569,false,
93826,Nm_16-12,3,false,
93827,Nm_24-12,2724,false,
93828,Nm_33-12,45,false,
93829,Nm_49-12,45,false,
93830,Nm_60-12,93,false,
93831,Nm_3-12,485,false,
93832,Nm_4-12,57,false,
93833,Nm_13-12,2755,false,
93834,Nm_17-12,45,false,
93835,Nm_19-12,49,false,
93836,Nm_20-12,2,false,
93837,Nm_22-12,45,false,
93838,Nm_26-12,93,false,
93839,Nm_27-12,93,false,
93840,Nm_30-12,2,false,
93841,Nm_35-12,9,false,
93842,Nm_37-12,93,false,
93843,Nm_38-12,9,false,
93844,Nm_45-12,425,false,
93846,Nmen100,2700,false,
93847,Nmen101,77,false,
93848,114766,62,false,
93850,G11-2019,,false,
93851,G17-2019,,false,
93852,G38-2019,,false,
93853,G65-2019,,false,
93854,G102-2019,,false,
93855,G144-2019,,false,
93856,G159-2019,,false,
93857,G228-2019,,false,
93858,G245-2019,,false,
93859,G265-2019,,false,
93860,G296-2019,,false,
93861,G324-2019,,false,
93862,G334-2019,,false,
93863,G340-2019,,false,
93864,G352-2019,,false,
93865,G356-2019,,false,
93866,G357-2019,,false,
93867,G386-2019,,false,
93868,G393-2019,,false,
93869,G396-2019,,false,
93870,G400-2019,,false,
93871,G498-2019,,false,
93872,G421-2019,,false,
93873,G481-2019,,false,
93874,G487-2019,,false,
93875,G513-2019,,false,
93876,G538-2019,,false,
93877,G588-2019,,false,
93878,G592-2019,,false,
93879,G597-2019,,false,
93880,G602-2019,,false,
93881,G639-2019,,false,
93882,G669-2019,,false,
93883,G676-2019,,false,
93884,G691-2019,,false,
93885,G730-2019,,false,
93886,G937-2019,,false,
93887,G979-2019,,false,
93888,G983-2019,,false,
93889,G1008-2019,,false,
93890,G1042-2019,,false,
93891,M52063,,false,
93892,M51835,,false,
93893,M51830,,false,
93894,M51765,,false,
93895,M51737,,false,
93896,M51467,1,false,
93897,M51462,128,false,
93898,M51585,887,false,
93899,161013,57,false,
93900,161035,,false,
93901,171027,45,false,
93902,IE17Nm28,1,false,
93903,171029,2098,false,
93904,IE17Nm30,62,false,
93905,171032,87,false,
93906,IE17Nm41,1,false,
93907,171042,290,false,
93908,IE17Nm48,1,false,
93909,IE17Nm49,77,false,
93910,IE17Nm50,1,false,
93911,171051,65,false,
93912,IE17Nm52,497,false,
93913,IE17Nm53,686,false,
93914,IE17Nm54,1,false,
93915,IE17Nm55,262,false,
93916,IE18Nm01,1,false,
93917,IE18Nm02,1,false,
93918,IE18Nm03,292,false,
93919,IE18Nm04,1,false,
93920,IE18Nm05,62,false,
93921,IE18Nm07,45,false,
93922,IE18Nm08,45,false,
93923,IE18Nm09,352,false,
93924,181010,1,false,
93925,IE18Nm11,260,false,
93926,IE18Nm12,2810,false,
93927,IE18Nm13,301,false,
93928,IE18Nm15,1,false,
93929,IE18Nm17,3,false,
93930,IE18Nm18,150,false,
93931,IE18Nm19,1,false,
93932,IE18Nm20,62,false,
93933,IE18Nm21,1,false,
93934,IE18Nm22,5261,false,
93935,IE18Nm23,3,false,
93936,IE18Nm26,77,false,
93937,IE18Nm27,1876,false,
93938,IE18Nm28,45,false,
93939,IE18Nm29,9,false,
93940,IE18Nm30,62,false,
93941,IE18Nm31,1156,false,
93942,IE18Nm32,1,false,
93943,IE18Nm34,93,false,
93944,181035,5799,false,
93945,IE18Nm36,62,false,
93946,IE18Nm37,93,false,
93947,IE18Nm38,1876,false,
93948,IE18Nm39,1,false,
93949,IE18Nm40,1,false,
93950,IE18Nm41,45,false,
93951,IE18Nm46,2665,false,
93952,IE18Nm47,1,false,
93953,IE18Nm48,1,false,
93954,IE18Nm49,45,false,
93955,IE18Nm50,62,false,
93956,181051,95,false,
93957,IE18Nm52,1,false,
93958,IE18Nm53,93,false,
93959,IE18Nm60,45,false,
93960,IE18Nm61,1,false,
93961,IE18Nm65,62,false,
93962,IE19Nm01,77,false,
93963,IE19Nm03,93,false,
93964,IE19Nm04,3,false,
93965,IE19Nm05,1995,false,
93966,IE19Nm06,93,false,
93967,IE19Nm07,62,false,
93968,IE19Nm09,45,false,
93969,IE19Nm10,93,false,
93970,IE19Nm11,105,false,
93971,IE19Nm12,62,false,
93972,IE19Nm13,1,false,
93973,IE19Nm14,1,false,
93974,IE19Nm15,1,false,
93975,191016,2811,false,
93976,IE19Nm17,2812,false,
93977,IE19Nm18,45,false,
93978,IE19Nm21,257,false,
93979,191022,1,false,
93980,IE19Nm23,45,false,
93981,IE19Nm24,87,false,
93982,IE19Nm25,1,false,
93983,IE19Nm26,150,false,
93984,IE19Nm29,62,false,
93985,191030,77,false,
93986,IE19Nm31,49,false,
93987,191032,65,false,
93988,191033,65,false,
93989,IE19Nm34,45,false,
93990,IE19Nm35,45,false,
93991,191037,890,false,
93992,IE19Nm38,1,false,
93993,IE19Nm39,424,false,
93994,IE19Nm40,93,false,
93995,CAM187,29,false,
93996,CAM142,29,false,
94004,M3_64/2019,1,false,
94035,22655,3504,false,
94036,22676,93,false,
94037,22709,,false,
94038,22725,49,false,
94039,22749,,false,
94040,22793,,false,
94041,22811,,false,
94042,22830,308,false,
94043,22855,3505,false,
94044,22860,,false,
94045,22805,93,false,
94046,22812,57,false,
94047,NM2019-105,2607,false,
94048,10103,318,false,
94049,Nm040_Nei018_T3,407,false,
94050,Nm040_Nei042_T3,407,false,
94051,Nm040_Nei082_T3,407,false,
94052,Nm040_Nei110_T3,407,false,
94053,Nm040_Nei139_T3,407,false,
94054,Nm040_Nei139_T7,407,false,
94055,Nm040_Nei153_T3,407,false,
94056,Nm040_Nei343_T3,407,false,
94057,Nm040_Nei437_T1,407,false,
94058,Nm 01-18,,false,
94059,NZ19MD0061,,false,
94060,1-45945,45,false,
94061,1-88064,2423,false,
94062,10016,29,false,
94063,100267,1,false,
94064,100579,2816,false,
94065,100609,2817,false,
94066,100773,45,false,
94067,101075,2620,false,
94068,101272,2818,false,
94069,101460,45,false,
94070,101557,,false,
94071,105338,1,false,
94072,106099,29,false,
94073,107040,29,false,
94074,107044,29,false,
94075,107053,29,false,
94076,107060,29,false,
94077,107070,29,false,
94078,107071,29,false,
94079,107072,29,false,
94080,107075,29,false,
94081,107080,29,false,
94082,107092,29,false,
94083,108003,29,false,
94084,108064,29,false,
94085,108088,29,false,
94086,108092,29,false,
94087,108096,2819,false,
94088,108097,29,false,
94089,108152,29,false,
94090,108225,29,false,
94091,108253,29,false,
94092,108308,29,false,
94093,108508,29,false,
94094,108653,29,false,
94095,108897,2423,false,
94096,108914,29,false,
94097,108932,2820,false,
94098,110529,45,false,
94099,12-10118,3,false,
94100,15587,45,false,
94101,1814,105,false,
94102,2-06999,2423,false,
94103,2-11037,2431,false,
94104,2-49117,1,false,
94105,2-55189,1692,false,
94106,2-62731,45,false,
94107,200067,2358,false,
94109,201758,2423,false,
94110,20634,45,false,
94111,22017,2423,false,
94112,3-07002,1588,false,
94113,3-08260,45,false,
94114,3-11246,5303,false,
94115,3-11964,45,false,
94116,3-1796,5303,false,
94117,3-50861,2821,false,
94118,3-60791,2821,false,
94119,30002,29,false,
94120,30273,1588,false,
94121,30408,2822,false,
94122,31819,29,false,
94123,36145,2423,false,
94124,36252,67,false,
94125,36500,2823,false,
94126,4-00341,2824,false,
94127,40668,47,false,
94128,41021,29,false,
94129,41881,2825,false,
94130,500404,5197,false,
94131,51460,2423,false,
94132,52147,2826,false,
94133,619,45,false,
94134,675,105,false,
94135,71145,2827,false,
94153,LNP31135,1,false,
94160,EXNG353,3353,false,
94161,EXNG364,18,false,
94162,EXNG391,1006,false,
94163,EXNG478,,false,
94164,EXNG501,1006,false,
94165,EXNG517,1006,false,
94166,EXNG615,3353,false,
94167,M45682,138,false,
94168,EXNG839,3353,false,
94169,EXNG852,1006,false,
94170,2019-073,,false,
94171,MB50275B,57,false,
94172,MB50919B,105,false,
94173,MB51276,77,false,
94174,MB51325B,62,false,
94175,MB67362B,95,false,
94176,MB72963B,45,false,
94180,22169,3506,false,
94181,SMG-19-1928,2830,false,
94182,EXNM879_sm,77,false,
94183,EXNM885_sm,,false,
94185,M18 240118,1,false,
94186,M18 240122,1,false,
94200,M18 240169,2831,false,
94243,M18 240257,120,false,
94245,M18 240259,45,false,
94261,M18 240342,262,false,
94262,M18 240356,1,false,
94263,M18 240365,68,false,
94264,M18 240379,1,false,
94265,M18 240382,62,false,
94266,M18 240403,97,false,
94267,M18 240417,318,false,
94268,M18 240419,62,false,
94269,M18 240420,1,false,
94270,M18 240422,256,false,
94272,M18 240425,1,false,
94275,M18 240435,127,false,
94276,M18 240450,1,false,
94277,M18 240452,62,false,
94278,M18 240462,2665,false,
94280,M18 240495,62,false,
94281,M18 240505,3,false,
94282,M18 240506,1,false,
94283,M18 240508,211,false,
94284,M18 240512,45,false,
94285,M18 240514,1,false,
94286,M18 240516,1,false,
94287,M18 240518,422,false,
94288,M18 240519,9,false,
94290,M18 240522,45,false,
94291,M18 240525,407,false,
94292,M18 240526,257,false,
94293,M18 240527,45,false,
94294,M18 240528,87,false,
94296,M18 240533,62,false,
94297,M18 240539,93,false,
94298,M18 240543,1,false,
94299,M18 240545,87,false,
94300,M18 240547,87,false,
94301,M18 240548,93,false,
94302,M18 240549,62,false,
94303,M18 240567,3,false,
94304,M18 240569,1,false,
94305,M18 240570,62,false,
94306,M18 240571,1,false,
94307,M18 240572,120,false,
94393,M19 240058,49,false,
94394,M19 240060,1,false,
94395,M19 240061,62,false,
94396,M19 240063,1,false,
94397,M19 240064,1,false,
94398,M19 240082,151,false,
94399,M19 240084,3,false,
94400,M19 240085,62,false,
94401,M19 240088,9,false,
94402,M19 240090,120,false,
94403,M19 240091,62,false,
94404,M19 240092,45,false,
94405,M19 240095,1,false,
94406,M19 240098,62,false,
94407,M19 240099,45,false,
94408,M19 240100,62,false,
94409,M19 240101,141,false,
94410,M19 240103,2065,false,
94411,M19 240104,881,false,
94412,M19 240105,2832,false,
94413,M19 240106,93,false,
94414,M19 240107,1,false,
94415,M19 240108,62,false,
94416,M19 240109,1,false,
94417,M19 240111,1,false,
94418,M19 240113,2,false,
94419,M19 240114,2,false,
94420,M19 240116,45,false,
94421,M19 240117,1,false,
94422,M19 240118,120,false,
94423,M19 240119,62,false,
94448,M19 240169,1,false,
94449,M19 240171,2833,false,
94450,M19 240173,120,false,
94451,M19 240175,87,false,
94452,M19 240176,45,false,
94453,M19 240177,62,false,
94454,M19 240179,93,false,
94455,M19 240180,93,false,
94456,M19 240181,1,false,
94457,M19 240182,93,false,
94458,M19 240186,1,false,
94459,M19 240187,1,false,
94464,M19 240197,62,false,
94465,M19 240198,1,false,
94466,M19 240199,45,false,
94467,M19 240200,1,false,
94468,M19 240201,45,false,
94469,M19 240207,3,false,
94470,M19 240210,1,false,
94473,Mcbar-16-4,,false,
94474,Mcbar-589-4,,false,
94475,Mcbar-791-4,,false,
94476,Mcbar-1167-4,,false,
94477,Mcbar-1463-4,,false,
94478,Mcbar-1467-4,62,false,
94479,Mcbar-1510-4,,false,
94480,Mcbar-2035-4,62,false,
94481,Mcbar-2216-4,65,false,
94482,Mcbar-2296-4,,false,
94483,Mcbar-2468,62,false,
94484,Mcbar-2579,,false,
94485,Mcbar-2607,,false,
94486,Mcbar-2610,,false,
94487,Mcbar-2619,,false,
94488,Mcbar-2626,65,false,
94489,Mcbar-2635,,false,
94490,Mcbar-2647,262,false,
94491,Mcbar-2651,,false,
94492,Mcbar-2685,,false,
94493,Mcbar-2699,,false,
94494,Mcbar-2723,262,false,
94495,Mcbar-2724,,false,
94496,Mcbar-2725,,false,
94497,Mcbar-2739,97,false,
94498,Mcbar-2752,,false,
94499,Mcbar-2767,1166,false,
94500,Mcbar-2778,,false,
94501,Mcbar-2790,4167,false,
94502,Mcbar-2806,,false,
94503,Mcbar-2810,,false,
94504,Mcbar-2813,,false,
94505,Mcbar-2817,,false,
94506,Mcbar-2834,,false,
94507,Mcbar-2835,1166,false,
94508,Mcbar-2894,24,false,
94509,Mcbar-2928,,false,
94510,Mcbar-2966,902,false,
94511,Mcbar-2980,,false,
94512,Mcbar-3006,,false,
94513,Mcbar-3055,,false,
94514,Mcbar-3056,,false,
94515,SMG-19-1963,3,false,
94516,M45683,138,false,
94517,M45684,138,false,
94518,M45685,138,false,
94519,M45686,138,false,
94520,M45687,138,false,
94521,M45688,138,false,
94522,M45689,138,false,
94523,M45690,138,false,
94524,M45691,138,false,
94525,M45692,138,false,
94526,M45693,138,false,
94527,M45694,138,false,
94528,M45695,138,false,
94529,M45696,138,false,
94530,M45697,138,false,
94531,M45698,138,false,
94532,M45699,138,false,
94533,M45700,138,false,
94534,M45701,138,false,
94535,M45702,138,false,
94536,M45703,138,false,
94537,M45704,138,false,
94538,M45705,138,false,
94539,M45706,138,false,
94540,M45707,138,false,
94541,M45708,138,false,
94542,M45709,138,false,
94543,M45710,138,false,
94544,M45711,138,false,
94545,M45712,138,false,
94546,M45713,138,false,
94547,M45714,138,false,
94548,M45715,138,false,
94549,M45716,138,false,
94550,M45717,138,false,
94551,M45718,138,false,
94552,M45719,138,false,
94553,M45720,138,false,
94554,M45721,138,false,
94555,M45722,138,false,
94556,M45723,138,false,
94557,M45724,138,false,
94558,M45725,138,false,
94559,M45726,138,false,
94560,M45727,138,false,
94561,M45728,138,false,
94562,M45729,138,false,
94563,M45730,138,false,
94564,M45731,138,false,
94565,M45732,738,false,
94566,M45733,138,false,
94567,M45734,138,false,
94568,M45735,138,false,
94569,M45736,138,false,
94570,M45737,138,false,
94571,M45738,138,false,
94572,M45739,138,false,
94573,M45740,138,false,
94574,M45741,138,false,
94575,M45742,138,false,
94576,M45743,138,false,
94577,M45744,138,false,
94578,M45745,138,false,
94579,M45746,138,false,
94580,M45747,138,false,
94581,M45748,138,false,
94582,M45749,138,false,
94583,M45750,138,false,
94584,M45751,738,false,
94585,M45752,1,false,
94586,M45753,138,false,
94587,M45754,138,false,
94588,M45755,738,false,
94589,M45756,138,false,
94590,M45757,738,false,
94591,M45758,138,false,
94592,M45759,138,false,
94593,M45760,138,false,
94594,M45761,138,false,
94595,M45762,138,false,
94596,M45763,1,false,
94597,M45764,138,false,
94598,M45765,738,false,
94599,M45766,138,false,
94600,M45767,138,false,
94601,M45768,138,false,
94602,M45769,138,false,
94603,M45770,138,false,
94604,M45771,138,false,
94605,M45772,738,false,
94606,M45773,138,false,
94607,M45774,138,false,
94608,M45775,138,false,
94609,M45776,138,false,
94610,M45777,138,false,
94611,M45778,138,false,
94612,M45779,138,false,
94613,M45780,138,false,
94614,M45781,138,false,
94615,M45782,138,false,
94616,M45783,138,false,
94617,M45784,138,false,
94618,M45785,138,false,
94619,M45786,138,false,
94620,M45787,138,false,
94621,M45788,138,false,
94622,M45790,138,false,
94623,M45791,138,false,
94624,M45792,138,false,
94625,M45793,138,false,
94626,M45794,138,false,
94627,M45795,738,false,
94628,M45796,738,false,
94629,M45797,138,false,
94630,M45798,138,false,
94631,M45799,1,false,
94632,M45800,738,false,
94633,M45801,138,false,
94634,M45802,138,false,
94635,M45803,138,false,
94636,M45804,138,false,
94637,M45805,138,false,
94638,M45806,138,false,
94639,M45807,738,false,
94640,M45808,738,false,
94641,M45809,738,false,
94642,M45810,138,false,
94643,M45811,738,false,
94644,M45812,138,false,
94645,M45813,138,false,
94646,M45814,738,false,
94647,M45815,738,false,
94648,M45816,138,false,
94649,M45817,738,false,
94650,M45818,138,false,
94651,M45819,138,false,
94652,M45821,1,false,
94653,M45822,1,false,
94654,M45823,1,false,
94655,M45824,738,false,
94656,M45825,738,false,
94657,M45827,738,false,
94658,M45828,738,false,
94659,M45829,738,false,
94660,M45830,738,false,
94661,M45832,738,false,
94662,M45833,738,false,
94663,M45834,738,false,
94664,M45835,738,false,
94665,M45836,738,false,
94666,M45837,738,false,
94667,M45838,738,false,
94668,M45839,738,false,
94669,M45840,738,false,
94670,M45841,138,false,
94671,M45842,738,false,
94672,M45843,738,false,
94673,M45844,33,false,
94674,M45845,738,false,
94675,M45846,138,false,
94676,M45847,138,false,
94677,M45849,138,false,
94678,M45850,138,false,
94679,M45851,138,false,
94680,M45852,138,false,
94681,M45853,138,false,
94682,M45854,138,false,
94683,M45855,738,false,
94684,M45856,138,false,
94685,M45857,138,false,
94686,M45858,138,false,
94687,M45859,138,false,
94688,M45860,138,false,
94689,M45861,138,false,
94690,M45862,138,false,
94691,M45863,138,false,
94692,M45864,138,false,
94693,M45865,138,false,
94694,M45866,138,false,
94695,M45867,1,false,
94696,M45868,138,false,
94697,M45869,138,false,
94698,M45870,138,false,
94699,M45871,138,false,
94700,M45872,138,false,
94701,M45873,138,false,
94702,M45874,138,false,
94703,M45875,138,false,
94704,M45876,138,false,
94705,M45877,138,false,
94706,M45878,138,false,
94707,M45879,138,false,
94708,M45880,138,false,
94709,M45881,138,false,
94710,M45882,138,false,
94711,M45883,138,false,
94712,M45884,138,false,
94713,M45885,138,false,
94714,M45886,138,false,
94715,M45887,138,false,
94716,M45888,138,false,
94717,M45889,138,false,
94718,M45890,138,false,
94719,M45892,138,false,
94720,M45893,138,false,
94721,M45894,138,false,
94722,M45895,138,false,
94723,M45896,138,false,
94724,M45897,138,false,
94725,M47295,738,false,
94726,M47296,138,false,
94727,M47298,138,false,
94728,M47299,138,false,
94729,M47300,138,false,
94730,M47301,138,false,
94731,M47302,738,false,
94732,M47303,138,false,
94733,M47304,138,false,
94734,M47305,499,false,
94735,M47306,138,false,
94736,M47307,138,false,
94737,M47308,138,false,
94738,M47309,138,false,
94739,M47310,138,false,
94740,M47311,138,false,
94741,M47312,138,false,
94742,M47313,138,false,
94743,M47314,138,false,
94744,M47315,138,false,
94745,M47316,138,false,
94746,M47317,138,false,
94747,M47318,138,false,
94748,M47319,138,false,
94749,M47320,138,false,
94750,M47321,138,false,
94751,M47322,138,false,
94752,M47323,738,false,
94753,M47324,138,false,
94754,M47325,2026,false,
94755,M47326,138,false,
94756,M47327,138,false,
94757,M47328,138,false,
94758,M47329,138,false,
94759,M47330,138,false,
94760,M47331,138,false,
94761,M47332,138,false,
94762,M47333,138,false,
94763,M47334,738,false,
94764,M47335,348,false,
94765,M47336,138,false,
94766,M47337,138,false,
94767,M47338,138,false,
94768,M47339,138,false,
94769,M47340,138,false,
94770,M47341,138,false,
94771,M47342,738,false,
94772,M47343,138,false,
94773,M47344,138,false,
94774,M47345,138,false,
94775,M47346,80,false,
94776,M47347,138,false,
94777,M47348,138,false,
94778,M47349,138,false,
94779,M47350,80,false,
94780,M47351,3473,false,
94781,M47352,80,false,
94782,M47353,138,false,
94783,M47354,138,false,
94784,M47355,138,false,
94785,M47356,138,false,
94786,M47357,138,false,
94787,M47359,138,false,
94788,M47360,138,false,
94789,M47361,138,false,
94790,M47362,138,false,
94791,M47363,138,false,
94792,M47364,138,false,
94793,M47365,138,false,
94794,M47366,2026,false,
94795,M47367,138,false,
94796,M47368,138,false,
94797,M47369,138,false,
94798,M47370,138,false,
94799,M47371,138,false,
94800,M47372,138,false,
94801,M47373,138,false,
94802,M47374,138,false,
94803,M47375,138,false,
94804,M47376,138,false,
94805,M47377,138,false,
94806,M47378,138,false,
94807,M47379,138,false,
94808,M47380,138,false,
94809,M47381,138,false,
94810,M47382,138,false,
94811,M47383,138,false,
94812,M47384,138,false,
94813,M47385,138,false,
94814,M47386,138,false,
94815,M47387,138,false,
94816,M47388,138,false,
94817,M47389,138,false,
94818,M47390,138,false,
94819,M47391,138,false,
94820,M47392,138,false,
94821,M47393,138,false,
94822,M47394,138,false,
94823,M47395,738,false,
94824,M47396,138,false,
94825,M47397,138,false,
94826,M47398,138,false,
94827,M47399,138,false,
94828,M47400,138,false,
94829,M47401,138,false,
94830,M47402,1307,false,
94831,M47403,138,false,
94832,M47404,1307,false,
94833,M47405,348,false,
94834,M47407,138,false,
94835,M47408,138,false,
94836,M47409,138,false,
94837,M47410,138,false,
94838,M47411,138,false,
94839,M47412,80,false,
94840,M47413,138,false,
94841,M47414,138,false,
94842,M47415,138,false,
94843,M47416,348,false,
94844,M47417,138,false,
94845,M47418,138,false,
94846,M47419,138,false,
94847,M47420,138,false,
94848,OL22016,57,false,
94849,OL22044,33,false,
94850,OL22086,138,false,
94851,OL22090,138,false,
94852,OL22093,138,false,
94853,OL22103,138,false,
94854,OL22106,138,false,
94855,OL22110,738,false,
94856,OL22141,138,false,
94857,OL22157,138,false,
94858,OL22164,138,false,
94859,OL22204,138,false,
94860,OL22211,138,false,
94861,OL22225,138,false,
94862,OL22232,138,false,
94863,OL22270,138,false,
94864,OL22283,738,false,
94865,OL22337,138,false,
94866,OL22356,138,false,
94867,OL22359,138,false,
94868,OL22386,138,false,
94869,OL22388,138,false,
94870,OL22392,138,false,
94871,OL22400,1446,false,
94872,OL22439,138,false,
94873,OL22531,138,false,
94874,OL22532,138,false,
94875,OL22555,138,false,
94876,OL22556,138,false,
94877,OL22561,138,false,
94878,OL22632,138,false,
94879,OL22636,138,false,
94880,OL22663,138,false,
94881,OL22673,138,false,
94882,OL22675,138,false,
94883,OL22698,138,false,
94884,OL22702,138,false,
94885,OL22703,138,false,
94886,OL22706,138,false,
94887,OL22711,138,false,
94888,OL22714,138,false,
94889,OL22716,738,false,
94890,OL22718,138,false,
94891,OL22788,1446,false,
94892,OL22789,138,false,
94893,OL22794,1,false,
94894,OL22822,138,false,
94895,OL22823,138,false,
94896,OL22834,138,false,
94897,OL22841,138,false,
94898,OL22849,1967,false,
94899,OL22852,138,false,
94900,OL22883,138,false,
94901,OL22885,138,false,
94902,OL22886,138,false,
94903,OL22887,138,false,
94904,OL22923,138,false,
94905,OL22925,138,false,
94906,OL22926,1446,false,
94907,OL22934,138,false,
94908,OL22938,138,false,
94909,OL22962,1446,false,
94910,OL22963,138,false,
94911,OL22978,138,false,
94912,OL22986,138,false,
94913,OL23097,138,false,
94914,OL23106,138,false,
94915,OL23111,138,false,
94916,OL23124,1968,false,
94917,OL23128,138,false,
94918,OL23131,1446,false,
94919,OL23133,138,false,
94920,OL23160,138,false,
94921,OL23187,138,false,
94922,OL23190,138,false,
94923,OL23191,138,false,
94924,OL23195,138,false,
94925,OL23203,138,false,
94926,OL23205,1446,false,
94927,OL23232,138,false,
94928,OL23236,138,false,
94929,OL23254,138,false,
94930,OL23293,1964,false,
94931,OL23296,138,false,
94932,OL23304,1964,false,
94933,OL23307,138,false,
94934,OL23309,1964,false,
94935,OL23322,1963,false,
94936,OL23360,1964,false,
94937,OL23390,138,false,
94938,OL23410,1307,false,
94939,OL23422,138,false,
94940,OL23424,138,false,
94941,OL23438,138,false,
94942,OL23444,138,false,
94943,OL23450,138,false,
94944,OL23452,138,false,
94945,OL23453,1307,false,
94946,OL23463,1307,false,
94947,OL23474,138,false,
94948,OL23518,738,false,
94949,OL23632,1446,false,
94950,OL23633,138,false,
94951,OL23637,138,false,
94952,OL23647,138,false,
94953,OL23649,138,false,
94954,OL23658,1966,false,
94955,OL23669,138,false,
94956,OL23679,138,false,
94957,OL23685,138,false,
94958,OL23708,138,false,
94959,OL23736,138,false,
94960,OL23737,1446,false,
94961,OL24580,138,false,
94997,HI048,16,false,
94998,08-001,1122,false,
94999,08-002,1122,false,
95000,08-018,657,false,
95001,08-019,16,false,
95002,08-020,375,false,
95003,08-021,1122,false,
95004,08-022,16,false,
95005,08-023,16,false,
95006,08-024,1122,false,
95007,08-025,1122,false,
95008,08-026,375,false,
95009,08-027,16,false,
95010,08-028,1122,false,
95011,08-029,1122,false,
95012,08-030,1122,false,
95013,08-031,657,false,
95014,08-032,657,false,
95015,08-033,657,false,
95016,08-035,378,false,
95017,08-036,1122,false,
95018,08-037,378,false,
95019,08-038,1122,false,
95020,08-039,1122,false,
95021,08-041,16,false,
95022,08-042,16,false,
95023,08-043,16,false,
95024,08-044,1122,false,
95025,08-045,1122,false,
95026,08-047,1122,false,
95027,08-048,1122,false,
95028,08-049,1122,false,
95029,08-050,1122,false,
95030,08-051,1122,false,
95031,08-052,22,false,
95032,09-001,16,false,
95033,09-003,1122,false,
95034,09-005,375,false,
95035,09-006,375,false,
95036,09-007,1122,false,
95037,09-008,16,false,
95038,09-011,16,false,
95039,09-014,16,false,
95040,09-015,1122,false,
95041,09-016,378,false,
95042,09-018,1122,false,
95043,09-021,18,false,
95044,09-022,375,false,
95045,09-025,16,false,
95046,09-026,18,false,
95047,09-027,1122,false,
95048,09-029,18,false,
95049,09-030,367,false,
95050,09-031,1122,false,
95051,09-032,3393,false,
95052,09-033,18,false,
95053,09-034,18,false,
95054,09-035,1122,false,
95055,09-039,378,false,
95056,09-040,16,false,
95057,09-041,378,false,
95058,09-042,1122,false,
95059,09-043,1122,false,
95060,98-004,22,false,
95061,98-005,378,false,
95062,98-008,22,false,
95063,98-010,3394,false,
95064,98-011,378,false,
95065,98-012,1122,false,
95066,98-013,1122,false,
95067,98-014,1122,false,
95068,98-015,378,false,
95069,98-016,1122,false,
95070,98-018,1122,false,
95071,98-019,1122,false,
95072,98-020,1122,false,
95073,98-022,1122,false,
95074,98-024,378,false,
95075,98-026,657,false,
95076,98-027,657,false,
95077,98-029,366,false,
95078,98-030,16,false,
95079,98-031,366,false,
95080,98-032,635,false,
95081,98-033,1122,false,
95082,98-035,16,false,
95083,98-036,1122,false,
95084,98-037,1122,false,
95085,98-038,22,false,
95086,98-042,375,false,
95087,98-043,1122,false,
95088,98-044,378,false,
95089,98-047,16,false,
95090,98-048,1122,false,
95091,98-049,16,false,
95092,98-050,1122,false,
95093,98-057,18,false,
95094,98-061,1122,false,
95095,98-062,16,false,
95096,98-063,678,false,
95097,98-065,22,false,
95098,98-066,1122,false,
95099,98-067,657,false,
95100,98-068,16,false,
95101,98-069,16,false,
95102,98-070,16,false,
95103,98-071,678,false,
95104,98-072,16,false,
95105,98-073,16,false,
95106,98-074,16,false,
95107,98-075,16,false,
95108,98-077,16,false,
95109,98-078,16,false,
95110,98-079,16,false,
95111,98-082,16,false,
95114,20-501,,false,
95115,NEIS-20-486,,false,
95121,NZ18MD0003,,false,
95124,NZ18MD0006,,false,
95126,NZ18MD0005,,false,
95130,NZ18MD0007,,false,
95132,NZ18MD0012,,false,
95134,NZ18MD0011,,false,
95136,NZ18MD0010,,false,
95144,NZ18MD0014,,false,
95149,NZ18MD0017,,false,
95150,NZ18MD0016,,false,
95152,NZ18MD0018,,false,
95156,NZ18MD0019,,false,
95157,NZ18MD0020,,false,
95162,NZ18MD0022,,false,
95164,NZ18MD0021,,false,
95165,NZ18MI0044,,false,
95166,NZ18MD0023,,false,
95167,NZ18MD0024,,false,
95168,NZ18MI0045,,false,
95169,NZ18MD0025,,false,
95170,NZ18MD0027,,false,
95173,NZ18MD0028,,false,
95185,NZ18MD0032,,false,
95186,NZ18MD0035,,false,
95187,NZ18MD0036,,false,
95190,NZ18MD0038,,false,
95194,NZ18MD0039,,false,
95196,NZ18MD0040,,false,
95199,NZ18MD0041,,false,
95200,NZ18MD0049,,false,
95202,NZ18MD0043,,false,
95203,NZ18MD0044,,false,
95206,NZ18MD0045,,false,
95207,NZ18MD0046,,false,
95208,NZ18MD0047,,false,
95218,NZ18MD0054,,false,
95220,NZ18MD0058,,false,
95223,NZ18MD0059,,false,
95225,NZ18MD0061,,false,
95232,NZ19MI0006,,false,
95234,NZ19MI0004,,false,
95235,NZ19MI0005,,false,
95236,NZ19MI0007,,false,
95237,NZ19MI0008,,false,
95238,NZ19MI0009,,false,
95239,NZ19MI0010,,false,
95240,NZ19MI0011,,false,
95241,NZ19MI0012,,false,
95242,NZ19MI0016,,false,
95244,NZ19MD0006,,false,
95245,NZ19MI0017,,false,
95246,NZ19MI0020,,false,
95247,NZ19MI0018,,false,
95248,NZ19MI0019,,false,
95249,NZ19MD0008,,false,
95250,NZ19MI0022,,false,
95251,NZ19MI0023,,false,
95253,NZ19MI0025,,false,
95254,NZ19MI0026,,false,
95255,NZ19MD0010,,false,
95256,NZ19MI0027,,false,
95257,NZ19MD0011,,false,
95258,NZ19MD0012,,false,
95259,NZ19MD0013,,false,
95260,NZ19MI0028,,false,
95261,NZ19MI0029,,false,
95262,NZ19MI0035,,false,
95263,NZ19MD0015,,false,
95264,NZ19MI0030,,false,
95265,NZ19MI0031,,false,
95266,NZ19MD0019,,false,
95267,NZ19MI0036,,false,
95268,NZ19MD0016,,false,
95269,NZ19MD0017,,false,
95270,NZ19MI0037,,false,
95271,NZ19MD0020,,false,
95272,NZ19MD0018,,false,
95273,NZ19MI0038,,false,
95274,NZ19MI0040,,false,
95275,NZ19MI0039,,false,
95276,NZ19MI0041,,false,
95277,NZ19MD0023,,false,
95278,NZ19MI0044,,false,
95279,NZ19MI0043,,false,
95280,NZ19MI0046,,false,
95281,NZ19MI0045,,false,
95283,NZ19MI0063,,false,
95284,NZ19MI0051,,false,
95285,NZ19MI0047,,false,
95286,NZ19MD0032,,false,
95287,NZ19MD0024,,false,
95288,NZ19MI0049,,false,
95289,NZ19MI0052,,false,
95290,NZ19MD0029,,false,
95291,NZ19MD0027,,false,
95292,NZ19MI0056,,false,
95293,NZ19MI0053,,false,
95294,NZ19MD0030,,false,
95295,NZ19MI0057,,false,
95296,NZ19MI0054,,false,
95297,NZ19MI0055,,false,
95298,NZ19MI0061,,false,
95300,NZ19MD0035,,false,
95301,NZ19MI0064,,false,
95302,NZ19MD0033,,false,
95303,NZ19MD0038,,false,
95304,NZ19MI0065,,false,
95305,NZ19MD0037,,false,
95306,NZ19MD0036,,false,
95307,NZ19MI0067,,false,
95308,NZ19MI0068,,false,
95309,NZ19MD0040,,false,
95310,NZ19MD0039,,false,
95311,NZ19MI0071,,false,
95312,NZ19MI0069,,false,
95313,NZ19MI0074,,false,
95314,NZ19MI0075,,false,
95315,NZ19MD0041,,false,
95316,NZ19MI0077,,false,
95317,NZ19MD0044,,false,
95318,NZ19MI0078,,false,
95319,NZ19MD0043,,false,
95320,NZ19MD0046,,false,
95321,NZ19MD0049,,false,
95322,NZ19MI0080,,false,
95323,NZ19MI0079,,false,
95325,NZ19MI0083,,false,
95326,NZ19MD0050,,false,
95327,NZ19MD0051,,false,
95328,NZ19MI0081,,false,
95329,NZ19MD0053,,false,
95330,NZ19MI0086,,false,
95331,NZ19MI0082,,false,
95332,NZ19MI0084,,false,
95333,NZ19MD0054,,false,
95334,NZ19MD0048,,false,
95335,NZ19MD0055,,false,
95337,NZ19MI0087,,false,
95338,NZ19MI0088,,false,
95339,NZ19MI0090,,false,
95340,NZ19MI0092,,false,
95341,NZ19MI0094,,false,
95342,NZ19MI0095,,false,
95343,NZ19MI0093,,false,
95344,NZ19MI0096,,false,
95345,NZ19MD0057,,false,
95346,NZ19MI0097,,false,
95348,NZ19MI0104,,false,
95349,NZ19MI0101,,false,
95350,NZ19MI0102,,false,
95351,NZ19MI0103,,false,
95352,NZ19MI0106,,false,
95353,NZ19MD0062,,false,
95354,NZ19MI0105,,false,
95355,NZ19MI0107,,false,
95356,NZ19MD0064,,false,
95357,NZ19MI0108,,false,
95358,NZ19MI0110,,false,
95359,NZ19MI0111,,false,
95360,NZ19MI0112,,false,
95361,NZ19MI0113,,false,
95362,NZ19MI0114,,false,
95363,NZ19MI0115,,false,
95364,NZ19MI0116,,false,
95365,NZ20MI0003,,false,
95368,NZ20MI0005,,false,
95369,NZ20MI0004,2727,false,
95370,NZ20MI0009,2727,false,
95371,NZ20MI0010,1,false,
95372,NZ20MI0011,1,false,
95373,NZ20MI0012,4000,false,
95374,NZ20MD0001,,false,
95375,NZ20MI0013,2727,false,
95602,21GB000764,,false,
95603,NG19029,,false,
95604,NG19043,,false,
95605,NG19054,,false,
95606,NG19106,,false,
95607,NG19113,,false,
95608,NG19133,,false,
95610,202149504,,false,
95611,10067,,false,
95612,21GB000766,,false,
95613,IE01Nm046,150,false,
95614,IE03Nm008,103,false,
95615,IE03Nm049,93,false,
95616,IE03Nm048,150,false,
95617,IE04Nm002,,false,
95618,IE04Nm005,103,false,
95619,IE04Nm014,93,false,
95620,IE04Nm027,1,false,
95621,IE04Nm038,93,false,
95622,IE04Nm043,103,false,
95623,IE04Nm049,103,false,
95624,IE04Nm052,103,false,
95625,IE04Nm053,103,false,
95626,IE05Nm006,103,false,
95627,IE05Nm034,93,false,
95628,IE07Nm020,93,false,
95629,IE07Nm028,103,false,
95630,IE07Nm032,150,false,
95631,IE08Nm028,150,false,
95632,IE16Nm022,211,false,
95633,IE16Nm023,150,false,
95634,IE16Nm029,150,false,
95635,IE16Nm052,288,false,
95636,IE20Nm027,259,false,
95637,IE21Nm006,,false,
95638,IE21Nm045,18,false,
95640,IE21Nm057,5304,false,
95641,IE20Nm017,77,false,
95642,IE20Nm026,66,false,
95645,NML2015-174,45,false,
95646,Nmen334,2752,false,
95647,Nmen335,87,false,
95648,23758,,false,
95649,1096,,false,
95650,829,,false,
95652,3906,,false,
95653,21694,,false,
95654,26292,,false,
95655,26320,,false,
95712,26583,,false,
95713,28713,,false,
95714,29374,,false,
95715,29852,,false,
95717,34164,,false,
95718,34165,,false,
95719,34452,,false,
95720,37105,,false,
95721,1451,,false,
95722,1863,,false,
95723,2620,,false,
95724,2730,,false,
95725,3745,,false,
95726,4531,,false,
95727,5241,,false,
95728,6440,,false,
95729,7607,,false,
95730,8681,,false,
95731,10023,,false,
95732,10867,,false,
95733,11427,,false,
95734,12456,,false,
95735,12475,,false,
95736,12957,,false,
95737,14767,,false,
95738,15052,,false,
95739,15998,,false,
95740,18932,,false,
95759,21-795,62,false,
95760,22-13,,false,
95761,NG20033,,false,
95762,NG20088,,false,
95763,NG20113,,false,
95764,NG20183,,false,
95765,NG20384,,false,
95766,9958,,false,
95767,202145068,,false,
95768,10014,,false,
95769,10023,,false,
95770,10049,,false,
95771,GHA-ADB-055,18,false,
95772,GHA-ADB-088,16,false,
95773,GHA-ADB-095,18,false,
95774,GHA-ADB-099,16,false,
95775,GHA-ADB-129,21,false,
95776,GHA-ADB-135,825,false,
95777,GHA-ADB-191,18,false,
95778,GHA-ADB-216,16,false,
95779,GHA-ADB-230,16,false,
95780,GHA-ARM-046,16,false,
95781,GHA-ARM-069,636,false,
95782,GHA-ARM-073,636,false,
95783,GHA-ARM-106,16,false,
95784,GHA-ARM-127,16,false,
95785,GHA-ARM-163,16,false,
95786,GHA-ARM-165,16,false,
95787,GHA-NAV-029,16,false,
95788,GHA-NAV-031,16,false,
95789,GHA-NAV-040,18,false,
95790,GHA-TMH-040,18,false,
95791,GHA-TMH-042,18,false,
95792,GHA-TMH-050,18,false,
95793,GHA-TMH-067,18,false,
95794,GHA-TMH-068,16,false,
95795,GHA-TMH-074,18,false,
95796,GHA-TMH-455,18,false,
95797,GHA-TMH-458,644,false,
95798,GHA-TMH-462,644,false,
95799,GHA-TMH-465,21,false,
95800,GHA-TMH-484,18,false,
95801,GHA-TMH-537,18,false,
95802,GHA-ADB-284,367,false,
95803,GHA-ADB-297,367,false,
95804,GHA-ADB-340,683,false,
95805,GHA-ADB-342,3485,false,
95806,GHA-ADB-347,21,false,
95807,GHA-ADB-348,367,false,
95808,GHA-ADB-360,18,false,
95809,GHA-ADB-369,644,false,
95810,GHA-AIR-053,18,false,
95811,GHA-AIR-057,18,false,
95812,GHA-AIR-058,367,false,
95813,GHA-ARM-233,644,false,
95814,GHA-ARM-285,367,false,
95815,GHA-ARM-288,21,false,
95816,GHA-ARM-299,367,false,
95817,GHA-TMH-588,18,false,
95818,GHA-TMH-594,18,false,
95819,GHA-TMH-612,18,false,
95820,GHA-TMH-619,16,false,
95821,GHA-TMH-624,21,false,
95822,20GB001161,,false,
95824,20-493,150,false,
95825,20-535,1,false,
95826,16_595,,false,
95827,22602,,false,
95828,23137,,false,
95829,23415,,false,
95830,22416,,false,
95831,23458,,false,
95834,LNP31683,178,false,
95841,17-289,367,false,
95859,DE7440,2,false,
95860,DE7676,2,false,
95861,DE9246,1,false,
95862,DE9260,610,false,
95863,DE9266,1,false,
95864,DE9269,1,false,
95865,DE9301,610,false,
95866,DE9388,1,false,
95867,DE9400,1,false,
95868,DE9702,1,false,
95869,DE9781,1,false,
95870,DE9795,1,false,
95871,DE13285,93,false,
95872,DE13918,93,false,
95873,DE13996,93,false,
95874,UMNJ13_06BO,18,false,
95875,UMNJ15_061W,16,false,
95876,UMNJ19_04C7,18,false,
95877,UMNJ24_04I9,657,false,
95878,UMNJ28_04WH,16,false,
95879,UMNJ38_M4CE,18,false,
95880,UMNJ40_M4GC,18,false,
95881,UMNJ56_M3G7,2381,false,
95882,UMNJ23_04E7,16,false,
95883,Ng266,,false,
95884,11-251,1,false,
95885,12-208,,false,
95886,14-159,1,false,
95887,14-627,,false,
95888,15-123,,false,
95889,15-193,1,false,
95890,15-198,,false,
95891,15-215,1,false,
95892,15-236,,false,
95893,16-7,,false,
95894,16-92,,false,
95895,16-306,1,false,
95896,16-579,,false,
95897,LNP480,37,false,
95898,M12 240192,68,false,
95899,M12 240209,840,false,
95900,M12 240217,1878,false,
95901,M15 240970,1,false,
95906,M13 240598,292,false,
95907,M18 240429,120,false,
95908,M19 240480,87,false,
95909,M19 240631,45,false,
95910,M20 240240,77,false,
95911,M20 240243,1,false,
95912,M20 240244,150,false,
95913,M20 240245,45,false,
95914,M20 240246,87,false,
95915,M20 240247,2,false,
95916,M20 240250,3684,false,
95917,M20 240251,93,false,
95918,M20 240255,67,false,
95919,M20 240256,87,false,
95920,M20 240262,300,false,
95921,M20 240266,65,false,
95922,M20 240267,87,false,
95923,M20 240268,49,false,
95924,M20 240269,87,false,
95925,M20 240273,97,false,
95926,M20 240274,1,false,
95927,M20 240283,45,false,
95928,M20 240284,254,false,
95929,M20 240286,3685,false,
95930,20-584,,false,
95931,SMG-20-1819,3,false,
95932,23610,,false,
95933,23611,,false,
95941,23625,,false,
95942,23487,,false,
95943,23490,,false,
95944,23512,,false,
95959,LNP624,14,false,
96162,KB2017-26,,false,
96163,KG15-090,,false,
96164,GU180220-29,,false,
96165,SMG-20-1832,77,false,
96166,SMG-20-1833,288,false,
96167,SMG-20-1846,259,false,
96168,SMG-20-1851,66,false,
96169,R3,367,false,
96170,R6,367,false,
96171,R48,827,false,
96172,R59,378,false,
96173,R63,378,false,
96174,R73,378,false,
96184,23570,,false,
96185,SMG-20-1869,68,false,
96186,SMG-20-1871,1,false,
96187,ZJN03,1,false,
96227,MZ172/20,,false,
96228,DE14701,1,false,
96229,DE14700,1,false,
96230,DE14703,87,false,
96231,DE14704,1,false,
96232,M10868,62,false,
96233,M21503,65,false,
96234,M22936,3510,false,
96235,M25196,62,false,
96236,M27391,62,false,
96237,M28120,3511,false,
96238,M28407,141,false,
96239,M28992,407,false,
96240,M29086,141,false,
96241,M29339,62,false,
96242,M39084,141,false,
96243,M39595,141,false,
96244,M40984,3511,false,
96245,M40988,141,false,
96246,M41195,1,false,
96247,M41869,141,false,
96248,M43860,141,false,
96249,M44107,141,false,
96250,M44111,141,false,
96251,M44119,141,false,
96252,M44965,1781,false,
96253,M45194,141,false,
96254,M45419,141,false,
96255,M46098,3512,false,
96256,M46220,3513,false,
96257,M47224,141,false,
96258,M47808,141,false,
96259,M47895,1812,false,
96260,M49965,141,false,
96261,M49966,141,false,
96262,M50344,141,false,
96263,M50434,141,false,
96264,M50530,62,false,
96265,M50687,407,false,
96266,M50705,141,false,
96267,M51569,141,false,
96268,M51713,24,false,
96269,M52384,141,false,
96270,M52670,141,false,
96271,M52671,141,false,
96272,M52745,141,false,
96273,M52746,141,false,
96274,M52749,141,false,
96275,M52752,141,false,
96276,M52826,141,false,
96277,M53538,141,false,
96278,M53544,141,false,
96279,M53574,141,false,
96280,M53885,141,false,
96281,M53889,141,false,
96282,M54014,141,false,
96283,M54065,141,false,
96284,M54067,141,false,
96285,M54069,141,false,
96286,M54129,141,false,
96287,M54142,141,false,
96288,M54215,141,false,
96300,23639,,false,
96314,R20.0339,350,false,
96316,M46358,292,false,
96317,M46226,67,false,
96318,M46223,1,false,
96319,M46104,1730,false,
96320,M46103,24,false,
96321,M46102,257,false,
96322,M46094,902,false,
96323,M46093,3,false,
96324,M46092,3,false,
96325,M46091,67,false,
96326,M46090,67,false,
96327,M46088,128,false,
96328,M46087,1,false,
96329,M46086,3514,false,
96330,M46085,66,false,
96331,M46083,3,false,
96332,M46067,57,false,
96333,M46030,1,false,
96334,M46029,1,false,
96335,M45421,1,false,
96336,M45195,3,false,
96337,M45191,2,false,
96338,M45177,87,false,
96339,M45176,62,false,
96340,M45175,1,false,
96341,M45174,67,false,
96342,M44968,1859,false,
96343,M44967,77,false,
96344,M44966,141,false,
96345,M44961,1,false,
96346,M44960,1,false,
96347,M44958,,false,
96348,M44957,97,false,
96349,M44946,67,false,
96350,M44945,68,false,
96351,M44915,67,false,
96352,M44914,67,false,
96353,M44913,9,false,
96354,M44912,1,false,
96355,M44899,5777,false,
96356,M44898,2,false,
96357,M44896,2,false,
96358,M44895,257,false,
96359,M44894,2,false,
96360,M44893,3515,false,
96361,M44887,250,false,
96362,M44886,1,false,
96363,M44841,67,false,
96364,M44840,4787,false,
96365,M44839,,false,
96366,M44837,407,false,
96367,M44745,2727,false,
96368,M44743,62,false,
96369,M44742,1859,false,
96370,M44739,3516,false,
96371,M44738,141,false,
96372,M44737,93,false,
96373,M44735,5221,false,
96374,M44716,3,false,
96375,M44715,2,false,
96376,M44714,1,false,
96377,M44664,9,false,
96378,M44656,699,false,
96379,M44647,67,false,
96380,M44646,67,false,
96381,M44533,1730,false,
96382,M44521,45,false,
96383,M44518,1,false,
96384,M44517,2,false,
96385,M44516,67,false,
96386,M44515,67,false,
96387,M44514,1,false,
96388,M44117,348,false,
96389,M44116,3,false,
96390,M44115,257,false,
96391,M44114,257,false,
96392,M44113,3,false,
96393,M44112,257,false,
96394,M44110,1,false,
96395,M44109,67,false,
96396,M44108,257,false,
96397,M44083,45,false,
96398,M44064,3,false,
96399,M44063,67,false,
96400,M44062,141,false,
96401,M44055,5016,false,
96402,M44054,49,false,
96403,M43862,3806,false,
96404,M43861,407,false,
96405,M43859,262,false,
96406,M43858,3,false,
96407,M43856,3,false,
96408,M43853,1708,false,
96409,M43852,57,false,
96410,M43851,3,false,
96411,M43850,93,false,
96412,M43849,77,false,
96413,M43848,65,false,
96414,M43846,97,false,
96415,M43844,24,false,
96416,M43843,24,false,
96417,M43842,3517,false,
96418,M43841,3,false,
96419,M43839,3518,false,
96420,M43838,3519,false,
96421,M43837,3518,false,
96422,M43836,45,false,
96423,M43835,141,false,
96424,M43817,87,false,
96425,M43767,292,false,
96426,M43647,1,false,
96427,M43294,1730,false,
96428,M43290,62,false,
96429,M43276,1,false,
96430,M43275,2,false,
96431,M43271,3520,false,
96432,M43257,5016,false,
96433,M43256,257,false,
96434,M43237,257,false,
96435,M43236,97,false,
96436,M43201,1,false,
96437,M43200,93,false,
96438,M43199,864,false,
96439,M43198,141,false,
96440,M43197,97,false,
96441,M43164,2,false,
96442,M42529,67,false,
96443,M42528,292,false,
96444,M42526,2,false,
96445,M42525,3,false,
96446,M42524,2,false,
96447,M42518,348,false,
96448,M42505,97,false,
96449,M42407,62,false,
96450,M42406,49,false,
96451,M42405,3521,false,
96452,M42403,141,false,
96453,M42402,1,false,
96454,M42401,67,false,
96455,M42399,68,false,
96456,M42398,485,false,
96457,M42397,97,false,
96458,M42396,1,false,
96459,M42389,97,false,
96460,M42388,3519,false,
96461,M42387,4789,false,
96462,M42386,3519,false,
96463,M42384,3,false,
96464,M42383,77,false,
96465,M42316,128,false,
96466,M42311,348,false,
96467,M42298,141,false,
96468,M41960,9,false,
96469,M41958,97,false,
96470,M41957,45,false,
96471,M41955,138,false,
96472,M41927,262,false,
96473,M41926,2,false,
96474,M41925,2170,false,
96475,M41924,67,false,
96476,M41923,3,false,
96477,M41910,1708,false,
96478,M41901,67,false,
96479,M41884,67,false,
96480,M41883,1708,false,
96481,M41880,62,false,
96482,M41874,45,false,
96483,M41873,67,false,
96484,M41872,67,false,
96485,M41871,,false,
96486,M41867,257,false,
96487,M41865,65,false,
96488,M41837,3522,false,
96489,M41836,3,false,
96490,M41831,9,false,
96491,M41827,2924,false,
96492,M41825,257,false,
96493,M41823,292,false,
96494,M41821,3523,false,
96495,M41786,257,false,
96496,M41784,62,false,
96497,M41783,67,false,
96498,M41781,9,false,
96499,M41780,57,false,
96500,M41772,67,false,
96501,M41761,1,false,
96502,M41754,77,false,
96503,M41753,45,false,
96504,M41752,57,false,
96505,M41749,2204,false,
96506,M41748,77,false,
96507,M41745,3,false,
96508,M41743,62,false,
96509,M41742,2,false,
96510,M41741,62,false,
96511,M41684,57,false,
96512,M41683,93,false,
96513,M41682,257,false,
96514,M41681,264,false,
96515,M41680,1,false,
96516,M41679,455,false,
96517,M41678,485,false,
96518,M41677,67,false,
96519,M41675,1730,false,
96520,M41674,3,false,
96521,M41673,3,false,
96522,M41672,3,false,
96523,M41671,3,false,
96524,M41670,62,false,
96525,M41669,3,false,
96526,M41668,67,false,
96527,M41667,3524,false,
96528,M41666,66,false,
96529,M41665,3524,false,
96530,M41664,3,false,
96531,M41663,67,false,
96532,M41643,3525,false,
96533,M41642,3,false,
96534,M41641,,false,
96535,M41640,141,false,
96536,M41638,,false,
96537,M41637,3,false,
96538,M41631,9,false,
96539,M41629,93,false,
96540,M41626,9,false,
96541,M41625,87,false,
96542,M41624,3,false,
96543,M41623,1,false,
96544,M41551,3,false,
96545,M41549,67,false,
96546,M41548,45,false,
96547,M41546,,false,
96548,M41532,24,false,
96549,M41523,1156,false,
96550,M41519,3,false,
96551,M41518,67,false,
96552,M41517,67,false,
96553,M41495,2,false,
96554,M41494,259,false,
96555,M41492,2,false,
96556,M41489,45,false,
96557,M41488,3,false,
96558,M41487,77,false,
96559,M41486,,false,
96560,M41485,49,false,
96561,M41484,62,false,
96562,M41483,3,false,
96563,M41429,3,false,
96564,M41427,3520,false,
96565,M41410,3,false,
96566,M41409,3,false,
96567,M41368,67,false,
96568,M41367,67,false,
96569,M41366,67,false,
96570,M41365,49,false,
96571,M41364,67,false,
96572,M41200,77,false,
96573,M41198,45,false,
96574,M41196,45,false,
96575,M41193,,false,
96576,M41192,1,false,
96577,M41176,97,false,
96578,M41175,3526,false,
96579,M41163,259,false,
96580,M41162,77,false,
96581,M41145,67,false,
96582,M41144,9,false,
96583,M41132,87,false,
96584,M41131,2,false,
96585,M41130,67,false,
96586,M41129,67,false,
96587,M41128,1,false,
96588,M41111,2,false,
96589,M41108,62,false,
96590,M41107,1939,false,
96591,M41106,3281,false,
96592,M41095,3,false,
96593,M41093,1,false,
96594,M41092,141,false,
96595,M41091,3527,false,
96596,M41090,141,false,
96597,M41089,272,false,
96598,M41087,67,false,
96599,M41077,3,false,
96600,M41075,1,false,
96601,M41073,1,false,
96602,M41072,257,false,
96603,M41071,141,false,
96604,M41070,3,false,
96605,M41069,62,false,
96606,M41068,1,false,
96607,M41066,77,false,
96608,M41065,67,false,
96609,M41063,9,false,
96610,M41053,67,false,
96611,M41052,67,false,
96612,M41051,3,false,
96613,M41050,3,false,
96614,M41049,62,false,
96615,M41030,97,false,
96616,M41029,77,false,
96617,M41027,67,false,
96618,M41026,87,false,
96619,M40992,3519,false,
96620,M40991,4332,false,
96621,M40990,67,false,
96622,M40989,67,false,
96623,M40987,45,false,
96624,M40986,1,false,
96625,M40985,9,false,
96626,M40978,,false,
96627,M40977,97,false,
96628,M40976,128,false,
96629,M40975,68,false,
96630,M40974,2,false,
96631,M40973,9,false,
96632,M40967,141,false,
96633,M40966,,false,
96634,M40965,141,false,
96635,M40964,1615,false,
96636,M40962,257,false,
96637,M40960,62,false,
96638,M40948,3,false,
96639,M40941,57,false,
96640,M40938,45,false,
96641,M40930,3518,false,
96642,M40928,45,false,
96643,M40919,9,false,
96644,M40918,9,false,
96645,M40912,257,false,
96646,M40889,57,false,
96647,M40880,77,false,
96648,M40878,128,false,
96649,M40844,2,false,
96650,M40815,97,false,
96651,M40814,3,false,
96652,M40813,3528,false,
96653,M40433,1,false,
96654,M40408,257,false,
96655,M40388,2,false,
96656,M40387,77,false,
96657,M40386,2,false,
96658,M40385,2,false,
96659,M40384,2,false,
96660,M40383,2,false,
96661,M40382,2727,false,
96662,M40375,3,false,
96663,M40347,2,false,
96664,M40336,2,false,
96665,M40334,67,false,
96666,M40333,141,false,
96667,M40332,2,false,
96668,M40330,3,false,
96669,M40324,,false,
96670,M40322,57,false,
96671,M40320,3,false,
96672,M40319,2,false,
96673,M40288,3,false,
96674,M40287,49,false,
96675,M40285,62,false,
96676,M40282,120,false,
96677,M40278,62,false,
96678,M40272,407,false,
96679,M40271,1730,false,
96680,M40263,62,false,
96681,M40262,2,false,
96682,M40239,87,false,
96683,M40238,97,false,
96684,M40236,49,false,
96685,M40235,3529,false,
96686,M40234,62,false,
96687,M40233,2204,false,
96688,M40232,3,false,
96689,M40231,292,false,
96690,M40230,2,false,
96691,M40229,45,false,
96692,M40225,1,false,
96693,M40213,1,false,
96694,M40212,3,false,
96695,M40211,2,false,
96696,M40210,3,false,
96697,M40209,77,false,
96698,M40207,3,false,
96699,M40206,2,false,
96700,M40205,3530,false,
96701,M40204,141,false,
96702,M40203,1439,false,
96703,M40202,67,false,
96704,M40201,87,false,
96705,M40200,3,false,
96706,M40199,67,false,
96707,M40198,97,false,
96708,M40170,2,false,
96709,M40169,1,false,
96710,M40167,67,false,
96711,M40164,97,false,
96712,M40163,49,false,
96713,M40162,62,false,
96714,M40161,45,false,
96715,M40160,24,false,
96716,M40156,407,false,
96717,M40155,141,false,
96718,M40153,67,false,
96719,M40152,1,false,
96720,M40151,,false,
96721,M40150,141,false,
96722,M40131,67,false,
96723,M40124,1,false,
96724,M40123,1,false,
96725,M40122,1,false,
96726,M40111,,false,
96727,M40109,2,false,
96728,M40102,292,false,
96729,M40098,67,false,
96730,M40094,68,false,
96731,M40089,2,false,
96732,M40088,1,false,
96733,M40085,2,false,
96734,M40084,67,false,
96735,M40083,62,false,
96736,M40041,67,false,
96737,M40040,104,false,
96738,M40038,62,false,
96739,M40037,2,false,
96740,M40035,1,false,
96741,M40033,1,false,
96742,M40031,67,false,
96743,M40029,45,false,
96744,M39904,49,false,
96745,M39884,3,false,
96746,M39883,3531,false,
96747,M39860,348,false,
96748,M39859,292,false,
96749,M39858,292,false,
96750,M39857,45,false,
96751,M39856,24,false,
96752,M39855,1,false,
96753,M39854,45,false,
96754,M39853,3,false,
96755,M39831,1,false,
96756,M39830,1,false,
96757,M39829,1,false,
96758,M39828,5180,false,
96759,M39814,3,false,
96760,M39813,3532,false,
96761,M39802,2,false,
96762,M39778,87,false,
96763,M39777,259,false,
96764,M39776,3,false,
96765,M39764,97,false,
96766,M39763,67,false,
96767,M39762,257,false,
96768,M39761,1,false,
96769,M39760,62,false,
96770,M39759,292,false,
96771,M39596,67,false,
96772,M39594,2,false,
96773,M39592,257,false,
96774,M39591,65,false,
96775,M39590,257,false,
96776,M39569,2,false,
96777,M39568,62,false,
96778,M39537,24,false,
96779,M39532,3533,false,
96780,M39530,257,false,
96781,M39525,45,false,
96782,M39524,62,false,
96783,M39523,262,false,
96784,M39522,2,false,
96785,M39521,259,false,
96786,M39520,62,false,
96787,M39519,62,false,
96788,M39493,67,false,
96789,M39492,67,false,
96790,M39225,340,false,
96791,M39224,3534,false,
96792,M39217,24,false,
96793,M39205,62,false,
96794,M39196,3,false,
96795,M39195,1730,false,
96796,M39194,1730,false,
96797,M39193,77,false,
96798,M39192,1,false,
96799,M39181,1,false,
96800,M39178,62,false,
96801,M39177,67,false,
96802,M39176,67,false,
96803,M39157,1,false,
96804,M39156,1,false,
96805,M39155,1,false,
96806,M39154,1,false,
96807,M39152,77,false,
96808,M39151,3,false,
96809,M39149,57,false,
96810,M39147,2204,false,
96811,M39146,2204,false,
96812,M39145,1,false,
96813,M39144,239,false,
96814,M39142,,false,
96815,M39141,3,false,
96816,M39138,,false,
96817,M39137,2,false,
96818,M39129,9,false,
96819,M39128,67,false,
96820,M39127,67,false,
96821,M39111,3535,false,
96822,M39110,93,false,
96823,M39109,39,false,
96824,M39091,3536,false,
96825,M39088,292,false,
96826,M39087,3,false,
96827,M39086,97,false,
96828,M39085,57,false,
96829,M39083,1439,false,
96830,M39082,,false,
96831,M39081,3,false,
96832,M39073,24,false,
96833,M39072,3,false,
96834,M38983,67,false,
96835,M38982,68,false,
96836,M38965,1,false,
96837,M38963,87,false,
96838,M38916,407,false,
96839,M38899,97,false,
96840,M38897,93,false,
96841,M38879,67,false,
96842,M38878,49,false,
96843,M38877,1615,false,
96844,M38875,3,false,
96845,M38874,3,false,
96846,M38782,45,false,
96847,M38774,87,false,
96848,M38773,3537,false,
96849,M38772,97,false,
96850,M38771,141,false,
96851,M38770,3538,false,
96852,M38769,67,false,
96853,M38767,62,false,
96854,M38766,1615,false,
96855,M38765,128,false,
96856,M38743,292,false,
96857,M38740,45,false,
96858,M38739,292,false,
96859,M38736,141,false,
96860,M38735,3539,false,
96861,M38734,1,false,
96862,M38733,67,false,
96863,M38732,65,false,
96864,M38718,3540,false,
96865,M38714,4787,false,
96866,M38705,4787,false,
96867,M38704,67,false,
96868,M38695,3,false,
96869,M38694,77,false,
96870,M38693,62,false,
96871,M38692,3532,false,
96872,M38691,3520,false,
96873,M38679,,false,
96874,M38676,1976,false,
96875,M38675,3,false,
96876,M38674,67,false,
96877,M38673,67,false,
96878,M38672,128,false,
96879,M38666,3541,false,
96880,M38658,128,false,
96881,M38643,2,false,
96882,M38642,62,false,
96883,M38641,3,false,
96884,M38640,3,false,
96885,M38639,77,false,
96886,M38638,87,false,
96887,M38637,1,false,
96888,M38623,359,false,
96889,M38621,87,false,
96890,M38619,1859,false,
96891,M38596,1,false,
96892,M38595,1,false,
96893,M38592,62,false,
96894,M38541,93,false,
96895,M38540,689,false,
96896,M38539,3,false,
96897,M38537,141,false,
96898,M38536,2,false,
96899,M38535,,false,
96900,M38534,3,false,
96901,M38532,68,false,
96902,M38531,689,false,
96903,M38530,49,false,
96904,M38529,141,false,
96905,M38528,292,false,
96906,M38527,45,false,
96907,M38526,3,false,
96908,M38525,97,false,
96909,M38524,805,false,
96910,M38523,257,false,
96911,M38521,3542,false,
96912,M38519,316,false,
96913,M38518,3,false,
96914,M38517,3,false,
96915,M38516,67,false,
96916,M38514,3,false,
96917,M38512,262,false,
96918,M38511,262,false,
96919,M38349,62,false,
96920,M38347,67,false,
96921,M38332,87,false,
96922,M38331,3,false,
96923,M38309,3,false,
96924,M38253,45,false,
96925,M38075,1,false,
96926,M38054,3,false,
96927,M38053,3,false,
96928,M38022,97,false,
96929,M38016,87,false,
96930,M37980,66,false,
96931,M37963,77,false,
96932,M37961,77,false,
96933,M37956,1,false,
96934,M37955,67,false,
96935,M37954,67,false,
96936,M37953,3,false,
96937,M37952,62,false,
96938,M37950,1615,false,
96939,M37946,87,false,
96940,M37944,77,false,
96941,M37943,3543,false,
96942,M37942,68,false,
96943,M37941,62,false,
96944,M37940,45,false,
96945,M37937,1999,false,
96946,M37934,45,false,
96947,M37933,4332,false,
96948,M37932,67,false,
96949,M37931,292,false,
96950,M37930,45,false,
96951,M37927,3,false,
96952,M37926,257,false,
96953,M37925,62,false,
96954,M37924,104,false,
96955,M37922,3,false,
96956,M37921,141,false,
96957,M37916,1,false,
96958,M37680,257,false,
96959,M37666,77,false,
96960,M37660,259,false,
96961,M37530,3,false,
96962,M37529,141,false,
96963,M37528,49,false,
96964,M37483,1,false,
96965,M37481,3,false,
96966,M37480,3529,false,
96967,M37479,318,false,
96968,M37477,3544,false,
96969,M37475,105,false,
96970,M37474,45,false,
96971,M37468,2,false,
96972,M37467,2,false,
96973,M37465,68,false,
96974,M37464,62,false,
96975,M37449,275,false,
96976,M37448,3,false,
96977,M37447,67,false,
96978,M37444,45,false,
96979,M37442,45,false,
96980,M37441,62,false,
96981,M37440,67,false,
96982,M37436,2,false,
96983,M37416,67,false,
96984,M37415,150,false,
96985,M37414,68,false,
96986,M37413,3,false,
96987,M37411,3,false,
96988,M37408,50,false,
96989,M37407,67,false,
96990,M37402,62,false,
96991,M37401,1615,false,
96992,M37395,3,false,
96993,M37394,3,false,
96994,M37352,3,false,
96995,M37351,3545,false,
96996,M37350,1730,false,
96997,M37348,77,false,
96998,M37346,68,false,
96999,M37344,292,false,
97000,M37343,3,false,
97001,M37342,77,false,
97002,M37341,68,false,
97003,M37340,67,false,
97004,M37339,3536,false,
97005,M37338,128,false,
97006,M37335,77,false,
97007,M37261,3,false,
97008,M37238,292,false,
97009,M37228,141,false,
97010,M37220,1,false,
97011,M37218,1,false,
97012,M37183,1,false,
97013,M37057,93,false,
97014,M36701,2204,false,
97015,M36683,45,false,
97016,M36682,141,false,
97017,M36680,3546,false,
97018,M36640,141,false,
97019,M36639,902,false,
97020,M36627,141,false,
97021,M36558,93,false,
97022,M29686,3547,false,
97023,M29685,,false,
97024,M29682,3,false,
97025,M29680,45,false,
97026,M29657,3,false,
97027,M29656,141,false,
97028,M29655,1,false,
97029,M29654,1,false,
97030,M29651,1,false,
97031,M29649,1,false,
97032,M29648,1,false,
97033,M29647,1,false,
97034,M29646,2,false,
97035,M29645,105,false,
97036,M29644,2,false,
97037,M29643,141,false,
97038,M29642,77,false,
97039,M29641,49,false,
97040,M29640,3,false,
97041,M29639,2,false,
97042,M29638,1,false,
97043,M29636,77,false,
97044,M29625,2,false,
97045,M29624,68,false,
97046,M29623,1,false,
97047,M29622,1,false,
97048,M29621,407,false,
97049,M29620,128,false,
97050,M29619,2288,false,
97051,M29618,87,false,
97052,M29615,150,false,
97053,M29614,257,false,
97054,M29613,1,false,
97055,M29612,1,false,
97056,M29611,62,false,
97057,M29610,57,false,
97058,M29609,141,false,
97059,M29607,67,false,
97060,M29606,1,false,
97061,M29605,3,false,
97062,M29604,62,false,
97063,M29603,3,false,
97064,M29602,1,false,
97065,M29600,1,false,
97066,M29599,3,false,
97067,M29598,2,false,
97068,M29597,150,false,
97069,M29595,257,false,
97070,M29594,45,false,
97071,M29593,49,false,
97072,M29592,67,false,
97073,M29591,45,false,
97074,M29590,1,false,
97075,M29589,1,false,
97076,M29588,257,false,
97077,M29587,62,false,
97078,M29586,292,false,
97079,M29423,141,false,
97080,M29422,68,false,
97081,M29420,105,false,
97082,M29419,62,false,
97083,M29417,105,false,
97084,M29415,45,false,
97085,M29402,1,false,
97086,M29396,49,false,
97087,M29338,1,false,
97088,M29337,97,false,
97089,M29336,1,false,
97090,M29335,2,false,
97091,M29334,2,false,
97092,M29333,2,false,
97093,M29324,57,false,
97094,M29278,1,false,
97095,M29275,68,false,
97096,M29265,77,false,
97097,M29264,2,false,
97098,M29263,2,false,
97099,M29261,2,false,
97100,M29260,87,false,
97101,M29258,45,false,
97102,M29257,3548,false,
97103,M29256,257,false,
97104,M29255,104,false,
97105,M29254,287,false,
97106,M29226,68,false,
97107,M29207,3549,false,
97108,M29206,1,false,
97109,M29205,2,false,
97110,M29200,104,false,
97111,M29176,1,false,
97112,M29167,67,false,
97113,M29138,292,false,
97114,M29135,2,false,
97115,M29134,141,false,
97116,M29131,79,false,
97117,M29123,3,false,
97118,M29122,3550,false,
97119,M29121,403,false,
97120,M29120,3,false,
97121,M29119,2,false,
97122,M29118,62,false,
97123,M29117,87,false,
97124,M29116,77,false,
97125,M29115,3,false,
97126,M29114,1,false,
97127,M29113,68,false,
97128,M29112,3,false,
97129,M29111,104,false,
97130,M29109,9,false,
97131,M29097,9,false,
97132,M29091,292,false,
97133,M29090,97,false,
97134,M29089,3,false,
97135,M29088,87,false,
97136,M29087,67,false,
97137,M29085,3,false,
97138,M29084,2,false,
97139,M29083,4466,false,
97140,M29082,1615,false,
97141,M29081,257,false,
97142,M29079,49,false,
97143,M29077,3551,false,
97144,M29076,97,false,
97145,M29075,77,false,
97146,M29074,2,false,
97147,M29072,68,false,
97148,M29071,3,false,
97149,M29070,1,false,
97150,M29068,3,false,
97151,M29067,68,false,
97152,M29066,141,false,
97153,M29049,62,false,
97154,M29048,62,false,
97155,M29045,62,false,
97156,M29041,2,false,
97157,M29037,120,false,
97158,M29036,3,false,
97159,M29035,141,false,
97160,M29033,93,false,
97161,M29027,3552,false,
97162,M29026,62,false,
97163,M29025,1976,false,
97164,M29022,49,false,
97165,M29021,49,false,
97166,M29019,292,false,
97167,M29017,141,false,
97168,M29016,49,false,
97169,M29004,3,false,
97170,M29003,3,false,
97171,M29002,257,false,
97172,M29001,104,false,
97173,M28999,3523,false,
97174,M28997,,false,
97175,M28996,3,false,
97176,M28995,3,false,
97177,M28994,1,false,
97178,M28993,340,false,
97179,M28991,5130,false,
97180,M28989,257,false,
97181,M28987,141,false,
97182,M28986,257,false,
97183,M28985,292,false,
97184,M28984,3,false,
97185,M28983,3,false,
97186,M28982,45,false,
97187,M28981,2,false,
97188,M28978,,false,
97189,M28977,62,false,
97190,M28976,3553,false,
97191,M28975,62,false,
97192,M28974,62,false,
97193,M28973,62,false,
97194,M28970,62,false,
97195,M28969,67,false,
97196,M28968,3523,false,
97197,M28967,3554,false,
97198,M28966,3554,false,
97199,M28964,3,false,
97200,M28962,3,false,
97201,M28960,141,false,
97202,M28959,2,false,
97203,M28957,127,false,
97204,M28956,3555,false,
97205,M28953,62,false,
97206,M28952,348,false,
97207,M28938,3,false,
97208,M28925,1164,false,
97209,M28922,45,false,
97210,M28921,49,false,
97211,M28920,45,false,
97212,M28919,3556,false,
97213,M28918,2,false,
97214,M28917,2,false,
97215,M28916,1,false,
97216,M28857,67,false,
97217,M28856,141,false,
97218,M28836,87,false,
97219,M28704,2,false,
97220,M28685,62,false,
97221,M28673,257,false,
97222,M28602,1,false,
97223,M28594,348,false,
97224,M28579,1,false,
97225,M28564,3,false,
97226,M28555,,false,
97227,M28468,1,false,
97228,M28467,1,false,
97229,M28457,2,false,
97230,M28456,257,false,
97231,M28439,2,false,
97232,M28438,2,false,
97233,M28437,62,false,
97234,M28436,103,false,
97235,M28435,257,false,
97236,M28433,77,false,
97237,M28432,141,false,
97238,M28431,97,false,
97239,M28429,97,false,
97240,M28428,3,false,
97241,M28427,257,false,
97242,M28426,259,false,
97243,M28425,257,false,
97244,M28424,3,false,
97245,M28423,1,false,
97246,M28421,2,false,
97247,M28419,97,false,
97248,M28418,3,false,
97249,M28417,257,false,
97250,M28416,257,false,
97251,M28413,2,false,
97252,M28410,1,false,
97253,M28409,1482,false,
97254,M28406,67,false,
97255,M28378,62,false,
97256,M28358,3532,false,
97257,M28341,3557,false,
97258,M28321,1,false,
97259,M28291,2,false,
97260,M28145,141,false,
97261,M28144,1859,false,
97262,M28138,3558,false,
97263,M28127,1,false,
97264,M28121,4332,false,
97265,M28095,2,false,
97266,M28094,2,false,
97267,M28057,67,false,
97268,M28055,292,false,
97269,M28035,1,false,
97270,M28021,3,false,
97271,M27996,1,false,
97272,M27995,,false,
97273,M27994,57,false,
97274,M27993,93,false,
97275,M27948,1995,false,
97276,M27947,259,false,
97277,M27847,97,false,
97278,M27845,45,false,
97279,M27823,3,false,
97280,M27819,77,false,
97281,M27806,2,false,
97282,M27805,2,false,
97283,M27804,257,false,
97284,M27803,2,false,
97285,M27802,2,false,
97286,M27801,3,false,
97287,M27800,62,false,
97288,M27799,3559,false,
97289,M27796,340,false,
97290,M27795,1,false,
97291,M27790,77,false,
97292,M27713,77,false,
97293,M27689,3,false,
97294,M27531,2,false,
97295,M27506,97,false,
97296,M27487,3559,false,
97297,M27480,49,false,
97298,M27478,1730,false,
97299,M27475,3,false,
97300,M27474,45,false,
97301,M27473,68,false,
97302,M27472,,false,
97303,M27470,2,false,
97304,M27468,257,false,
97305,M27467,257,false,
97306,M27466,257,false,
97307,M27465,,false,
97308,M27444,257,false,
97309,M27422,2,false,
97310,M27421,2,false,
97311,M27398,3560,false,
97312,M27390,3,false,
97313,M27377,2,false,
97314,M27376,2,false,
97315,M27370,2,false,
97316,M27347,1995,false,
97317,M27328,3561,false,
97318,M27316,3,false,
97319,M27315,3,false,
97320,M27314,62,false,
97321,M27311,3,false,
97322,M27310,57,false,
97323,M27309,149,false,
97324,M27308,67,false,
97325,M27307,67,false,
97326,M27306,49,false,
97327,M27281,,false,
97328,M26861,3562,false,
97329,M26528,2,false,
97330,M26515,1,false,
97331,M26504,257,false,
97332,M26503,257,false,
97333,M26473,67,false,
97334,M26472,3,false,
97335,M26471,127,false,
97336,M26470,9,false,
97337,M26469,3710,false,
97338,M26445,1939,false,
97339,M26418,127,false,
97340,M26414,3523,false,
97341,M26413,292,false,
97342,M26412,67,false,
97343,M26410,62,false,
97344,M26352,2,false,
97345,M26351,1859,false,
97346,M26250,257,false,
97347,M26249,2,false,
97348,M26248,67,false,
97349,M26106,141,false,
97350,M26082,77,false,
97351,M26060,257,false,
97352,M26058,141,false,
97353,M26057,141,false,
97354,M26056,3563,false,
97355,M26025,257,false,
97356,M26024,1,false,
97357,M26023,3,false,
97358,M26020,57,false,
97359,M26019,68,false,
97360,M26014,257,false,
97361,M25979,257,false,
97362,M25965,45,false,
97363,M25962,3,false,
97364,M25961,1615,false,
97365,M25960,141,false,
97366,M25958,1615,false,
97367,M25957,3,false,
97368,M25956,62,false,
97369,M25955,62,false,
97370,M25954,127,false,
97371,M25952,3,false,
97372,M25951,3,false,
97373,M25950,45,false,
97374,M25947,1,false,
97375,M25945,1,false,
97376,M25944,45,false,
97377,M25943,3,false,
97378,M25942,141,false,
97379,M25940,39,false,
97380,M25909,3,false,
97381,M25875,62,false,
97382,M25868,3,false,
97383,M25867,3,false,
97384,M25866,3,false,
97385,M25865,141,false,
97386,M25864,127,false,
97387,M25863,2138,false,
97388,M25862,67,false,
97389,M25838,3,false,
97390,M25823,3,false,
97391,M25778,141,false,
97392,M25754,3564,false,
97393,M25753,141,false,
97394,M25685,68,false,
97395,M25597,292,false,
97396,M25593,141,false,
97397,M25580,2,false,
97398,M25529,3565,false,
97399,M25504,57,false,
97400,M25503,45,false,
97401,M25376,1,false,
97402,M25371,3,false,
97403,M25337,,false,
97404,M25319,62,false,
97405,M25318,49,false,
97406,M25317,62,false,
97407,M25288,62,false,
97408,M25255,257,false,
97409,M25242,62,false,
97410,M25212,2,false,
97411,M25168,62,false,
97412,M25167,62,false,
97413,M25143,65,false,
97414,M25142,3549,false,
97415,M25118,3566,false,
97416,M25060,62,false,
97417,M25025,,false,
97418,M25024,1,false,
97419,M25019,1,false,
97420,M24987,3523,false,
97421,M24839,1,false,
97422,M24811,,false,
97423,M24810,2,false,
97424,M24633,,false,
97425,M24617,292,false,
97426,M24551,3,false,
97427,M24550,3523,false,
97428,M24446,257,false,
97429,M24334,141,false,
97430,M24333,1,false,
97431,M24331,1,false,
97432,M24329,141,false,
97433,M24328,141,false,
97434,M24293,141,false,
97435,M24292,292,false,
97436,M24290,3,false,
97437,M24289,257,false,
97438,M24267,45,false,
97439,M24260,45,false,
97440,M24239,141,false,
97441,M24194,292,false,
97442,M24119,3532,false,
97443,M24108,62,false,
97444,M24042,150,false,
97445,M24035,1,false,
97446,M24034,141,false,
97447,M24032,62,false,
97448,M24026,2,false,
97449,M24011,3,false,
97450,M23974,62,false,
97451,M23970,1,false,
97452,M23969,141,false,
97453,M23950,136,false,
97454,M23949,257,false,
97455,M23937,3567,false,
97456,M23900,141,false,
97457,M23897,127,false,
97458,M23895,57,false,
97459,M23817,49,false,
97460,M23805,141,false,
97461,M23803,257,false,
97462,M23792,292,false,
97463,M23697,141,false,
97464,M23696,57,false,
97465,M23616,3568,false,
97466,M23596,68,false,
97467,M23595,3,false,
97468,M23581,257,false,
97469,M23580,62,false,
97470,M23564,49,false,
97471,M23563,2,false,
97472,M23562,3,false,
97473,M23561,1,false,
97474,M23487,62,false,
97475,M23486,3,false,
97476,M23405,2,false,
97477,M23369,257,false,
97478,M23352,1,false,
97479,M23329,141,false,
97480,M23328,141,false,
97481,M23326,141,false,
97482,M23303,93,false,
97483,M23280,141,false,
97484,M23276,141,false,
97485,M23250,3569,false,
97486,M23230,3,false,
97487,M23229,141,false,
97488,M23228,1,false,
97489,M23227,1,false,
97490,M23209,49,false,
97491,M23208,292,false,
97492,M23191,141,false,
97493,M23190,3537,false,
97494,M23188,141,false,
97495,M23169,3570,false,
97496,M23168,3571,false,
97497,M23160,141,false,
97498,M23159,141,false,
97499,M23152,67,false,
97500,M23086,1615,false,
97501,M23085,67,false,
97502,M23084,141,false,
97503,M23047,257,false,
97504,M23008,39,false,
97505,M23001,3572,false,
97506,M22965,141,false,
97507,M22964,2,false,
97508,M22963,45,false,
97509,M22958,141,false,
97510,M22952,3,false,
97511,M22949,3,false,
97512,M22935,141,false,
97513,M22933,141,false,
97514,M22926,62,false,
97515,M22897,257,false,
97516,M22893,3,false,
97517,M22862,2,false,
97518,M22729,2,false,
97519,M22617,97,false,
97520,M22607,257,false,
97521,M22604,141,false,
97522,M22576,3573,false,
97523,M22567,62,false,
97524,M22551,3,false,
97525,M22544,141,false,
97526,M22542,141,false,
97527,M22541,1615,false,
97528,M22540,257,false,
97529,M22539,2,false,
97530,M22508,141,false,
97531,M22495,257,false,
97532,M22492,141,false,
97533,M22391,104,false,
97534,M22389,3523,false,
97535,M22388,141,false,
97536,M22358,141,false,
97537,M22357,3,false,
97538,M22323,66,false,
97539,M22297,65,false,
97540,M22152,3,false,
97541,M22108,141,false,
97542,M22107,97,false,
97543,M22103,3,false,
97544,M22092,87,false,
97545,M22061,141,false,
97546,M22033,62,false,
97547,M22030,141,false,
97548,M22012,3,false,
97549,M22011,3,false,
97550,M22010,340,false,
97551,M22009,3,false,
97552,M22005,292,false,
97553,M21981,1859,false,
97554,M21980,68,false,
97555,M21956,3,false,
97556,M21953,49,false,
97557,M21952,62,false,
97558,M21888,2,false,
97559,M21887,62,false,
97560,M21886,,false,
97561,M21885,68,false,
97562,M21883,3,false,
97563,M21880,49,false,
97564,M21878,3,false,
97565,M21876,62,false,
97566,M21873,68,false,
97567,M21867,93,false,
97568,M21865,97,false,
97569,M21864,62,false,
97570,M21861,93,false,
97571,M21856,62,false,
97572,M21855,77,false,
97573,M21854,62,false,
97574,M21853,45,false,
97575,M21847,3,false,
97576,M21845,3,false,
97577,M21740,1615,false,
97578,M21739,62,false,
97579,M21737,97,false,
97580,M21733,1,false,
97581,M21710,3,false,
97582,M21688,1,false,
97583,M21687,1,false,
97584,M21672,1,false,
97585,M21645,24,false,
97586,M21643,66,false,
97587,M21641,1,false,
97588,M21623,141,false,
97589,M21619,3,false,
97590,M21617,62,false,
97591,M21615,3574,false,
97592,M21614,3549,false,
97593,M21600,3575,false,
97594,M21590,66,false,
97595,M21577,97,false,
97596,M21572,97,false,
97597,M21514,9,false,
97598,M21502,141,false,
97599,M21487,348,false,
97600,M21471,67,false,
97601,M21466,3,false,
97602,M21464,3,false,
97603,M21452,3,false,
97604,M21437,1,false,
97605,M21417,62,false,
97606,M21279,49,false,
97607,M21261,3576,false,
97608,M21260,3,false,
97609,M21212,67,false,
97610,M21201,3,false,
97611,M21173,141,false,
97612,M20997,1,false,
97682,NZ20MI0019,49,false,
97683,NZ20MI0020,396,false,
97684,NZ20MI0021,1,false,
97685,NZ20MI0022,77,false,
97686,NZ20MI0023,396,false,
97687,NZ20MD0006,,false,
97688,NZ20MD0005,,false,
97689,NZ20MI0024,77,false,
97690,NZ20MI0025,77,false,
97691,NZ20MI0028,2,false,
97692,NZ20MI0029,77,false,
97693,NZ20MI0033,45,false,
97694,NZ20MI0030,77,false,
97695,NZ20MI0032,396,false,
97696,NZ20MI0035,2727,false,
97697,NZ20MI0034,151,false,
97698,NZ20MI0036,141,false,
97699,NZ20MI0038,45,false,
97700,NZ20MD0008,,false,
97701,NZ20MI0039,45,false,
97702,NZ20MI0040,1,false,
97703,NZ20MI0043,396,false,
97746,2029500083,62,false,
97750,SMG-20-1930,49,false,
97751,SMG-20-1937,348,false,
97752,SMG-20-1942,138,false,
97753,SMG-20-1946,45,false,
97754,SMG-20-1949,68,false,
97755,SMG-20-1954,97,false,
97756,20GB001354,,false,
97757,Nmen140,62,false,
97758,Nmen210,3,false,
97759,Nmen287,87,false,
97760,Nmen288,87,false,
97761,Nmen289,87,false,
97762,Nmen291,87,false,
97763,Nmen292,67,false,
97764,Nmen293,93,false,
97765,Nmen294,47,false,
97766,Nmen295,,false,
97767,M53591,455,false,
97776,GENT058_YB,,false,
97777,GENT067,,false,
97778,GENT068,,false,
97779,GENT070,,false,
97780,GENT092,,false,
97781,GENT096,,false,
97782,GENT135,,false,
97783,GENT143,,false,
97784,GENT146,,false,
97785,NEIS_17_628,,false,
97786,NEIS_18_165,,false,
97787,NEIS_18_30,,false,
97788,NEIS_18_33,,false,
97789,NEIS_18_39,,false,
97790,NEIS_18_73,,false,
97792,NEIS-17-559,,false,
97793,NEIS-17-561,,false,
97797,SMG-20-1965,246,false,
97798,SMG-20-1982,65,false,
97803,SMG-20-2020,150,false,
97855,Nmiss2925,318,false,
97856,Nmiss2684,1,false,
97857,Nmiss3246,45,false,
97858,Nmiss3202,1250,false,
97859,Nmiss2403,9,false,
97860,Nmiss2495,3585,false,
97861,Nmiss2515,805,false,
97862,Nmiss2538,9,false,
97863,Nmiss2544,9,false,
97864,Nmiss2566,49,false,
97865,Nmiss2618,127,false,
97866,Nmiss2773,3,false,
97867,Nmiss2815,45,false,
97868,Nmiss3062,45,false,
97878,Nmiss3065,1,false,
97879,Nmiss3068,2257,false,
97880,Nmiss3073,62,false,
97881,Nmiss3078,1,false,
97882,Nmiss3090,62,false,
97883,Nmiss3092,2,false,
97884,Nmiss3103,141,false,
97885,Nmiss3106,141,false,
97886,Nmiss3107,68,false,
97887,Nmiss3138,,false,
97888,Nmiss3140,288,false,
97889,Nmiss3145,62,false,
97890,Nmiss3153,1,false,
97891,Nmiss3157,62,false,
97892,Nmiss3162,1,false,
97893,Nmiss3165,62,false,
97894,Nmiss3170,141,false,
97895,Nmiss3174,3587,false,
97896,Nmiss3177,141,false,
97897,Nmiss3178,1,false,
97898,Nmiss3180,1,false,
97899,Nmiss3182,1,false,
97900,Nmiss3183,141,false,
97901,Nmiss3185,1,false,
97902,Nmiss3189,62,false,
97903,Nmiss3194,141,false,
97904,Nmiss3205,141,false,
97905,Nmiss3206,62,false,
97906,Nmiss3210,141,false,
97907,Nmiss3215,62,false,
97908,Nmiss3216,141,false,
97909,Nmiss3217,257,false,
97910,Nmiss3220,262,false,
97911,Nmiss3224,141,false,
97912,Nmiss3227,1,false,
97913,Nmiss3230,262,false,
97914,Nmiss3243,3588,false,
97915,Nmiss3267,141,false,
97916,Nmiss3268,77,false,
97917,Nmiss3271,141,false,
97918,Nmiss3275,1,false,
97919,Nmiss3277,9,false,
97920,Nmiss3279,95,false,
97921,Nmiss3288,2,false,
97922,Nmiss3291,141,false,
97923,Nmiss3292,385,false,
97924,Nmiss3293,62,false,
97925,Nmiss3295,257,false,
98012,Mcbar-355,,false,
98013,Mcbar-1342,,false,
98014,Mcbar-1382,,false,
98015,Mcbar-1425-4,62,false,
98155,21052,87,false,
98156,21053,57,false,
98157,21054,805,false,
98158,21055,3,false,
98159,21056,396,false,
98160,21058,87,false,
98161,21060,93,false,
98162,21062,67,false,
98163,21063,150,false,
98164,21064,137,false,
98165,21066,47,false,
98166,21067,87,false,
98167,21070,93,false,
98168,21071,77,false,
98169,21073,93,false,
98170,21074,57,false,
98171,21075,57,false,
98172,21078,9,false,
98173,21080,150,false,
98174,21081,87,false,
98175,21083,1194,false,
98176,21087,274,false,
98177,21090,47,false,
98178,21091,9,false,
98179,21092,120,false,
98180,21093,49,false,
98181,21095,45,false,
98182,21096,3,false,
98183,21097,198,false,
98184,21099,93,false,
98185,22006,65,false,
98186,22013,9,false,
98187,22017,308,false,
98188,22019,87,false,
98189,22020,87,false,
98190,22030,87,false,
98191,22034,,false,
98192,22037,87,false,
98193,22038,87,false,
98194,22039,1250,false,
98195,22042,3,false,
98196,22043,93,false,
98197,22045,87,false,
98198,22047,3595,false,
98199,22049,9,false,
98201,23658,,false,
98202,20414,,false,
98203,20415,24,false,
98204,20416,24,false,
98205,SMG-20-2000,138,false,
98206,22055,87,false,
98207,22063,93,false,
98208,22065,150,false,
98209,22066,150,false,
98210,22068,9,false,
98211,22069,150,false,
98212,22070,93,false,
98213,22075,45,false,
98214,22081,93,false,
98215,22086,102,false,
98216,22092,9,false,
98217,22093,150,false,
98218,22100,150,false,
98219,22102,127,false,
98220,22104,49,false,
98221,22111,3596,false,
98222,22117,87,false,
98223,22118,87,false,
98224,22119,87,false,
98225,22123,141,false,
98226,22124,57,false,
98227,22125,87,false,
98228,22127,67,false,
98229,22129,93,false,
98230,22131,87,false,
98231,22132,87,false,
98232,22138,1475,false,
98233,22139,93,false,
98234,22145,93,false,
98235,22146,87,false,
98236,22147,87,false,
98237,22152,150,false,
98238,22154,150,false,
98239,22156,95,false,
98240,22159,65,false,
98241,22167,87,false,
98242,22168,3597,false,
98243,22171,93,false,
98244,22173,93,false,
98245,22174,128,false,
98246,22177,1,false,
98247,22178,3598,false,
98248,22179,308,false,
98249,22180,137,false,
98250,22182,1,false,
98251,22186,67,false,
98252,22187,1580,false,
98253,22188,150,false,
98254,22193,93,false,
98255,22196,604,false,
98256,22198,93,false,
98257,22200,39,false,
98258,22202,141,false,
98259,22203,87,false,
98260,22205,57,false,
98261,22209,3450,false,
98262,22211,87,false,
98263,22212,45,false,
98264,22215,93,false,
98265,22217,150,false,
98266,22221,87,false,
98267,22222,148,false,
98268,22230,87,false,
98269,22234,57,false,
98270,22241,67,false,
98271,22244,150,false,
98272,22245,93,false,
98273,22248,3,false,
98274,22250,87,false,
98275,22252,87,false,
98276,22253,87,false,
98277,22256,9,false,
98278,22263,9,false,
98279,22266,150,false,
98280,22267,87,false,
98281,22268,87,false,
98282,22269,262,false,
98283,22274,150,false,
98284,22278,3450,false,
98285,22279,198,false,
98286,22281,,false,
98287,22283,,false,
98288,22288,9,false,
98289,22296,87,false,
98290,22301,87,false,
98291,22302,41,false,
98292,22304,396,false,
98293,22305,68,false,
98294,22306,,false,
98295,22311,3599,false,
98296,22312,993,false,
98297,22316,,false,
98298,22318,87,false,
98299,22321,93,false,
98300,22324,93,false,
98301,22325,150,false,
98302,22331,,false,
98303,22333,9,false,
98304,22334,87,false,
98305,22335,993,false,
98306,22336,93,false,
98307,22339,87,false,
98308,22341,3600,false,
98309,22343,,false,
98310,22347,150,false,
98311,22349,,false,
98312,22352,3,false,
98313,22355,3501,false,
98314,22357,1250,false,
98315,22363,150,false,
98316,22364,3601,false,
98317,22365,,false,
98318,22366,,false,
98319,22368,3,false,
98320,22369,87,false,
98321,22376,1,false,
98322,22377,,false,
98323,22378,,false,
98324,22379,,false,
98325,22380,3459,false,
98326,22386,150,false,
98327,22388,3602,false,
98328,22390,308,false,
98329,22398,,false,
98330,22399,45,false,
98331,22400,87,false,
98332,22401,,false,
98333,22402,1194,false,
98334,22405,137,false,
98335,22434,67,false,
98336,22439,45,false,
98337,22443,3,false,
98338,22450,2588,false,
98339,22451,2588,false,
98340,22454,150,false,
98341,22460,87,false,
98342,22477,93,false,
98343,22478,9,false,
98344,22482,9,false,
98345,22489,3,false,
98346,22495,3603,false,
98347,22496,3604,false,
98348,22502,150,false,
98349,22507,259,false,
98350,22516,9,false,
98351,22524,262,false,
98352,22525,45,false,
98353,22529,87,false,
98354,22540,93,false,
98355,22541,349,false,
98356,22543,1250,false,
98357,22544,150,false,
98358,22551,9,false,
98359,22553,104,false,
98360,22555,87,false,
98361,22557,3,false,
98362,22559,2588,false,
98363,22561,2588,false,
98364,22610,3,false,
98365,22615,104,false,
98366,22629,77,false,
98367,22633,262,false,
98368,22636,3,false,
98369,22568,87,false,
98370,22576,983,false,
98371,22579,3605,false,
98372,22580,57,false,
98373,22582,3,false,
98374,22587,262,false,
98375,22595,3,false,
98376,22603,198,false,
98377,22605,137,false,
98378,22427,3,false,
98379,22572,87,false,
98380,22591,104,false,
98381,22406,87,false,
98382,22410,150,false,
98383,22415,93,false,
98384,22428,87,false,
98385,22429,93,false,
98386,22436,9,false,
98387,22438,45,false,
98388,22441,93,false,
98389,22447,259,false,
98390,22448,2081,false,
98391,22453,87,false,
98392,22462,137,false,
98393,22466,2700,false,
98394,22468,150,false,
98395,22471,3450,false,
98396,22473,93,false,
98397,22474,93,false,
98398,22487,1164,false,
98399,22515,137,false,
98400,22531,57,false,
98401,22556,4300,false,
98402,22594,3606,false,
98403,22596,150,false,
98404,22613,150,false,
98405,DE14708,45,false,
98406,DE14706,28,false,
98407,MZ187/20,,false,
98408,DE14709,151,false,
98409,22648,3,false,
98410,22649,87,false,
98411,22650,9,false,
98412,22651,3,false,
98413,22652,87,false,
98414,22656,3,false,
98415,22658,39,false,
98416,22659,396,false,
98417,22660,87,false,
98418,22664,150,false,
98419,22668,87,false,
98420,22672,1250,false,
98421,22674,1476,false,
98422,22680,87,false,
98423,22683,3607,false,
98424,22692,45,false,
98425,22693,87,false,
98426,22696,,false,
98427,22697,,false,
98428,22698,,false,
98429,22700,2359,false,
98430,22703,3450,false,
98431,22705,,false,
98432,22706,396,false,
98433,22714,3608,false,
98434,22715,,false,
98435,22721,,false,
98436,22722,,false,
98437,22729,87,false,
98438,22731,,false,
98439,22737,93,false,
98440,22738,,false,
98441,22739,87,false,
98442,22745,150,false,
98443,22747,,false,
98444,22748,87,false,
98445,22750,198,false,
98446,22754,9,false,
98447,22759,1580,false,
98448,22760,,false,
98449,22764,,false,
98450,22765,,false,
98451,22774,,false,
98452,22783,87,false,
98453,22785,39,false,
98454,22786,150,false,
98455,22789,3609,false,
98456,22790,87,false,
98457,22791,93,false,
98458,22792,9,false,
98459,22796,87,false,
98460,22804,3610,false,
98461,22806,45,false,
98462,22807,1,false,
98463,22810,87,false,
98464,22821,262,false,
98465,22822,3,false,
98466,22823,62,false,
98467,22824,87,false,
98468,22831,,false,
98469,22832,150,false,
98470,22840,3611,false,
98471,22842,148,false,
98472,22843,87,false,
98473,22844,150,false,
98474,22846,9,false,
98475,22847,148,false,
98476,22849,3611,false,
98477,22852,87,false,
98478,22862,1,false,
98479,22867,87,false,
98480,22878,87,false,
98481,22879,3612,false,
98482,22883,3613,false,
98483,22890,87,false,
98484,22893,3,false,
98485,22894,57,false,
98486,22898,3,false,
98487,22899,3,false,
98488,22901,3614,false,
98489,22902,150,false,
98490,22908,1580,false,
98491,22910,87,false,
98492,22914,262,false,
98493,22920,87,false,
98494,22924,1002,false,
98495,22927,87,false,
98496,22928,87,false,
98497,22929,87,false,
98498,22930,87,false,
98499,22932,87,false,
98500,22934,57,false,
98501,22957,3615,false,
98502,22958,87,false,
98503,22959,93,false,
98504,22960,67,false,
98505,22966,87,false,
98506,22981,3,false,
98507,22987,93,false,
99852,SMG-20-2096,1,false,
99853,SMG-20-2112,259,false,
99854,20690,,false,
99855,20694,,false,
99856,20723,,false,
99857,20689,,false,
99858,20695,,false,
99859,20704,,false,
99860,20713,,false,
99861,20714,,false,
99862,20718,,false,
99863,20725,,false,
99864,20751,,false,
99865,20755,,false,
99866,20759,,false,
99867,20903,,false,
99868,22381,,false,
99869,23614,,false,
99870,20702,,false,
99871,Nmiss3318,257,false,
99872,20712,,false,
99873,20729,,false,
99874,20744,,false,
99875,NML2020-089F,62,false,
99876,NML2020-089,62,false,
99877,NML2020-045F,62,false,
99878,NML2020-045,62,false,
99879,NML2020-063F,93,false,
99880,NML2020-063,93,false,
99881,NML2020-071F,396,false,
99882,NML2020-071,396,false,
99883,NML2020-072F,45,false,
99884,NML2020-072,45,false,
99885,NML2020-082F,62,false,
99886,NML2020-082,62,false,
99887,NML2020-084F,1,false,
99888,NML2020-084,1,false,
99889,NML2020-086F,62,false,
99890,NML2020-086,62,false,
99891,20731,,false,
99892,21046,,false,
99893,NG_AMS0473,367,false,
99894,NG_AMS0514,16,false,
99895,NG_AMS0428,367,false,
99896,NG_AMS0387,3619,false,
99897,NG_AMS0513,16,false,
99898,NG_AMS0466,627,false,
99899,NG_AMS0468,627,false,
99900,NG_AMS0532,16,false,
99901,NG_AMS0425,367,false,
99902,NG_AMS0523,367,false,
99903,NG_AMS0405,16,false,
99904,NG_AMS0406,16,false,
99905,NG_AMS0542,367,false,
99906,NG_AMS0555,373,false,
99907,NG_AMS0556,373,false,
99908,NG_AMS0533,16,false,
99909,NG_AMS0419,367,false,
99910,NG_AMS0480,373,false,
99911,NG_AMS0481,373,false,
99912,NG_AMS0489,373,false,
99913,NG_AMS0383,367,false,
99914,NG_AMS0384,367,false,
99915,NG_AMS0385,367,false,
99916,NG_AMS0451,367,false,
99917,NG_AMS0452,367,false,
99918,NG_AMS0522,367,false,
99919,NG_AMS0543,367,false,
99920,NG_AMS0439,18,false,
99921,NG_AMS0440,18,false,
99922,NG_AMS0493,367,false,
99923,NG_AMS0401,367,false,
99924,NG_AMS0412,367,false,
99925,NG_AMS0417,367,false,
99926,NG_AMS0557,3359,false,
99927,NG_AMS0558,3359,false,
99928,NG_AMS0386,654,false,
99929,NG_AMS0395,367,false,
99930,NG_AMS0472,22,false,
99931,NG_AMS0474,22,false,
99932,NG_AMS0206_2,373,false,
99933,NG_AMS0503,367,false,
99934,NG_AMS0505,367,false,
99935,NG_AMS0534,373,false,
99936,NG_AMS0456,378,false,
99937,NG_AMS0458,378,false,
99938,NG_AMS0441,367,false,
99939,NG_AMS0443,367,false,
99940,NG_AMS0536,367,false,
99941,NG_AMS0537,367,false,
99942,NG_AMS0560,3359,false,
99943,NG_AMS0422,367,false,
99944,NG_AMS0444,18,false,
99945,NG_AMS0449,18,false,
99946,NG_AMS0495,373,false,
99947,NG_AMS0446,367,false,
99948,NG_AMS0453,367,false,
99949,NG_AMS0448,16,false,
99950,NG_AMS0471,666,false,
99951,NG_AMS0245_2,367,false,
99952,NG_AMS0520,654,false,
99953,NG_AMS0544,367,false,
99954,NG_AMS0488,367,false,
99955,NG_AMS0220_2,16,false,
99956,NG_AMS0223_2,16,false,
99957,NG_AMS0502,367,false,
99958,NG_AMS0504,367,false,
99959,NG_AMS0413,654,false,
99960,NG_AMS0426,367,false,
99961,NG_AMS0427,367,false,
99962,NG_AMS0487,367,false,
99963,NG_AMS0494,367,false,
99964,NG_AMS0459,367,false,
99965,NG_AMS0460,367,false,
99966,NG_AMS0462,367,false,
99967,NG_AMS0463,367,false,
99968,NG_AMS0464,367,false,
99969,NG_AMS0477,367,false,
99970,NG_AMS0482,367,false,
99971,NG_AMS0486,367,false,
99972,NG_AMS0392,367,false,
99973,NG_AMS0393,367,false,
99974,NG_AMS0411,367,false,
99975,NG_AMS0418,367,false,
99976,NG_AMS0551,367,false,
99977,NG_AMS0388,654,false,
99978,NG_AMS0394,367,false,
99979,NG_AMS0434,1006,false,
99980,NG_AMS0518,654,false,
99981,NG_AMS0184_2,16,false,
99982,NG_AMS0185_2,16,false,
99983,NG_AMS0475,373,false,
99984,NG_AMS0476,373,false,
99985,NG_AMS0479,373,false,
99986,NG_AMS0398,18,false,
99987,NG_AMS0535,367,false,
99988,NG_AMS0568,3359,false,
99989,NG_AMS0210_2,367,false,
99990,NG_AMS0501,367,false,
99991,NG_AMS0492,367,false,
99992,NG_AMS0499,367,false,
99993,NG_AMS0538,654,false,
99994,NG_AMS0539,654,false,
99995,NG_AMS0421,367,false,
99996,NG_AMS0445,18,false,
99997,NG_AMS0490,373,false,
99998,NG_AMS0577,367,false,
99999,NG_AMS0578,367,false,
100000,NG_AMS0579,367,false,
100001,NG_AMS0450,367,false,
100002,NG_AMS0478,16,false,
100003,NG_AMS0465,666,false,
100004,NG_AMS0467,666,false,
100005,NG_AMS0508,16,false,
100006,NG_AMS0521,654,false,
100007,NG_AMS0407,654,false,
100008,NG_AMS0484,654,false,
100009,NG_AMS0404,654,false,
100010,NG_AMS0221_2,654,false,
100011,NG_AMS0397,18,false,
100012,NG_AMS0415,367,false,
100013,NG_AMS0416,367,false,
100014,NG_AMS0540,654,false,
100015,NG_AMS0496,367,false,
100016,NG_AMS0420,654,false,
100017,NG_AMS0485,16,false,
100018,NG_AMS0491,16,false,
100019,NG_AMS0562,654,false,
100020,NG_AMS0509,16,false,
100021,NG_AMS0483,654,false,
100022,NG_AMS0565,654,false,
100023,NG_AMS0530,1006,false,
100024,NG_AMS0582,367,false,
100025,NG_AMS0583,367,false,
100026,NG_AMS0382,654,false,
100027,NG_AMS0517,654,false,
100028,NG_AMS0500,654,false,
100029,NG_AMS0507,367,false,
100030,NG_AMS0429,1006,false,
100031,NG_AMS0430,18,false,
100032,NG_AMS0433,1006,false,
100033,NG_AMS0567,3359,false,
100034,NG_AMS0541,654,false,
100035,NG_AMS0575,654,false,
100036,NG_AMS0561,3359,false,
100037,NG_AMS0435,16,false,
100038,NG_AMS0165_2,16,false,
100039,NG_AMS0166_2,16,false,
100040,NG_AMS0391,3354,false,
100041,NG_AMS0564,654,false,
100042,NG_AMS0531,1006,false,
100043,NG_AMS0552,367,false,
100044,NG_AMS0431,1006,false,
100045,NG_AMS0432,18,false,
100046,NG_AMS0563,654,false,
100047,NG_AMS0390,3354,false,
100048,NG_AMS0573,3353,false,
100049,NG_AMS0574,3353,false,
100050,NG_AMS0515,3353,false,
100051,NG_AMS0399,3353,false,
100052,NG_AMS0506,3353,false,
100053,NG_AMS0549,3359,false,
100054,NG_AMS0576,3359,false,
100055,NG_AMS0516,3353,false,
100056,NG_AMS0400,3353,false,
100057,NG_AMS0510,3353,false,
100058,NG_AMS0580,3474,false,
100059,NG_AMS0581,3474,false,
100060,NG_AMS0525,3353,false,
100061,NG_AMS0526,3353,false,
100062,NG_AMS0442,3353,false,
100063,NG_AMS0519,3353,false,
100064,NG_AMS0396,3353,false,
100065,NG_AMS0402,3353,false,
100066,NG_AMS0403,3353,false,
100067,NG_AMS0409,3353,false,
100068,NG_AMS0408,3353,false,
100069,NG_AMS0457,3353,false,
100070,NG_AMS0461,3353,false,
100071,NG_AMS0447,3353,false,
100072,NG_AMS0389,3353,false,
100073,NG_AMS0410,3353,false,
100074,NG_AMS0414,3353,false,
100075,NG_AMS0423,3353,false,
100076,NG_AMS0424,3353,false,
100077,NG_AMS0511,1006,false,
100078,NG_AMS0512,1006,false,
100079,NG_AMS0548,841,false,
100080,NG_AMS0547,841,false,
100081,NG_AMS0497,3353,false,
100082,NG_AMS0498,3353,false,
100083,NG_AMS0570,3353,false,
100084,NG_AMS0571,3353,false,
100085,NG_AMS0572,3353,false,
100099,20754,,false,
100100,20-673,,false,
100101,DE10776,3623,false,
100102,DE11870,2,false,
100103,DE12128,257,false,
100104,DE12665,,false,
100105,DE12747,724,false,
100106,DE12840,3624,false,
100107,DE12845,2,false,
100108,DE12939,2,false,
100109,DE12957,2,false,
100110,DE9168,2,false,
100111,DE9382,1,false,
100112,NZ96294,45,false,
100113,NZ97019,45,false,
100114,NZ97021,45,false,
100115,NZ97133,120,false,
100116,NZ97192,45,false,
100117,NZ98058,49,false,
100118,NZ98074,45,false,
100119,NZCM149,45,false,
100120,NZCM148,39,false,
100121,NZCM162,45,false,
100122,NZCM165,45,false,
100123,NZCM132,120,false,
100124,NZCM133,120,false,
100125,NZCM134,120,false,
100126,NZCM135,120,false,
100127,NZCM238,45,false,
100128,NZCM239,45,false,
100129,NZCM240,45,false,
100130,NZCM246,49,false,
100131,NZCM245,45,false,
100132,2039,738,false,
100133,2363,738,false,
100134,2400,738,false,
100135,2841,738,false,
100136,2855,738,false,
100137,2863,738,false,
100138,2882,738,false,
100139,2959,738,false,
100140,2973,738,false,
100141,2976,738,false,
100142,2978,738,false,
100143,2980,738,false,
100144,2998,738,false,
100145,3000,738,false,
100146,3001,738,false,
100147,3002,738,false,
100148,3007,738,false,
100149,3009,738,false,
100150,3013,738,false,
100151,3017,738,false,
100152,3048,738,false,
100153,3049,738,false,
100154,3050,738,false,
100155,3051,738,false,
100156,3052,738,false,
100157,3053,738,false,
100158,3055,738,false,
100159,3056,738,false,
100160,3059,738,false,
100161,3086,738,false,
100162,3089,738,false,
100163,3090,738,false,
100164,3092,738,false,
100165,3095,738,false,
100166,3137,738,false,
100167,3144,738,false,
100168,3146,738,false,
100169,3151,738,false,
100170,3152,738,false,
100171,3155,738,false,
100172,3161,738,false,
100173,3163,738,false,
100174,3164,738,false,
100175,3165,738,false,
100176,3169,738,false,
100177,3170,738,false,
100178,3185,738,false,
100179,3187,738,false,
100180,3189,738,false,
100181,3190,738,false,
100182,3191,738,false,
100183,3196,738,false,
100184,3197,738,false,
100185,3198,738,false,
100186,3199,738,false,
100187,3200,738,false,
100188,3218,738,false,
100189,3219,738,false,
100190,3220,738,false,
100191,3222,738,false,
100192,3223,738,false,
100193,3224,738,false,
100194,3250,738,false,
100195,3253,738,false,
100196,3255,738,false,
100197,3257,738,false,
100198,3261,738,false,
100199,3268,738,false,
100200,3270,738,false,
100201,3273,738,false,
100202,3274,738,false,
100203,3275,738,false,
100204,3326,738,false,
100205,3327,738,false,
100206,2842STDY5880958,45,false,
100207,981784,104,false,
100208,981826,3625,false,
100209,2842STDY5880961,3,false,
100210,981871,45,false,
100211,2842STDY5880963,45,false,
100212,2842STDY5880964,45,false,
100213,982029,45,false,
100214,982102,63,false,
100215,982144,45,false,
100216,2842STDY5880968,45,false,
100217,2842STDY5880969,784,false,
100218,2842STDY5880970,45,false,
100219,982245,45,false,
100220,2842STDY5880972,45,false,
100221,2842STDY5880973,784,false,
100222,982375,45,false,
100223,990001,93,false,
100224,990005,3626,false,
100225,2842STDY5880977,45,false,
100226,2842STDY5880978,1,false,
100227,990062,45,false,
100228,990069,45,false,
100229,990082,45,false,
100230,990092,45,false,
100231,990104,45,false,
100232,2842STDY5880984,3627,false,
100233,990134,45,false,
100234,990135,63,false,
100235,2842STDY5880987,2264,false,
100236,990163,45,false,
100237,2842STDY5880989,24,false,
100238,990334,217,false,
100239,990492,3626,false,
100240,2842STDY5880992,3628,false,
100241,990576,217,false,
100242,990601,326,false,
100243,2842STDY5880995,1,false,
100244,2842STDY5880996,68,false,
100245,2842STDY5880997,3,false,
100246,2842STDY5880998,1,false,
100247,2842STDY5880999,1,false,
100248,2842STDY5881000,3,false,
100249,2842STDY5881001,63,false,
100250,990907,3,false,
100251,990947,2,false,
100252,990975,93,false,
100253,2842STDY5881005,3,false,
100254,991044,1,false,
100255,991056,45,false,
100256,991093,3,false,
100257,991097,3,false,
100258,2842STDY5881010,3,false,
100259,991159,3,false,
100260,2842STDY5881012,1,false,
100261,2842STDY5881013,45,false,
100262,2842STDY5881014,93,false,
100263,2842STDY5881015,14,false,
100264,991247,,false,
100265,991275,3,false,
100266,2842STDY5881018,45,false,
100267,991379,1,false,
100268,991382,45,false,
100269,991397,45,false,
100270,991511,45,false,
100271,991598,39,false,
100272,991625,45,false,
100273,991642,3,false,
100274,2842STDY5881026,45,false,
100275,2842STDY5881028,45,false,
100276,991722,93,false,
100277,991765,3,false,
100278,991774,326,false,
100279,2842STDY5881032,45,false,
100280,2842STDY5881033,1,false,
100281,2842STDY5881034,1,false,
100282,2842STDY5881035,139,false,
100283,2842STDY5881036,2,false,
100284,992073,290,false,
100285,2842STDY5881038,2,false,
100286,2000020,45,false,
100287,2000024,3,false,
100288,2000041,45,false,
100289,2000070,45,false,
100290,2000100,3629,false,
100291,2000101,45,false,
100292,2000131,93,false,
100293,2000136,78,false,
100294,2842STDY5881047,93,false,
100295,2842STDY5881048,2,false,
100296,2000194,3,false,
100297,2842STDY5881050,45,false,
100298,2842STDY5881051,3629,false,
100299,2842STDY5881052,45,false,
100300,2842STDY5881054,3,false,
100301,2000297,3,false,
100302,2842STDY5881056,150,false,
100303,2842STDY5881057,2,false,
100304,2000373,3630,false,
100305,2000384,,false,
100306,2842STDY5881060,,false,
100307,2842STDY5881061,93,false,
100308,2000589,45,false,
100309,2842STDY5881063,45,false,
100310,2000607,45,false,
100311,2000608,,false,
100312,2842STDY5881066,45,false,
100313,2842STDY5881067,3,false,
100314,2000732,45,false,
100315,2842STDY5881069,3254,false,
100316,2000749,3,false,
100317,2000760,3,false,
100318,2842STDY5881072,45,false,
100319,2842STDY5881073,45,false,
100320,2000869,3,false,
100321,2000880,45,false,
100322,2000881,45,false,
100323,2000885,45,false,
100324,2000948,2,false,
100325,2842STDY5881079,1,false,
100326,2000987,208,false,
100327,2842STDY5881081,45,false,
100328,2001212,2,false,
100329,2001256,45,false,
100330,2842STDY5881084,3,false,
100331,2001318,93,false,
100332,2842STDY5881086,1,false,
100333,2842STDY5881087,14,false,
100334,2001394,,false,
100335,2842STDY5881089,45,false,
100336,2001474,45,false,
100337,2001477,2,false,
100338,2842STDY5881092,45,false,
100339,2842STDY5881093,93,false,
100340,2001573,41,false,
100341,2842STDY5881095,63,false,
100342,2842STDY5881096,45,false,
100343,2842STDY5881097,1,false,
100344,2842STDY5881098,1,false,
100345,2842STDY5881099,2,false,
100346,2001782,3,false,
100347,2842STDY5881101,63,false,
100348,2001915,45,false,
100349,2001970,3631,false,
100350,2002042,3,false,
100351,2842STDY5881105,3632,false,
100352,2002154,45,false,
100353,2002173,1,false,
100354,2842STDY5881108,3,false,
100355,2842STDY5881109,45,false,
100356,2010080,3633,false,
100357,2842STDY5881111,45,false,
100358,2842STDY5881112,14,false,
100359,2842STDY5881113,1,false,
100360,2010216,45,false,
100361,2842STDY5881115,14,false,
100362,2010259,93,false,
100363,2010277,45,false,
100364,2010306,3,false,
100365,2010321,45,false,
100366,2842STDY5881120,63,false,
100367,2010450,130,false,
100368,2010513,1,false,
100369,2010640,45,false,
100370,2010688,3,false,
100371,2010699,1,false,
100372,2842STDY5881126,45,false,
100373,2010760,1,false,
100374,2010903,3634,false,
100375,2010904,2065,false,
100376,2010939,1,false,
100377,2842STDY5881131,67,false,
100378,2011023,3635,false,
100379,2842STDY5881133,45,false,
100380,2842STDY5881134,2,false,
100381,2011060,14,false,
100382,2011098,527,false,
100383,2011148,49,false,
100384,2842STDY5881138,2,false,
100385,2011212,2,false,
100386,2011215,2,false,
100387,2011233,3,false,
100388,2842STDY5881142,3,false,
100389,2011332,45,false,
100390,2842STDY5881144,1,false,
100391,2011337,3,false,
100392,2842STDY5881146,1,false,
100393,2842STDY5881147,3,false,
100394,2011595,784,false,
100395,2842STDY5881150,2,false,
100396,2011745,3,false,
100397,2011764,45,false,
100398,2842STDY5881153,3254,false,
100399,2842STDY5881154,2,false,
100400,2011832,2,false,
100401,2842STDY5881156,1623,false,
100402,2011851,45,false,
100403,2011973,3,false,
100404,2842STDY5881159,3,false,
100405,2012202,45,false,
100406,2842STDY5881161,3,false,
100407,2842STDY5881162,1,false,
100408,2842STDY5881163,2,false,
100409,2012303,93,false,
100410,2012326,45,false,
100411,2012431,2,false,
100412,2012552,14,false,
100413,2842STDY5881168,2,false,
100414,2012602,2,false,
100415,2842STDY5881170,1,false,
100416,2012640,45,false,
100417,2012655,1,false,
100418,2012673,2,false,
100419,2020047,2,false,
100420,2020094,256,false,
100421,2020149,104,false,
100422,2842STDY5881177,2,false,
100423,2842STDY5881178,14,false,
100424,2020165,2,false,
100425,2020193,120,false,
100426,2842STDY5881181,2,false,
100427,2020226,2,false,
100428,2842STDY5881183,45,false,
100429,2020324,1,false,
100430,2020328,1,false,
100431,2020383,87,false,
100432,2842STDY5881187,1,false,
100433,2020417,2,false,
100434,2020434,1,false,
100435,2842STDY5881190,2,false,
100436,2020449,2,false,
100437,2020473,3629,false,
100438,2020479,1,false,
100439,2020503,2,false,
100440,2020546,45,false,
100441,2020547,43,false,
100442,2842STDY5881197,2,false,
100443,2842STDY5881198,217,false,
100444,2842STDY5881199,14,false,
100445,2842STDY5881200,14,false,
100446,2020786,45,false,
100447,2020798,93,false,
100448,2020799,57,false,
100449,2020843,45,false,
100450,2842STDY5881205,68,false,
100451,2060516,3,false,
100452,2060603,45,false,
100453,2060640,3,false,
100454,2842STDY5881209,45,false,
100455,2060737,45,false,
100456,2060979,68,false,
100457,2842STDY5881212,288,false,
100458,2842STDY5881213,3,false,
100459,2061250,3,false,
100460,2061255,1,false,
100461,2061285,3,false,
100462,2061370,93,false,
100463,2842STDY5881218,45,false,
100464,2061481,791,false,
100465,2842STDY5881220,68,false,
100466,2061596,45,false,
100467,2061655,3,false,
100468,2842STDY5881223,68,false,
100469,2070080,45,false,
100470,2842STDY5881225,3,false,
100471,2070150,45,false,
100472,2842STDY5881227,45,false,
100473,2842STDY5881228,120,false,
100474,2842STDY5881229,68,false,
100475,2070308,68,false,
100476,2070339,47,false,
100477,2070395,45,false,
100478,2070406,93,false,
100479,2070506,104,false,
100480,2842STDY5881235,45,false,
100481,2070737,1481,false,
100482,2070780,,false,
100483,2070862,45,false,
100484,2070929,3,false,
100485,2842STDY5881240,14,false,
100486,2842STDY5881241,87,false,
100487,2071236,127,false,
100488,2071276,3636,false,
100489,2842STDY5881244,3,false,
100490,2842STDY5881246,3,false,
100491,2071328,45,false,
100492,2071344,45,false,
100493,2842STDY5881249,259,false,
100494,2842STDY5881250,345,false,
100495,2842STDY5881251,257,false,
100496,2071538,103,false,
100497,2842STDY5881253,3,false,
100498,2842STDY5881254,87,false,
100499,2071794,3,false,
100500,2071864,45,false,
100501,2842STDY5881257,3,false,
100502,2080098,257,false,
100503,2080184,257,false,
100504,2080418,45,false,
100505,2842STDY5881261,45,false,
100506,2842STDY5881262,45,false,
100507,2080556,178,false,
100508,2080584,64,false,
100509,2080856,45,false,
100510,2081063,127,false,
100511,2842STDY5881267,3,false,
100512,2842STDY5881268,87,false,
100513,2842STDY5881269,3637,false,
100514,2081656,3,false,
100515,2081977,57,false,
100516,2082123,45,false,
100517,2842STDY5881273,3,false,
100518,2082258,3638,false,
100519,2090237,87,false,
100520,2090353,45,false,
100521,2842STDY5881277,260,false,
100522,2842STDY5881278,3,false,
100523,2091136,3639,false,
100524,2091153,3640,false,
100525,2091198,3,false,
100526,2842STDY5881282,87,false,
100527,2091724,1622,false,
100528,2092127,93,false,
100529,2842STDY5881285,45,false,
100530,2094485,2,false,
100531,2842STDY5881287,45,false,
100532,2842STDY5881288,45,false,
100533,2100282,93,false,
100534,2100381,3,false,
100535,2100528,45,false,
100536,2842STDY5881292,45,false,
100537,2842STDY5881293,62,false,
100538,2842STDY5881294,750,false,
100539,2103119,68,false,
100540,2103251,45,false,
100541,2103437,49,false,
100542,2842STDY5881298,3430,false,
100543,2103742,274,false,
100544,2103747,87,false,
100545,2104325,3480,false,
100546,2104366,3,false,
100547,2110092,1,false,
100548,2110188,93,false,
100549,2842STDY5881305,93,false,
100550,2110673,41,false,
100551,2110842,87,false,
100552,2842STDY5881308,3,false,
100553,2842STDY5881309,,false,
100554,2842STDY5881310,45,false,
100555,2111171,3,false,
100556,2111581,67,false,
100557,2111622,120,false,
100558,2120056,3,false,
100559,2842STDY5881315,496,false,
100560,2120265,120,false,
100561,2842STDY5881317,3,false,
100562,2120484,495,false,
100563,2120492,97,false,
100564,2120610,141,false,
100565,2842STDY5881321,68,false,
100566,2842STDY5881322,62,false,
100567,2120910,63,false,
100568,2120945,45,false,
100569,2121404,260,false,
100570,2121460,87,false,
100571,2121477,791,false,
100572,2121528,,false,
100573,2130047,62,false,
100574,2842STDY5881330,45,false,
100575,2130695,93,false,
100576,2130749,217,false,
100577,970636,3641,false,
100578,970701,45,false,
100579,970974,45,false,
100580,971285,217,false,
100581,2842STDY5881492,47,false,
100582,980025,3642,false,
100583,2842STDY5881495,45,false,
100584,2842STDY5881497,1,false,
100585,991076,45,false,
100586,2001532,3,false,
100587,780733,37,false,
100588,790143,28,false,
100589,2842STDY5881505,37,false,
100590,2842STDY5881508,37,false,
100591,800879,3205,false,
100592,2842STDY5881513,37,false,
100593,820287,45,false,
100594,2842STDY5881518,141,false,
100595,840395,33,false,
100596,841159,93,false,
100597,2842STDY5881525,45,false,
100598,850782,149,false,
100599,2842STDY5881530,1,false,
100600,851200,33,false,
100601,860054,3,false,
100602,860394,45,false,
100603,860524,45,false,
100604,861538,68,false,
100605,871080,3643,false,
100606,871091,461,false,
100607,871912,28,false,
100608,2842STDY5881550,14,false,
100609,880417,3,false,
100610,880470,,false,
100611,2842STDY5881557,45,false,
100612,882011,868,false,
100613,2842STDY5881562,3644,false,
100614,890104,45,false,
100615,890681,45,false,
100616,892385,133,false,
100617,2842STDY5881571,45,false,
100618,2842STDY5881574,14,false,
100619,900761,14,false,
100620,900798,45,false,
100621,2842STDY5881581,1623,false,
100622,2842STDY5881584,45,false,
100623,2842STDY5881587,45,false,
100624,2842STDY5881590,3,false,
100625,901523,29,false,
100626,901549,1,false,
100627,2842STDY5881597,3,false,
100628,2842STDY5881600,45,false,
100629,910039,14,false,
100630,910083,14,false,
100631,910221,45,false,
100632,2842STDY5881609,1,false,
100633,910763,93,false,
100634,911634,63,false,
100635,911665,14,false,
100636,911685,1,false,
100637,2842STDY5881620,63,false,
100638,920056,1,false,
100639,2842STDY5881625,45,false,
100640,2842STDY5881628,14,false,
100641,2842STDY5881632,3,false,
100642,920618,1,false,
100643,2842STDY5881637,1,false,
100644,920858,1,false,
100645,921206,45,false,
100646,2842STDY5881644,3645,false,
100647,922049,45,false,
100648,922173,3646,false,
100649,930164,3,false,
100650,930470,1,false,
100651,930524,3,false,
100652,930633,93,false,
100653,2842STDY5881664,45,false,
100654,940573,1,false,
100655,940605,14,false,
100656,2842STDY5881670,14,false,
100657,940655,45,false,
100658,940895,3,false,
100659,2842STDY5881676,3,false,
100660,941761,5262,false,
100661,2842STDY5881682,45,false,
100662,951018,45,false,
100663,2842STDY5881687,45,false,
100664,951529,2049,false,
100665,2842STDY5881692,3,false,
100666,961265,3404,false,
100667,962030,45,false,
100668,970208,3,false,
100669,970710,77,false,
100670,2842STDY5881703,45,false,
100671,971612,3,false,
100672,971859,2,false,
100673,971982,87,false,
100674,980082,3,false,
100675,2842STDY5881714,45,false,
100676,2842STDY5881717,45,false,
100677,2842STDY5881720,45,false,
100678,2842STDY5881723,45,false,
100679,2842STDY5881727,45,false,
100680,2842STDY5881730,45,false,
100681,2842STDY5881733,139,false,
100682,2842STDY5881736,45,false,
100683,991441,45,false,
100684,2842STDY5881741,45,false,
100685,2842STDY5881744,45,false,
100686,2010815,45,false,
100687,2010934,45,false,
100688,2842STDY5881751,3,false,
100689,2012554,45,false,
100690,2030722,217,false,
100691,2031439,87,false,
100692,INS-Nm969,57,false,
100693,INS-Nm971,87,false,
100694,INS-Nm977,104,false,
100695,INS-Nm978,49,false,
100696,INS-Nm979,141,false,
100697,INS-Nm981,3,false,
100698,INS-Nm982,141,false,
100699,INS-Nm983,348,false,
100700,INS-Nm984,141,false,
100701,INS-Nm986,24,false,
100702,INS-Nm988,49,false,
100703,INS-Nm989,49,false,
100704,INS-Nm991,57,false,
100705,INS-Nm992,3,false,
100706,INS-Nm993,49,false,
100707,INS-Nm994,49,false,
100708,INS-Nm995,49,false,
100709,INS-Nm996,49,false,
100710,INS-Nm997,49,false,
100711,INS-Nm998,57,false,
100712,INS-Nm999,45,false,
100713,INS-Nm1002,57,false,
100714,INS-Nm1003,49,false,
100715,INS-Nm1004,3,false,
100716,INS-Nm1005,49,false,
100717,INS-Nm1006,49,false,
100718,INS-Nm1008,3647,false,
100719,INS-Nm1011,5263,false,
100720,INS-Nm1012,45,false,
100721,INS-Nm1013,3648,false,
100722,INS-Nm1014,3,false,
100723,INS-Nm1016,3,false,
100724,INS-Nm1017,49,false,
100725,INS-Nm1018,49,false,
100726,INS-Nm1019,49,false,
100727,INS-Nm1020,137,false,
100728,INS-Nm1021,49,false,
100729,INS-Nm1022,3649,false,
100730,INS-Nm1027,3650,false,
100731,INS-Nm1028,120,false,
100732,INS-Nm1029,3651,false,
100733,INS-Nm1032,3652,false,
100734,INS-Nm1033,3653,false,
100735,INS-Nm1034,3654,false,
100736,INS-Nm1035,3655,false,
100737,INS-Nm1036,49,false,
100738,INS-Nm1037,49,false,
100739,INS-Nm1038,3,false,
100740,INS-Nm1040,3,false,
100741,INS-Nm1043,3650,false,
100742,INS-Nm1044,49,false,
100743,INS-Nm1046,3656,false,
100744,INS-Nm1049,87,false,
100745,INS-Nm1050,141,false,
100746,INS-Nm1051,3657,false,
100747,INS-Nm1053,49,false,
100748,INS-Nm1056,57,false,
100749,INS-Nm1057,49,false,
100750,INS-Nm1058,3658,false,
100751,INS-Nm1059,568,false,
100752,INS-Nm1064,102,false,
100753,INS-Nm1065,3659,false,
100754,INS-Nm1066,49,false,
100755,INS-Nm1069,49,false,
100756,INS-Nm1076,49,false,
100757,INS-Nm1077,257,false,
100758,INS-Nm1078,3660,false,
100759,INS-Nm1087,49,false,
100760,INS-Nm1088,257,false,
100761,INS-Nm1089,3661,false,
100762,INS-Nm1091,49,false,
100763,INS-Nm1095,257,false,
100764,INS-Nm1103,257,false,
100765,INS-Nm1105,62,false,
100766,INS-Nm1107,3662,false,
100767,INS-Nm1108,257,false,
100768,INS-Nm1112,257,false,
100769,INS-Nm1113,3663,false,
100770,INS-Nm1114,57,false,
100771,INS-Nm1116,257,false,
100772,INS-Nm1117,257,false,
100773,INS-Nm1119,93,false,
100774,INS-Nm1120,257,false,
100775,INS-Nm1121,141,false,
100776,INS-Nm1123,93,false,
100777,INS-Nm1124,57,false,
100778,INS-Nm1132,257,false,
100779,INS-Nm1134,49,false,
100780,INS-Nm1136,49,false,
100781,INS-Nm1137,292,false,
100782,INS-Nm1142,257,false,
100783,INS-Nm1143,49,false,
100784,INS-Nm1144,57,false,
100785,INS-Nm1148,257,false,
100786,INS-Nm1149,257,false,
100787,INS-Nm1150,257,false,
100788,INS-Nm1151,407,false,
100789,INS-Nm1154,257,false,
100790,INS-Nm1155,62,false,
100791,INS-Nm1162,49,false,
100792,INS-Nm1163,57,false,
100793,INS-Nm1168,3648,false,
100794,INS-Nm1169,104,false,
100795,INS-Nm1170,257,false,
100796,INS-Nm1171,3,false,
100797,INS-Nm1172,104,false,
100798,INS-Nm1173,62,false,
100799,INS-Nm1174,68,false,
100800,INS-Nm1175,257,false,
100801,INS-Nm1177,104,false,
100802,INS-Nm1194,45,false,
100803,INS-Nm1197,568,false,
100804,INS-Nm1199,49,false,
100805,INS-Nm1200,257,false,
100806,INS-Nm1205,67,false,
100807,790200,37,false,
100808,790555,37,false,
100809,811198,37,false,
100810,830088,141,false,
100811,841367,45,false,
100812,850955,1,false,
100813,880416,14,false,
100814,881965,45,false,
100815,890042,3644,false,
100816,892559,45,false,
100817,900382,14,false,
100818,900932,1623,false,
100819,901147,45,false,
100820,901168,45,false,
100821,901458,3,false,
100822,901833,3,false,
100823,902499,45,false,
100824,910333,1,false,
100825,911687,63,false,
100826,920293,45,false,
100827,920545,14,false,
100828,920550,3,false,
100829,920619,1,false,
100830,921940,3645,false,
100831,931069,45,false,
100832,940908,3,false,
100833,950733,45,false,
100834,951249,45,false,
100835,960444,3,false,
100836,971589,45,false,
100837,972054,47,false,
100838,980748,45,false,
100839,980792,45,false,
100840,981146,45,false,
100841,981287,45,false,
100842,981338,45,false,
100843,981564,45,false,
100844,981781,45,false,
100845,981827,3,false,
100846,981915,45,false,
100847,981936,45,false,
100848,982153,45,false,
100849,982199,784,false,
100850,982200,45,false,
100851,982330,45,false,
100852,982340,45,false,
100853,982347,784,false,
100854,990030,45,false,
100855,990056,1,false,
100856,990121,3627,false,
100857,990149,2264,false,
100858,990328,24,false,
100859,990447,139,false,
100860,990502,3628,false,
100861,990540,1,false,
100862,990602,1,false,
100863,990612,45,false,
100864,990615,68,false,
100865,990653,3,false,
100866,990738,1,false,
100867,990797,1,false,
100868,990808,3,false,
100869,990815,63,false,
100870,991027,3,false,
100871,991117,3,false,
100872,991174,1,false,
100873,991192,45,false,
100874,991208,93,false,
100875,991210,14,false,
100876,991344,45,false,
100877,991661,45,false,
100878,991712,45,false,
100879,991853,45,false,
100880,991930,1,false,
100881,991932,1,false,
100882,991933,45,false,
100883,992008,139,false,
100884,992062,2,false,
100885,992076,2,false,
100886,2000149,93,false,
100887,2000151,2,false,
100888,2000201,45,false,
100889,2000202,45,false,
100890,2000234,3629,false,
100891,2000236,45,false,
100892,2000250,3,false,
100893,2000311,150,false,
100894,2000345,2,false,
100895,2000488,,false,
100896,2000500,93,false,
100897,2000594,45,false,
100898,2000622,45,false,
100899,2000709,3,false,
100900,2000739,3254,false,
100901,2000803,45,false,
100902,2000804,45,false,
100903,2000974,1,false,
100904,2001043,45,false,
100905,2001297,3,false,
100906,2001329,1,false,
100907,2001346,14,false,
100908,2001449,45,false,
100909,2001553,45,false,
100910,2001556,93,false,
100911,2001615,63,false,
100912,2001632,45,false,
100913,2001633,1,false,
100914,2001717,1,false,
100915,2001718,2,false,
100916,2001862,63,false,
100917,2002091,3632,false,
100918,2010002,3,false,
100919,2010024,45,false,
100920,2010082,45,false,
100921,2010115,14,false,
100922,2010178,1,false,
100923,2010221,14,false,
100924,2010353,63,false,
100925,2010749,45,false,
100926,2010999,67,false,
100927,2011029,45,false,
100928,2011043,2,false,
100929,2011150,2,false,
100930,2011245,3,false,
100931,2011246,3,false,
100932,2011334,1,false,
100933,2011528,1,false,
100934,2011564,3,false,
100935,2011728,2,false,
100936,2011814,3254,false,
100937,2011831,2,false,
100938,2011833,1623,false,
100939,2011979,3,false,
100940,2012239,3,false,
100941,2012278,1,false,
100942,2012280,2,false,
100943,2012598,2,false,
100944,2012620,1,false,
100945,2020150,2,false,
100946,2020151,14,false,
100947,2020207,2,false,
100948,2020276,45,false,
100949,2020416,1,false,
100950,2020435,2,false,
100951,2020561,2,false,
100952,2020622,217,false,
100953,2020707,14,false,
100954,2020745,14,false,
100955,2060092,68,false,
100956,2060716,45,false,
100957,2061025,288,false,
100958,2061079,3,false,
100959,2061400,45,false,
100960,2061515,68,false,
100961,2070069,68,false,
100962,2070093,3,false,
100963,2070151,45,false,
100964,2070189,120,false,
100965,2070215,68,false,
100966,2070591,45,false,
100967,2071065,14,false,
100968,2071109,87,false,
100969,2071282,3,false,
100970,2071283,3,false,
100971,2071345,259,false,
100972,2071354,345,false,
100973,2071442,257,false,
100974,2071749,3,false,
100975,2071759,87,false,
100976,2071909,3,false,
100977,2080520,45,false,
100978,2080543,45,false,
100979,2081105,3,false,
100980,2081595,87,false,
100981,2081653,3637,false,
100982,2082183,3,false,
100983,2090516,260,false,
100984,2090911,3,false,
100985,2091661,87,false,
100986,2093373,45,false,
100987,2100125,45,false,
100988,2100157,45,false,
100989,2102065,45,false,
100990,2102083,62,false,
100991,2103113,750,false,
100992,2103596,3430,false,
100993,2110538,93,false,
100994,2110915,3,false,
100995,2110916,62,false,
100996,2110947,45,false,
100997,2120194,496,false,
100998,2120394,3,false,
100999,2120785,68,false,
101000,2120864,62,false,
101001,2130367,45,false,
101002,2000149_II,93,false,
101003,2000151_II,2,false,
101004,2000201_II,45,false,
101005,2000202_II,45,false,
101006,2000234_II,3629,false,
101007,2000236_II,45,false,
101008,2000250_II,3,false,
101009,2000311_II,150,false,
101010,2000345_II,2,false,
101011,2000488_II,212,false,
101012,2000500_II,93,false,
101013,2000594_II,45,false,
101014,2000622_II,45,false,
101015,2000709_II,3,false,
101016,2000739_II,3254,false,
101017,2000803_II,45,false,
101018,2000804_II,45,false,
101019,2000974_II,1,false,
101020,2001043_II,45,false,
101021,2001297_II,3,false,
101022,2001329_II,1,false,
101023,2001346_II,14,false,
101024,2001449_II,45,false,
101025,2001553_II,45,false,
101026,2001556_II,93,false,
101027,2001615_II,63,false,
101028,2001632_II,45,false,
101029,2001633_II,1,false,
101030,2001717_II,1,false,
101031,2001718_II,2,false,
101032,2001862_II,63,false,
101033,2002091_II,3632,false,
101034,2010002_II,3,false,
101035,2010024_II,45,false,
101036,2010082_II,45,false,
101037,2010115_II,14,false,
101038,2010178_II,1,false,
101039,2010221_II,14,false,
101040,2010353_II,63,false,
101041,2010749_II,45,false,
101042,2010999_II,67,false,
101043,2011029_II,45,false,
101044,2011043_II,2,false,
101045,2011150_II,2,false,
101046,2011245_II,3,false,
101047,2011246_II,3,false,
101048,2011334_II,1,false,
101049,2011528_II,1,false,
101050,2011564_II,3,false,
101051,2011728_II,2,false,
101052,2011814_II,3254,false,
101053,2011831_II,2,false,
101054,2011833_II,1623,false,
101055,2011979_II,3,false,
101056,2012239_II,3,false,
101057,2012278_II,1,false,
101058,2012280_II,2,false,
101059,2012598_II,2,false,
101060,2012620_II,1,false,
101061,2020150_II,2,false,
101062,2020151_II,14,false,
101063,2020207_II,2,false,
101064,2020276_II,45,false,
101065,2020416_II,1,false,
101066,2020435_II,2,false,
101067,2020561_II,2,false,
101068,2020622_II,217,false,
101069,2020707_II,14,false,
101070,2020745_II,14,false,
101071,2060092_II,68,false,
101072,2060716_II,45,false,
101073,2061025_II,288,false,
101074,2061079_II,3,false,
101075,2061400_II,45,false,
101076,2061515_II,68,false,
101077,2070069_II,68,false,
101078,2070093_II,3,false,
101079,2070151_II,45,false,
101080,2070189_II,120,false,
101081,2070215_II,464,false,
101082,2070591_II,45,false,
101083,2071065_II,14,false,
101084,2071109_II,87,false,
101085,2071282_II,3,false,
101086,2071283_II,3,false,
101087,2071345_II,259,false,
101088,2071354_II,345,false,
101089,2071442_II,257,false,
101090,2071749_II,3,false,
101091,2071759_II,87,false,
101092,2071909_II,3,false,
101093,2080520_II,45,false,
101094,2080543_II,45,false,
101095,2081105_II,,false,
101096,2081595_II,87,false,
101097,2081653_II,3637,false,
101098,2082183_II,3,false,
101099,2090516_II,260,false,
101100,2090911_II,3,false,
101101,2091661_II,87,false,
101102,2093373_II,45,false,
101103,2100125_II,45,false,
101104,2100157_II,45,false,
101105,2102065_II,45,false,
101106,2102083_II,62,false,
101107,2103113_II,750,false,
101108,2103596_II,3430,false,
101109,2110538_II,93,false,
101110,2110915_II,3,false,
101111,2110916_II,62,false,
101112,2110947_II,45,false,
101113,2120194_II,496,false,
101114,2120394_II,3,false,
101115,2120785_II,68,false,
101116,2120864_II,62,false,
101117,2130367_II,45,false,
101118,790200_II,37,false,
101119,790555_II,37,false,
101120,811198_II,37,false,
101121,830088_II,141,false,
101122,841367_II,45,false,
101123,850955_II,1,false,
101124,880416_II,14,false,
101125,881965_II,45,false,
101126,890042_II,3644,false,
101127,892559_II,45,false,
101128,900382_II,14,false,
101129,900932_II,1623,false,
101130,901147_II,45,false,
101131,901168_II,45,false,
101132,901458_II,3,false,
101133,901833_II,3,false,
101134,902499_II,45,false,
101135,910333_II,1,false,
101136,911687_II,63,false,
101137,920293_II,45,false,
101138,920545_II,14,false,
101139,920550_II,3,false,
101140,920619_II,1,false,
101141,921940_II,3645,false,
101142,931069_II,45,false,
101143,940908_II,3,false,
101144,950733_II,45,false,
101145,951249_II,45,false,
101146,960444_II,3,false,
101147,971589_II,45,false,
101148,972054_II,47,false,
101149,980748_II,45,false,
101150,980792_II,45,false,
101151,981146_II,45,false,
101152,981287_II,45,false,
101153,981338_II,45,false,
101154,981564_II,45,false,
101155,981781_II,45,false,
101156,981827_II,3,false,
101157,981915_II,45,false,
101158,981936_II,45,false,
101159,982153_II,45,false,
101160,982199_II,784,false,
101161,982200_II,45,false,
101162,982330_II,45,false,
101163,982340_II,45,false,
101164,982347_II,784,false,
101165,990030_II,45,false,
101166,990056_II,1,false,
101167,990121_II,3627,false,
101168,990149_II,2264,false,
101169,990328_II,24,false,
101170,990447_II,139,false,
101171,990502_II,3628,false,
101172,990540_II,1,false,
101173,990602_II,1,false,
101174,990612_II,45,false,
101175,990615_II,68,false,
101176,990653_II,,false,
101177,990738_II,1,false,
101178,990797_II,1,false,
101179,990808_II,3,false,
101180,990815_II,63,false,
101181,991027_II,3,false,
101182,991117_II,3,false,
101183,991174_II,1,false,
101184,991192_II,45,false,
101185,991208_II,93,false,
101186,991210_II,14,false,
101187,991344_II,45,false,
101188,991661_II,45,false,
101189,991712_II,45,false,
101190,991853_II,45,false,
101191,991930_II,1,false,
101192,991932_II,1,false,
101193,991933_II,45,false,
101194,992008_II,139,false,
101195,992062_II,2,false,
101196,992076_II,2,false,
101197,20959,,false,
101198,20968,,false,
101199,20978,,false,
101200,21040,,false,
101201,22029,,false,
101202,22101,,false,
101204,992008,139,false,
101206,INS001-Peru-2017,3,false,
101207,INS002-Peru-2017,3,false,
101208,INS003-Peru-1999,3,false,
101209,INS004,3,false,
101210,INS005,3,false,
101211,INS006,3,false,
101213,20917,,false,
101214,20932,,false,
101215,20984,,false,
101216,20999,,false,
101217,21031,,false,
101218,22191,,false,
101219,21025,,false,
101220,21029,,false,
101221,20972,,false,
101222,20999,,false,
101275,HYD,3723,false,
101276,GQR1,3723,false,
101277,GQR2,3723,false,
101278,0020/10,2,false,
101279,0021/10,2,false,
101280,0040/10,,false,
101281,0006/11,3724,false,
101282,0012/11,428,false,
101283,0013/11,428,false,
101284,0031/11,259,false,
101285,0032/11,49,false,
101286,0033/11,3725,false,
101287,0049/11,3,false,
101288,0052/11,57,false,
101289,0011/12,45,false,
101290,0046/13,,false,
101291,0055/13,57,false,
101292,0124/17,1,false,
101293,0008/18,424,false,
101294,0018/18,1,false,
101295,0024/18,608,false,
101296,0037/18,474,false,
101297,0038/18,49,false,
101298,0018/10,3,false,
101299,0005/11,,false,
101300,0009/11,3724,false,
101301,0010/11,,false,
101302,0011/11,428,false,
101303,0027/11,3,false,
101304,0028/11,3,false,
101305,0029/11,3,false,
101306,0030/11,3726,false,
101307,0050/11,3,false,
101308,0051/11,3,false,
101309,0054/12,104,false,
101310,0123/17,,false,
101311,0051/18,3727,false,
101312,0052/18,150,false,
101313,0087/18,120,false,
101314,0001/19,1,false,
101315,0003/19,1,false,
101316,0062/19,3453,false,
101374,SMG-21-86,420,false,
101375,23654,,false,
101376,23653,,false,
101901,NG_AMS0436,367,false,
101902,NG_AMS0437,3353,false,
101903,NG_AMS0438,3353,false,
101904,NG_AMS0454,367,false,
101905,NG_AMS0455,1006,false,
101906,NG_AMS0469,654,false,
101907,NG_AMS0470,654,false,
101908,NG_AMS0191_2,654,false,
101909,NG_AMS0524,367,false,
101910,NG_AMS0527,367,false,
101911,NG_AMS0528,16,false,
101912,NG_AMS0529,16,false,
101913,NG_AMS0545,654,false,
101914,NG_AMS0546,378,false,
101915,NG_AMS0550,3359,false,
101916,NG_AMS0553,654,false,
101917,NG_AMS0554,654,false,
101918,NG_AMS0559,373,false,
101919,NG_AMS0566,1006,false,
101920,NG_AMS0569,3353,false,
101921,21-10,77,false,
101922,21-16,1,false,
101923,20GB000706,,false,
101924,23629,,false,
101925,2020-103,,false,
101926,ERR956688,16,false,
101927,ERR971380,18,false,
101928,ERR971381,21,false,
101929,GCWGS-0031,3771,false,
101931,GCWGS-0161,16,false,
101932,GCWGS-0163,16,false,
101933,GCWGS-0169,16,false,
101934,GCWGS-0286,16,false,
101935,GCWGS-0288,3966,false,
101936,GCWGS-0289,1006,false,
101937,GCWGS-0290,3966,false,
101942,GCWGS-0306,3966,false,
101943,GCWGS-0307,3353,false,
101944,GCWGS-0308,,false,
101945,GCWGS-0311,3276,false,
101946,GCWGS-0312,367,false,
101947,GCWGS-0320,367,false,
101948,GCWGS-0412,633,false,
101949,GCWGS-0413,3966,false,
101950,GCWGS-0414,633,false,
101951,GCWGS-0415,633,false,
101952,GCWGS-0429,18,false,
101953,GCWGS-0439,372,false,
101954,GCWGS-0441,18,false,
101955,GCWGS-0443,3772,false,
101956,GCWGS-0445,367,false,
101957,GCWGS-0478,,false,
101958,GCWGS-0493,3354,false,
101959,GCWGS-0498,3353,false,
101960,GCWGS-0503,16,false,
101961,GCWGS-0530,18,false,
101962,GCWGS-0533,367,false,
101963,GCWGS-0545,1006,false,
101964,GCWGS-0549,18,false,
101965,GCWGS-0551,3966,false,
101966,GCWGS-0552,3966,false,
101967,GCWGS-0553,2375,false,
101968,GCWGS-0555,633,false,
101969,GCWGS-0562,3966,false,
101970,GCWGS-0575,3448,false,
101971,GCWGS-0586,1006,false,
101972,GCWGS-0591,1006,false,
101973,GCWGS-0599,367,false,
101974,GCWGS-0605,3966,false,
101975,GCWGS-0607,16,false,
101976,GCWGS-0615,1006,false,
101977,GCWGS-0621,16,false,
101978,GCWGS-0642,16,false,
101979,GCWGS-0643,16,false,
101980,GCWGS-0644,1006,false,
101981,GCWGS-0645,16,false,
101982,GCWGS-0652,3353,false,
101983,GCWGS-0655,18,false,
101984,GCWGS-0689,3771,false,
101985,GCWGS-0692,367,false,
101986,GCWGS-0695,3966,false,
101987,GCWGS-0700,367,false,
101988,GCWGS-0703,1006,false,
101989,GCWGS-0731,3353,false,
101990,GCWGS-0736,18,false,
101991,GCWGS-0751,3353,false,
101992,GCWGS-0752,3773,false,
101993,GCWGS-0753,3392,false,
101994,GCWGS-0754,21,false,
101995,GCWGS-0755,451,false,
101996,GCWGS-0756,16,false,
101997,GCWGS-0757,16,false,
101998,GCWGS-0758,1006,false,
101999,GCWGS-0759,367,false,
102000,GCWGS-0760,16,false,
102001,GCWGS-0761,367,false,
102002,GCWGS-0762,18,false,
102003,GCWGS-0763,1006,false,
102004,GCWGS-0764,367,false,
102005,GCWGS-0765,844,false,
102006,GCWGS-0766,16,false,
102007,GCWGS-0767,1006,false,
102008,GCWGS-0768,3353,false,
102009,GCWGS-0769,3353,false,
102010,GCWGS-0770,3353,false,
102011,GCWGS-0771,3353,false,
102012,GCWGS-0772,3353,false,
102013,GCWGS-0773,3353,false,
102014,GCWGS-0774,3353,false,
102015,GCWGS-0775,,false,
102016,GCWGS-0776,16,false,
102017,GCWGS-0778,1006,false,
102018,GCWGS-0779,3353,false,
102019,GCWGS-0780,3353,false,
102020,GCWGS-0781,635,false,
102021,GCWGS-0782,18,false,
102022,GCWGS-0783,367,false,
102023,GCWGS-0784,18,false,
102024,GCWGS-0785,367,false,
102025,GCWGS-0786,1006,false,
102026,GCWGS-0787,3966,false,
102027,GCWGS-0788,3353,false,
102028,GCWGS-0789,1591,false,
102029,GCWGS-0790,1006,false,
102030,GCWGS-0792,18,false,
102031,GCWGS-0793,367,false,
102032,GCWGS-0795,367,false,
102033,GCWGS-0796,367,false,
102034,GCWGS-0797,3353,false,
102035,GCWGS-0798,3353,false,
102036,GCWGS-0799,3353,false,
102037,GCWGS-0800,18,false,
102038,GCWGS-0801,16,false,
102039,GCWGS-0802,18,false,
102040,GCWGS-0803,3392,false,
102041,GCWGS-0804,3774,false,
102042,GCWGS-0805,16,false,
102043,GCWGS-0806,1006,false,
102044,GCWGS-0807,,false,
102045,GCWGS-0808,16,false,
102046,GCWGS-0809,1006,false,
102047,GCWGS-0810,1006,false,
102048,GCWGS-0811,367,false,
102049,GCWGS-0812,1006,false,
102050,GCWGS-0813,844,false,
102051,GCWGS-0814,18,false,
102052,GCWGS-0815,367,false,
102053,GCWGS-0826,16,false,
102054,GCWGS-0827,16,false,
102055,GCWGS-0828,3771,false,
102056,GCWGS-0829,3771,false,
102057,GCWGS-0830,3771,false,
102058,GCWGS-0831,3353,false,
102059,GCWGS-0832,3353,false,
102060,GCWGS-0833,850,false,
102061,GCWGS-0834,367,false,
102062,GCWGS-0835,,false,
102063,GCWGS-0836,,false,
102064,GCWGS-0837,3771,false,
102065,GCWGS-0838,367,false,
102066,GCWGS-0839,367,false,
102067,GCWGS-0840,18,false,
102068,GCWGS-0841,3353,false,
102069,GCWGS-0843,3353,false,
102070,GCWGS-0844,16,false,
102071,GCWGS-0853,3353,false,
102072,GCWGS-0854,3353,false,
102073,GCWGS-0855,1006,false,
102074,GCWGS-0856,18,false,
102075,GCWGS-0858,16,false,
102076,GCWGS-0859,367,false,
102077,GCWGS-0860,367,false,
102078,GCWGS-0861,18,false,
102079,GCWGS-0862,18,false,
102080,GCWGS-0863,18,false,
102081,GCWGS-0864,3353,false,
102082,GCWGS-0865,367,false,
102083,GCWGS-0866,3353,false,
102084,GCWGS-0867,3775,false,
102085,GCWGS-0868,18,false,
102086,GCWGS-0869,451,false,
102087,GCWGS-0870,18,false,
102088,GCWGS-0871,367,false,
102089,GCWGS-0872,3353,false,
102090,GCWGS-0873,367,false,
102091,GCWGS-0874,669,false,
102092,GCWGS-0875,367,false,
102093,GCWGS-0876,367,false,
102094,GCWGS-0877,367,false,
102095,GCWGS-0878,3353,false,
102096,GCWGS-0879,3353,false,
102097,GCWGS-0880,,false,
102098,GCWGS-0881,367,false,
102099,GCWGS-0882,648,false,
102100,GCWGS-0883,18,false,
102101,GCWGS-0884,,false,
102102,GCWGS-0885,1006,false,
102103,GCWGS-0886,1006,false,
102104,GCWGS-0887,18,false,
102105,GCWGS-0888,367,false,
102106,GCWGS-0889,367,false,
102107,GCWGS-0890,18,false,
102108,GCWGS-0891,16,false,
102109,GCWGS-0892,3353,false,
102110,GCWGS-0893,367,false,
102111,GCWGS-0894,850,false,
102112,GCWGS-0895,367,false,
102113,GCWGS-0896,22,false,
102114,GCWGS-0897,18,false,
102115,GCWGS-0898,367,false,
102116,GCWGS-0899,16,false,
102117,GCWGS-0900,633,false,
102118,GCWGS-0901,16,false,
102119,GCWGS-0902,1591,false,
102120,GCWGS-0903,844,false,
102121,GCWGS-0904,16,false,
102122,GCWGS-0905,367,false,
102123,GCWGS-0906,18,false,
102124,GCWGS-0907,18,false,
102125,GCWGS-0908,367,false,
102126,GCWGS-0909,1006,false,
102127,GCWGS-0910,1591,false,
102128,GCWGS-0911,367,false,
102129,GCWGS-0912,16,false,
102130,GCWGS-0913,16,false,
102131,GCWGS-0914,1006,false,
102132,GCWGS-0915,16,false,
102133,GCWGS-0916,3353,false,
102134,GCWGS-0917,3353,false,
102135,GCWGS-0918,18,false,
102136,GCWGS-0919,451,false,
102137,GCWGS-0920,18,false,
102138,GCWGS-0921,1006,false,
102139,GCWGS-0922,21,false,
102140,GCWGS-0923,1006,false,
102141,GCWGS-0924,16,false,
102142,GCWGS-0925,18,false,
102143,GCWGS-0926,3353,false,
102144,GCWGS-0927,18,false,
102145,GCWGS-0928,18,false,
102146,GCWGS-0930,16,false,
102147,GCWGS-0931,18,false,
102148,GCWGS-0932,21,false,
102149,GCWGS-0933,18,false,
102150,GCWGS-0934,3353,false,
102151,GCWGS-0935,16,false,
102152,GCWGS-0936,18,false,
102153,GCWGS-0937,18,false,
102154,GCWGS-0938,18,false,
102155,GCWGS-0939,18,false,
102156,GCWGS-0940,1006,false,
102157,GCWGS-0941,3353,false,
102158,GCWGS-0942,367,false,
102159,GCWGS-0943,367,false,
102160,GCWGS-0944,18,false,
102161,GCWGS-0945,3353,false,
102162,GCWGS-0946,666,false,
102163,GCWGS-0947,16,false,
102164,GCWGS-0948,21,false,
102165,GCWGS-0949,371,false,
102166,GCWGS-0950,18,false,
102167,GCWGS-0951,21,false,
102168,GCWGS-0952,3448,false,
102169,GCWGS-0953,21,false,
102170,GCWGS-0966,367,false,
102171,GCWGS-0967,451,false,
102172,GCWGS-0968,1006,false,
102173,GCWGS-0969,367,false,
102174,GCWGS-0970,22,false,
102175,GCWGS-0971,3353,false,
102176,GCWGS-0972,3776,false,
102177,GCWGS-0973,3353,false,
102178,GCWGS-0974,18,false,
102179,GCWGS-0975,367,false,
102180,GCWGS-0976,844,false,
102181,GCWGS-0977,3353,false,
102182,GCWGS-0978,367,false,
102183,GCWGS-0979,3353,false,
102184,GCWGS-0980,18,false,
102185,GCWGS-0981,3353,false,
102186,GCWGS-0982,3353,false,
102187,GCWGS-0983,16,false,
102188,GCWGS-0984,3353,false,
102189,GCWGS-0985,3353,false,
102190,GCWGS-0986,18,false,
102191,GCWGS-0987,367,false,
102192,GCWGS-0988,3353,false,
102193,GCWGS-0989,367,false,
102194,GCWGS-0990,367,false,
102195,GCWGS-0991,16,false,
102196,GCWGS-0993,18,false,
102197,GCWGS-0994,18,false,
102198,GCWGS-1004,18,false,
102199,GCWGS-1005,18,false,
102200,GCWGS-1006,3777,false,
102201,GCWGS-1007,3353,false,
102202,GCWGS-1008,18,false,
102203,GCWGS-1009,18,false,
102204,GCWGS-1010,1006,false,
102205,GCWGS-1011,3353,false,
102206,GCWGS-1012,18,false,
102207,GCWGS-1013,18,false,
102208,GCWGS-1014,3353,false,
102209,GCWGS-1019,18,false,
102210,GCWGS-1020,18,false,
102211,GCWGS-1021,367,false,
102212,GCWGS-1022,18,false,
102213,GCWGS-1023,367,false,
102214,GCWGS-1024,367,false,
102215,GCWGS-1025,16,false,
102216,GCWGS-1026,367,false,
102217,GCWGS-1027,367,false,
102218,GCWGS-1028,16,false,
102219,GCWGS-1029,367,false,
102220,GCWGS-1030,367,false,
102221,GCWGS-1031,367,false,
102222,GCWGS-1032,367,false,
102223,GCWGS-1033,367,false,
102224,GCWGS-1034,18,false,
102225,GCWGS-1035,3353,false,
102226,GCWGS-1036,18,false,
102227,GCWGS-1037,18,false,
102228,GCWGS-1038,18,false,
102229,GCWGS-1039,372,false,
102230,GCWGS-1040,367,false,
102231,GCWGS-1041,18,false,
102232,GCWGS-1042,16,false,
102233,GCWGS-1043,16,false,
102234,GCWGS-1044,18,false,
102235,GCWGS-1045,18,false,
102236,GCWGS-1046,16,false,
102237,GCWGS-1047,367,false,
102238,GCWGS-1048,3353,false,
102239,GCWGS-1049,16,false,
102240,GCWGS-1056,18,false,
102241,GCWGS-1057,1006,false,
102242,GCWGS-1058,18,false,
102243,GCWGS-1059,1006,false,
102244,GCWGS-1060,16,false,
102245,GCWGS-1061,18,false,
102246,GCWGS-1062,375,false,
102247,GCWGS-1089,16,false,
102248,GCWGS-1091,635,false,
102249,GCWGS-1100,16,false,
102250,GCWGS-1253,16,false,
102251,GCWGS-1254,16,false,
102252,GCWGS-1365,16,false,
102253,GCWGS-1366,16,false,
102254,GCWGS-1370,16,false,
102255,GCWGS-1371,21,false,
102256,GCWGS-1543,18,false,
102257,GCWGS-1545,18,false,
102258,GCWGS-1576,16,false,
102259,GCWGS-1583,16,false,
102260,GCWGS-1586,16,false,
102261,GCWGS-1606,21,false,
102262,GCWGS-1610,16,false,
102263,GCWGS-1611,16,false,
102264,GCWGS-1613,16,false,
102265,GCWGS-1614,16,false,
102266,GCWGS-1615,16,false,
102267,GCWGS-1616,16,false,
102268,GCWGS-1617,16,false,
102269,GCWGS-1618,16,false,
102270,GCWGS-1619,16,false,
102271,GCWGS-1624,16,false,
102272,GCWGS-1626,16,false,
102273,GCWGS-1627,16,false,
102274,GCWGS-1723,16,false,
102275,GCWGS-1725,16,false,
102276,GCWGS-1761,18,false,
102277,GCWGS-1773,16,false,
102278,GCWGS-1806,16,false,
102279,GCWGS-1915,16,false,
102280,GCWGS-1927,378,false,
102281,GCWGS-1951,16,false,
102282,GCWGS-2812,16,false,
102283,GCWGS-3254,16,false,
102284,GCWGS-3257,16,false,
102285,GCWGS-3268,666,false,
102286,GCWGS-3272,16,false,
102287,GCWGS-3306,16,false,
102288,GCWGS-3597,16,false,
102289,GCWGS-3602,367,false,
102290,GCWGS-3611,16,false,
102291,GCWGS-3633,378,false,
102292,GCWGS-3735,3778,false,
102293,GCWGS-4258,3775,false,
102294,GCWGS-4498,16,false,
102295,GCWGS-4515,16,false,
102296,GCWGS-4977,666,false,
102297,GCWGS-4985,16,false,
102298,LRRBGS-0190,367,false,
102299,LRRBGS-0195,18,false,
102300,LRRBGS-0219,16,false,
102301,LRRBGS-0227,18,false,
102302,LRRBGS-0249,,false,
102304,LRRBGS-0277,16,false,
102305,LRRBGS-0281,669,false,
102307,LRRBGS-0299,654,false,
102308,SMG-21-227,779,false,
102318,G18002661,,false,
102319,G18002766,,false,
102323,NCTC10928,367,false,
102324,NCTC10931,632,false,
102325,NCTC12700,,false,
102326,NCTC13795,21,false,
102327,NCTC13798,16,false,
102328,NCTC13799,18,false,
102329,NCTC13800,16,false,
102330,NCTC13801,18,false,
102331,NCTC13802,16,false,
102332,NCTC13805,16,false,
102381,21-58,,false,
102383,DE14713,141,false,
102384,DE14716,614,false,
102385,DE14717,3810,false,
102386,DE14721,87,false,
102387,DE14722,45,false,
102388,19814,,false,
102389,19733,,false,
102390,19831,,false,
102391,19822,,false,
102392,19987,,false,
102393,19790,,false,
102394,19821,,false,
102395,19756,,false,
102396,19747,,false,
102397,19769,,false,
102398,19739,,false,
102399,NZ19MI0004,2,false,
102400,NZ19MI0005,3781,false,
102401,NZ19MI0007,2,false,
102402,NZ19MI0008,2727,false,
102403,NZ19MI0009,2727,false,
102404,NZ19MI0010,97,false,
102405,NZ19MI0011,77,false,
102406,NZ19MI0012,2727,false,
102407,NZ19MI0015,139,false,
102408,NZ19MI0016,805,false,
102409,NZ19MI0017,396,false,
102410,NZ19MI0018,49,false,
102411,NZ19MI0019,77,false,
102412,NZ19MI0020,2741,false,
102413,NZ19MI0021,3782,false,
102414,NZ19MI0022,87,false,
102415,NZ19MI0023,77,false,
102416,NZ19MI0024,4650,false,
102417,NZ19MI0025,77,false,
102418,NZ19MI0026,318,false,
102419,NZ19MI0027,2727,false,
102420,NZ19MI0028,1,false,
102421,NZ19MI0029,77,false,
102422,NZ19MI0030,2727,false,
102423,NZ19MI0031,2741,false,
102424,NZ19MI0035,77,false,
102425,NZ19MI0036,396,false,
102426,NZ19MI0037,77,false,
102427,NZ19MI0038,2741,false,
102428,NZ19MI0039,57,false,
102429,NZ19MI0040,87,false,
102430,NZ19MI0041,62,false,
102431,NZ19MI0042,97,false,
102432,NZ19MI0043,77,false,
102433,NZ19MI0044,396,false,
102434,NZ19MI0045,62,false,
102435,NZ19MI0046,108,false,
102436,NZ19MI0047,77,false,
102437,NZ19MI0048,396,false,
102438,NZ19MI0049,318,false,
102439,NZ19MI0051,2,false,
102440,NZ19MI0052,77,false,
102441,NZ19MI0053,77,false,
102442,NZ19MI0054,3783,false,
102443,NZ19MI0055,62,false,
102444,NZ19MI0056,77,false,
102445,NZ19MI0057,77,false,
102446,NZ19MI0061,97,false,
102447,NZ19MI0062,396,false,
102448,NZ19MI0063,2,false,
102449,NZ19MI0064,396,false,
102450,NZ19MI0065,2727,false,
102451,NZ19MI0066,62,false,
102452,NZ19MI0067,77,false,
102453,NZ19MI0068,3784,false,
102454,NZ19MI0069,77,false,
102455,NZ19MI0071,77,false,
102456,NZ19MI0074,1,false,
102457,NZ19MI0075,77,false,
102458,NZ19MI0077,2291,false,
102459,NZ19MI0078,2727,false,
102460,NZ19MI0079,77,false,
102461,NZ19MI0080,57,false,
102462,NZ19MI0081,2727,false,
102463,NZ19MI0082,77,false,
102464,NZ19MI0083,2291,false,
102465,NZ19MI0084,2727,false,
102466,NZ19MI0085,396,false,
102467,NZ19MI0086,2727,false,
102468,NZ19MI0087,77,false,
102469,NZ19MI0088,87,false,
102470,NZ19MI0089,318,false,
102471,NZ19MI0090,2,false,
102472,NZ19MI0091,77,false,
102473,NZ19MI0092,2,false,
102474,NZ19MI0093,318,false,
102475,NZ19MI0094,1,false,
102476,NZ19MI0095,77,false,
102477,NZ19MI0096,3,false,
102478,NZ19MI0097,1,false,
102479,NZ19MI0098,318,false,
102480,NZ19MI0101,62,false,
102481,NZ19MI0102,2727,false,
102482,NZ19MI0103,77,false,
102483,NZ19MI0104,45,false,
102484,NZ19MI0105,77,false,
102485,NZ19MI0106,2727,false,
102486,NZ19MI0107,2727,false,
102487,NZ19MI0108,77,false,
102488,NZ19MI0110,62,false,
102489,NZ19MI0111,87,false,
102490,NZ19MI0112,77,false,
102491,NZ19MI0113,62,false,
102492,NZ19MI0114,62,false,
102493,NZ19MI0115,77,false,
102494,NZ19MI0116,2727,false,
102495,NZ19MI0117,738,false,
102496,NZ20MI0002,62,false,
102497,NZ20MI0006,62,false,
102498,20035,,false,
102499,20073,,false,
102517,23666,,false,
102518,20708,,false,
102519,20741,,false,
102520,21050,,false,
102521,20734,,false,
102522,20726,,false,
102525,SMG-21-399,77,false,
102526,20914,,false,
102527,20915,,false,
102528,20916,,false,
102529,20931,,false,
102530,20940,,false,
102531,20943,,false,
102532,20948,,false,
102533,20967,,false,
102534,20980,,false,
102535,20983,,false,
102536,20988,,false,
102537,21011,,false,
102538,21012,,false,
102539,21051,,false,
102545,NML2020-001,4789,false,
102546,NML2020-011,,false,
102547,NML2020-013,4789,false,
102548,NML2020-014,1,false,
102549,NML2020-015,4789,false,
102550,NML2020-019,4789,false,
102551,NML2020-022,1,false,
102552,NML2020-023,4789,false,
102553,NML2020-024,857,false,
102554,NML2020-025,1,false,
102555,NML2020-026,424,false,
102556,NML2020-028,857,false,
102557,NML2020-029,857,false,
102558,NML2020-030,1,false,
102559,NML2020-033,4789,false,
102560,NML2020-035,857,false,
102561,NML2020-050,77,false,
102562,NML2020-051,1,false,
102563,NML2020-062,1,false,
102564,NML2020-067,1,false,
102565,NML2020-077,4789,false,
102566,NML2020-080,4789,false,
102567,NML2020-081,77,false,
102568,NML2020-084,1,false,
102569,NML2020-092,4789,false,
102570,NML2020-094,4789,false,
102571,NML2020-095,4789,false,
102572,NML2020-106,77,false,
102573,NML2021-001,4789,false,
102574,NML2021-003,4789,false,
102575,NML2021-010,87,false,
102577,M01003,39,false,
102578,AUSMDU00053116,151,false,
102587,M-013-12,,false,
102588,M-526-13,,false,
102589,M-055-15,,false,
102590,M-056-15,,false,
102591,M-088-16,,false,
102592,FAM18_am,1,false,
102593,FAM18dlst_am,1,false,
102594,2012jk-L0008,,false,
102595,2012jk-L0009,,false,
102596,2012jk-L0022,,false,
102597,2013jk-L0025,,false,
102598,2013jk-L0038,,false,
102599,2013jk-L0051,,false,
102600,GCWGS-7102,367,false,
102601,GCWGS-6898,18,false,
102602,19216,,false,
102603,19218,,false,
102604,19228,,false,
102605,19237,,false,
102606,19252,,false,
102607,19258,,false,
102608,19261,,false,
102609,19263,,false,
102610,19271,,false,
102611,19274,,false,
102612,19284,,false,
102613,19295,,false,
102614,19297,,false,
102615,19299,,false,
102616,19312,,false,
102617,19313,,false,
102618,19324,,false,
102619,19350,,false,
102620,19352,,false,
102621,19353,,false,
102622,19355,,false,
102623,19365,,false,
102624,19369,,false,
102625,19370,,false,
102630,21-76,,false,
102634,Nmen160,1,false,
102635,Nmen290,93,false,
102636,Nmen300,87,false,
102644,M24049,141,false,
102977,M27712,974,false,
103396,M28412,67,false,
103397,M23566,1934,false,
103398,M28990,292,false,
103400,M27822,1935,false,
103406,M25686,9,false,
103413,M28623,326,false,
103415,M28596,1936,false,
103416,M28434,50,false,
103432,M22543,93,false,
103433,M23971,1938,false,
103435,M29012,45,false,
103436,M29616,352,false,
103437,M40121,120,false,
103502,M29424,97,false,
103503,M28414,259,false,
103504,W-8094,93,false,
103519,W-8157,62,false,
103528,W-8217,57,false,
103530,AK-2152,5057,false,
103536,BM-1407,497,false,
103542,19376,,false,
103546,19377,,false,
103553,19385,,false,
103558,19387,,false,
103560,19395,,false,
103570,19400,,false,
103601,19416,,false,
103602,19419,,false,
103603,19422,,false,
103605,19426,,false,
103607,19428,,false,
103608,19431,,false,
103609,19434,,false,
103611,19436,,false,
103614,19437,,false,
103617,19438,,false,
103621,19440,,false,
103622,19445,,false,
103634,19449,,false,
103638,19456,,false,
103639,19460,,false,
104017,19462,,false,
104022,19468,,false,
104050,SMG-21-510,41,false,
104051,SMG-21-500,41,false,
104091,Gono-6,,false,
104092,Gono-9,,false,
104093,Gono-24,,false,
104094,Gono-7181,,false,
104097,21085,,false,
104106,22048,,false,
104107,22170,,false,
104108,19475,,false,
104109,19494,,false,
104129,19497,,false,
104130,19506,,false,
104132,19511,,false,
104133,19515,,false,
104173,19524,,false,
104174,19529,,false,
104175,19531,,false,
104176,19533,,false,
104189,19539,,false,
104196,19559,,false,
104198,19567,,false,
104199,19582,,false,
104200,19583,,false,
104201,19587,,false,
104202,19593,,false,
104203,19595,,false,
104205,19598,,false,
104208,19603,,false,
104217,19607,,false,
104219,19609,,false,
104220,19612,,false,
104223,19613,,false,
104314,19614,,false,
105630,19616,,false,
105631,19620,,false,
105632,19623,,false,
105633,19625,,false,
105634,19627,,false,
105635,19637,,false,
105636,19653,,false,
105637,19658,,false,
105638,19676,,false,
105639,19681,,false,
105640,19682,,false,
105641,19685,,false,
105642,19688,,false,
105643,19689,,false,
105644,19698,,false,
105645,19711,,false,
105646,19713,,false,
105647,22463,,false,
105648,22510,,false,
105649,22520,,false,
105650,22552,,false,
105651,22554,,false,
105652,22641,,false,
105653,Nmen305,87,false,
105654,510365-19,,false,
105655,510566-19,,false,
105656,510811-19,,false,
105657,511115-19,,false,
105658,511177-19,,false,
105659,980005-16,,false,
105660,980005-21,,false,
105661,980016-21,,false,
105662,980021-16,,false,
105663,980030-17,,false,
105664,980031-19,,false,
105665,980052-16,,false,
105666,980085-16,,false,
105667,980142-16,,false,
105668,980145-16,,false,
105669,980220-16,,false,
105670,980227-16,,false,
105671,980329-17,,false,
105672,980412-18,,false,
105673,980468-16,,false,
105674,980470-17,,false,
105675,980479-16,,false,
105676,980507-17,,false,
105677,980541-18,,false,
105678,980542-18,,false,
105679,980561-17,,false,
105680,980589-17,,false,
105681,980648-18,,false,
105682,980660-17,,false,
105683,980699-19,,false,
105684,980961-19,,false,
105685,981023-19,,false,
105686,981136-19,,false,
105687,22165,,false,
105688,22247,,false,
105689,22265,,false,
105690,22297,,false,
105691,22308,,false,
105692,22337,,false,
105693,22356,,false,
105694,22367,,false,
105695,22403,,false,
105701,22711,,false,
105702,22724,,false,
105703,22740,,false,
105704,22856,,false,
105705,22875,,false,
105706,22936,,false,
105707,22972,,false,
105708,22976,,false,
105709,Nei0171,,false,
105710,Nei0264,,false,
105711,Nei0798,,false,
105712,Nei1004,,false,
105715,SMG-21-677,959,false,
105725,M54185,,false,
105726,M54367,57,false,
105727,M54514,,false,
105728,N.88-18,,false,
105729,MM1756,350,false,
105730,MM1760,1469,false,
105731,MM1765,79,false,
105732,MM1767,87,false,
105733,MM1768,67,false,
105734,MM1772,3790,false,
105735,MM2021,49,false,
105736,MM2022,1469,false,
105737,MM2023,3791,false,
105738,MM2024,3791,false,
105739,MM2025,2293,false,
105740,MM2026,274,false,
105741,DE14724,137,false,
105742,DE14725,45,false,
105743,DE14726,67,false,
105744,DE14727,,false,
105745,DE14728,3620,false,
105746,DE14730,93,false,
105747,DE14731,3874,false,
105748,DE14733,1382,false,
105749,SMG-21-720,959,false,
105750,DE13624,5563,false,
105751,AUSMDU00016644,39,false,
105752,AUSMDU00053115,62,false,
105756,20778,,false,
105757,20796,,false,
105758,20799,,false,
105759,20836,,false,
105760,20855,,false,
105761,20767,,false,
105762,20777,,false,
105763,20810,,false,
105764,Nmiss3345,1250,false,
105765,Nmiss3355,220,false,
105769,13jk-05,,false,
105770,13jk-43,,false,
105771,14jk-10,,false,
105772,2005-L0005B-2,,false,
105773,2012jk-L0004,,false,
105774,2012jk-L0017,,false,
105775,2012jk-L0024,,false,
105776,2012jk-L0030,,false,
105777,2012jk-L0033,,false,
105778,2013jk-L0014,,false,
105779,2013jk-L0024,,false,
105780,2013jk-L0026,,false,
105781,2013jk-L0029,,false,
105782,2013jk-L0030,,false,
105783,2013jk-L0046,,false,
105784,2013jk-L0053,,false,
105785,2014jk-L0014,,false,
105786,2014jk-L0031,,false,
105787,2014jk-L0046,,false,
105788,2014jk-L0055,,false,
105789,2014jk-L0057,,false,
105790,20887,,false,
105791,23667,,false,
105802,NM01,,false,
105803,NM07,,false,
105804,NM08,,false,
105805,NM13,,false,
105806,NM20,,false,
105807,NM26,,false,
105808,NM28,,false,
105809,NM32,,false,
105810,2020-012,,false,
105811,20827,3793,false,
105812,N.68-20,,false,
105813,2021-011,4789,false,
105814,2021-012,4789,false,
105815,2021-015,4789,false,
105817,N.87-20,,false,
105818,N.64-20,,false,
105819,Nmiss3325,257,false,
105820,2107810097,77,false,
105821,2110004780,45,false,
105822,21-244,1,false,
105823,57886,1,false,
105824,57955,332,false,
105825,58126,332,false,
105826,58163,332,false,
105827,58592,262,false,
105828,58890,332,false,
105829,58912,49,false,
105830,58935,2175,false,
105831,59099,141,false,
105832,59259,332,false,
105833,59260,141,false,
105834,59351,105,false,
105835,59530,58,false,
105836,60004,68,false,
105837,60076,1,false,
105838,60214,332,false,
105839,60226,1,false,
105840,60228,40,false,
105841,60738,2176,false,
105842,60941,3794,false,
105843,60942,49,false,
105844,61060,349,false,
105845,61116,1567,false,
105846,61198,1,false,
105847,61251,3,false,
105848,61254,57,false,
105849,61272,68,false,
105850,61370,57,false,
105851,61427,68,false,
105852,61635,67,false,
105853,62557,3,false,
105854,62671,67,false,
105855,62851,2907,false,
105856,62981,3,false,
105857,63077,259,false,
105858,63196,87,false,
105859,63366,259,false,
105860,63370,259,false,
105861,63371,259,false,
105862,59195,58,false,
105863,59356,105,false,
105864,59575,87,false,
105865,59848,3,false,
105866,60646,1,false,
105867,61189,1,false,
105868,61557,2164,false,
105869,61621,3795,false,
105870,62007,2171,false,
105871,63198,87,false,
105872,63771,150,false,
105873,63804,49,false,
105886,18.8702975,,false,
105902,NML2021-010,857,false,
105903,NML2021-014,4789,false,
105904,NML2021-021,4789,false,
105971,NM155,,false,
105972,18,,false,
105973,61,,false,
105974,3,,false,
105975,12,,false,
105976,57,,false,
105977,100A,,false,
105978,240,,false,
105979,274,,false,
105980,285,,false,
105981,298,,false,
105984,2021-031,,false,
105993,NM161,,false,
106026,0101/08,67,false,
106027,0102/08,67,false,
106028,0104/08,3,false,
106029,0114/08,3,false,
106030,0119/08,47,false,
106031,0125/08,62,false,
106032,0126/08,62,false,
106033,0040/09,57,false,
106034,0042/09,57,false,
106035,0053/09,428,false,
106036,0070/09,,false,
106037,0080/09,288,false,
106038,0132/09,288,false,
106039,0019/10,3,false,
106040,0012/13,1927,false,
106041,0047/13,39,false,
106042,0049/13,39,false,
106043,0020/17,3,false,
106044,0028/17,49,false,
106045,0078/17,127,false,
106114,SMG-21-1017,97,false,
106122,1107_Kenya,18,false,
106123,1284_Kenya,630,false,
106124,1912_Kenya,18,false,
106125,1912-5_Kenya,18,false,
106126,2086_Kenya,18,false,
106127,2172_Kenya,657,false,
106128,2245_Kenya,825,false,
106129,2250_Kenya,18,false,
106130,2320_Kenya,18,false,
106131,2350_Kenya,2199,false,
106132,2372_Kenya,2199,false,
106133,2416_Kenya,3812,false,
106134,2435_Kenya,683,false,
106135,2438_Kenya,18,false,
106136,2533_Kenya,3813,false,
106137,2537_Kenya,937,false,
106138,2560_Kenya,824,false,
106139,2564_Kenya,18,false,
106140,2628_Kenya,18,false,
106141,2643_Kenya,825,false,
106142,2664_Kenya,937,false,
106143,2665_Kenya,18,false,
106144,2665-25_Kenya,18,false,
106145,2687_Kenya,937,false,
106146,2694_Kenya,824,false,
106147,2695_Kenya,824,false,
106148,2699_Kenya,18,false,
106149,2710_Kenya,824,false,
106150,2728_Kenya,3812,false,
106151,2730_Kenya,2199,false,
106152,2783_Kenya,683,false,
106153,2796_Kenya,367,false,
106154,2801_Kenya,824,false,
106155,2822_Kenya,18,false,
106156,2852_Kenya,18,false,
106157,2875_Kenya,16,false,
106158,2901_Kenya,3812,false,
106159,2903_Kenya,657,false,
106160,2921_Kenya,937,false,
106161,2932_Kenya,18,false,
106162,3103_Kenya,2199,false,
106163,3107_Kenya,18,false,
106164,3140_Kenya,18,false,
106165,3313_Kenya,16,false,
106166,00N210012_Kenya,16,false,
106167,33100099_Kenya,2199,false,
106175,Nm514,3814,false,
106196,0050/07,445,false,
106197,0059/07,3668,false,
106198,0060/07,3668,false,
106199,0061/07,3668,false,
106200,0063/07,3668,false,
106201,0064/07,3668,false,
106202,0066/07,3668,false,
106203,0067/07,3668,false,
106204,0072/07,57,false,
106205,0073/07,57,false,
106206,0074/07,57,false,
106207,0075/07,3816,false,
106208,0087/07,3817,false,
106209,0088/07,49,false,
106210,0120/07,49,false,
106211,0121/07,428,false,
106212,0001/08,104,false,
106213,0002/08,68,false,
106214,0003/08,65,false,
106215,0004/08,348,false,
106216,0011/07,57,false,
106217,0012/07,57,false,
106218,0062/07,3668,false,
106219,0150/07,120,false,
106220,0151/07,120,false,
106221,0158/07,,false,
106222,0159/07,687,false,
106223,0181/07,3409,false,
106224,0195/07,97,false,
106225,0006/08,104,false,
106226,0013/08,220,false,
106227,0068/08,445,false,
106228,0109/08,47,false,
106229,0117/08,9,false,
106230,0141/08,57,false,
106231,0143/08,57,false,
106232,0171/08,87,false,
106233,0201/08,45,false,
106234,0205/08,3,false,
106235,0011/13,1927,false,
106284,MM2037,2187,false,
106285,MM2039,58,false,
106286,MM2040,2187,false,
106287,MM2041,618,false,
106288,MM2045,1,false,
106289,MM2047,2187,false,
106290,MM2050,618,false,
106291,MM2052,618,false,
106292,MM2054,1,false,
106293,MM2055,3823,false,
106294,MM2102,1,false,
106295,MM2104,618,false,
106296,MM2105,49,false,
106297,MM2106,618,false,
106298,MM2111,49,false,
106299,MM2112,618,false,
106300,MM2113,1,false,
106301,MM2118,2187,false,
106302,MM2120,1,false,
106303,MM2123,49,false,
106304,N19-2,,false,
106305,N19-12,,false,
106306,N20-9,,false,
106307,N20-36,,false,
106308,N21-1,,false,
106316,118Mo,87,false,
106317,172M,,false,
106318,173M,45,false,
106319,NIID417,29,false,
106320,NIID576,65,false,
106321,NIID614,65,false,
106322,NIID620,65,false,
106323,NIID652,407,false,
106324,NIID669,77,false,
106376,Nm120,,false,
106378,MM1987,49,false,
106379,MM2008,3830,false,
106380,MM1934,618,false,
106381,MM1997,2295,false,
106382,MM2001,49,false,
106383,MM1920,2187,false,
106384,MM1973,2187,false,
106385,MM2013,274,false,
106386,MM1977,618,false,
106387,MM2012,2187,false,
106388,MM2016,49,false,
106389,MM2005,3831,false,
106390,MM1988,2187,false,
106391,MM1996,2187,false,
106392,MM1894,618,false,
106393,MM1889,2187,false,
106394,MM1968,3832,false,
106395,MM1892,3833,false,
106396,MM2000,2295,false,
106447,60096,,false,
106448,NIID402,2536,false,
106449,NIID524,2536,false,
106450,NIID584,2536,false,
106451,NIID650,2536,false,
106452,NIID666,2536,false,
106453,NIID671,2536,false,
106454,NIID675,2536,false,
106455,NIID699,2536,false,
106456,NIID704,2536,false,
106457,NIID726,2536,false,
106458,NIID753,2536,false,
106459,NIID755,3838,false,
106460,NIID757,2536,false,
106461,NIID761,2536,false,
106462,NIID767,2536,false,
106463,NIID777,2536,false,
106464,NIID782,2536,false,
106465,NIID784,3839,false,
106466,NIID798,2536,false,
106467,NIID799,2536,false,
106468,9705,,false,
106469,9712,,false,
106470,202108862,,false,
106471,9748,,false,
106472,9752,,false,
106476,N.73-20,,false,
106477,N.66-20,,false,
106478,SCLN202101,,false,
106479,SCLN202101,,false,
106480,SCLN202101,,false,
106481,SCLN202101,,false,
106482,SCLN202101,,false,
106483,SCLN202101,,false,
106484,SCLN202101,,false,
106485,21-425,3,false,
106486,21-431,3840,false,
106487,IE15Nm19,1,false,
106488,IE16Nm47,67,false,
106489,IE20Nm06,262,false,
106490,IE20Nm16,1,false,
106491,IE20Nm18,77,false,
106492,IE20Nm19,97,false,
106493,IE20Nm22,65,false,
106494,ECDC_AT13_491,18,false,
106495,ECDC_AT13_503,18,false,
106496,ECDC_AT13_505,18,false,
106497,ECDC_AT13_519,18,false,
106498,ECDC_BE13_465,18,false,
106499,ECDC_BE13_499,18,false,
106500,ECDC_ES038,18,false,
106501,ECDC_ES041,18,false,
106503,ECDC_FR13_092,18,false,
106504,ECDC_FR13_103,18,false,
106505,ECDC_FR13_113,18,false,
106506,ECDC_GC_061,18,false,
106507,ECDC_GC_068,18,false,
106508,ECDC_GC_073,18,false,
106509,ECDC_GC_082,18,false,
106510,ECDC_GC_094,18,false,
106511,ECDC_GE13_079,18,false,
106512,ECDC_GE13_080,18,false,
106513,ECDC_GE13_092,18,false,
106514,ECDC_GE13_096,18,false,
106515,ECDC_HU13_076,18,false,
106516,ECDC_HU13_097,18,false,
106517,ECDC_NL18,18,false,
106518,ECDC_NL36,18,false,
106519,ECDC_PT13_111,18,false,
106520,ECDC_RB13000574,657,false,
106521,ECDC_RB13001957,657,false,
106522,ECDC_RB13001958,18,false,
106523,ECDC_RB13001976,18,false,
106524,ECDC_RB13001991,18,false,
106525,ECDC_RB13001998,367,false,
106526,ECDC_RB13002150,657,false,
106527,ECDC_SI13_052,657,false,
106528,ECDC_SI13_055,18,false,
106529,ERR2631738,657,false,
106530,ERR2631889,18,false,
106531,ERR2632011,18,false,
106532,ERR3200983,18,false,
106533,ERR3201051,18,false,
106534,ERR3201137,18,false,
106535,ERR3201246,657,false,
106536,ERR3577302,18,false,
106537,ERR3577303,657,false,
106538,ERR3577310,18,false,
106539,ERR3577376,654,false,
106540,ERR3577396,18,false,
106541,ERR3577415,18,false,
106542,ERR3577420,18,false,
106543,ERR3577429,18,false,
106544,ERR3577454,18,false,
106545,ERR3577485,18,false,
106546,ERR3577488,654,false,
106547,ERR3577505,654,false,
106548,ERR3577518,18,false,
106549,ERR3577531,654,false,
106550,ERR3577563,18,false,
106551,ERR3577565,16,false,
106552,ERR3577615,18,false,
106553,ERR3577617,18,false,
106554,ERR3577619,18,false,
106555,ERR3577676,18,false,
106556,ERR3577700,18,false,
106557,ERR3577710,654,false,
106558,ERR3577720,654,false,
106559,ERR3577748,18,false,
106560,ERR3577751,657,false,
106561,ERR3577753,657,false,
106562,ERR3577759,18,false,
106563,ERR3577777,657,false,
106564,ERR3577784,18,false,
106565,ERR3577805,18,false,
106566,ERR3577832,657,false,
106567,ERR3577840,657,false,
106568,ERR3577864,18,false,
106569,ERR3577885,657,false,
106570,ERR3577896,18,false,
106571,ERR3577897,18,false,
106572,ERR3577899,18,false,
106573,ERR3577957,654,false,
106574,ERR3578042,18,false,
106575,ERR3578043,18,false,
106576,ERR3578064,654,false,
106577,ERR3578091,657,false,
106578,ERR3578127,18,false,
106579,ERR3578143,18,false,
106580,ERR3578147,18,false,
106581,ERR3578153,16,false,
106582,ERR3578173,654,false,
106583,ERR3578177,18,false,
106584,ERR3578216,18,false,
106585,ERR3578828,18,false,
106586,ERR3578892,657,false,
106587,ERR3578893,18,false,
106588,ERR3578904,657,false,
106589,ERR3578918,367,false,
106590,ERR3578927,18,false,
106591,ERR3578944,18,false,
106592,ERR3578955,18,false,
106593,ERR3578959,18,false,
106594,ERR3578967,18,false,
106595,ERR3578968,18,false,
106596,ERR3578978,18,false,
106597,ERR3578981,18,false,
106598,ERR3579038,18,false,
106599,ERR3579041,18,false,
106600,ERR3579045,18,false,
106601,ERR3579048,18,false,
106602,ERR3579051,18,false,
106603,ERR3579078,657,false,
106604,ERR3579110,654,false,
106605,ERR3579111,654,false,
106606,ERR3579114,654,false,
106607,ERR3579118,654,false,
106608,ERR3579122,654,false,
106609,ERR3579129,654,false,
106610,ERR3579131,654,false,
106611,ERR3579134,654,false,
106612,SRR8071067,18,false,
106613,SRR8071345,18,false,
106614,SRR8071348,18,false,
106615,SRR8071360,18,false,
106616,SRR8071365,18,false,
106617,SRR8071366,18,false,
106618,AUSMDU00011101,18,false,
106619,AUSMDU00012100,657,false,
106620,AUSMDU00011937,18,false,
106621,AUSMDU00010884,657,false,
106622,AUSMDU00014778,654,false,
106623,AUSMDU00014469,654,false,
106624,AUSMDU00014955,18,false,
106625,AUSMDU00013007,18,false,
106626,SRR8945055,657,false,
106627,SRR8945086,657,false,
106628,SRR9989938,18,false,
106629,SRR9989940,18,false,
106630,NM163,,false,
106631,M50426,1440,false,
106632,61146,,false,
106633,61166,,false,
106634,61171,,false,
106635,61180,,false,
106645,ERR3577289,1006,false,
106646,ERR3577290,1006,false,
106647,ERR3577291,367,false,
106648,ERR3577292,1006,false,
106649,ERR3577293,1006,false,
106650,ERR3577295,18,false,
106651,ERR3577296,367,false,
106652,ERR3577297,367,false,
106653,ERR3577298,18,false,
106654,ERR3577299,21,false,
106655,ERR3577300,367,false,
106656,ERR3577301,1006,false,
106657,ERR3577304,1006,false,
106658,ERR3577305,367,false,
106659,ERR3577306,18,false,
106660,ERR3577308,367,false,
106661,ERR3577309,16,false,
106662,ERR3577311,1122,false,
106663,ERR3577312,636,false,
106664,ERR3577313,367,false,
106665,ERR3577314,367,false,
106666,ERR3577315,367,false,
106667,ERR3577316,367,false,
106668,ERR3577317,22,false,
106669,ERR3577318,367,false,
106670,ERR3577319,367,false,
106671,ERR3577320,18,false,
106672,ERR3577321,367,false,
106673,ERR3577322,367,false,
106674,ERR3577323,627,false,
106675,ERR3577324,367,false,
106676,ERR3577325,666,false,
106677,ERR3577326,18,false,
106678,ERR3577327,18,false,
106679,ERR3577328,367,false,
106680,ERR3577329,18,false,
106681,ERR3577330,367,false,
106682,ERR3577331,16,false,
106683,ERR3577332,666,false,
106684,ERR3577333,16,false,
106685,ERR3577334,22,false,
106686,ERR3577335,22,false,
106687,ERR3577336,22,false,
106688,ERR3577337,18,false,
106689,ERR3577338,18,false,
106690,ERR3577339,22,false,
106691,ERR3577340,1006,false,
106692,ERR3577341,824,false,
106693,ERR3577342,636,false,
106694,ERR3577343,16,false,
106695,ERR3577344,367,false,
106696,ERR3577345,16,false,
106697,ERR3577346,367,false,
106698,ERR3577347,1599,false,
106699,ERR3577349,3484,false,
106700,ERR3577350,21,false,
106701,ERR3577351,167,false,
106702,ERR3577352,367,false,
106703,ERR3577353,18,false,
106704,ERR3577354,1006,false,
106705,ERR3577355,1122,false,
106706,ERR3577356,1006,false,
106707,ERR3577357,18,false,
106708,ERR3577358,22,false,
106709,ERR3577359,22,false,
106710,ERR3577360,636,false,
106711,ERR3577361,654,false,
106712,ERR3577362,367,false,
106713,ERR3577363,654,false,
106714,ERR3577364,636,false,
106715,ERR3577365,367,false,
106716,ERR3577367,367,false,
106717,ERR3577368,1006,false,
106718,ERR3577369,16,false,
106719,ERR3577370,18,false,
106720,ERR3577371,18,false,
106721,ERR3577372,18,false,
106722,ERR3577373,18,false,
106723,ERR3577374,18,false,
106724,ERR3577375,367,false,
106725,ERR3577377,18,false,
106726,ERR3577379,1006,false,
106727,ERR3577380,367,false,
106728,ERR3577381,367,false,
106729,ERR3577382,1006,false,
106730,ERR3577383,1006,false,
106731,ERR3577384,1006,false,
106732,ERR3577385,367,false,
106733,ERR3577386,367,false,
106734,ERR3577387,367,false,
106735,ERR3577388,367,false,
106736,ERR3577389,1006,false,
106737,ERR3577390,1006,false,
106738,ERR3577391,1006,false,
106739,ERR3577392,18,false,
106740,ERR3577393,21,false,
106741,ERR3577394,666,false,
106742,ERR3577395,1006,false,
106743,ERR3577397,367,false,
106744,ERR3577398,1006,false,
106745,ERR3577399,367,false,
106746,ERR3577400,18,false,
106747,ERR3577401,1006,false,
106748,ERR3577402,16,false,
106749,ERR3577403,367,false,
106750,ERR3577404,18,false,
106751,ERR3577405,18,false,
106752,ERR3577406,1006,false,
106753,ERR3577407,1006,false,
106754,ERR3577408,21,false,
106755,ERR3577409,16,false,
106756,ERR3577410,1006,false,
106757,ERR3577411,378,false,
106758,ERR3577412,1006,false,
106759,ERR3577413,18,false,
106760,ERR3577414,367,false,
106761,ERR3577416,367,false,
106762,ERR3577417,666,false,
106763,ERR3577418,367,false,
106764,ERR3577419,367,false,
106765,ERR3577421,1006,false,
106766,ERR3577422,666,false,
106767,ERR3577423,1006,false,
106768,ERR3577424,18,false,
106769,ERR3577425,1006,false,
106770,ERR3577426,16,false,
106771,ERR3577427,1006,false,
106772,ERR3577428,367,false,
106773,ERR3577430,367,false,
106774,ERR3577431,1006,false,
106775,ERR3577432,1006,false,
106776,ERR3577433,1006,false,
106777,ERR3577434,367,false,
106778,ERR3577435,367,false,
106779,ERR3577436,1006,false,
106780,ERR3577437,367,false,
106781,ERR3577438,18,false,
106782,ERR3577439,1006,false,
106783,ERR3577440,16,false,
106784,ERR3577441,367,false,
106785,ERR3577442,666,false,
106786,ERR3577444,367,false,
106787,ERR3577445,367,false,
106788,ERR3577446,627,false,
106789,ERR3577447,22,false,
106790,ERR3577448,367,false,
106791,ERR3577449,666,false,
106792,ERR3577450,16,false,
106793,ERR3577451,367,false,
106794,ERR3577452,21,false,
106795,ERR3577453,367,false,
106796,ERR3577455,22,false,
106797,ERR3577456,22,false,
106798,ERR3577457,16,false,
106799,ERR3577458,1006,false,
106800,ERR3577459,367,false,
106801,ERR3577460,21,false,
106802,ERR3577461,1006,false,
106803,ERR3577462,1006,false,
106804,ERR3577463,367,false,
106805,ERR3577464,367,false,
106806,ERR3577465,1006,false,
106807,ERR3577466,841,false,
106808,ERR3577467,18,false,
106809,ERR3577468,367,false,
106810,ERR3577469,22,false,
106811,ERR3577470,18,false,
106812,ERR3577471,367,false,
106813,ERR3577472,367,false,
106814,ERR3577473,18,false,
106815,ERR3577474,,false,
106816,ERR3577475,16,false,
106817,ERR3577476,367,false,
106818,ERR3577477,657,false,
106819,ERR3577478,666,false,
106820,ERR3577479,,false,
106821,ERR3577480,367,false,
106822,ERR3577481,22,false,
106823,ERR3577482,1006,false,
106824,ERR3577483,666,false,
106825,ERR3577484,367,false,
106826,ERR3577486,,false,
106827,ERR3577487,1006,false,
106828,ERR3577489,367,false,
106829,ERR3577490,1006,false,
106830,ERR3577491,367,false,
106831,ERR3577492,657,false,
106832,ERR3577493,367,false,
106833,ERR3577494,367,false,
106834,ERR3577495,367,false,
106835,ERR3577496,1006,false,
106836,ERR3577497,666,false,
106837,ERR3577498,16,false,
106838,ERR3577499,367,false,
106839,ERR3577500,21,false,
106840,ERR3577501,367,false,
106841,ERR3577502,367,false,
106842,ERR3577503,1006,false,
106843,ERR3577504,16,false,
106844,ERR3577506,1006,false,
106845,ERR3577507,18,false,
106846,ERR3577508,367,false,
106847,ERR3577509,1006,false,
106848,ERR3577510,367,false,
106849,ERR3577511,18,false,
106850,ERR3577512,367,false,
106851,ERR3577513,1006,false,
106852,ERR3577514,636,false,
106853,ERR3577515,16,false,
106854,ERR3577516,1006,false,
106855,ERR3577517,16,false,
106856,ERR3577519,1006,false,
106857,ERR3577520,1006,false,
106858,ERR3577521,373,false,
106859,ERR3577522,367,false,
106860,ERR3577523,367,false,
106861,ERR3577524,657,false,
106862,ERR3577525,373,false,
106863,ERR3577526,367,false,
106864,ERR3577527,367,false,
106865,ERR3577528,367,false,
106866,ERR3577529,367,false,
106867,ERR3577530,18,false,
106868,ERR3577532,16,false,
106869,ERR3577533,367,false,
106870,ERR3577534,367,false,
106871,ERR3577535,22,false,
106872,ERR3577536,18,false,
106873,ERR3577537,18,false,
106874,ERR3577538,22,false,
106875,ERR3577539,628,false,
106876,ERR3577540,22,false,
106877,ERR3577541,22,false,
106878,ERR3577542,22,false,
106879,ERR3577543,636,false,
106880,ERR3577544,636,false,
106881,ERR3577545,22,false,
106882,ERR3577546,22,false,
106883,ERR3577547,22,false,
106884,ERR3577548,22,false,
106885,ERR3577549,666,false,
106886,ERR3577550,22,false,
106887,ERR3577551,636,false,
106888,ERR3577552,22,false,
106889,ERR3577553,1122,false,
106890,ERR3577554,22,false,
106891,ERR3577555,22,false,
106892,ERR3577556,22,false,
106893,ERR3577557,22,false,
106894,ERR3577558,22,false,
106895,ERR3577559,22,false,
106896,ERR3577560,22,false,
106897,ERR3577561,18,false,
106898,ERR3577562,16,false,
106899,ERR3577564,22,false,
106900,ERR3577566,636,false,
106901,ERR3577567,636,false,
106902,ERR3577568,16,false,
106903,ERR3577569,22,false,
106904,ERR3577570,367,false,
106905,ERR3577571,22,false,
106906,ERR3577572,16,false,
106907,ERR3577573,636,false,
106908,ERR3577574,22,false,
106909,ERR3577575,3841,false,
106910,ERR3577576,824,false,
106911,ERR3577577,22,false,
106912,ERR3577578,22,false,
106913,ERR3577579,18,false,
106914,ERR3577580,21,false,
106915,ERR3577581,636,false,
106916,ERR3577582,22,false,
106917,ERR3577583,367,false,
106918,ERR3577584,367,false,
106919,ERR3577585,367,false,
106920,ERR3577586,3841,false,
106921,ERR3577587,367,false,
106922,ERR3577588,18,false,
106923,ERR3577589,22,false,
106924,ERR3577590,16,false,
106925,ERR3577591,3841,false,
106926,ERR3577592,22,false,
106927,ERR3577593,367,false,
106928,ERR3577594,666,false,
106929,ERR3577595,367,false,
106930,ERR3577596,367,false,
106931,ERR3577597,367,false,
106932,ERR3577598,18,false,
106933,ERR3577599,367,false,
106934,ERR3577600,367,false,
106935,ERR3577601,16,false,
106936,ERR3577602,1006,false,
106937,ERR3577603,367,false,
106938,ERR3577604,367,false,
106939,ERR3577605,1006,false,
106940,ERR3577606,636,false,
106941,ERR3577607,367,false,
106942,ERR3577608,636,false,
106943,ERR3577609,666,false,
106944,ERR3577610,367,false,
106945,ERR3577611,367,false,
106946,ERR3577612,3354,false,
106947,ERR3577613,367,false,
106948,ERR3577614,1006,false,
106949,ERR3577616,367,false,
106950,ERR3577618,367,false,
106951,ERR3577620,18,false,
106952,ERR3577621,367,false,
106953,ERR3577622,666,false,
106954,ERR3577623,367,false,
106955,ERR3577624,367,false,
106956,ERR3577625,367,false,
106957,ERR3577626,367,false,
106958,ERR3577627,367,false,
106959,ERR3577628,367,false,
106960,ERR3577629,367,false,
106961,ERR3577630,18,false,
106962,ERR3577631,367,false,
106963,ERR3577632,666,false,
106964,ERR3577633,367,false,
106965,ERR3577634,16,false,
106966,ERR3577635,18,false,
106967,ERR3577637,1006,false,
106968,ERR3577638,18,false,
106969,ERR3577639,367,false,
106970,ERR3577640,367,false,
106971,ERR3577641,1006,false,
106972,ERR3577642,1006,false,
106973,ERR3577643,666,false,
106974,ERR3577644,1006,false,
106975,ERR3577645,18,false,
106976,ERR3577646,367,false,
106977,ERR3577647,367,false,
106978,ERR3577648,367,false,
106979,ERR3577649,367,false,
106980,ERR3577650,1006,false,
106981,ERR3577652,1006,false,
106982,ERR3577651,18,false,
106983,ERR3577653,18,false,
106984,ERR3577654,666,false,
106985,ERR3577655,367,false,
106986,ERR3577656,666,false,
106987,ERR3577657,21,false,
106988,ERR3577658,367,false,
106989,ERR3577659,367,false,
106990,ERR3577660,666,false,
106991,ERR3577661,666,false,
106992,ERR3577662,657,false,
106993,ERR3577663,666,false,
106994,ERR3577664,367,false,
106995,ERR3577665,657,false,
106996,ERR3577666,1006,false,
106997,ERR3577667,666,false,
106998,ERR3577668,367,false,
106999,ERR3577669,367,false,
107000,ERR3577670,1006,false,
107001,ERR3577671,,false,
107002,ERR3577672,,false,
107003,ERR3577673,1006,false,
107004,ERR3577674,1006,false,
107005,ERR3577675,666,false,
107006,ERR3577677,1006,false,
107007,ERR3577678,1006,false,
107008,ERR3577679,18,false,
107009,ERR3577680,1006,false,
107010,ERR3577681,666,false,
107011,ERR3577682,18,false,
107012,ERR3577683,367,false,
107013,ERR3577684,666,false,
107014,ERR3577685,367,false,
107015,ERR3577686,367,false,
107016,ERR3577687,367,false,
107017,ERR3577688,367,false,
107018,ERR3577689,1006,false,
107019,ERR3577690,367,false,
107020,ERR3577691,367,false,
107021,ERR3577692,367,false,
107022,ERR3577693,1006,false,
107023,ERR3577694,367,false,
107024,ERR3577695,18,false,
107025,ERR3577696,367,false,
107026,ERR3577697,367,false,
107027,ERR3577698,1006,false,
107028,ERR3577699,367,false,
107029,ERR3577701,367,false,
107030,ERR3577702,367,false,
107031,ERR3577703,378,false,
107032,ERR3577704,1006,false,
107033,ERR3577705,367,false,
107034,ERR3577706,367,false,
107035,ERR3577707,666,false,
107036,ERR3577708,367,false,
107037,ERR3577709,18,false,
107038,ERR3577711,367,false,
107039,ERR3577712,1006,false,
107040,ERR3577713,1006,false,
107041,ERR3577714,367,false,
107042,ERR3577715,367,false,
107043,ERR3577716,1006,false,
107044,ERR3577717,367,false,
107045,ERR3577718,367,false,
107046,ERR3577719,16,false,
107047,ERR3577721,,false,
107048,ERR3577722,1006,false,
107049,ERR3577723,16,false,
107050,ERR3577724,16,false,
107051,ERR3577725,16,false,
107052,ERR3577726,367,false,
107053,ERR3577727,367,false,
107054,ERR3577728,367,false,
107055,ERR3577729,367,false,
107056,ERR3577730,1006,false,
107057,ERR3577731,18,false,
107058,ERR3577732,666,false,
107059,ERR3577734,367,false,
107060,ERR3577733,367,false,
107061,ERR3577735,367,false,
107062,ERR3577736,666,false,
107063,ERR3577737,367,false,
107064,ERR3577738,1006,false,
107065,ERR3577739,367,false,
107066,ERR3577740,367,false,
107067,ERR3577741,1006,false,
107068,ERR3577742,16,false,
107069,ERR3577743,367,false,
107070,ERR3577744,367,false,
107071,ERR3577745,18,false,
107072,ERR3577746,16,false,
107073,ERR3577747,666,false,
107074,ERR3577749,1006,false,
107075,ERR3577750,1006,false,
107076,ERR3577752,1006,false,
107077,ERR3577754,18,false,
107078,ERR3577755,18,false,
107079,ERR3577756,16,false,
107080,ERR3577757,1006,false,
107081,ERR3577758,666,false,
107082,ERR3577760,18,false,
107083,ERR3577761,1006,false,
107084,ERR3577762,2406,false,
107085,ERR3577763,18,false,
107086,ERR3577764,657,false,
107087,ERR3577765,1006,false,
107088,ERR3577766,1006,false,
107089,ERR3577767,1006,false,
107090,ERR3577768,367,false,
107091,ERR3577769,367,false,
107092,ERR3577770,1006,false,
107093,ERR3577771,3842,false,
107094,ERR3577772,18,false,
107095,ERR3577773,18,false,
107096,ERR3577774,367,false,
107097,ERR3577775,18,false,
107098,ERR3577776,18,false,
107099,ERR3577778,18,false,
107100,ERR3577779,2406,false,
107101,ERR3577780,1006,false,
107102,ERR3577781,1006,false,
107103,ERR3577782,18,false,
107104,ERR3577783,367,false,
107105,ERR3577785,367,false,
107106,ERR3577786,18,false,
107107,ERR3577787,367,false,
107108,ERR3577788,18,false,
107109,ERR3577789,1006,false,
107110,ERR3577790,1006,false,
107111,ERR3577791,378,false,
107112,ERR3577792,1006,false,
107113,ERR3577793,18,false,
107114,ERR3577794,367,false,
107115,ERR3577795,367,false,
107116,ERR3577796,18,false,
107117,ERR3577797,18,false,
107118,ERR3577798,16,false,
107119,ERR3577799,18,false,
107120,ERR3577800,367,false,
107121,ERR3577801,18,false,
107122,ERR3577802,18,false,
107123,ERR3577803,1006,false,
107124,ERR3577804,1006,false,
107125,ERR3577806,22,false,
107126,ERR3577807,22,false,
107127,ERR3577808,22,false,
107128,ERR3577809,22,false,
107129,ERR3577810,16,false,
107130,ERR3577811,22,false,
107131,ERR3577812,22,false,
107132,ERR3577814,636,false,
107133,ERR3577813,22,false,
107134,ERR3577815,18,false,
107135,ERR3577816,657,false,
107136,ERR3577817,22,false,
107137,ERR3577818,16,false,
107138,ERR3577819,22,false,
107139,ERR3577821,16,false,
107140,ERR3577823,22,false,
107141,ERR3577824,22,false,
107142,ERR3577825,657,false,
107143,ERR3577826,22,false,
107144,ERR3577827,22,false,
107145,ERR3577828,22,false,
107146,ERR3577829,18,false,
107147,ERR3577830,668,false,
107148,ERR3577831,657,false,
107149,ERR3577833,657,false,
107150,ERR3577834,627,false,
107151,ERR3577835,1006,false,
107152,ERR3577836,636,false,
107153,ERR3577837,367,false,
107154,ERR3577838,636,false,
107155,ERR3577839,18,false,
107156,ERR3577841,1006,false,
107157,ERR3577842,16,false,
107158,ERR3577843,1006,false,
107159,ERR3577844,1006,false,
107160,ERR3577845,1006,false,
107161,ERR3577846,1006,false,
107162,ERR3577847,367,false,
107163,ERR3577848,1006,false,
107164,ERR3577849,18,false,
107165,ERR3577850,378,false,
107166,ERR3577851,1006,false,
107167,ERR3577852,367,false,
107168,ERR3577853,367,false,
107169,ERR3577854,22,false,
107170,ERR3577855,18,false,
107171,ERR3577856,1006,false,
107172,ERR3577857,1006,false,
107173,ERR3577858,16,false,
107174,ERR3577859,18,false,
107175,ERR3577860,18,false,
107176,ERR3577861,666,false,
107177,ERR3577862,18,false,
107178,ERR3577863,3843,false,
107179,ERR3577865,18,false,
107180,ERR3577866,1006,false,
107181,ERR3577867,1006,false,
107182,ERR3577868,18,false,
107183,ERR3577869,22,false,
107184,ERR3577870,21,false,
107185,ERR3577871,22,false,
107186,ERR3577872,22,false,
107187,ERR3577873,22,false,
107188,ERR3577874,1006,false,
107189,ERR3577875,22,false,
107190,ERR3577876,1006,false,
107191,ERR3577877,22,false,
107192,ERR3577878,636,false,
107193,ERR3577879,636,false,
107194,ERR3577880,636,false,
107195,ERR3577881,636,false,
107196,ERR3577882,16,false,
107197,ERR3577883,16,false,
107198,ERR3577884,22,false,
107199,ERR3577886,636,false,
107200,ERR3577887,3354,false,
107201,ERR3577888,367,false,
107202,ERR3577889,1006,false,
107203,ERR3577890,632,false,
107204,ERR3577891,18,false,
107205,ERR3577893,3354,false,
107206,ERR3577894,1006,false,
107207,ERR3577895,16,false,
107208,ERR3577898,367,false,
107209,ERR3577900,16,false,
107210,ERR3577901,18,false,
107211,ERR3577902,367,false,
107212,ERR3577903,18,false,
107213,ERR3577904,18,false,
107214,ERR3577905,16,false,
107215,ERR3577906,16,false,
107216,ERR3577907,16,false,
107217,ERR3577908,367,false,
107218,ERR3577909,16,false,
107219,ERR3577910,1006,false,
107220,ERR3577911,22,false,
107221,ERR3577912,16,false,
107222,ERR3577913,16,false,
107223,ERR3577914,16,false,
107224,ERR3577915,16,false,
107225,ERR3577916,1006,false,
107226,ERR3577917,16,false,
107227,ERR3577918,16,false,
107228,ERR3577919,636,false,
107229,ERR3577920,636,false,
107230,ERR3577921,636,false,
107231,ERR3577922,367,false,
107232,ERR3577923,18,false,
107233,ERR3577924,18,false,
107234,ERR3577925,22,false,
107235,ERR3577926,18,false,
107236,ERR3577927,18,false,
107237,ERR3577928,18,false,
107238,ERR3577929,22,false,
107239,ERR3577930,22,false,
107240,ERR3577931,666,false,
107241,ERR3577932,367,false,
107242,ERR3577933,632,false,
107243,ERR3577935,16,false,
107244,ERR3577936,22,false,
107245,ERR3577937,16,false,
107246,ERR3577944,666,false,
107247,ERR3577945,16,false,
107248,ERR3577946,373,false,
107249,ERR3577948,367,false,
107250,ERR3577949,367,false,
107251,ERR3577950,367,false,
107252,ERR3577951,18,false,
107253,ERR3577953,367,false,
107254,ERR3577955,3844,false,
107255,ERR3577956,654,false,
107256,ERR3577959,666,false,
107257,ERR3577960,16,false,
107258,ERR3577961,18,false,
107259,ERR3577962,16,false,
107260,ERR3577963,18,false,
107261,ERR3577964,18,false,
107262,ERR3577965,367,false,
107263,ERR3577966,18,false,
107264,ERR3577967,1122,false,
107265,ERR3577968,3353,false,
107266,ERR3577969,16,false,
107267,ERR3577970,23,false,
107268,ERR3577971,1122,false,
107269,ERR3577972,636,false,
107270,ERR3577973,18,false,
107271,ERR3577974,16,false,
107272,ERR3577975,367,false,
107273,ERR3577976,22,false,
107274,ERR3577977,22,false,
107275,ERR3577978,666,false,
107276,ERR3577979,22,false,
107277,ERR3577980,18,false,
107278,ERR3577982,367,false,
107279,ERR3577981,367,false,
107280,ERR3577983,666,false,
107281,ERR3577984,1006,false,
107282,ERR3577985,367,false,
107283,ERR3577986,367,false,
107284,ERR3577987,367,false,
107285,ERR3577988,367,false,
107286,ERR3577989,16,false,
107287,ERR3577990,16,false,
107288,ERR3577991,16,false,
107289,ERR3577992,16,false,
107290,ERR3577994,367,false,
107291,ERR3577995,367,false,
107292,ERR3577996,367,false,
107293,ERR3577998,367,false,
107294,ERR3577999,367,false,
107295,ERR3578000,22,false,
107296,ERR3578001,378,false,
107297,ERR3578002,18,false,
107298,ERR3578003,367,false,
107299,ERR3578004,22,false,
107300,ERR3578005,16,false,
107301,ERR3578006,367,false,
107302,ERR3578007,367,false,
107303,ERR3578008,22,false,
107304,ERR3578009,367,false,
107305,ERR3578010,22,false,
107306,ERR3578011,636,false,
107307,ERR3578012,1599,false,
107308,ERR3578013,636,false,
107309,ERR3578014,22,false,
107310,ERR3578015,22,false,
107311,ERR3578016,22,false,
107312,ERR3578017,22,false,
107313,ERR3578018,18,false,
107314,ERR3578019,18,false,
107315,ERR3578020,636,false,
107316,ERR3578021,18,false,
107317,ERR3578022,22,false,
107318,ERR3578023,3441,false,
107319,ERR3578024,16,false,
107320,ERR3578025,636,false,
107321,ERR3578026,367,false,
107322,ERR3578028,22,false,
107323,ERR3578029,22,false,
107324,ERR3578030,367,false,
107325,ERR3578031,22,false,
107326,ERR3578032,367,false,
107327,ERR3578033,18,false,
107328,ERR3578034,378,false,
107329,ERR3578035,18,false,
107330,ERR3578036,367,false,
107331,ERR3578037,18,false,
107332,ERR3578038,1006,false,
107333,ERR3578039,373,false,
107334,ERR3578040,22,false,
107335,ERR3578041,1006,false,
107336,ERR3578044,22,false,
107337,ERR3578045,18,false,
107338,ERR3578046,367,false,
107339,ERR3578047,367,false,
107340,ERR3578048,636,false,
107341,ERR3578049,367,false,
107342,ERR3578050,367,false,
107343,ERR3578051,367,false,
107344,ERR3578052,367,false,
107345,ERR3578053,367,false,
107346,ERR3578054,3845,false,
107347,ERR3578055,22,false,
107348,ERR3578056,367,false,
107349,ERR3578057,367,false,
107350,ERR3578058,1122,false,
107351,ERR3578059,18,false,
107352,ERR3578060,1560,false,
107353,ERR3578061,16,false,
107354,ERR3578062,22,false,
107355,ERR3578063,18,false,
107356,ERR3578066,3353,false,
107357,ERR3578065,3353,false,
107358,ERR3578067,18,false,
107359,ERR3578068,1006,false,
107360,ERR3578069,367,false,
107361,ERR3578070,367,false,
107362,ERR3578071,666,false,
107363,ERR3578072,367,false,
107364,ERR3578073,367,false,
107365,ERR3578074,367,false,
107366,ERR3578075,666,false,
107367,ERR3578076,367,false,
107368,ERR3578077,1122,false,
107369,ERR3578078,18,false,
107370,ERR3578079,1006,false,
107371,ERR3578080,3353,false,
107372,ERR3578081,657,false,
107373,ERR3578082,367,false,
107374,ERR3578083,367,false,
107375,ERR3578084,367,false,
107376,ERR3578085,367,false,
107377,ERR3578086,367,false,
107378,ERR3578087,367,false,
107379,ERR3578088,18,false,
107380,ERR3578089,666,false,
107381,ERR3578090,16,false,
107382,ERR3578092,666,false,
107383,ERR3578093,367,false,
107384,ERR3578094,3353,false,
107385,ERR3578095,367,false,
107386,ERR3578096,367,false,
107387,ERR3578097,367,false,
107388,ERR3578098,683,false,
107389,ERR3578099,18,false,
107390,ERR3578101,18,false,
107391,ERR3578102,367,false,
107392,ERR3578103,18,false,
107393,ERR3578104,371,false,
107394,ERR3578105,1006,false,
107395,ERR3578106,367,false,
107396,ERR3578107,666,false,
107397,ERR3578108,367,false,
107398,ERR3578109,1122,false,
107399,ERR3578110,367,false,
107400,ERR3578111,367,false,
107401,ERR3578112,367,false,
107402,ERR3578113,1006,false,
107403,ERR3578114,1006,false,
107404,ERR3578115,367,false,
107405,ERR3578116,18,false,
107406,ERR3578117,18,false,
107407,ERR3578118,367,false,
107408,ERR3578119,367,false,
107409,ERR3578120,16,false,
107410,ERR3578121,367,false,
107411,ERR3578122,18,false,
107412,ERR3578123,678,false,
107413,ERR3578124,636,false,
107414,ERR3578125,367,false,
107415,ERR3578126,636,false,
107416,ERR3578130,367,false,
107417,ERR3578131,22,false,
107418,ERR3578132,18,false,
107419,ERR3578133,22,false,
107420,ERR3578134,3846,false,
107421,ERR3578135,666,false,
107422,ERR3578137,1006,false,
107423,ERR3578138,22,false,
107424,ERR3578140,22,false,
107425,ERR3578141,22,false,
107426,ERR3578142,22,false,
107427,ERR3578144,22,false,
107428,ERR3578145,636,false,
107429,ERR3578146,636,false,
107430,ERR3578148,18,false,
107431,ERR3578149,367,false,
107432,ERR3578150,367,false,
107433,ERR3578151,367,false,
107434,ERR3578152,22,false,
107435,ERR3578154,22,false,
107436,ERR3578155,1006,false,
107437,ERR3578156,22,false,
107438,ERR3578157,16,false,
107439,ERR3578158,22,false,
107440,ERR3578159,22,false,
107441,ERR3578160,22,false,
107442,ERR3578161,16,false,
107443,ERR3578162,22,false,
107444,ERR3578163,21,false,
107445,ERR3578164,367,false,
107446,ERR3578165,666,false,
107447,ERR3578166,22,false,
107448,ERR3578167,22,false,
107449,ERR3578168,18,false,
107450,ERR3578169,367,false,
107451,ERR3578170,22,false,
107452,ERR3578171,628,false,
107453,ERR3578172,3353,false,
107454,ERR3578174,666,false,
107455,ERR3578175,22,false,
107456,ERR3578176,18,false,
107457,ERR3578178,18,false,
107458,ERR3578179,367,false,
107459,ERR3578180,367,false,
107460,ERR3578181,22,false,
107461,ERR3578182,636,false,
107462,ERR3578183,22,false,
107463,ERR3578185,22,false,
107464,ERR3578186,636,false,
107465,ERR3578187,18,false,
107466,ERR3578189,18,false,
107467,ERR3578190,18,false,
107468,ERR3578191,367,false,
107469,ERR3578192,367,false,
107470,ERR3578193,1599,false,
107471,ERR3578194,367,false,
107472,ERR3578195,16,false,
107473,ERR3578196,16,false,
107474,ERR3578197,22,false,
107475,ERR3578198,16,false,
107476,ERR3578204,367,false,
107477,ERR3578205,666,false,
107478,ERR3578206,18,false,
107479,ERR3578207,3841,false,
107480,ERR3578208,16,false,
107481,ERR3578209,22,false,
107482,ERR3578210,22,false,
107483,ERR3578212,22,false,
107484,ERR3578213,636,false,
107485,ERR3578214,18,false,
107486,ERR3578215,636,false,
107487,ERR3578217,1006,false,
107488,ERR3578218,367,false,
107489,ERR3578219,21,false,
107490,ERR3578220,367,false,
107491,ERR3578221,367,false,
107492,ERR3578222,636,false,
107493,ERR3578223,367,false,
107494,ERR3578224,22,false,
107495,ERR3578225,21,false,
107496,ERR3578226,367,false,
107497,ERR3578227,16,false,
107498,ERR3578228,367,false,
107499,ERR3578229,367,false,
107500,ERR3578230,1006,false,
107501,ERR3578231,666,false,
107502,ERR3578786,636,false,
107503,ERR3578787,22,false,
107504,ERR3578788,824,false,
107505,ERR3578789,18,false,
107506,ERR3578790,18,false,
107507,ERR3578791,22,false,
107508,ERR3578792,22,false,
107509,ERR3578794,636,false,
107510,ERR3578793,22,false,
107511,ERR3578795,636,false,
107512,ERR3578796,367,false,
107513,ERR3578797,666,false,
107514,ERR3578798,22,false,
107515,ERR3578799,2399,false,
107516,ERR3578800,22,false,
107517,ERR3578801,22,false,
107518,ERR3578802,22,false,
107519,ERR3578803,1006,false,
107520,ERR3578804,22,false,
107521,ERR3578805,22,false,
107522,ERR3578806,22,false,
107523,ERR3578807,1122,false,
107524,ERR3578808,18,false,
107525,ERR3578809,22,false,
107526,ERR3578810,22,false,
107527,ERR3578811,22,false,
107528,ERR3578812,22,false,
107529,ERR3578813,18,false,
107530,ERR3578814,1006,false,
107531,ERR3578815,18,false,
107532,ERR3578816,367,false,
107533,ERR3578817,18,false,
107534,ERR3578818,18,false,
107535,ERR3578819,18,false,
107536,ERR3578820,367,false,
107537,ERR3578821,367,false,
107538,ERR3578822,16,false,
107539,ERR3578823,22,false,
107540,ERR3578824,22,false,
107541,ERR3578825,22,false,
107542,ERR3578826,22,false,
107543,ERR3578827,18,false,
107544,ERR3578829,18,false,
107545,ERR3578830,22,false,
107546,ERR3578831,22,false,
107547,ERR3578832,22,false,
107548,ERR3578833,636,false,
107549,ERR3578834,636,false,
107550,ERR3578835,22,false,
107551,ERR3578836,18,false,
107552,ERR3578837,636,false,
107553,ERR3578838,21,false,
107554,ERR3578839,636,false,
107555,ERR3578840,22,false,
107556,ERR3578841,22,false,
107557,ERR3578842,22,false,
107558,ERR3578843,22,false,
107559,ERR3578844,1006,false,
107560,ERR3578845,3841,false,
107561,ERR3578846,636,false,
107562,ERR3578847,22,false,
107563,ERR3578848,22,false,
107564,ERR3578849,23,false,
107565,ERR3578850,16,false,
107566,ERR3578851,18,false,
107567,ERR3578852,22,false,
107568,ERR3578853,22,false,
107569,ERR3578854,22,false,
107570,ERR3578855,22,false,
107571,ERR3578856,657,false,
107572,ERR3578857,167,false,
107573,ERR3578858,636,false,
107574,ERR3578859,22,false,
107575,ERR3578860,22,false,
107576,ERR3578861,824,false,
107577,ERR3578862,22,false,
107578,ERR3578863,824,false,
107579,ERR3578864,668,false,
107580,ERR3578865,657,false,
107581,ERR3578866,22,false,
107582,ERR3578867,22,false,
107583,ERR3578868,22,false,
107584,ERR3578869,18,false,
107585,ERR3578870,657,false,
107586,ERR3578871,22,false,
107587,ERR3578872,657,false,
107588,ERR3578874,1006,false,
107589,ERR3578873,22,false,
107590,ERR3578875,1006,false,
107591,ERR3578876,367,false,
107592,ERR3578877,18,false,
107593,ERR3578878,1594,false,
107594,ERR3578879,16,false,
107595,ERR3578880,636,false,
107596,ERR3578881,22,false,
107597,ERR3578882,18,false,
107598,ERR3578883,1006,false,
107599,ERR3578884,1006,false,
107600,ERR3578885,367,false,
107601,ERR3578886,367,false,
107602,ERR3578887,16,false,
107603,ERR3578888,666,false,
107604,ERR3578889,378,false,
107605,ERR3578890,18,false,
107606,ERR3578891,657,false,
107607,ERR3578895,18,false,
107608,ERR3578896,21,false,
107609,ERR3578897,1006,false,
107610,ERR3578898,367,false,
107611,ERR3578899,18,false,
107612,ERR3578900,627,false,
107613,ERR3578902,669,false,
107614,ERR3578903,367,false,
107615,ERR3578905,666,false,
107616,ERR3578906,1006,false,
107617,ERR3578907,18,false,
107618,ERR3578908,1006,false,
107619,ERR3578909,1006,false,
107620,ERR3578910,1006,false,
107621,ERR3578911,1006,false,
107622,ERR3578912,18,false,
107623,ERR3578913,666,false,
107624,ERR3578914,1006,false,
107625,ERR3578915,666,false,
107626,ERR3578916,367,false,
107627,ERR3578917,18,false,
107628,ERR3578919,16,false,
107629,ERR3578920,378,false,
107630,ERR3578921,1006,false,
107631,ERR3578922,16,false,
107632,ERR3578923,18,false,
107633,ERR3578924,628,false,
107634,ERR3578925,18,false,
107635,ERR3578926,367,false,
107636,ERR3578928,1006,false,
107637,ERR3578929,1006,false,
107638,ERR3578930,18,false,
107639,ERR3578931,18,false,
107640,ERR3578932,367,false,
107641,ERR3578933,367,false,
107642,ERR3578934,18,false,
107643,ERR3578935,18,false,
107644,ERR3578936,1006,false,
107645,ERR3578937,1006,false,
107646,ERR3578938,367,false,
107647,ERR3578939,1006,false,
107648,ERR3578940,657,false,
107649,ERR3578941,1006,false,
107650,ERR3578942,367,false,
107651,ERR3578943,367,false,
107652,ERR3578945,666,false,
107653,ERR3578946,367,false,
107654,ERR3578947,16,false,
107655,ERR3578948,367,false,
107656,ERR3578949,18,false,
107657,ERR3578950,18,false,
107658,ERR3578951,628,false,
107659,ERR3578952,22,false,
107660,ERR3578953,1595,false,
107661,ERR3578954,18,false,
107662,ERR3578957,841,false,
107663,ERR3578956,367,false,
107664,ERR3578958,1006,false,
107665,ERR3578960,367,false,
107666,ERR3578961,666,false,
107667,ERR3578962,16,false,
107668,ERR3578963,367,false,
107669,ERR3578964,21,false,
107670,ERR3578965,666,false,
107671,ERR3578966,16,false,
107672,ERR3578969,627,false,
107673,ERR3578970,367,false,
107674,ERR3578971,1006,false,
107675,ERR3578972,22,false,
107676,ERR3578973,367,false,
107677,ERR3578974,367,false,
107678,ERR3578975,1006,false,
107679,ERR3578976,1006,false,
107680,ERR3578977,367,false,
107681,ERR3578979,666,false,
107682,ERR3578980,18,false,
107683,ERR3578982,824,false,
107684,ERR3578983,22,false,
107685,ERR3578984,16,false,
107686,ERR3578985,627,false,
107687,ERR3578986,367,false,
107688,ERR3578987,16,false,
107689,ERR3578988,18,false,
107690,ERR3578989,1006,false,
107691,ERR3578990,1006,false,
107692,ERR3578991,666,false,
107693,ERR3578992,824,false,
107694,ERR3578993,18,false,
107695,ERR3578994,666,false,
107696,ERR3578995,18,false,
107697,ERR3578996,18,false,
107698,ERR3578997,18,false,
107699,ERR3578998,367,false,
107700,ERR3578999,,false,
107701,ERR3579000,18,false,
107702,ERR3579001,367,false,
107703,ERR3579002,1006,false,
107704,ERR3579003,367,false,
107705,ERR3579004,1006,false,
107706,ERR3579005,635,false,
107707,ERR3579006,367,false,
107708,ERR3579007,18,false,
107709,ERR3579008,18,false,
107710,ERR3579009,1006,false,
107711,ERR3579010,18,false,
107712,ERR3579011,18,false,
107713,ERR3579012,21,false,
107714,ERR3579013,1006,false,
107715,ERR3579014,1006,false,
107716,ERR3579015,367,false,
107717,ERR3579016,,false,
107718,ERR3579017,1006,false,
107719,ERR3579018,21,false,
107720,ERR3579019,373,false,
107721,ERR3579020,367,false,
107722,ERR3579021,367,false,
107723,ERR3579022,367,false,
107724,ERR3579023,18,false,
107725,ERR3579024,367,false,
107726,ERR3579025,373,false,
107727,ERR3579026,1006,false,
107728,ERR3579027,367,false,
107729,ERR3579028,367,false,
107730,ERR3579029,367,false,
107731,ERR3579030,367,false,
107732,ERR3579031,22,false,
107733,ERR3579032,21,false,
107734,ERR3579033,367,false,
107735,ERR3579034,16,false,
107736,ERR3579035,16,false,
107737,ERR3579036,18,false,
107738,ERR3579037,1006,false,
107739,ERR3579039,367,false,
107740,ERR3579040,1006,false,
107741,ERR3579042,1006,false,
107742,ERR3579043,378,false,
107743,ERR3579044,367,false,
107744,ERR3579046,1006,false,
107745,ERR3579047,22,false,
107746,ERR3579049,18,false,
107747,ERR3579050,22,false,
107748,ERR3579052,627,false,
107749,ERR3579053,22,false,
107750,ERR3579054,16,false,
107751,ERR3579055,18,false,
107752,ERR3579056,16,false,
107753,ERR3579057,22,false,
107754,ERR3579058,18,false,
107755,ERR3579059,16,false,
107756,ERR3579060,373,false,
107757,ERR3579061,21,false,
107758,ERR3579062,18,false,
107759,ERR3579063,367,false,
107760,ERR3579064,16,false,
107761,ERR3579066,22,false,
107762,ERR3579067,22,false,
107763,ERR3579068,666,false,
107764,ERR3579069,367,false,
107765,ERR3579070,367,false,
107766,ERR3579071,666,false,
107767,ERR3579072,1122,false,
107768,ERR3579073,3354,false,
107769,ERR3579074,367,false,
107770,ERR3579075,666,false,
107771,ERR3579076,18,false,
107772,ERR3579077,16,false,
107773,ERR3579079,4405,false,
107774,ERR3579080,18,false,
107775,ERR3579081,,false,
107776,ERR3579082,666,false,
107777,ERR3579083,367,false,
107778,ERR3579084,18,false,
107779,ERR3579085,22,false,
107780,ERR3579086,22,false,
107781,ERR3579087,18,false,
107782,ERR3579088,18,false,
107783,ERR3579089,666,false,
107784,ERR3579090,16,false,
107785,ERR3579091,3847,false,
107786,ERR3579092,367,false,
107787,ERR3579093,666,false,
107788,ERR3579094,18,false,
107789,ERR3579095,18,false,
107790,ERR3579096,1006,false,
107791,ERR3579097,21,false,
107792,ERR3579098,18,false,
107793,ERR3579099,367,false,
107794,ERR3579100,367,false,
107795,ERR3579101,18,false,
107796,ERR3579102,367,false,
107797,ERR3579103,1006,false,
107798,ERR3579104,18,false,
107799,ERR3579105,636,false,
107800,ERR3579106,22,false,
107801,ERR3579107,367,false,
107802,ERR3579108,666,false,
107803,ERR3579109,657,false,
107804,ERR3579112,367,false,
107805,ERR3579113,367,false,
107806,ERR3579115,666,false,
107807,ERR3579116,367,false,
107808,ERR3579117,367,false,
107809,ERR3579119,1006,false,
107810,ERR3579120,367,false,
107811,ERR3579121,22,false,
107812,ERR3579123,367,false,
107813,ERR3579124,16,false,
107814,ERR3579125,22,false,
107815,ERR3579126,367,false,
107816,ERR3579127,367,false,
107817,ERR3579128,367,false,
107818,ERR3579130,666,false,
107819,ERR3579132,18,false,
107820,ERR3579133,22,false,
107821,ERR3579135,367,false,
107822,ERR3579136,18,false,
107823,ERR3579137,1006,false,
107824,ERR3579138,18,false,
107825,ERR3579139,367,false,
107826,ERR3579140,16,false,
107827,ERR3579141,1006,false,
107828,ERR3579142,16,false,
107829,ERR3579143,18,false,
107830,ERR3579144,16,false,
107831,ERR3579145,16,false,
107832,ERR3579146,18,false,
107833,ERR3579147,636,false,
107834,ERR3579148,16,false,
107835,ERR3579149,666,false,
107838,324_2018,16,false,
107839,335_2018,16,false,
107840,378_2018,16,false,
107841,433_2018,16,false,
107842,GCGS0718,18,false,
107843,GCGS0865,18,false,
107844,GCGS0724,18,false,
107845,GCGS0824,18,false,
107846,GCGS0866,18,false,
107847,GCGS0867,18,false,
107848,GCGS0846,18,false,
107849,GCGS0825,18,false,
107850,GCGS0826,18,false,
107851,ERR1448255,2242,false,
107852,ERR2631753,18,false,
107853,ERR2631754,378,false,
107854,ERR2865779,18,false,
107855,ERR2865780,18,false,
107856,ERR3965143,654,false,
107857,ERR3959382,16,false,
107858,ERR3959407,16,false,
107859,ERR3959585,16,false,
107860,ERR3959621,16,false,
107861,ERR3959643,16,false,
107862,ERR4160187,18,false,
107863,ERR4160246,16,false,
107864,ERR4160255,378,false,
107865,ERR4160263,16,false,
107866,ERR4160264,378,false,
107867,ERR4160265,378,false,
107868,ERR4160266,378,false,
107869,ERR4160267,378,false,
107870,ERR4160268,378,false,
107871,ERR4160668,378,false,
107872,ERR4160670,378,false,
107873,ERR4160677,378,false,
107874,ERR4160678,378,false,
107875,ERR4160690,378,false,
107876,ERR4160695,378,false,
107877,ERR4160702,378,false,
107878,ERR4160703,378,false,
107879,ERR4160704,16,false,
107880,ERR4160705,378,false,
107881,ERR4160707,378,false,
107882,ERR4161229,378,false,
107883,ERR4161233,378,false,
107884,ERR4161234,378,false,
107885,ERR4161235,666,false,
107886,ERR4161242,16,false,
107887,ERR4161251,378,false,
107888,ERR4161252,378,false,
107889,ERR4161253,378,false,
107890,ERR4161254,378,false,
107891,ERR4161258,378,false,
107892,ERR4161270,378,false,
107893,ERR4161393,378,false,
107894,ERR4161395,16,false,
107895,ERR956684,21,false,
107896,GCWGS-0057,16,false,
107897,GCWGS-0074,367,false,
107898,GCWGS-0088,367,false,
107899,GCWGS-0105,16,false,
107900,GCWGS-0123,16,false,
107901,GCWGS-0136,367,false,
107902,GCWGS-0224,16,false,
107904,GCWGS-0291,16,false,
107905,GCWGS-0304,18,false,
107906,GCWGS-0305,18,false,
107907,GCWGS-0370,16,false,
107908,GCWGS-0403,16,false,
107909,GCWGS-0557,367,false,
107910,GCWGS-0560,367,false,
107911,GCWGS-0582,16,false,
107912,GCWGS-0642,16,false,
107913,GCWGS-0645,16,false,
107914,GCWGS-0692,367,false,
107915,GCWGS-0751,3353,false,
107916,GCWGS-0782,18,false,
107917,GCWGS-0784,18,false,
107918,GCWGS-0801,16,false,
107919,GCWGS-0802,18,false,
107920,GCWGS-0804,3774,false,
107921,GCWGS-0805,16,false,
107922,GCWGS-0807,,false,
107923,GCWGS-0818,16,false,
107924,GCWGS-0821,3353,false,
107925,GCWGS-0840,18,false,
107926,GCWGS-0906,18,false,
107927,GCWGS-0920,18,false,
107928,GCWGS-0924,16,false,
107929,GCWGS-0925,18,false,
107930,GCWGS-0930,16,false,
107931,GCWGS-0931,18,false,
107932,GCWGS-0935,16,false,
107933,GCWGS-0947,16,false,
107934,GCWGS-0948,21,false,
107935,GCWGS-0950,18,false,
107936,GCWGS-0951,21,false,
107937,GCWGS-0966,367,false,
107938,GCWGS-0972,3776,false,
107939,GCWGS-0974,18,false,
107940,GCWGS-1091,635,false,
107941,GCWGS-1100,16,false,
107942,GCWGS-1101,18,false,
107943,GCWGS-1107,18,false,
107944,GCWGS-1115,16,false,
107945,GCWGS-1117,21,false,
107946,GCWGS-1140,3353,false,
107947,GCWGS-1152,18,false,
107948,GCWGS-1153,18,false,
107949,GCWGS-1301,16,false,
107950,GCWGS-1335,3775,false,
107951,GCWGS-1359,16,false,
107952,GCWGS-1576,16,false,
107953,GCWGS-1606,21,false,
107954,GCWGS-1749,3353,false,
107955,GCWGS-1765,16,false,
107956,GCWGS-1776,21,false,
107957,GCWGS-1782,378,false,
107958,GCWGS-1790,378,false,
107959,GCWGS-1889,1006,false,
107960,GCWGS-1897,,false,
107961,GCWGS-1905,18,false,
107962,GCWGS-1940,367,false,
107963,GCWGS-2812,16,false,
107964,GCWGS-3218,3353,false,
107965,GCWGS-3267,21,false,
107966,GCWGS-3302,21,false,
107967,GCWGS-3432,21,false,
107968,GCWGS-3433,21,false,
107969,GCWGS-3434,21,false,
107970,GCWGS-3435,21,false,
107971,GCWGS-3574,21,false,
107972,GCWGS-3626,16,false,
107973,GCWGS-3633,378,false,
107974,GCWGS-4012,16,false,
107975,GCWGS-4019,21,false,
107976,GCWGS-4022,21,false,
107977,GCWGS-4023,21,false,
107978,GCWGS-4026,21,false,
107979,GCWGS-4027,21,false,
107980,GCWGS-4500,3353,false,
107981,GCWGS-4503,3353,false,
107982,GCWGS-4677,21,false,
107983,GCWGS-4761,21,false,
107984,GCWGS-4942,18,false,
107985,GCWGS-5804,21,false,
107986,GCWGS-6438,3353,false,
107987,GCWGS-6621,666,false,
107988,GCWGS-7296,3353,false,
107989,GCWGS-7318,3966,false,
107990,GCWGS-7410,3966,false,
107991,GCWGS-7411,3966,false,
107992,GCWGS-7412,3964,false,
107993,GCWGS-7660,3966,false,
107994,GCWGS-9375,3353,false,
107995,GCWGS-9882,3357,false,
107996,LRRBGS-0621,18,false,
107997,LRRBGS-0630,16,false,
107998,LRRBGS-0643,21,false,
107999,LRRBGS-0675,18,false,
108000,LRRBGS-0761,21,false,
108001,LRRBGS-0762,21,false,
108002,LRRBGS-0763,21,false,
108003,LRRBGS-0764,18,false,
108004,LRRBGS-0765,21,false,
108005,LRRBGS-0766,16,false,
108006,LRRBGS-0767,16,false,
108007,SRR8071033,3353,false,
108008,SRR8071130,16,false,
108009,SRR8071151,3353,false,
108010,SRR8071336,3353,false,
108011,SRR8071367,3353,false,
108012,SRR8071425,367,false,
108013,SRR8079702,18,false,
108014,SRR8079704,18,false,
108015,SRR8329779,3776,false,
108016,SRR8329831,18,false,
108017,SRR8329832,21,false,
108018,AUSMDU00014466,378,false,
108019,CA_51742,18,false,
108020,21ME000009,13,false,
108021,Nm_3-20,424,false,
108022,Nm_4-20,39,false,
108023,Nm_5-20,62,false,
108024,Nm_6-20,259,false,
108025,Nm_7-20,57,false,
108026,Nm_8-20,1,false,
108027,Nm_11-20,3,false,
108028,Nm_14-20,1,false,
108029,Nm_16-20,57,false,
108030,Nm_18-20,49,false,
108031,Nm_19-20,67,false,
108032,Nm_20-20,97,false,
108033,Nm_22-20,257,false,
108034,Nm_23-20,62,false,
108035,Nm_24-20,3848,false,
108036,Nm_27-20,318,false,
108037,Nm_29-20,39,false,
108038,Nm_31-20,77,false,
108039,Nm_32-20,9,false,
108040,Nm_33-20,150,false,
108041,Nm_34-20,93,false,
108042,Nm_36-20,87,false,
108043,Nm_43-20,49,false,
108044,Nm_48-20,1,false,
108045,Nm_5-21,3849,false,
108046,2005-L0001B-5,,false,
108047,2005-L0011B-2,,false,
108048,2012jk-L0002,,false,
108049,2012jk-L0025,,false,
108050,2012jk-L0028,,false,
108051,2012jk-L0034,,false,
108052,2012jk-L0048,,false,
108053,2013jk-L0035,,false,
108054,2013jk-L0044,,false,
108055,2013jk-L0056,,false,
108056,2014jk-L0002,,false,
108057,2014jk-L0032,,false,
108058,2014jk-L0035,,false,
108059,2014jk-L0049,,false,
108060,2014jk-L0052,,false,
108061,2014jk-L0054,,false,
108062,21GB000421,3359,false,
108063,NIID805,,false,
108070,DE14735,93,false,
108071,MZ038/21,,false,
108072,DE14738,2926,false,
108073,MZ043/21,,false,
108074,DE14744,424,false,
108075,DE14745,1,false,
108076,MZ051/21,,false,
108077,DE14747,4108,false,
108078,DE14749,77,false,
108079,DE14750,,false,
108080,DE14751,67,false,
108081,DE14752,3874,false,
108082,DE14754,47,false,
108083,DE14753,3875,false,
108084,DE14755,3876,false,
108085,DE14756,87,false,
108086,DE14757,93,false,
108087,DE14759,424,false,
108088,DE14761,64,false,
108089,DE14763,3877,false,
108090,DE14764,424,false,
108091,SMG-21-1596,318,false,
108092,9763,,false,
108093,9778,,false,
108165,Nei0157,4116,false,
108166,Nei0386,,false,
108169,Nmen321,9,false,
108170,Nmen320,93,false,
108171,Nmen314,,false,
108172,Nmen308,150,false,
108173,Nmen8,137,false,
108174,Nmen5,150,false,
108175,Nmen4,87,false,
108222,21GB000472,22,false,
108223,21ME000010,62,false,
108224,M53345,,false,
108225,M53065,,false,
108226,M48692,,false,
108227,NEIS-21-473,16,false,
108228,NEIS-21-470,16,false,
108229,9699,,false,
108230,9745,,false,
108231,9730,,false,
108232,9710,,false,
108233,60791,,false,
108234,60751,,false,
108235,60831,,false,
108236,60709,,false,
108237,60726,,false,
108238,60814,,false,
108239,M21 240122,259,false,
108240,9749,,false,
108241,9753,,false,
108242,9772,,false,
108243,9717,,false,
108244,9734,,false,
108245,9756,,false,
108246,9759,,false,
108247,9782,,false,
108248,202129037,,false,
108249,9822,,false,
108250,9835,,false,
108251,9840,,false,
108252,59193,,false,
108253,59199,,false,
108254,59222,,false,
108255,59247,,false,
108256,NTUH_6739,,false,
108257,NTUH_13717,,false,
108258,KU16054,18,false,
108259,KM383,18,false,
108260,KU17039,18,false,
108261,FC428,18,false,
108262,FC460,18,false,
108263,FC498,18,false,
108266,Nmen322,407,false,
108267,Nmen327,1156,false,
108268,9806,,false,
108269,9807,,false,
108270,9791,,false,
108271,9716,,false,
108272,9783,,false,
108273,9813,,false,
108274,9818,,false,
108275,BH01,1943,false,
108276,BH02,18,false,
108277,BH03,367,false,
108278,BH04,16,false,
108279,BH05,16,false,
108280,BH06,18,false,
108281,BH07,367,false,
108282,BH08,16,false,
108283,BH10,1011,false,
108284,BH11,378,false,
108285,BH12,367,false,
108286,BH13,367,false,
108287,BH14,1597,false,
108288,BH15,18,false,
108289,BH16,378,false,
108290,BH17,367,false,
108291,BH18,657,false,
108292,BH19,367,false,
108293,BH20,,false,
108294,BH21,367,false,
108295,BH22,367,false,
108296,BH24,657,false,
108297,BH25,18,false,
108298,BH26,16,false,
108299,BH27,367,false,
108300,BH28,636,false,
108301,BH29,367,false,
108302,BH30,22,false,
108303,BH31,367,false,
108304,BH32,16,false,
108305,BH33,636,false,
108306,BH34,,false,
108307,BH35,636,false,
108308,BH36,643,false,
108309,BH37,1006,false,
108310,BH38,657,false,
108311,BH39,18,false,
108312,BH40,16,false,
108313,BH41,657,false,
108314,BH42,18,false,
108315,BH43,18,false,
108316,BH44,16,false,
108317,BH45,,false,
108318,BH46,1006,false,
108319,BH47,18,false,
108320,BH48,636,false,
108321,BH49,21,false,
108322,BH50,657,false,
108323,BH51,16,false,
108324,BH52,636,false,
108325,BH53,18,false,
108326,BH54,18,false,
108327,BH55,367,false,
108328,BH56,18,false,
108329,BH57,657,false,
108330,BH58,21,false,
108331,BH59,,false,
108332,BH60,18,false,
108333,BH61,367,false,
108334,BH62,378,false,
108335,BH63,18,false,
108336,BH64,16,false,
108337,BH65,18,false,
108338,BH66,666,false,
108339,BH67,,false,
108340,BH68,18,false,
108341,BH69,841,false,
108342,BH70,378,false,
108343,BH71,16,false,
108344,BH72,666,false,
108345,BH73,367,false,
108346,BH74,18,false,
108347,BH75,18,false,
108348,BH76,18,false,
108349,BH78,16,false,
108350,BH79,16,false,
108351,BH80,18,false,
108352,BH81,16,false,
108353,BH82,22,false,
108354,BH83,18,false,
108355,BH84,,false,
108356,BH85,2375,false,
108357,BH86,18,false,
108358,BH88,636,false,
108359,BH89,657,false,
108360,BH90,18,false,
108361,BH91,18,false,
108362,BH92,18,false,
108363,BH93,657,false,
108364,BH95,367,false,
108365,BH96,16,false,
108366,BH97,367,false,
108367,BH98,367,false,
108368,BH99,367,false,
108369,BH100,1006,false,
108370,BH101,1598,false,
108371,BH102,367,false,
108372,BH103,18,false,
108373,BH104,1006,false,
108374,BH105,18,false,
108375,BR01,18,false,
108376,BR02,23,false,
108377,BR03,18,false,
108378,BR04,666,false,
108379,BR05,18,false,
108380,BR07,18,false,
108381,BR08,18,false,
108382,BR09,1006,false,
108383,BR10,367,false,
108384,BR11,18,false,
108385,BR12,18,false,
108386,BR13,18,false,
108387,BR14,18,false,
108388,BR15,636,false,
108389,BR16,16,false,
108390,BR17,1943,false,
108391,BR18,16,false,
108392,BR19,16,false,
108393,BR20,367,false,
108394,BR21,367,false,
108395,BR26,,false,
108396,BR27,636,false,
108397,BR28,18,false,
108398,BR29,632,false,
108399,BR30,373,false,
108400,BR31,378,false,
108401,BR32,18,false,
108402,BR33,21,false,
108403,BR34,18,false,
108404,BR35,,false,
108405,BR36,18,false,
108406,BR37,632,false,
108407,BR38,657,false,
108408,BR39,18,false,
108409,BR40,,false,
108410,BR41,16,false,
108411,BR42,18,false,
108412,BR43,18,false,
108413,BR44,18,false,
108414,BR45,16,false,
108415,BR47,367,false,
108416,BR48,18,false,
108417,BR49,21,false,
108418,BR50,18,false,
108419,BR51,18,false,
108420,BR52,16,false,
108421,BR53,18,false,
108422,BR54,18,false,
108423,BR55,18,false,
108424,BR56,367,false,
108425,BR57,22,false,
108426,BR58,16,false,
108427,BR59,657,false,
108428,BR60,1006,false,
108429,BR61,18,false,
108430,BR62,18,false,
108431,BR63,18,false,
108432,BR64,,false,
108433,BR65,,false,
108434,BR66,367,false,
108435,BR67,18,false,
108436,BR69,367,false,
108437,BR70,,false,
108438,BR71,1006,false,
108439,BR72,367,false,
108440,FL1,16,false,
108441,FL2,666,false,
108442,FL3,378,false,
108443,FL4,22,false,
108444,FL10,18,false,
108445,FL11,1943,false,
108446,FL12,636,false,
108447,FL13,1006,false,
108448,FL14,,false,
108449,FL15,16,false,
108450,FL16,18,false,
108451,FL17,2198,false,
108452,FL18,18,false,
108453,FL19,16,false,
108454,FL20,18,false,
108455,FL21,18,false,
108456,FL22,16,false,
108457,FL23,16,false,
108458,FL24,1006,false,
108459,FL25,367,false,
108460,FL26,636,false,
108461,FL27,18,false,
108462,FL28,18,false,
108463,FL29,485,false,
108464,FL30,18,false,
108465,FL31,16,false,
108466,FL32,18,false,
108467,FL33,367,false,
108468,FL34,367,false,
108469,FL35,636,false,
108470,FL36,,false,
108471,FL37,,false,
108472,FL38,18,false,
108473,FL39,,false,
108474,FL40,,false,
108475,FL41,18,false,
108476,FL42,378,false,
108477,FL43,636,false,
108478,FL44,373,false,
108479,FL45,636,false,
108480,FL46,4644,false,
108481,FL47,4644,false,
108482,FL48,16,false,
108483,Arg-5466,16,false,
108484,Arg-5594,16,false,
108485,Arg-5642,16,false,
108486,Arg-5698,16,false,
108487,Arg-5699,16,false,
108488,Arg-5717,16,false,
108489,Arg-5718,16,false,
108490,Arg-5745,16,false,
108491,Arg-5774,378,false,
108492,Arg-5834,21,false,
108493,Arg-5882,378,false,
108494,Arg-5972,378,false,
108495,Arg-5973,378,false,
108496,Arg-6245,16,false,
108497,Arg-6251,378,false,
108498,Arg-6389,16,false,
108499,Arg-6410,378,false,
108500,Arg-6419,16,false,
108501,Arg-6447,16,false,
108502,Arg-6449,16,false,
108503,Arg-6452,,false,
108504,Arg-6456,16,false,
108505,Arg-6519,378,false,
108506,Arg-6554,21,false,
108507,Arg-6559,16,false,
108508,Arg-6635,16,false,
108509,Arg-6682,16,false,
108510,Arg-6699,16,false,
108511,Arg-6747,16,false,
108512,Arg-6774,16,false,
108513,Arg-6816,16,false,
108514,Arg-6820,16,false,
108515,Arg-6899,21,false,
108516,Arg-6904,16,false,
108517,Arg-6908,16,false,
108518,Arg-6951,16,false,
108519,Arg-7013,378,false,
108520,7069,18,false,
108521,Arg-7089,378,false,
108522,Arg-7158,378,false,
108523,Arg-7209,378,false,
108524,Arg-7211,378,false,
108525,Arg-7245,16,false,
108526,Arg-7268,378,false,
108527,Arg-7269,378,false,
108528,Arg-7274,16,false,
108529,Arg-7341,16,false,
108530,Arg-7356,16,false,
108531,Arg-7399,378,false,
108532,Arg-7417,16,false,
108533,Arg-7420,16,false,
108534,Arg-7458,16,false,
108535,Arg-7467,16,false,
108536,Arg-7470,378,false,
108537,Arg-7475,378,false,
108538,Arg-7477,,false,
108539,Arg-7478,378,false,
108540,Arg-7480,378,false,
108541,Arg-7484,378,false,
108542,Arg-7489,378,false,
108543,Arg-7583,378,false,
108544,Arg-7604,378,false,
108545,Arg-7607,378,false,
108546,Arg-7627,378,false,
108547,Arg-7635,16,false,
108548,Arg-7639,378,false,
108549,Arg-7648,378,false,
108550,Arg-7655,16,false,
108551,Arg-7677,378,false,
108552,Arg-7680,16,false,
108553,Arg-7705,378,false,
108554,Arg-7711,16,false,
108555,Arg-7715,16,false,
108556,Arg-7721,378,false,
108557,Arg-7728,378,false,
108558,Arg-7739,378,false,
108559,Arg-7743,16,false,
108560,Arg-7744,16,false,
108561,Arg-7745,16,false,
108562,Arg-7749,378,false,
108563,Arg-7753,378,false,
108564,Arg-7756,378,false,
108565,Arg-7757,16,false,
108566,Arg-7813,16,false,
108567,Arg-7814,16,false,
108568,Arg-7835,16,false,
108569,Arg-7836,16,false,
108570,Arg-7865,378,false,
108571,Arg-7900,378,false,
108572,Arg-7907,16,false,
108573,Arg-7920,378,false,
108574,Arg-7939,16,false,
108575,Arg-7949,378,false,
108576,Arg-7950,378,false,
108577,Arg-7991,378,false,
108578,Arg-7993,16,false,
108579,Arg-7999,16,false,
108580,Arg-8001,378,false,
108581,Arg-8016,378,false,
108582,Arg-8017,378,false,
108583,Arg-8027,,false,
108584,Arg-8060,378,false,
108585,Arg-8063,378,false,
108586,Arg-8065,16,false,
108587,Arg-8069,378,false,
108588,Arg-8071,16,false,
108589,Arg-8172,16,false,
108590,Arg-8179,18,false,
108591,Arg-8197,18,false,
108592,Arg-8288,16,false,
108593,Arg-8378,16,false,
108594,Arg-8382,378,false,
108595,Arg-8411,16,false,
108596,Arg-8413,378,false,
108597,Arg-8544,16,false,
108598,Arg-8551,378,false,
108599,Arg-8671,16,false,
108600,Arg-8673,16,false,
108601,Arg-8679,378,false,
108602,Arg-8821,378,false,
108603,Arg-8954,16,false,
108604,Arg-8975,18,false,
108605,Arg-9100,16,false,
108606,Arg-9102,378,false,
108607,Arg-9143,18,false,
108608,NGPT03001,,false,
108609,NGPT03002,636,false,
108610,NGPT03003,,false,
108611,NGPT03004,22,false,
108612,NGPT03005,,false,
108613,NGPT03006,,false,
108614,NGPT03007,636,false,
108615,NGPT03008,,false,
108616,NGPT03009,636,false,
108617,NGPT03010,18,false,
108618,NGPT03011,,false,
108619,NGPT03012,,false,
108620,NGPT03013,18,false,
108621,NGPT03014,378,false,
108622,NGPT03015,644,false,
108623,NGPT03016,644,false,
108624,NGPT03017,657,false,
108625,NGPT04001,,false,
108626,NGPT04002,18,false,
108627,NGPT04003,636,false,
108628,NGPT04004,,false,
108629,NGPT04005,,false,
108630,NGPT04006,,false,
108631,NGPT04007,,false,
108632,NGPT04008,,false,
108633,NGPT04009,367,false,
108634,NGPT04010,16,false,
108635,NGPT04011,,false,
108636,NGPT04012,367,false,
108637,NGPT04013,21,false,
108638,NGPT04014,18,false,
108639,NGPT04015,367,false,
108640,NGPT04016,,false,
108641,NGPT04017,636,false,
108642,NGPT05002,,false,
108643,NGPT05005,,false,
108644,NGPT05006,,false,
108645,NGPT05007,,false,
108646,NGPT05008,,false,
108647,NGPT05009,367,false,
108648,NGPT05010,,false,
108649,NGPT05012,22,false,
108650,NGPT05013,21,false,
108651,NGPT05014,,false,
108652,NGPT05015,,false,
108653,NGPT05018,18,false,
108654,NGPT05019,367,false,
108655,NGPT05020,18,false,
108656,NGPT05021,21,false,
108657,NGPT05022,21,false,
108658,NGPT05023,18,false,
108659,NGPT05024,367,false,
108660,NGPT05025,18,false,
108661,NGPT05026,367,false,
108662,NGPT06001,636,false,
108663,NGPT06002,678,false,
108664,NGPT06003,21,false,
108665,NGPT06004,367,false,
108666,NGPT06005,18,false,
108667,NGPT06006,18,false,
108668,NGPT06007,367,false,
108669,NGPT06008,367,false,
108670,NGPT06009,642,false,
108671,NGPT06010,21,false,
108672,NGPT06011,18,false,
108673,NGPT06012,367,false,
108674,NGPT06013,21,false,
108675,NGPT06014,18,false,
108676,NGPT06015,21,false,
108677,NGPT06016,16,false,
108678,NGPT06017,367,false,
108679,NGPT06018,367,false,
108680,NGPT06019,367,false,
108681,NGPT06020,21,false,
108682,NGPT06021,21,false,
108683,NGPT06022,,false,
108684,NGPT06023,18,false,
108685,NGPT06024,21,false,
108686,NGPT06025,18,false,
108687,NGPT06026,18,false,
108688,NGPT06027,16,false,
108689,NGPT06028,18,false,
108690,NGPT06029,16,false,
108691,NGPT07001,21,false,
108692,NGPT07002,21,false,
108693,NGPT07003,16,false,
108694,NGPT07013,21,false,
108695,NGPT07015,18,false,
108696,NGPT07016,21,false,
108697,NGPT07018,21,false,
108698,NGPT07019,21,false,
108699,NGPT07020,21,false,
108700,NGPT07021,18,false,
108701,NGPT07024,16,false,
108702,NGPT07025,18,false,
108703,NGPT07030,18,false,
108704,NGPT07034,18,false,
108705,NGPT07036,369,false,
108706,NGPT07041,21,false,
108707,NGPT07042,18,false,
108708,NGPT07044,21,false,
108709,NGPT07046,21,false,
108710,NGPT07050,21,false,
108711,NGPT07054,21,false,
108712,NGPT07059,18,false,
108713,NGPT07060,18,false,
108714,NGPT07062,21,false,
108715,NGPT07065,21,false,
108716,NGPT07066,21,false,
108717,NGPT07068,21,false,
108718,NGPT07069,16,false,
108719,NGPT07072,21,false,
108720,NGPT07075,21,false,
108721,NGPT07076,16,false,
108722,NGPT07077,,false,
108723,NGPT07078,21,false,
108724,NGPT08007,367,false,
108725,NGPT08008,367,false,
108726,NGPT08009,18,false,
108727,NGPT08011,16,false,
108728,NGPT08013,18,false,
108729,NGPT08014,18,false,
108730,NGPT08015,18,false,
108731,NGPT08017,16,false,
108732,NGPT08020,16,false,
108733,NGPT08023,21,false,
108734,NGPT08024,,false,
108735,NGPT08026,16,false,
108736,NGPT08028,18,false,
108737,NGPT08032,369,false,
108738,NGPT08035,18,false,
108739,NGPT08036,18,false,
108740,NGPT08039,367,false,
108741,NGPT08040,21,false,
108742,NGPT08041,21,false,
108743,NGPT08042,18,false,
108744,NGPT08043,16,false,
108745,NGPT08044,21,false,
108746,NGPT08046,367,false,
108747,NGPT08050,16,false,
108748,NGPT08051,18,false,
108749,NGPT08054,16,false,
108750,NGPT08055,16,false,
108751,NGPT08058,18,false,
108752,NGPT08060,18,false,
108753,NGPT08062,18,false,
108754,NGPT09008,18,false,
108755,NGPT09015,,false,
108756,NGPT09016,,false,
108757,NGPT09018,16,false,
108758,NGPT09020,,false,
108759,NGPT09026,378,false,
108760,NGPT09029,16,false,
108761,NGPT09031,18,false,
108762,NGPT09035,16,false,
108763,NGPT09039,18,false,
108764,NGPT09040,16,false,
108765,NGPT09044,18,false,
108766,NGPT09054,18,false,
108767,NGPT09056,,false,
108768,NGPT09058,21,false,
108769,NGPT09059,18,false,
108770,NGPT09060,21,false,
108771,NGPT09063,16,false,
108772,NGPT09065,21,false,
108773,NGPT09066,16,false,
108774,NGPT09067,16,false,
108775,NGPT09069,18,false,
108776,NGPT09072,,false,
108777,NGPT09075,,false,
108778,NGPT09078,18,false,
108779,NGPT09079,21,false,
108780,NGPT09083,16,false,
108781,NGPT09084,16,false,
108782,NGPT09085,16,false,
108783,NGPT10004,,false,
108784,NGPT10005,21,false,
108785,NGPT10007,21,false,
108786,NGPT10011,18,false,
108787,NGPT10012,1006,false,
108788,NGPT10014,16,false,
108789,NGPT10019,16,false,
108790,NGPT10020,16,false,
108791,NGPT10025,16,false,
108792,NGPT10026,,false,
108793,NGPT10027,21,false,
108794,NGPT10029,21,false,
108795,NGPT10034,1006,false,
108796,NGPT10035,16,false,
108797,NGPT10039,21,false,
108798,NGPT10040,18,false,
108799,NGPT10043,16,false,
108800,NGPT10045,1006,false,
108801,NGPT10049,18,false,
108802,NGPT10051,16,false,
108803,NGPT10055,,false,
108804,NGPT10057,16,false,
108805,NGPT10060,16,false,
108806,NGPT10061,,false,
108807,NGPT10064,367,false,
108808,NGPT10065,18,false,
108809,NGPT10066,16,false,
108810,NGPT10068,16,false,
108811,NGPT10069,664,false,
108812,NGPT10071,16,false,
108813,NGPT10073,16,false,
108814,NGPT11003,16,false,
108815,NGPT11008,21,false,
108816,NGPT11009,16,false,
108817,NGPT11011,18,false,
108818,NGPT11012,16,false,
108819,NGPT11015,16,false,
108820,NGPT11021,18,false,
108821,NGPT11022,16,false,
108822,NGPT11023,16,false,
108823,NGPT11024,16,false,
108824,NGPT11026,1006,false,
108825,NGPT11037,,false,
108826,NGPT11039,16,false,
108827,NGPT11040,367,false,
108828,NGPT11048,16,false,
108829,NGPT11052,18,false,
108830,NGPT11054,16,false,
108831,NGPT11056,21,false,
108832,NGPT11065,16,false,
108833,NGPT11066,16,false,
108834,NGPT11070,16,false,
108835,NGPT11073,16,false,
108836,NGPT11076,16,false,
108837,NGPT11077,16,false,
108838,NGPT11079,16,false,
108839,NGPT11080,16,false,
108840,NGPT11089,18,false,
108841,NGPT11094,,false,
108842,NGPT11100,16,false,
108843,NGPT11107,18,false,
108844,NGPT11108,21,false,
108845,NGPT12001,,false,
108846,NGPT12002,367,false,
108847,NGPT12012,,false,
108848,NGPT12015,21,false,
108849,NGPT12020,16,false,
108850,NGPT12021,18,false,
108851,NGPT12026,16,false,
108852,NGPT12027,21,false,
108853,NGPT12030,16,false,
108854,NGPT12034,16,false,
108855,NGPT12037,16,false,
108856,NGPT12038,21,false,
108857,NGPT12044,16,false,
108858,NGPT12045,18,false,
108859,NGPT12049,18,false,
108860,NGPT12051,16,false,
108861,NGPT12057,16,false,
108862,NGPT12058,21,false,
108863,NGPT12063,18,false,
108864,NGPT12065,1006,false,
108865,NGPT12070,16,false,
108866,NGPT12071,16,false,
108867,NGPT12074,16,false,
108868,NGPT12083,4003,false,
108869,NGPT12087,16,false,
108870,NGPT12088,16,false,
108871,NGPT12094,16,false,
108872,NGPT12095,18,false,
108873,NGPT12100,16,false,
108874,NGPT12101,18,false,
108875,NGPT12103,18,false,
108876,NGPT12110,1006,false,
108877,NGPT13003,18,false,
108878,NGPT14004,1006,false,
108879,NGPT14006,3354,false,
108880,NGPT14009,1006,false,
108881,NGPT14019,3354,false,
108882,NGPT14023,,false,
108883,NGPT14025,18,false,
108884,NGPT14027,3354,false,
108885,NGPT14029,3354,false,
108886,NGPT14030,367,false,
108887,NGPT14031,,false,
108888,NGPT14050,3354,false,
108889,NGPT14055,,false,
108890,NGPT14069,378,false,
108891,NGPT14072,16,false,
108892,NGPT14073,,false,
108893,NGPT14076,16,false,
108894,NGPT14079,3354,false,
108895,NGPT14081,3354,false,
108896,NGPT14086,3354,false,
108897,NGPT14088,16,false,
108898,NGPT14097,630,false,
108899,NGPT14105,,false,
108900,NGPT14110,3354,false,
108901,NGPT14130,3354,false,
108902,NGPT14146,18,false,
108903,NGPT14152,,false,
108904,NGPT14156,3354,false,
108905,NGPT14170,18,false,
108906,NGPT14183,18,false,
108907,NGPT14189,16,false,
108908,NGPT14190,3354,false,
108909,NGPT14194,,false,
108910,NGPT15026,16,false,
108911,NGPT15029,,false,
108912,NGPT15033,16,false,
108913,NGPT15036,16,false,
108914,NGPT15040,3354,false,
108915,NGPT15042,18,false,
108916,NGPT15051,3354,false,
108917,NGPT15058,16,false,
108918,NGPT15059,16,false,
108919,NGPT15067,,false,
108920,NGPT15082,3354,false,
108921,NGPT15084,16,false,
108922,NGPT15085,16,false,
108923,NGPT15106,16,false,
108924,NGPT15112,16,false,
108925,NGPT15119,16,false,
108926,NGPT15121,3354,false,
108927,NGPT15122,16,false,
108928,NGPT15123,3354,false,
108929,NGPT15124,16,false,
108930,NGPT15142,,false,
108931,NGPT15144,3354,false,
108932,NGPT15148,21,false,
108933,NGPT15161,,false,
108934,NGPT15169,16,false,
108935,NGPT15178,18,false,
108936,NGPT15182,3354,false,
108937,NGPT15191,,false,
108938,NGPT15193,,false,
108939,NGPT15194,18,false,
108940,NGPT15204,636,false,
108941,NGPT15227,1006,false,
108942,NGPT15242,16,false,
108943,NGPT15247,16,false,
108944,NGPT16004,16,false,
108945,NGPT16005,3353,false,
108946,NGPT16010,16,false,
108947,NGPT16011,16,false,
108948,NGPT16024,16,false,
108949,NGPT16032,3354,false,
108950,NGPT16036,369,false,
108951,NGPT16096,,false,
108952,NGPT16118,16,false,
108953,NGPT16119,18,false,
108954,NGPT16121,16,false,
108955,NGPT16124,,false,
108956,NGPT16163,,false,
108957,NGPT16169,16,false,
108958,NGPT16175,,false,
108959,NGPT16176,18,false,
108960,NGPT16180,16,false,
108961,NGPT16197,367,false,
108962,NGPT16200,18,false,
108963,NGPT16219,651,false,
108964,NGPT16220,,false,
108965,NGPT16221,367,false,
108966,NGPT16226,16,false,
108967,NGPT16242,18,false,
108968,NGPT16259,18,false,
108969,NGPT16271,18,false,
108970,NGPT16272,16,false,
108971,NGPT16293,666,false,
108972,NGPT16295,18,false,
108973,NGPT16299,16,false,
108974,NGPT17020,367,false,
108975,NGPT17021,18,false,
108976,NGPT17023,378,false,
108977,NGPT17037,3354,false,
108978,NGPT17049,16,false,
108979,NGPT17051,16,false,
108980,NGPT17054,1006,false,
108981,NGPT17058,367,false,
108982,NGPT17059,824,false,
108983,NGPT17078,3354,false,
108984,NGPT17106,3354,false,
108985,NGPT17125,3354,false,
108986,NGPT17137,841,false,
108987,NGPT17168,3353,false,
108988,NGPT17183,16,false,
108989,NGPT17228,367,false,
108990,NGPT17230,367,false,
108991,NGPT17303,367,false,
108992,NGPT17312,16,false,
108993,NGPT17334,373,false,
108994,NGPT17357,18,false,
108995,NGPT17358,18,false,
108996,NGPT17359,367,false,
108997,NGPT17360,18,false,
108998,NGPT17361,367,false,
108999,NGPT17362,636,false,
109000,NGPT17365,16,false,
109001,NGPT17367,18,false,
109002,NGPT17368,367,false,
109003,NGPT17369,373,false,
109004,NGPT17371,22,false,
109005,NGPT17372,16,false,
109006,NGPT17374,367,false,
109007,NGPT17375,3353,false,
109008,NGPT17376,16,false,
109009,NGPT17377,668,false,
109010,NGPT17379,367,false,
109011,NGPT17380,18,false,
109012,NGPT17381,657,false,
109013,NGPT17382,367,false,
109014,NGPT17386,16,false,
109015,NGPT17390,,false,
109016,NGPT17391,367,false,
109017,NGPT17393,18,false,
109018,NGPT17394,18,false,
109019,NGPT17396,3354,false,
109020,NGPT17398,367,false,
109021,NGPT17399,3353,false,
109022,NGPT17400,18,false,
109023,NGPT17401,16,false,
109024,NGPT17402,3353,false,
109025,NGPT17403,18,false,
109026,NGPT17405,367,false,
109027,NGPT17406,22,false,
109028,NGPT17407,16,false,
109029,NGPT17408,1006,false,
109030,NGPT17409,367,false,
109031,NGPT17412,636,false,
109032,NGPT17413,367,false,
109033,NGPT17414,378,false,
109034,NGPT17417,367,false,
109035,NGPT17418,373,false,
109036,NGPT17419,18,false,
109037,NGPT17420,636,false,
109038,NGPT17422,18,false,
109039,NGPT17423,22,false,
109040,NGPT17425,18,false,
109041,NGPT17428,367,false,
109042,NGPT17430,373,false,
109043,NGPT17431,3354,false,
109044,NGPT17433,3354,false,
109045,NGPT17434,1006,false,
109046,NGPT17437,367,false,
109047,NGPT17438,3354,false,
109048,NGPT17439,367,false,
109049,NGPT17441,18,false,
109050,NGPT17442,16,false,
109051,NGPT17447,367,false,
109052,NGPT17448,367,false,
109053,NGPT17449,18,false,
109054,NGPT17450,367,false,
109055,NGPT17453,18,false,
109056,NGPT17454,367,false,
109057,NGPT17455,18,false,
109058,NGPT17456,367,false,
109059,NGPT17457,367,false,
109060,NGPT17458,18,false,
109061,NGPT17459,18,false,
109062,NGPT17460,367,false,
109063,NGPT17462,18,false,
109064,NGPT17463,18,false,
109065,NGPT17464,,false,
109066,NGPT17466,367,false,
109067,NGPT17467,16,false,
109068,NGPT17468,367,false,
109069,NGPT17469,1006,false,
109070,NGPT17474,367,false,
109071,NGPT17475,627,false,
109072,NGPT17476,636,false,
109073,NGPT17477,18,false,
109074,NGPT17479,654,false,
109075,NGPT17480,367,false,
109076,NGPT17481,3353,false,
109077,NGPT17483,373,false,
109078,NGPT17487,654,false,
109079,NGPT17488,367,false,
109080,NGPT17489,367,false,
109081,NGPT17490,367,false,
109082,NGPT17492,367,false,
109083,NGPT17493,16,false,
109084,NGPT17494,18,false,
109085,NGPT17496,636,false,
109086,NGPT17500,21,false,
109087,NGPT17502,3362,false,
109088,NGPT17506,367,false,
109089,NGPT17507,,false,
109090,NGPT17508,18,false,
109091,NGPT17510,18,false,
109092,NGPT17512,18,false,
109093,NGPT17513,18,false,
109094,NGPT17515,18,false,
109095,NGPT17516,18,false,
109096,NGPT17517,18,false,
109097,SA2018-601,367,false,
109098,SA2018-602,367,false,
109099,SA2018-603,18,false,
109100,SA2018-604,367,false,
109101,SA2018-605,18,false,
109102,SA2018-606,,false,
109103,SA2018-607,,false,
109104,SA2018-609,18,false,
109105,SA2018-610,,false,
109106,SA2018-611,,false,
109107,SA2018-612,,false,
109108,SA2018-613,5718,false,
109109,SA2018-614,367,false,
109110,SA2018-615,378,false,
109111,SA2019-810,,false,
109112,SA2019-812,367,false,
109113,SA2019-813,,false,
109114,SA2019-814,367,false,
109115,SA2019-815,,false,
109116,SA2019-816,18,false,
109117,SA2019-817,,false,
109118,SA2019-818,657,false,
109119,SA2019-819,18,false,
109120,SA2018-820,23,false,
109121,SA2018-821,367,false,
109122,ERR2632001,1006,false,
109123,ERR3200989,1006,false,
109124,ERR3200897,1006,false,
109125,ERR2631781,1006,false,
109126,ERR3200986,1006,false,
109127,ERR3200988,1006,false,
109128,ERR3201259,1006,false,
109129,ERR3200992,1006,false,
109130,ERR2632019,1006,false,
109131,ERR2631957,1006,false,
109132,ERR3201045,1006,false,
109133,ERR2631905,1006,false,
109134,ERR2631873,1006,false,
109135,ERR3201014,1006,false,
109136,ERR3201299,1006,false,
109137,ERR3201125,1006,false,
109138,ERR1837129,1006,false,
109139,ERR3201029,1006,false,
109140,ERR3201292,1006,false,
109141,ERR2631899,1006,false,
109142,ERR3201332,1006,false,
109143,ERR2631742,1006,false,
109144,ERR3200890,1006,false,
109145,ERR3201016,1006,false,
109146,ERR3201302,1006,false,
109147,ERR2631886,16,false,
109148,ERR3200962,16,false,
109149,ERR3201192,16,false,
109150,ERR3200972,16,false,
109151,ERR3201105,16,false,
109152,ERR1204785,16,false,
109153,ERR2631968,16,false,
109154,ERR3201040,16,false,
109155,ERR2631982,16,false,
109156,ERR2631847,16,false,
109157,ERR2631896,16,false,
109158,ERR2631949,16,false,
109159,ERR2631848,16,false,
109160,ERR2631761,16,false,
109161,ERR3201298,16,false,
109162,ERR3200882,16,false,
109163,ERR2631828,16,false,
109164,ERR3201168,16,false,
109165,ERR2631861,367,false,
109166,ERR3200853,367,false,
109167,ERR2631959,367,false,
109168,ERR3201019,367,false,
109169,ERR3201327,367,false,
109170,ERR3200921,367,false,
109171,ERR3200915,367,false,
109172,ERR3200954,367,false,
109173,ERR2631921,367,false,
109174,ERR1204783,367,false,
109175,ERR2631759,367,false,
109176,ERR3200909,367,false,
109177,ERR3201000,367,false,
109178,ERR3201007,367,false,
109179,ERR3201079,367,false,
109180,ERR3201090,367,false,
109181,ERR3201099,1006,false,
109182,ERR3201185,1006,false,
109183,ERR2631730,1006,false,
109184,ERR2631783,1006,false,
109185,ERR3201015,1006,false,
109186,ERR3201328,1006,false,
109187,ERR3201319,1006,false,
109188,ERR2632018,1006,false,
109189,ERR2632007,1006,false,
109190,ERR3201285,1006,false,
109191,ERR3201057,1006,false,
109192,ERR2631910,16,false,
109193,ERR3200943,16,false,
109194,ERR2631919,16,false,
109195,ERR3200908,16,false,
109196,ERR3201041,16,false,
109197,ERR3200945,16,false,
109198,ERR2631926,16,false,
109199,ERR2631756,16,false,
109200,ERR3201158,16,false,
109201,ERR3200834,16,false,
109202,ERR3201135,16,false,
109203,ERR3201153,16,false,
109204,ERR3200880,16,false,
109205,ERR2632005,16,false,
109206,ERR3201149,16,false,
109207,ERR3200932,16,false,
109208,ERR3201122,16,false,
109209,ERR2631878,16,false,
109210,ERR2632038,16,false,
109211,ERR3201075,367,false,
109212,ERR3200958,367,false,
109213,ERR2632033,367,false,
109214,ERR2632034,367,false,
109215,ERR3201267,367,false,
109216,ERR2631893,367,false,
109217,ERR2631942,367,false,
109218,ERR3200891,367,false,
109219,ERR2631775,367,false,
109220,ERR2631822,367,false,
109221,ERR3200998,367,false,
109222,ERR1837133,367,false,
109223,ERR3201326,367,false,
109224,ERR3200871,367,false,
109225,ERR3201131,367,false,
109226,ERR3201147,367,false,
109227,ERR3200933,18,false,
109228,ERR3201289,18,false,
109229,ERR3200999,18,false,
109230,ERR2631749,18,false,
109231,ERR2631976,18,false,
109232,ERR3200942,18,false,
109233,ERR2631924,18,false,
109234,ERR3201141,1006,false,
109235,ERR3201251,1006,false,
109236,ERR3201173,1006,false,
109237,ERR2631995,1006,false,
109238,ERR2631840,1006,false,
109239,ERR3201212,1006,false,
109240,ERR3201012,1006,false,
109241,ERR3201133,1006,false,
109242,ERR3201047,18,false,
109243,ERR2631916,18,false,
109244,ERR2631782,18,false,
109245,ERR3201124,18,false,
109246,ERR3201159,18,false,
109247,ERR3200867,18,false,
109248,ERR3201055,18,false,
109249,ERR1204812,18,false,
109250,ERR3201123,18,false,
109251,ERR3201262,18,false,
109252,ERR3200836,18,false,
109253,ERR3201206,18,false,
109254,ERR3201188,18,false,
109255,ERR2631795,18,false,
109256,ERR1204784,18,false,
109257,ERR2631752,18,false,
109258,ERR3201241,18,false,
109259,ERR2631907,18,false,
109260,ERR2631894,18,false,
109261,ERR2631911,18,false,
109262,ERR2631743,18,false,
109263,ERR3201255,16,false,
109264,ERR3201340,16,false,
109265,ERR3201056,16,false,
109266,ERR3201229,16,false,
109267,ERR2631900,16,false,
109268,ERR1837105,16,false,
109269,ERR2631972,16,false,
109270,ERR3201053,16,false,
109271,ERR2631970,16,false,
109272,ERR3201023,16,false,
109273,ERR3201110,16,false,
109274,ERR2631798,16,false,
109275,ERR3200990,16,false,
109276,ERR3201359,16,false,
109277,ERR3201138,633,false,
109278,ERR2631785,633,false,
109279,ERR3201064,633,false,
109280,ERR3201102,633,false,
109281,ERR3200813,633,false,
109282,ERR3200876,633,false,
109283,ERR3201194,633,false,
109284,ERR2631853,367,false,
109285,ERR3201362,367,false,
109286,ERR3200842,367,false,
109287,ERR3200828,367,false,
109288,ERR2631912,367,false,
109289,ERR2631854,367,false,
109290,ERR2631956,18,false,
109291,ERR3200850,18,false,
109292,ERR2631897,18,false,
109293,ERR2631922,18,false,
109294,ERR3201226,18,false,
109295,ERR2631914,18,false,
109296,ERR2631965,16,false,
109297,ERR2631971,16,false,
109298,ERR2631764,16,false,
109299,ERR3200937,16,false,
109300,ERR2631803,16,false,
109301,ERR3200917,16,false,
109302,ERR3201001,633,false,
109303,ERR2631766,633,false,
109304,ERR3201043,633,false,
109305,ERR3201002,633,false,
109306,ERR3201087,633,false,
109307,ERR2631994,633,false,
109308,ERR3201309,367,false,
109309,ERR3201346,367,false,
109310,ERR3201266,367,false,
109311,ERR2631802,367,false,
109312,ERR3200925,367,false,
109313,ERR3200970,18,false,
109314,ERR3200957,18,false,
109315,ERR3201254,18,false,
109316,ERR3201335,18,false,
109317,ERR3201193,18,false,
109318,ERR2631985,16,false,
109319,ERR3200835,16,false,
109320,ERR2631997,16,false,
109321,ERR2631947,16,false,
109322,ERR2631755,16,false,
109323,ERR3201345,378,false,
109324,ERR2631989,378,false,
109325,ERR3201341,378,false,
109326,ERR3201353,378,false,
109327,ERR2631890,16,false,
109328,ERR3201177,16,false,
109329,ERR3201115,16,false,
109330,ERR3201350,16,false,
109331,ERR3201157,16,false,
109332,ERR2631801,1006,false,
109333,ERR3200979,1006,false,
109334,ERR3201366,1006,false,
109335,ERR3201225,1006,false,
109336,ERR2631800,1006,false,
109337,ERR3200977,1006,false,
109338,ERR3201139,1006,false,
109339,ERR3201025,1006,false,
109340,ERR3200941,1006,false,
109341,ERR3201300,1006,false,
109342,ERR2632017,1006,false,
109343,ERR2631757,1006,false,
109344,ERR3201336,1006,false,
109345,ERR2631864,1006,false,
109346,ERR3200902,1006,false,
109347,ERR1204779,16,false,
109348,ERR2631917,16,false,
109349,ERR1204787,16,false,
109350,ERR2632015,16,false,
109351,ERR2631776,16,false,
109352,ERR3201277,367,false,
109353,ERR3201357,367,false,
109354,ERR3201022,367,false,
109355,ERR3201088,367,false,
109356,ERR3200883,16,false,
109357,ERR3201237,16,false,
109358,ERR2632035,16,false,
109359,ERR3201197,16,false,
109360,ERR3201026,367,false,
109361,ERR3201021,367,false,
109362,ERR3201257,367,false,
109363,ERR3201249,367,false,
109364,ERR2631938,18,false,
109365,ERR2631939,18,false,
109366,ERR2631770,18,false,
109367,ERR2631962,18,false,
109368,ERR3200829,844,false,
109369,ERR3201224,844,false,
109370,ERR3201151,844,false,
109371,ERR3200826,844,false,
109372,ERR3201339,680,false,
109373,ERR3201155,680,false,
109374,ERR2631812,680,false,
109375,ERR3201234,680,false,
109376,ERR2632002,3775,false,
109377,ERR3201085,3775,false,
109378,ERR3201084,3775,false,
109379,ERR3200857,3775,false,
109380,ERR2631739,378,false,
109381,ERR3201215,378,false,
109382,ERR2631736,378,false,
109383,ERR3201182,378,false,
109384,ERR3201010,1006,false,
109385,ERR2631941,1006,false,
109386,ERR3200888,1006,false,
109387,ERR3201323,1006,false,
109388,ERR2631973,16,false,
109389,ERR2631987,16,false,
109390,ERR2631992,16,false,
109391,ERR2631988,16,false,
109392,ERR1837130,18,false,
109393,ERR1837109,18,false,
109394,ERR3201191,18,false,
109395,ERR3201030,18,false,
109396,ERR2631727,18,false,
109397,ERR3201006,18,false,
109398,ERR2631898,18,false,
109399,ERR3201059,18,false,
109400,ERR2632044,16,false,
109401,ERR2632043,16,false,
109402,ERR3201351,16,false,
109403,ERR3201279,16,false,
109404,ERR3201356,16,false,
109405,ERR3201347,16,false,
109406,ERR2631967,16,false,
109407,ERR2631729,16,false,
109408,ERR3201167,367,false,
109409,ERR3201054,367,false,
109410,ERR2631797,367,false,
109411,ERR3200903,367,false,
109412,ERR1204805,367,false,
109413,ERR3201144,367,false,
109414,ERR3201199,367,false,
109415,ERR3201170,367,false,
109416,ERR2631810,451,false,
109417,ERR3201311,451,false,
109418,ERR3200919,451,false,
109419,ERR1837116,367,false,
109420,ERR3201092,367,false,
109421,ERR2631975,367,false,
109422,ERR1837103,669,false,
109423,ERR1837119,669,false,
109424,ERR3201186,669,false,
109425,ERR3200824,367,false,
109426,ERR2631984,367,false,
109427,ERR3200911,367,false,
109428,ERR3201200,,false,
109429,ERR3201233,,false,
109430,ERR2631875,,false,
109431,ERR3201066,367,false,
109432,ERR3200886,367,false,
109433,ERR3201275,367,false,
109434,ERR3201024,367,false,
109435,ERR3200912,367,false,
109436,ERR2631952,367,false,
109437,ERR3200840,367,false,
109438,ERR1837104,367,false,
109439,ERR3200865,367,false,
109440,ERR3201187,18,false,
109441,ERR3200991,18,false,
109442,ERR3201005,18,false,
109443,ERR2631768,666,false,
109444,ERR2631744,666,false,
109445,ERR2631740,666,false,
109446,ERR3200881,636,false,
109447,ERR3201315,636,false,
109448,ERR3201314,636,false,
109449,ERR3201189,18,false,
109450,ERR3201117,18,false,
109451,ERR3201360,18,false,
109452,ERR3201063,18,false,
109453,ERR1837117,18,false,
109454,ERR3201331,18,false,
109455,ERR1204803,18,false,
109456,ERR3201239,18,false,
109457,ERR3201240,18,false,
109458,ERR3201106,367,false,
109459,ERR3201162,367,false,
109460,ERR1837106,367,false,
109461,ERR2631817,,false,
109462,ERR3201195,,false,
109463,ERR3201369,,false,
109464,ERR1837126,378,false,
109465,ERR3201031,378,false,
109466,ERR1837107,378,false,
109467,ERR3201033,16,false,
109468,ERR3201035,16,false,
109469,ERR3201164,16,false,
109470,ERR3201365,16,false,
109471,ERR3201160,16,false,
109472,ERR3201261,16,false,
109473,ERR3201198,16,false,
109474,ERR3201263,16,false,
109475,ERR3201222,16,false,
109476,ERR3200831,16,false,
109477,ERR3200832,16,false,
109478,ERR3201003,16,false,
109479,ERR3201272,378,false,
109480,ERR3200861,378,false,
109481,ERR3201274,378,false,
109482,ERR2631966,1006,false,
109483,ERR1204786,1006,false,
109484,ERR2631885,1006,false,
109485,ERR3200985,1006,false,
109486,ERR3200924,1006,false,
109487,ERR3201048,1006,false,
109488,ERR2631779,1006,false,
109489,ERR3200843,1006,false,
109490,ERR3200848,1006,false,
109491,ERR3201343,1006,false,
109492,ERR3201176,1006,false,
109493,ERR3201333,1006,false,
109494,ERR3201136,1006,false,
109495,ERR2631837,1006,false,
109496,ERR3201119,1006,false,
109497,ERR2631862,3353,false,
109498,ERR2631879,3353,false,
109499,ERR2631867,3353,false,
109500,ERR3201264,1006,false,
109501,ERR3201120,1006,false,
109502,ERR2631845,1006,false,
109503,ERR2631964,633,false,
109504,ERR2632013,633,false,
109505,ERR2631934,633,false,
109506,ERR3201140,16,false,
109507,ERR1837102,16,false,
109508,ERR3201071,16,false,
109509,ERR3201265,16,false,
109510,ERR3201028,16,false,
109511,ERR3201373,16,false,
109512,ERR3200819,16,false,
109513,ERR3201217,16,false,
109514,ERR3200827,16,false,
109515,ERR3200839,367,false,
109516,ERR2631835,367,false,
109517,ERR2631836,367,false,
109518,ERR1204774,451,false,
109519,ERR2631951,451,false,
109520,ERR3201184,367,false,
109521,ERR3201161,367,false,
109522,ERR2631872,451,false,
109523,ERR2631799,451,false,
109524,ERR1204793,451,false,
109525,ERR1204781,451,false,
109526,ERR1204797,451,false,
109527,ERR1204780,451,false,
109528,ERR3201295,367,false,
109529,ERR3201129,367,false,
109530,ERR3200866,669,false,
109531,ERR3201196,669,false,
109532,ERR2632045,367,false,
109533,ERR1837125,367,false,
109534,ERR3200812,367,false,
109535,ERR2631860,367,false,
109536,ERR3201342,669,false,
109537,ERR3201245,669,false,
109538,ERR2631724,367,false,
109539,ERR2631865,367,false,
109540,ERR2631735,18,false,
109541,ERR3200940,18,false,
109542,ERR2631772,18,false,
109543,ERR2631815,18,false,
109544,ERR3201307,18,false,
109545,ERR3201089,18,false,
109546,ERR3201220,18,false,
109547,ERR3200961,18,false,
109548,ERR1204782,18,false,
109549,ERR2631923,18,false,
109550,ERR2631974,18,false,
109551,ERR2631978,18,false,
109552,ERR3201204,18,false,
109553,ERR1204806,18,false,
109554,ERR2631932,18,false,
109555,ERR2631991,18,false,
109556,ERR3200896,18,false,
109557,ERR3201352,18,false,
109558,ERR3201146,18,false,
109559,ERR3200847,18,false,
109560,ERR2632028,17,false,
109561,ERR3200815,17,false,
109562,ERR2631979,636,false,
109563,ERR3201058,636,false,
109564,ERR2631734,18,false,
109565,ERR3201316,18,false,
109566,ERR3201175,18,false,
109567,ERR1837111,18,false,
109568,ERR3200859,18,false,
109569,ERR3201218,18,false,
109570,ERR3200869,21,false,
109571,ERR3201134,21,false,
109572,ERR3201288,367,false,
109573,ERR3201065,367,false,
109574,ERR2631732,,false,
109575,ERR3200927,,false,
109576,ERR2631863,378,false,
109577,ERR2632040,378,false,
109578,ERR3200948,16,false,
109579,ERR3201321,16,false,
109580,ERR2631888,378,false,
109581,ERR2631887,378,false,
109582,ERR2631930,16,false,
109583,ERR2631928,16,false,
109584,ERR1837121,,false,
109585,ERR3200967,,false,
109586,ERR3201294,16,false,
109587,ERR3201042,16,false,
109588,ERR3200894,16,false,
109589,ERR3200895,16,false,
109590,ERR2631834,16,false,
109591,ERR2631844,16,false,
109592,ERR2632037,16,false,
109593,ERR2631780,16,false,
109594,ERR2631935,16,false,
109595,ERR3200900,16,false,
109596,ERR3201113,16,false,
109597,ERR1837128,16,false,
109598,ERR3201370,16,false,
109599,ERR2631818,16,false,
109600,ERR3201344,16,false,
109601,ERR3200994,16,false,
109602,ERR2632004,371,false,
109603,ERR3200939,371,false,
109604,ERR3201253,,false,
109605,ERR1837131,,false,
109606,ERR1837122,1006,false,
109607,ERR3201101,1006,false,
109608,ERR3201103,1006,false,
109609,ERR3201020,1006,false,
109610,ERR2631816,1006,false,
109611,ERR2631895,1006,false,
109612,ERR3201209,1006,false,
109613,ERR3201210,1006,false,
109614,ERR3200822,1006,false,
109615,ERR3201281,1006,false,
109616,ERR3201232,1006,false,
109617,ERR3201083,1006,false,
109618,ERR3201213,1006,false,
109619,ERR3201097,1006,false,
109620,ERR3201143,1006,false,
109621,ERR3201258,1006,false,
109622,ERR3200965,1006,false,
109623,ERR3200966,1006,false,
109624,ERR3200955,1006,false,
109625,ERR2631960,1006,false,
109626,ERR3201104,1006,false,
109627,ERR3201061,1006,false,
109628,ERR2631762,18,false,
109629,ERR2631763,18,false,
109630,ERR3200960,633,false,
109631,ERR3200964,633,false,
109632,ERR3200830,633,false,
109633,ERR3201180,633,false,
109634,ERR2631954,18,false,
109635,ERR3201349,18,false,
109636,ERR2632014,16,false,
109637,ERR2631745,16,false,
109638,ERR3200922,16,false,
109639,ERR3201165,16,false,
109640,ERR3201334,16,false,
109641,ERR3200855,16,false,
109642,ERR2631884,16,false,
109643,ERR2631858,16,false,
109644,ERR3201044,,false,
109645,ERR3200993,,false,
109646,ERR3201324,16,false,
109647,ERR3201082,16,false,
109648,ERR3201080,367,false,
109649,ERR3200817,367,false,
109650,ERR3201374,367,false,
109651,ERR3201190,367,false,
109652,ERR1204778,367,false,
109653,ERR2631977,367,false,
109654,ERR3201242,827,false,
109655,ERR2631833,16,false,
109656,ERR3201118,367,false,
109657,ERR1204775,451,false,
109658,ERR3201270,451,false,
109659,ERR3201078,451,false,
109660,ERR3201371,451,false,
109661,ERR2631843,,false,
109662,ERR3200920,451,false,
109663,ERR3201231,367,false,
109664,ERR3201312,451,false,
109665,ERR3200982,367,false,
109666,ERR3201291,654,false,
109667,ERR3200916,367,false,
109668,ERR3200844,367,false,
109669,ERR3200906,16,false,
109670,ERR3200947,16,false,
109671,ERR3201367,367,false,
109672,ERR1837132,367,false,
109673,ERR2632010,,false,
109674,ERR2631830,16,false,
109675,ERR3201219,451,false,
109676,ERR1204807,367,false,
109677,ERR3200956,367,false,
109678,ERR1204790,367,false,
109679,ERR2631902,669,false,
109680,ERR3201235,669,false,
109681,ERR2631891,367,false,
109682,ERR3201072,669,false,
109683,ERR3201317,367,false,
109684,ERR3200901,367,false,
109685,ERR3201142,367,false,
109686,ERR3200980,367,false,
109687,ERR3201238,16,false,
109688,ERR3201252,367,false,
109689,ERR3201364,367,false,
109690,ERR2631929,669,false,
109691,ERR3201050,367,false,
109692,ERR2631773,367,false,
109693,ERR3201179,367,false,
109694,ERR2631811,,false,
109695,ERR1837113,16,false,
109696,ERR1837110,367,false,
109697,ERR2631876,367,false,
109698,ERR3201091,18,false,
109699,ERR3201310,18,false,
109700,ERR3200856,18,false,
109701,ERR3200938,18,false,
109702,ERR1204798,18,false,
109703,ERR3200923,844,false,
109704,ERR3200981,844,false,
109705,ERR2631933,844,false,
109706,ERR3201121,844,false,
109707,ERR3201269,844,false,
109708,ERR3201236,844,false,
109709,ERR3200899,844,false,
109710,ERR3201201,844,false,
109711,ERR3201114,844,false,
109712,ERR2632022,844,false,
109713,ERR3200816,844,false,
109714,ERR3200852,844,false,
109715,ERR2631813,636,false,
109716,ERR3201306,367,false,
109717,ERR3201243,367,false,
109718,ERR1204796,367,false,
109719,ERR3201183,367,false,
109720,ERR3200893,367,false,
109721,ERR2631849,658,false,
109722,ERR2632026,367,false,
109723,ERR2632021,367,false,
109724,ERR3201330,367,false,
109725,ERR3200928,367,false,
109726,ERR3200863,18,false,
109727,ERR2632012,18,false,
109728,ERR2631920,18,false,
109729,ERR2631760,18,false,
109730,ERR3201286,18,false,
109731,ERR3200910,18,false,
109732,ERR3200860,18,false,
109733,ERR2631871,18,false,
109734,ERR2631841,18,false,
109735,ERR3201174,18,false,
109736,ERR2631958,367,false,
109737,ERR2631950,18,false,
109738,ERR3201011,16,false,
109739,ERR2631771,18,false,
109740,ERR3201354,18,false,
109741,ERR2631986,18,false,
109742,ERR3200821,378,false,
109743,ERR1204804,18,false,
109744,ERR3201178,18,false,
109745,ERR3201297,18,false,
109746,ERR2631969,18,false,
109747,ERR3201039,18,false,
109748,ERR2631751,18,false,
109749,ERR2631881,18,false,
109750,ERR3201076,18,false,
109751,ERR2631874,18,false,
109752,ERR2631786,18,false,
109753,ERR2631723,18,false,
109754,ERR2631750,18,false,
109755,ERR2631906,18,false,
109756,ERR2631937,666,false,
109757,ERR3201305,666,false,
109758,ERR3200875,666,false,
109759,ERR2632006,666,false,
109760,ERR1204792,666,false,
109761,ERR2631838,167,false,
109762,ERR3201303,1599,false,
109763,ERR2631877,167,false,
109764,ERR2631859,18,false,
109765,ERR2631903,18,false,
109766,ERR3201068,636,false,
109767,ERR3201271,680,false,
109768,ERR3200846,636,false,
109769,ERR3200873,,false,
109770,ERR2631913,680,false,
109771,ERR3201247,378,false,
109772,ERR3201244,636,false,
109773,ERR3201154,,false,
109774,ERR1837114,378,false,
109775,ERR3200930,824,false,
109776,ERR1204801,378,false,
109777,ERR2631731,636,false,
109778,ERR3201223,636,false,
109779,ERR2631953,18,false,
109780,ERR3200889,18,false,
109781,ERR3200995,18,false,
109782,ERR1204773,18,false,
109783,ERR3200914,18,false,
109784,ERR3201034,23,false,
109785,ERR2631955,18,false,
109786,ERR2631868,18,false,
109787,ERR3200818,18,false,
109788,ERR2631901,18,false,
109789,ERR3201009,18,false,
109790,ERR2631794,18,false,
109791,ERR2631767,18,false,
109792,ERR1204777,18,false,
109793,ERR3200864,18,false,
109794,ERR2631880,18,false,
109795,ERR3200918,18,false,
109796,ERR2631769,18,false,
109797,ERR3201094,18,false,
109798,ERR2631765,,false,
109799,ERR2631748,18,false,
109800,ERR3201093,18,false,
109801,ERR3201216,21,false,
109802,ERR3201304,18,false,
109803,ERR3200935,18,false,
109804,ERR3201282,21,false,
109805,ERR3201287,18,false,
109806,ERR3201181,18,false,
109807,ERR2631999,18,false,
109808,ERR3200926,18,false,
109809,ERR1837123,18,false,
109810,ERR3200904,678,false,
109811,ERR1837127,367,false,
109812,ERR2631831,678,false,
109813,ERR3201207,367,false,
109814,ERR3201313,367,false,
109815,ERR3201227,367,false,
109816,ERR3201322,367,false,
109817,ERR1837112,22,false,
109818,ERR3201318,,false,
109819,ERR3200814,1591,false,
109820,ERR2631814,22,false,
109821,ERR3200959,22,false,
109822,ERR3200913,22,false,
109823,ERR3201038,22,false,
109824,ERR3201018,22,false,
109825,ERR3200885,627,false,
109826,ERR3200878,,false,
109827,ERR3201363,22,false,
109828,ERR2631846,22,false,
109829,ERR2631824,,false,
109830,ERR3200905,22,false,
109831,ERR2631819,1122,false,
109832,ERR3200907,627,false,
109833,ERR3200838,378,false,
109834,ERR3200874,378,false,
109835,ERR3201109,16,false,
109836,ERR3200837,16,false,
109837,ERR3201107,16,false,
109838,ERR3201052,375,false,
109839,ERR3201166,16,false,
109840,ERR3201273,3775,false,
109841,ERR3201069,657,false,
109842,ERR2631725,16,false,
109843,ERR2631983,16,false,
109844,ERR3201156,16,false,
109845,ERR3201358,378,false,
109846,ERR3200951,3775,false,
109847,ERR2631737,378,false,
109848,ERR2631980,16,false,
109849,ERR3201037,16,false,
109850,ERR3200854,16,false,
109851,ERR3200976,3775,false,
109852,ERR3201372,16,false,
109853,ERR3201027,16,false,
109854,ERR3201248,16,false,
109855,ERR3201096,,false,
109856,ERR1204788,378,false,
109857,ERR3201280,378,false,
109858,ERR2631925,378,false,
109859,ERR2632000,16,false,
109860,ERR3201293,18,false,
109861,ERR2631746,371,false,
109862,ERR3201081,16,false,
109863,ERR3201205,18,false,
109864,ERR3200884,371,false,
109865,ERR2631829,371,false,
109866,ERR3201260,16,false,
109867,ERR3200973,18,false,
109868,ERR3200971,371,false,
109869,ERR1204802,371,false,
109870,ERR2631728,16,false,
109871,ERR3200892,23,false,
109872,ERR3200969,18,false,
109873,ERR2631758,23,false,
109874,ERR1204776,23,false,
109875,ERR2631998,21,false,
109876,ERR3201127,1006,false,
109877,ERR3201163,,false,
109878,ERR3201250,16,false,
109879,ERR3200978,1006,false,
109880,ERR2631918,18,false,
109881,ERR3201296,3435,false,
109882,ERR3201126,1006,false,
109883,ERR3201100,1006,false,
109884,ERR1204813,1006,false,
109885,ERR3201208,1006,false,
109886,ERR2631808,1006,false,
109887,ERR2631931,1006,false,
109888,ERR3200872,1006,false,
109889,ERR3201337,378,false,
109890,ERR2631869,3353,false,
109891,ERR3201230,1006,false,
109892,ERR3200984,1006,false,
109893,ERR2631857,1006,false,
109894,ERR3201320,1006,false,
109895,ERR3201112,1006,false,
109896,ERR3201171,1006,false,
109897,ERR3201290,1006,false,
109898,ERR3201073,1006,false,
109899,ERR3201017,1006,false,
109900,ERR3201070,1006,false,
109901,ERR3200968,18,false,
109902,ERR3201128,1006,false,
109903,ERR1837115,1006,false,
109904,ERR2631915,1006,false,
109905,ERR3201152,1006,false,
109906,ERR2632009,367,false,
109907,ERR3201036,367,false,
109908,ERR3201148,1006,false,
109909,ERR3200898,1006,false,
109910,ERR3201325,1006,false,
109911,ERR2631809,1006,false,
109912,ERR2631904,1006,false,
109913,ERR3201145,1006,false,
109914,ERR3201202,1006,false,
109915,ERR3200851,1006,false,
109916,ERR3201361,1006,false,
109917,ERR2631747,1006,false,
109918,ERR3200997,1006,false,
109919,ERR3200870,1006,false,
109920,ERR1837118,1006,false,
109921,ERR3201013,1006,false,
109922,ERR2632020,3354,false,
109923,ERR3201132,,false,
109924,ERR2631855,367,false,
109925,ERR3200949,1006,false,
109926,ERR3201130,1006,false,
109927,ERR2632041,1006,false,
109928,ERR3201228,1006,false,
109929,ERR3201203,1006,false,
109930,ERR3200833,1006,false,
109931,ERR1204772,3353,false,
109932,ERR2632039,1006,false,
109933,ERR2631778,1006,false,
109934,ERR2631963,1006,false,
109935,ERR2631993,1006,false,
109936,ERR3200996,1006,false,
109937,ERR3201221,1006,false,
109938,ERR3201086,1006,false,
109939,ERR3201211,1006,false,
109940,ERR3200841,1006,false,
109941,ERR2631883,1006,false,
109942,ERR3200936,633,false,
109943,ERR3201008,633,false,
109944,ERR3201098,18,false,
109945,ERR3201338,633,false,
109946,ERR3201062,633,false,
109947,ERR3200987,633,false,
109948,ERR2631796,18,false,
109949,ERR3200952,18,false,
109950,ERR3201329,633,false,
109951,ERR3201172,633,false,
109952,ERR3201284,633,false,
109953,ERR3201214,633,false,
109954,ERR3200849,18,false,
109955,ERR3201150,18,false,
109956,ERR3201074,18,false,
109957,ERR3200934,18,false,
109958,ERR3201308,18,false,
109959,ERR3201169,18,false,
109960,ERR3201301,18,false,
109961,ERR3201348,18,false,
109962,ERR3200974,18,false,
109963,ERR1204789,18,false,
109964,ERR2631733,16,false,
109965,ERR3200975,16,false,
109966,ERR2631784,16,false,
109967,ERR3201077,16,false,
109968,ERR3201060,16,false,
109969,ERR2632016,16,false,
109970,ERR3200946,16,false,
109971,ERR2631981,16,false,
109972,ERR2631996,16,false,
109973,ERR3201095,16,false,
109974,ERR1204794,16,false,
109975,ERR2632008,16,false,
109976,ERR3201268,16,false,
109977,ERR3200944,16,false,
109978,ERR3200929,16,false,
109979,ERR3201032,16,false,
109980,ERR3200877,16,false,
109981,ERR3200879,16,false,
109982,ERR1837120,16,false,
109983,ERR3200862,16,false,
109984,ERR2631927,16,false,
109985,ERR3201276,16,false,
109986,ERR3201004,16,false,
109987,ERR2631807,16,false,
109988,ERR3200931,367,false,
109989,ERR2631774,367,false,
109990,ERR3201049,367,false,
109991,ERR3200845,367,false,
109992,ERR3201355,367,false,
109993,ERR1204791,367,false,
109994,ERR3201067,367,false,
109995,ERR3200868,367,false,
109996,ERR3201111,367,false,
109997,ERR2632003,367,false,
109998,ERR2632042,367,false,
109999,ERR1204795,367,false,
110000,ERR3201046,367,false,
110001,ERR3201108,367,false,
110002,ERR3201283,367,false,
110003,ERR2632036,367,false,
110004,ERR3201116,367,false,
110005,ERR3200825,367,false,
110006,ERR2631936,367,false,
110007,ERR2631777,367,false,
110008,ERR2631870,367,false,
110009,ERR3200858,367,false,
110092,165,4756,false,
110093,2190,4755,false,
110094,10391,66,false,
110095,21577,41,false,
110096,38997,399,false,
110097,DE14765,1,false,
110098,DE14766,39,false,
110099,MZ077/21,,false,
110100,MZ078/21,,false,
110101,MZ080/21,,false,
110114,DE001,262,false,
110115,DE003,396,false,
110116,DE011,77,false,
110117,DE012,65,false,
110118,DE013,18,false,
110119,DE018,150,false,
110120,DE019,93,false,
110121,DE020,3,false,
110122,DE021,67,false,
110123,DE022,5228,false,
110124,DE025,766,false,
110125,DE026,257,false,
110126,DE027,65,false,
110127,DE028,3690,false,
110128,DE029,396,false,
110129,DE030,2290,false,
110130,DE031,65,false,
110131,DE032,57,false,
110132,DE033,87,false,
110133,DE036,5330,false,
110134,DE037,759,false,
110135,DE043,198,false,
110136,DE044,2625,false,
110137,DE045,65,false,
110138,DE046,765,false,
110139,DE047,5330,false,
110140,DE048,95,false,
110141,DE049,65,false,
110142,DE050,454,false,
110143,DE054,69,false,
110144,DE055,5160,false,
110145,DE056,65,false,
110146,DE057,407,false,
110147,DE058,65,false,
110148,DE059,5277,false,
110149,DE060,62,false,
110150,DE061,4355,false,
110151,DE064,69,false,
110152,DE065,120,false,
110153,DE066,5278,false,
110154,DE067,1781,false,
110155,DE068,87,false,
110156,DE070,1,false,
110157,DE071,3699,false,
110158,DE072,69,false,
110159,DE073,24,false,
110160,DE074,5279,false,
110161,DE075,1482,false,
110162,DE076,24,false,
110163,DE077,3,false,
110164,3850,,false,
110165,12359,,false,
110166,19965,,false,
110167,24530,,false,
110168,25077,,false,
110169,30344,,false,
110170,30672,,false,
110171,32504,,false,
110172,33784,,false,
110173,33916,,false,
110175,26584,,false,
110177,22805,,false,
110178,21293,,false,
110181,36,3,false,
110182,55,4756,false,
110183,685,3,false,
110184,863,3,false,
110185,2619,3,false,
110186,2988,3,false,
110187,4557,3,false,
110188,5521,3,false,
110189,5838,87,false,
110190,7993,3,false,
110191,8009,3,false,
110192,13597,3,false,
110193,13640,3,false,
110194,14237,3,false,
110195,15289,3,false,
110196,18981,3,false,
110197,19146,3,false,
110198,19268,3,false,
110199,19669,3,false,
110200,25566,4757,false,
110201,25578,49,false,
110202,35685,3,false,
110203,35803,3,false,
110204,36536,3,false,
110205,37312,3,false,
110206,40653,3,false,
110207,42438,49,false,
110208,11067,3,false,
110209,M6853,1976,false,
110210,9854,,false,
110211,9855,,false,
110212,9861,,false,
110213,9862,,false,
110214,21GB000508,,false,
110215,34827,,false,
110216,59348,,false,
110217,59356,,false,
110218,59365,,false,
110219,50413,,false,
110220,58650,,false,
110221,59367,,false,
110222,59373,,false,
110223,59294,,false,
110224,59295,,false,
110287,EXNM691,77,false,
110288,EXNM692,77,false,
110289,EXNM745,77,false,
110290,EXNM746,77,false,
110291,EXNM747,77,false,
110292,EXNM754,77,false,
110293,EXNM766,77,false,
110294,EXNM773,77,false,
110295,EXNM774,77,false,
110296,EXNM776,857,false,
110297,EXNM778,77,false,
110298,EXNM781,77,false,
110299,EXNM787,77,false,
110300,EXNM791,77,false,
110301,EXNM796,77,false,
110302,EXNM798,77,false,
110303,EXNM800,77,false,
110304,EXNM828,77,false,
110305,EXNM829,77,false,
110306,EXNM832,77,false,
110307,EXNM833,77,false,
110308,EXNM834,77,false,
110309,EXNM835,77,false,
110310,EXNM837,77,false,
110311,EXNM839,77,false,
110312,EXNM840,77,false,
110313,EXNM841,77,false,
110314,EXNM842,77,false,
110315,EXNM843,77,false,
110316,EXNM845,77,false,
110317,EXNM847,77,false,
110318,EXNM848,77,false,
110319,EXNM849,77,false,
110320,EXNM850,77,false,
110321,EXNM851,77,false,
110322,EXNM852,77,false,
110323,EXNM856,77,false,
110324,EXNM859,77,false,
110325,EXNM860,77,false,
110326,EXNM861,77,false,
110327,EXNM862,5793,false,
110328,EXNM864,77,false,
110329,EXNM865,77,false,
110330,EXNM866,77,false,
110331,EXNM868,77,false,
110332,EXNM869,77,false,
110333,EXNM871,77,false,
110334,EXNM872,77,false,
110335,EXNM875,77,false,
110336,EXNM877,77,false,
110337,EXNM886,77,false,
110338,EXNM887,77,false,
110339,EXNM890,77,false,
110340,EXNM891,77,false,
110341,EXNM892,77,false,
110342,EXNM893,77,false,
110343,EXNM895,77,false,
110344,EXNM896,77,false,
110345,EXNM897,77,false,
110346,EXNM907,77,false,
110347,EXNM920,77,false,
110348,EXNM694,77,false,
110349,EXNM695,77,false,
110350,EXNM697,1,false,
110351,EXNM698,1,false,
110352,EXNM731,77,false,
110353,EXNM741,857,false,
110354,551,,false,
110355,2069,,false,
110356,2535,,false,
110357,3897,,false,
110358,4375,,false,
110359,5063,,false,
110360,5770,,false,
110361,5839,,false,
110362,6185,,false,
110363,6865,,false,
110364,7124,,false,
110365,7562,,false,
110366,7882,,false,
110367,8371,,false,
110368,9142,,false,
110369,9327,,false,
110370,10107,,false,
110371,10210,,false,
110372,10289,,false,
110373,10297,,false,
110374,10346,,false,
110375,10415,,false,
110376,10417,,false,
110377,11058,,false,
110378,11154,,false,
110379,11174,,false,
110380,11723,,false,
110381,11942,,false,
110382,13172,,false,
110383,13664,,false,
110384,13847,,false,
110385,14046,,false,
110386,14076,,false,
110387,14868,,false,
110388,15088,,false,
110389,15259,,false,
110390,15420,,false,
110391,15747,,false,
110392,15904,,false,
110393,16855,,false,
110394,16874,,false,
110395,16921,,false,
110396,17021,,false,
110397,17089,,false,
110398,17110,,false,
110399,17121,,false,
110400,17261,,false,
110401,17369,,false,
110402,17858,,false,
110403,17933,,false,
110404,19539,,false,
110405,19701,,false,
110406,21120,,false,
110407,23806,,false,
110408,24261,,false,
110409,26788,,false,
110410,28183,,false,
110411,28677,,false,
110412,28678,,false,
110413,29710,,false,
110414,29931,,false,
110415,31287,,false,
110416,31626,,false,
110417,32031,,false,
110418,32038,,false,
110419,32115,,false,
110420,DE017,1482,false,
110421,M21 240138,870,false,
110422,M21 240139,45,false,
110443,N21-0200,,false,
110444,61204,,false,
110445,61223,,false,
110446,61271,,false,
110447,61280,,false,
110448,61327,,false,
110449,N21-0184,,false,
110450,N21-0190,,false,
110451,61200,,false,
110452,61207,,false,
110453,61217,,false,
110454,61226,,false,
110455,61228,,false,
110456,61240,,false,
110457,61241,,false,
110458,61255,,false,
110459,61256,,false,
110460,61282,,false,
110461,61283,,false,
110462,61363,,false,
110463,61365,,false,
110464,N21-0292,,false,
110465,N21-0323,,false,
110466,N21-0337,,false,
110467,N21-0338,,false,
110468,61359,,false,
110469,61533,,false,
110470,61768,,false,
110471,61008,,false,
110472,61089,,false,
110473,61105,,false,
110474,61142,,false,
110475,61148,,false,
110476,61151,,false,
110477,61152,,false,
110478,61183,,false,
110479,61184,,false,
110480,N21-0295,,false,
110481,N21-0298,,false,
110482,N21-0306,,false,
110483,N21-0316,,false,
110493,9844,,false,
110494,9845,,false,
110495,9871,,false,
110496,202138228,,false,
110497,9880,,false,
110498,9884,,false,
110499,9896,,false,
110500,9899,,false,
110501,9907,,false,
110502,60272,,false,
110503,60534,,false,
110504,60731,,false,
110505,60733,,false,
110506,60756,,false,
110507,60816,,false,
110508,60817,,false,
110509,60859,,false,
110510,60902,,false,
110599,SMG-21-1843,280,false,
110707,SMG-21-1837,766,false,
110711,59202,,false,
110712,59223,,false,
110713,60339,,false,
110714,60396,,false,
110715,60670,,false,
110716,60012,,false,
110717,60754,,false,
110718,59276,,false,
110719,9859,,false,
110720,9901,,false,
110721,9908,,false,
110722,23714,,false,
110723,23726,,false,
110724,NmKZ-1,410,false,
110725,NmKZ-6,49,false,
110726,NmKZ-7,2168,false,
110727,NmKZ-13,65,false,
110728,NmKZ-17,65,false,
110729,NmKZ-19,65,false,
110730,NmKZ-25,65,false,
110731,NmKZ-26,5284,false,
110732,NmKZ-28,65,false,
110733,NmKZ-29,49,false,
110734,NmKZ-30,49,false,
110735,NmKZ-31,49,false,
110737,NmKZ-36,410,false,
110738,NmKZ-38,410,false,
110739,NmKZ-39,5285,false,
110740,NmKZ-42,410,false,
110741,NmKZ-45,410,false,
110742,NmKZ-52,5285,false,
110743,NmKZ-53,5285,false,
110744,NmKZ-56,5285,false,
110745,NmKZ-59,410,false,
110746,NmKZ-65,410,false,
110747,NmKZ-71,410,false,
110748,NmKZ-72,410,false,
110749,NmKZ-74,410,false,
110750,NmKZ-76,410,false,
110751,NmKZ-78,410,false,
110752,NmKZ-81,410,false,
110753,NmKZ-84,410,false,
110754,NmKZ-85,410,false,
110755,NmKZ-87,5285,false,
110756,NmKZ-91,410,false,
110757,NmKZ-97,,false,
110758,NmKZ-230,2168,false,
110759,NmKZ-321,49,false,
110765,NmKZ-21,65,false,
110766,NmKZ-24,65,false,
110836,Nmiss3313,67,false,
110837,NmKZ-33,5286,false,
110838,NmKZ-98,2668,false,
110839,NmKZ-197,410,false,
110841,561,,false,
110842,1512,,false,
110843,3115,,false,
110844,3705,,false,
110845,3797,,false,
110846,3851,,false,
110847,5201,,false,
110848,5796,,false,
110849,6027,,false,
110850,7970,,false,
110851,8095,,false,
110852,8994,,false,
110853,9190,,false,
110854,9802,,false,
110855,10080,,false,
110856,12193,,false,
110857,13915,,false,
110858,15483,,false,
110859,23538,,false,
110860,25961,,false,
110861,26100,,false,
110862,26413,,false,
110863,26673,,false,
110864,27861,,false,
110865,28148,,false,
110866,28804,,false,
110867,29675,,false,
110868,30359,,false,
110869,30982,,false,
110870,31249,,false,
110871,884,,false,
110872,2830,,false,
110873,Nmiss3312,87,false,
110874,Nmiss3316,87,false,
110875,Nmiss3328,4726,false,
110876,Nmiss3332,93,false,
110877,Nmiss3333,,false,
110878,Nmiss3337,41,false,
110879,Nmiss3341,1250,false,
110880,Nmiss3350,262,false,
110881,Nmiss3352,,false,
110882,Nmiss3353,67,false,
110883,Nmiss3356,9,false,
110884,Nmiss3357,45,false,
110885,Nmiss3358,45,false,
110886,Nmiss3359,9,false,
110887,Nmiss3360,977,false,
110888,61020,,false,
110889,61103,,false,
110890,61542,,false,
110891,61547,,false,
110892,61561,,false,
110893,61603,,false,
110894,61332,,false,
110895,61345,,false,
110896,61351,,false,
110897,61352,,false,
110898,61372,,false,
110899,61521,,false,
110900,61536,,false,
110901,61538,,false,
110902,61155,,false,
110903,61158,,false,
110904,61172,,false,
110905,N21-0320,,false,
110906,61227,,false,
110907,61244,,false,
110908,61263,,false,
110909,61203,,false,
110910,61206,,false,
110911,61230,,false,
110912,61242,,false,
110913,61273,,false,
110914,N21-0346,,false,
110915,61251,,false,
110916,61257,,false,
110917,61277,,false,
110918,61346,,false,
110919,61388,,false,
110920,61390,,false,
110921,61520,,false,
110922,61534,,false,
110923,9816,,false,
110930,N.15/16,1,false,
110931,N.71/16,1,false,
110932,N.83/16,1,false,
110933,N.124/16,1,false,
110934,N.127/16,1,false,
110935,N.142/16,1,false,
110936,N.154/16,1,false,
110937,N.163/16,1,false,
110938,N.191/16,68,false,
110939,N.194/16,1,false,
110940,N.211/16,1,false,
110941,N.239/16,1,false,
110942,N.270/16,1,false,
110943,N.6/17,1,false,
110944,N.21/17,1,false,
110945,N.55/17,1,false,
110946,N.57/17,1,false,
110947,N.58/17,1,false,
110948,N.73/17,1,false,
110949,N.87/17,1,false,
110950,N.100/17,1,false,
110951,N.132/17,1,false,
110952,N.136/17,1,false,
110953,N.140/17,1,false,
110954,N.158/17,1,false,
110955,N.159/17,1,false,
110956,N.160/17,1,false,
110957,N.169/17,1,false,
110958,N.178/17,1,false,
110959,N.190/17,1,false,
110960,N.222/17,1,false,
110961,N.243/17,1,false,
110962,N.250/17,1,false,
110963,N.263/17,1,false,
110964,N.110/18,,false,
110965,N.151/19,1,false,
110972,58780,,false,
110973,61059,,false,
110974,61099,,false,
110975,61543,,false,
110976,61550,,false,
110977,61551,,false,
110978,61588,,false,
110979,61593,,false,
110980,61608,,false,
110981,61778,,false,
110982,61779,,false,
110983,303,,false,
110984,41,,false,
110985,75,,false,
110986,91,,false,
110987,95,,false,
110988,106,,false,
110989,127,,false,
110990,136,,false,
110991,61612,,false,
110992,9797,,false,
110993,9915,,false,
110994,9923,,false,
110995,9924,,false,
110996,9925,,false,
110997,9927,,false,
110998,9945,,false,
110999,9959,,false,
111000,9968,,false,
111001,9967,,false,
111002,9973,,false,
111003,60305,,false,
111004,61001,,false,
111005,61034,,false,
111006,61262,,false,
111007,60304,,false,
111008,61678,,false,
111022,54547,87,false,
111023,54673,97,false,
111024,54831,62,false,
111025,54833,62,false,
111026,54901,105,false,
111027,55024,40,false,
111028,55077,141,false,
111029,55126,137,false,
111030,55135,2171,false,
111031,55141,2174,false,
111032,55234,3,false,
111033,55292,,false,
111034,55299,68,false,
111035,55332,332,false,
111036,55392,3,false,
111037,55456,137,false,
111038,55536,1,false,
111039,55540,3,false,
111040,55543,2174,false,
111041,55544,1,false,
111042,55672,57,false,
111043,55723,2166,false,
111044,55782,3,false,
111045,55977,1,false,
111046,56004,1,false,
111047,56055,2174,false,
111048,56089,40,false,
111049,56148,332,false,
111050,56240,3,false,
111051,56331,2171,false,
111052,56358,1,false,
111053,56423,2175,false,
111054,56535,68,false,
111055,56617,137,false,
111056,56618,40,false,
111057,56633,2174,false,
111058,56696,300,false,
111059,56768,87,false,
111060,56769,49,false,
111061,57474,503,false,
111062,61697,1,false,
111063,61843,49,false,
111064,63991,,false,
111065,AG3_090,5256,false,
111066,KL3_056,259,false,
111067,KL3_062,138,false,
111068,KL3_064,138,false,
111069,KL3_089,33,false,
111070,KL3_117,259,false,
111071,KL3_142,33,false,
111072,KL3_143,33,false,
111073,KL3_145,138,false,
111074,KL3_192,332,false,
111075,63352,259,false,
111162,21ME000011,62,false,
111172,114781,113,false,
111173,2021-037,,false,
111174,HZ15-006,,false,
111175,HZ15-018,,false,
111176,HZ15-022,,false,
111177,60309,,false,
111178,60317,,false,
111179,60330,,false,
111180,60332,,false,
111181,60349,,false,
111182,60352,,false,
111183,60953,,false,
111184,61068,,false,
111185,61189,,false,
111186,61648,,false,
111187,61693,,false,
111188,61694,,false,
111189,61829,,false,
111190,61783,,false,
111191,61786,,false,
111192,61797,,false,
111193,61801,,false,
111194,61822,,false,
111195,61823,,false,
111196,61810,,false,
111197,61386,,false,
111198,SMG-21-2128,3,false,
111199,21-675,,false,
111257,60565,,false,
111258,60593,,false,
111259,60639,,false,
111260,202124644,,false,
111261,9979,,false,
111262,10002,,false,
111263,202147322,,false,
111264,202147330,,false,
111265,Nm040Nei341T1-1,407,false,
111266,Nm040Nei341T1-2,407,false,
111267,Nm040Nei341T1-3,407,false,
111268,Nm040Nei341T1-4,407,false,
111269,Nei0152,4593,false,
111270,Nei0282,4116,false,
111271,Nei0432,4593,false,
111272,Nei0439,4580,false,
111273,Nm040Nei012T1-6,407,false,
111274,Nm040Nei012T1n-2,407,false,
111275,Nm040Nei012T1n-3,407,false,
111276,Nm040Nei028T1n-1,407,false,
111277,Nm040Nei028T1n-2,407,false,
111278,Nm040Nei028T1n-3,407,false,
111279,Nm040Nei033T1-1,407,false,
111280,Nm040Nei033T1-2,407,false,
111281,Nm040Nei033T1-3,407,false,
111282,Nm040Nei171T1-1,407,false,
111283,Nm040Nei171T1-2,407,false,
111284,Nm040Nei171T1-3,407,false,
111285,Nm040Nei264T1-1,407,false,
111286,Nm040Nei264T1-2,407,false,
111287,Nm040Nei264T1-3,407,false,
111288,Nm040Nei367T1-1,407,false,
111289,Nm040Nei367T1-2,407,false,
111290,Nm040Nei367T1-3,407,false,
111291,Nm040Nei798T1-1,407,false,
111292,Nm040Nei798T1-3,407,false,
111293,Nm040Nei798T1-4,407,false,
111294,Nm040Nei1004T1-1,407,false,
111295,Nm040Nei1004T1-2,407,false,
111296,Nm040Nei1004T1-3,407,false,
111298,21ME000012,,false,
111303,NML2011-299,45,false,
111304,NML2019-114,45,false,
111305,NML2019-169,45,false,
111306,DE14770,,false,
111307,DE14771,67,false,
111308,DE14772,87,false,
111309,DE14773,150,false,
111310,DE14774,87,false,
111311,DE14778,62,false,
111312,DE14780,262,false,
111313,MZ100/21,,false,
111314,MZ104/21,,false,
111315,DE14783,3878,false,
111316,DE14784,424,false,
111317,DE14786,87,false,
111318,DE14787,1,false,
111319,DE14788,,false,
111320,DE14790,87,false,
111321,DE14791,424,false,
111322,23757,,false,
111323,NML2020-052,45,false,
111324,NML2016-153,13,false,
111325,NML2015-104,93,false,
111326,NML2019-101,120,false,
111327,NML2018-049,93,false,
111328,NML2018-081,120,false,
111329,NML2018-093,120,false,
111330,NML2018-128,120,false,
111331,NML2018-139,93,false,
111332,NML2017-007,120,false,
111333,NML2017-049,120,false,
111334,SC1,5267,false,
111335,SC2,,false,
111336,SC3,5267,false,
111337,SC4,738,false,
111338,SC5,738,false,
111339,SC6,,false,
111340,SC7,,false,
111341,SC8,738,false,
111342,SC9,738,false,
111343,SC10,738,false,
111344,SC11,738,false,
111346,SC13,,false,
111347,SC14,,false,
111348,SC15,738,false,
111349,SC16,407,false,
111350,SC17,738,false,
111351,SC18,738,false,
111352,SC19,738,false,
111353,SC20,738,false,
111354,SC21,738,false,
111355,SC22,,false,
111356,SC23,738,false,
111357,SC24,738,false,
111358,SC25,738,false,
111359,SC26,738,false,
111360,SC27,738,false,
111361,SC28,738,false,
111362,SC29,738,false,
111363,SC30,738,false,
111364,SC31,738,false,
111365,SC32,738,false,
111366,SC33,738,false,
111367,SC34,4819,false,
111368,SC35,738,false,
111369,SC36,738,false,
111370,SC37,738,false,
111371,SC38,738,false,
111372,SC39,738,false,
111373,SC40,738,false,
111374,SC41,738,false,
111375,SC42,738,false,
111376,SC43,738,false,
111377,SC44,738,false,
111378,SC45,738,false,
111379,SC46,738,false,
111380,SC47,738,false,
111381,SC48,738,false,
111382,SC49,738,false,
111383,SC50,738,false,
111384,SC51,,false,
111385,SC52,738,false,
111386,SC54,738,false,
111387,SC55,738,false,
111388,SC56,738,false,
111389,SC57,738,false,
111390,SC58,738,false,
111391,SC59,738,false,
111392,SC60,738,false,
111393,SC61,738,false,
111394,SC62-Small,738,false,
111395,SC62-Large,738,false,
111396,SC63,738,false,
111397,SC64,738,false,
111398,10017,,false,
111399,10031,,false,
111400,10042,,false,
111401,202147821,,false,
111402,10038,,false,
111403,9933,,false,
111404,202145067,,false,
111405,9980,,false,
111406,202145354,,false,
111407,GCWGS-10086,367,false,
111408,GCWGS-10000,18,false,
111409,GCWGS-10001,18,false,
111410,GCWGS-10002,18,false,
111411,GCWGS-10003,367,false,
111412,GCWGS-10041,3353,false,
111413,GCWGS-10068,378,false,
111414,GCWGS-10084,16,false,
111415,GCWGS-10105,367,false,
111416,GCWGS-10119,373,false,
111417,GCWGS-10120,367,false,
111418,GCWGS-10150,18,false,
111419,GCWGS-10156,654,false,
111420,GCWGS-10181,367,false,
111421,GCWGS-10200,451,false,
111422,GCWGS-10201,1591,false,
111423,GCWGS-10222,22,false,
111424,GCWGS-10241,367,false,
111425,GCWGS-10262,367,false,
111426,GCWGS-10286,3890,false,
111427,GCWGS-10315,4386,false,
111428,GCWGS-10323,5335,false,
111429,GCWGS-10328,367,false,
111430,GCWGS-10331,1006,false,
111431,GCWGS-10332,3966,false,
111432,GCWGS-10337,1006,false,
111433,GCWGS-10352,367,false,
111434,GCWGS-10364,824,false,
111435,GCWGS-10366,367,false,
111436,GCWGS-10368,18,false,
111437,GCWGS-10369,666,false,
111438,GCWGS-10372,367,false,
111439,GCWGS-10378,3448,false,
111440,GCWGS-10396,633,false,
111441,GCWGS-10399,16,false,
111442,GCWGS-10407,18,false,
111443,GCWGS-10456,844,false,
111444,GCWGS-10531,367,false,
111445,GCWGS-10542,18,false,
111446,GCWGS-10543,23,false,
111447,GCWGS-10555,367,false,
111448,GCWGS-10570,367,false,
111449,GCWGS-10615,1006,false,
111450,GCWGS-10641,18,false,
111451,GCWGS-10727,1006,false,
111452,GCWGS-10728,18,false,
111453,GCWGS-10729,16,false,
111454,GCWGS-10730,16,false,
111455,GCWGS-10734,367,false,
111456,GCWGS-10737,18,false,
111457,GCWGS-10738,367,false,
111458,GCWGS-10750,669,false,
111459,GCWGS-10751,367,false,
111460,GCWGS-10755,367,false,
111461,GCWGS-10778,1006,false,
111462,GCWGS-10903,367,false,
111463,GCWGS-10904,18,false,
111464,GCWGS-10914,3966,false,
111465,GCWGS-10917,367,false,
111466,GCWGS-10920,451,false,
111467,GCWGS-10945,1006,false,
111468,GCWGS-10946,,false,
111469,GCWGS-10951,451,false,
111470,GCWGS-10969,16,false,
111471,GCWGS-10970,844,false,
111472,GCWGS-10971,658,false,
111473,GCWGS-10972,367,false,
111474,GCWGS-10975,3353,false,
111475,GCWGS-10991,371,false,
111476,GCWGS-10996,1006,false,
111477,GCWGS-10997,1591,false,
111478,GCWGS-11080,18,false,
111479,GCWGS-11102,367,false,
111480,GCWGS-11107,378,false,
111481,GCWGS-11110,367,false,
111482,GCWGS-11113,373,false,
111483,GCWGS-11121,16,false,
111484,GCWGS-11164,18,false,
111485,GCWGS-11170,1006,false,
111486,GCWGS-11176,23,false,
111487,GCWGS-11177,16,false,
111488,GCWGS-11189,16,false,
111489,GCWGS-11202,844,false,
111490,GCWGS-11211,3353,false,
111491,GCWGS-11242,666,false,
111492,GCWGS-11244,451,false,
111493,GCWGS-11245,16,false,
111494,GCWGS-11246,18,false,
111495,GCWGS-11250,18,false,
111496,GCWGS-11251,18,false,
111497,GCWGS-11284,367,false,
111498,GCWGS-11286,1006,false,
111499,GCWGS-11308,627,false,
111500,GCWGS-11349,5059,false,
111501,GCWGS-11355,18,false,
111502,GCWGS-11375,367,false,
111503,GCWGS-11378,654,false,
111504,GCWGS-11411,,false,
111505,GCWGS-11514,451,false,
111506,GCWGS-11523,1006,false,
111507,GCWGS-11528,3276,false,
111508,GCWGS-11559,367,false,
111509,GCWGS-11597,367,false,
111510,GCWGS-11611,18,false,
111511,GCWGS-11625,367,false,
111512,GCWGS-11675,3353,false,
111513,GCWGS-11701,3966,false,
111514,GCWGS-11749,16,false,
111515,GCWGS-11750,367,false,
111516,GCWGS-11918,3353,false,
111517,GCWGS-11919,654,false,
111518,GCWGS-11955,367,false,
111519,GCWGS-11956,16,false,
111520,GCWGS-12036,18,false,
111521,GCWGS-12043,1006,false,
111522,GCWGS-12081,3353,false,
111523,GCWGS-12537,367,false,
111524,GCWGS-5286,18,false,
111525,GCWGS-5370,371,false,
111526,GCWGS-5398,367,false,
111527,GCWGS-5400,654,false,
111528,GCWGS-5575,654,false,
111529,GCWGS-5580,378,false,
111530,GCWGS-5647,367,false,
111531,GCWGS-5658,367,false,
111532,GCWGS-5660,367,false,
111533,GCWGS-5664,367,false,
111534,GCWGS-5668,1122,false,
111535,GCWGS-5669,451,false,
111536,GCWGS-5678,21,false,
111537,GCWGS-5700,16,false,
111538,GCWGS-5701,367,false,
111539,GCWGS-6017,16,false,
111540,GCWGS-6021,18,false,
111541,GCWGS-6034,1006,false,
111542,GCWGS-6036,367,false,
111543,GCWGS-6037,18,false,
111544,GCWGS-6038,18,false,
111545,GCWGS-6039,669,false,
111546,GCWGS-6041,167,false,
111547,GCWGS-6043,16,false,
111548,GCWGS-6047,367,false,
111549,GCWGS-6048,367,false,
111550,GCWGS-6070,1006,false,
111551,GCWGS-6075,367,false,
111552,GCWGS-6077,1006,false,
111553,GCWGS-6101,18,false,
111554,GCWGS-6147,367,false,
111555,GCWGS-6163,1591,false,
111556,GCWGS-6165,451,false,
111557,GCWGS-6167,18,false,
111558,GCWGS-6168,18,false,
111559,GCWGS-6174,1006,false,
111560,GCWGS-6250,18,false,
111561,GCWGS-6263,669,false,
111562,GCWGS-6266,18,false,
111563,GCWGS-6352,367,false,
111564,GCWGS-6401,666,false,
111565,GCWGS-6403,18,false,
111566,GCWGS-6404,367,false,
111567,GCWGS-6407,21,false,
111568,GCWGS-6421,3353,false,
111569,GCWGS-6426,3847,false,
111570,GCWGS-6431,367,false,
111571,GCWGS-6433,367,false,
111572,GCWGS-6463,371,false,
111573,GCWGS-6464,18,false,
111574,GCWGS-6467,844,false,
111575,GCWGS-6483,16,false,
111576,GCWGS-6550,654,false,
111577,GCWGS-6552,367,false,
111578,GCWGS-6566,1006,false,
111579,GCWGS-6598,18,false,
111580,GCWGS-6641,1006,false,
111581,GCWGS-6717,3353,false,
111582,GCWGS-6726,18,false,
111583,GCWGS-6734,3353,false,
111584,GCWGS-6748,16,false,
111585,GCWGS-6765,18,false,
111586,GCWGS-6783,18,false,
111587,GCWGS-6787,367,false,
111588,GCWGS-6803,18,false,
111589,GCWGS-6813,3359,false,
111590,GCWGS-6817,367,false,
111591,GCWGS-6852,669,false,
111592,GCWGS-6913,16,false,
111593,GCWGS-6926,1006,false,
111594,GCWGS-6943,18,false,
111595,GCWGS-6952,,false,
111596,GCWGS-6974,666,false,
111597,GCWGS-7016,1006,false,
111598,GCWGS-7017,18,false,
111599,GCWGS-7018,451,false,
111600,GCWGS-7078,18,false,
111601,GCWGS-7081,633,false,
111602,GCWGS-7083,367,false,
111603,GCWGS-7090,3353,false,
111604,GCWGS-7157,1006,false,
111605,GCWGS-7303,16,false,
111606,GCWGS-7306,3353,false,
111607,GCWGS-7330,1006,false,
111608,GCWGS-7333,367,false,
111609,GCWGS-7352,16,false,
111610,GCWGS-7354,16,false,
111611,GCWGS-7375,1006,false,
111612,GCWGS-7404,3353,false,
111613,GCWGS-7417,367,false,
111614,GCWGS-7438,16,false,
111615,GCWGS-7439,18,false,
111616,GCWGS-7450,16,false,
111617,GCWGS-7453,666,false,
111618,GCWGS-7501,367,false,
111619,GCWGS-7504,367,false,
111620,GCWGS-7509,1006,false,
111621,GCWGS-7517,5213,false,
111622,GCWGS-7532,1006,false,
111623,GCWGS-7546,669,false,
111624,GCWGS-7552,367,false,
111625,GCWGS-7572,654,false,
111626,GCWGS-7647,16,false,
111627,GCWGS-7648,654,false,
111628,GCWGS-7677,23,false,
111629,GCWGS-7682,656,false,
111630,GCWGS-7683,367,false,
111631,GCWGS-7684,5073,false,
111632,GCWGS-7707,18,false,
111633,GCWGS-7708,1006,false,
111634,GCWGS-7815,367,false,
111635,GCWGS-7867,367,false,
111636,GCWGS-7871,657,false,
111637,GCWGS-7993,367,false,
111638,GCWGS-8001,666,false,
111639,GCWGS-8016,1006,false,
111640,GCWGS-8120,666,false,
111641,GCWGS-8173,367,false,
111642,GCWGS-8175,16,false,
111643,GCWGS-8179,23,false,
111644,GCWGS-8181,3353,false,
111645,GCWGS-8189,636,false,
111646,GCWGS-8191,367,false,
111647,GCWGS-8242,5074,false,
111648,GCWGS-8243,3775,false,
111649,GCWGS-8245,367,false,
111650,GCWGS-8247,3847,false,
111651,GCWGS-8249,18,false,
111652,GCWGS-8286,367,false,
111653,GCWGS-8288,18,false,
111654,GCWGS-8315,18,false,
111655,GCWGS-8316,1006,false,
111656,GCWGS-8344,18,false,
111657,GCWGS-8366,18,false,
111658,GCWGS-8381,1591,false,
111659,GCWGS-8419,18,false,
111660,GCWGS-8448,3353,false,
111661,GCWGS-8716,1599,false,
111662,GCWGS-8788,1006,false,
111663,GCWGS-8807,1006,false,
111664,GCWGS-8899,451,false,
111665,GCWGS-8931,367,false,
111666,GCWGS-8941,367,false,
111667,GCWGS-8947,367,false,
111668,GCWGS-8949,367,false,
111669,GCWGS-8955,1122,false,
111670,GCWGS-9002,18,false,
111671,GCWGS-9004,658,false,
111672,GCWGS-9020,367,false,
111673,GCWGS-9067,1560,false,
111674,GCWGS-9180,367,false,
111675,GCWGS-9243,3966,false,
111676,GCWGS-9252,844,false,
111677,GCWGS-9254,4009,false,
111678,GCWGS-9255,669,false,
111679,GCWGS-9260,1006,false,
111680,GCWGS-9264,367,false,
111681,GCWGS-9265,,false,
111682,GCWGS-9272,18,false,
111683,GCWGS-9273,367,false,
111684,GCWGS-9275,16,false,
111685,GCWGS-9280,367,false,
111686,GCWGS-9285,367,false,
111687,GCWGS-9355,367,false,
111688,GCWGS-9420,18,false,
111689,GCWGS-9497,18,false,
111690,GCWGS-9594,3886,false,
111691,GCWGS-9596,18,false,
111692,GCWGS-9617,18,false,
111693,GCWGS-9625,844,false,
111694,GCWGS-9664,18,false,
111695,GCWGS-9685,3353,false,
111696,GCWGS-9691,367,false,
111697,GCWGS-9702,18,false,
111698,GCWGS-9713,367,false,
111699,GCWGS-9730,1006,false,
111700,GCWGS-9738,16,false,
111701,GCWGS-9760,16,false,
111702,GCWGS-9881,16,false,
111703,GCWGS-9928,367,false,
111704,60557,,false,
111705,60578,,false,
111706,60592,,false,
111707,60644,,false,
111708,60657,,false,
111709,60661,,false,
111710,GCGS0245,18,false,
111711,GCGS0248,844,false,
111712,GCGS0249,641,false,
111713,GCGS0251,16,false,
111714,GCGS0252,626,false,
111715,GCGS0253,,false,
111716,GCGS0255,451,false,
111717,GCGS0256,678,false,
111730,NML2014-143,,false,
111731,NML2015-029,,false,
111732,GHA-TMH-633,18,false,
111733,GHA-TMH-657,18,false,
111734,GHA-TMH-663,367,false,
111735,GHA-TMH-679,657,false,
111736,GHA-TMH-685,644,false,
111737,GCWGS-11270,367,false,
111738,GCWGS-5650,844,false,
111739,GCWGS-7816,371,false,
111740,GCWGS-7334,636,false,
111741,GCWGS-10546,367,false,
111742,GCWGS-11203,16,false,
111743,GCWGS-10361,,false,
111744,GCWGS-11490,16,false,
111745,GCWGS-12527,654,false,
111746,GCWGS-11741,1006,false,
111747,GCWGS-6029,633,false,
111748,GCWGS-10355,1006,false,
111749,GCWGS-8362,633,false,
111750,GCWGS-10137,666,false,
111766,114782,87,false,
111795,202152544,,false,
111796,1,,false,
111797,2,,false,
111798,3,,false,
111799,4,,false,
111800,5,,false,
111801,6,,false,
111802,7,,false,
111803,8,,false,
111804,9,,false,
111805,10,,false,
111806,11,,false,
111807,12,,false,
111808,13,,false,
111809,14,,false,
111810,15,,false,
111811,16,,false,
111812,17,,false,
111813,18,,false,
111814,19,,false,
111815,20,,false,
111816,21,,false,
111817,22,,false,
111818,23,,false,
111819,24,,false,
111820,25,,false,
111821,26,,false,
111822,27,,false,
111823,28,,false,
111827,NML2017-113,1,false,
111828,NML2017-063,1,false,
111829,NML2018-003,1,false,
111830,NML2017-016,1,false,
111831,NML2017-056,1876,false,
111832,NML2017-026,1,false,
111833,NML2017-185,1,false,
111834,NML2019-148,3879,false,
111835,NML2019-154,259,false,
111836,NML2019-008,1,false,
111837,NML2019-120,259,false,
111838,NML2019-140,3880,false,
111839,MZ118/21,,false,
111840,MZ119/21,,false,
111841,DE14794,127,false,
111842,36492,,false,
111843,36655,,false,
111844,58,,false,
111845,73,,false,
111846,3619,,false,
111847,1882,,false,
111848,20,,false,
111849,21,,false,
111850,4837,,false,
111851,8175,,false,
111852,8176,,false,
111853,8177,,false,
111854,8275,,false,
111855,10677,,false,
111856,11109,,false,
111857,14685,,false,
111858,19998,,false,
111859,24297,,false,
111860,26418,,false,
111861,27499,,false,
111862,29059,,false,
111863,29353,,false,
111864,30969,,false,
111865,35807,,false,
111866,38723,,false,
111867,40068,,false,
111868,40536,,false,
111869,887,,false,
111870,4559,,false,
111871,7003,,false,
111872,14085,,false,
111873,16438,,false,
111874,19501,,false,
111875,19542,,false,
111876,27308,,false,
111877,16619,,false,
111878,18673,,false,
111879,13530,,false,
111880,4874,,false,
111881,6224,,false,
111882,6307,,false,
111883,7445,,false,
111884,7728,,false,
111885,8360,,false,
111886,10141,,false,
111887,10258,,false,
111888,12430,,false,
111889,14336,,false,
111890,14596,,false,
111892,23628,,false,
111893,26440,,false,
111965,SMG-22-133,45,false,
111966,2132405898,45,false,
113027,23716,,false,
113029,23721,,false,
113030,23722,,false,
113052,23770,,false,
113059,23781,,false,
113062,56422,2171,false,
113063,56989,137,false,
113064,57316,1,false,
113065,57834,1,false,
113066,58247,49,false,
113067,58405,40,false,
113068,60742,2171,false,
113069,64261,58,false,
113070,64402,3,false,
113071,65246,3881,false,
113072,65247,1,false,
113073,65283,58,false,
113074,65322,332,false,
113075,65430,80,false,
113076,66397,3,false,
113077,66560,2175,false,
113078,67235,67,false,
113079,KL3-119,138,false,
113084,3881,,false,
113099,15259b,,false,
113106,2201516583,738,false,
113107,23752,,false,
113108,Nmen339,87,false,
113109,Nmen340,9,false,
113110,Nmen341,62,false,
113194,19726B,,false,
113195,19765,,false,
113196,M220712,,false,
113198,DE14151_PacBio,2,false,
113199,DE14158_PacBio,141,false,
113200,DE14135_PacBio,67,false,
113201,DE14150_PacBio,87,false,
113202,DE14119_PacBio,67,false,
113203,DE14175_PacBio,220,false,
113204,DE14180_PacBio,87,false,
113205,DE14168_PacBio,3800,false,
113206,DE14166_PacBio,87,false,
113207,DE14128_PacBio,93,false,
113208,DE14190_PacBio,62,false,
113209,DE14188_PacBio,62,false,
113210,DE14203_PacBio,93,false,
113211,DE14129_PacBio,1743,false,
113212,DE14117_PacBio,49,false,
113213,DE14197_PacBio,87,false,
113214,DE14201_PacBio,3883,false,
113215,DE14184_PacBio,49,false,
113216,DE14189_PacBio,45,false,
113217,DE14170_PacBio,93,false,
113218,DE14198_PacBio,93,false,
113219,DE14138_PacBio,45,false,
113220,DE14157_PacBio,1250,false,
113221,DE14156_PacBio,141,false,
113222,DE14202_PacBio,,false,
113969,GCWGS-10915,16,false,
113970,GCWGS-11436,844,false,
113976,GCWGS-6430,451,false,
113978,GCWGS-7452,22,false,
113979,GCWGS-10151,451,false,
113996,GCWGS-5635,654,false,
113997,GCWGS-5654,22,false,
114002,GCWGS-8218,844,false,
114006,GCWGS-9493,451,false,
114007,GCWGS-10135,367,false,
114008,GCWGS-10145,367,false,
114033,GCWGS-6191,3897,false,
114035,GCWGS-6768,367,false,
114038,GCWGS-8152,367,false,
114041,GCWGS-9019,367,false,
114043,GCWGS-9868,18,false,
114044,GCWGS-10143,367,false,
114045,GCWGS-10147,1006,false,
114047,GCWGS-10327,367,false,
114050,GCWGS-10334,367,false,
114051,GCWGS-10397,367,false,
114053,GCWGS-10627,367,false,
114054,GCWGS-10913,367,false,
114056,GCWGS-11108,367,false,
114059,GCWGS-11489,843,false,
114060,GCWGS-11527,1006,false,
114061,GCWGS-11539,367,false,
114062,GCWGS-11680,367,false,
114166,GCWGS-5659,451,false,
114167,GCWGS-5674,3353,false,
114168,GCWGS-5676,3353,false,
114169,GCWGS-5702,22,false,
114179,GCWGS-6290,378,false,
114180,GCWGS-6555,3898,false,
114182,GCWGS-6596,18,false,
114184,GCWGS-6618,367,false,
114186,GCWGS-6725,3966,false,
114187,GCWGS-6733,451,false,
114188,GCWGS-6735,,false,
114189,GCWGS-6737,367,false,
114194,GCWGS-7159,1006,false,
114199,GCWGS-7415,654,false,
114200,GCWGS-7416,16,false,
114202,GCWGS-7419,451,false,
114217,GCWGS-8187,18,false,
114219,GCWGS-8219,3886,false,
114225,GCWGS-8721,367,false,
114227,GCWGS-8786,1006,false,
114228,GCWGS-8787,3353,false,
114231,GCWGS-8806,4005,false,
114232,GCWGS-8810,367,false,
114237,GCWGS-8953,367,false,
114242,GCWGS-9295,654,false,
114244,GCWGS-9592,367,false,
114247,GCWGS-9623,367,false,
114248,GCWGS-9683,367,false,
114249,GCWGS-9688,367,false,
114251,GCWGS-9701,367,false,
114252,GCWGS-9718,367,false,
114253,GCWGS-9831,1006,false,
114254,GCWGS-10015,654,false,
114255,GCWGS-10136,367,false,
114256,GCWGS-10138,367,false,
114257,GCWGS-10139,16,false,
114258,GCWGS-10140,3353,false,
114259,GCWGS-10141,367,false,
114260,GCWGS-10142,3966,false,
114261,GCWGS-10227,654,false,
114262,GCWGS-10245,367,false,
114263,GCWGS-10266,367,false,
114264,GCWGS-10325,367,false,
114265,GCWGS-10326,18,false,
114266,GCWGS-10329,657,false,
114269,GCWGS-10333,16,false,
114270,GCWGS-10335,3966,false,
114272,GCWGS-11106,3966,false,
114274,GCWGS-11163,3966,false,
114275,GCWGS-11166,3353,false,
114276,GCWGS-11167,367,false,
114277,GCWGS-11354,654,false,
114279,GCWGS-11391,654,false,
114280,GCWGS-11394,3966,false,
114281,GCWGS-11492,654,false,
114285,GCWGS-11663,3966,false,
114286,GCWGS-11684,3479,false,
114287,GCWGS-11770,18,false,
114291,GCWGS-12031,1006,false,
114292,GCWGS-12034,16,false,
114293,GCWGS-12035,3966,false,
114299,GCWGS-12532,654,false,
114300,GCWGS-12573,1006,false,
114401,GCWGS-5390,1006,false,
114402,GCWGS-5399,18,false,
114403,GCWGS-5657,18,false,
114404,GCWGS-5661,367,false,
114405,GCWGS-5677,3353,false,
114420,GCWGS-6074,18,false,
114421,GCWGS-6264,654,false,
114422,GCWGS-6265,3353,false,
114429,GCWGS-6551,367,false,
114430,GCWGS-6554,18,false,
114433,GCWGS-6767,18,false,
114434,GCWGS-6956,1006,false,
114446,GCWGS-7868,654,false,
114447,GCWGS-7869,654,false,
114448,GCWGS-7870,367,false,
114453,GCWGS-8163,654,false,
114454,GCWGS-8190,654,false,
114470,GCWGS-8784,18,false,
114483,GCWGS-8930,367,false,
114484,GCWGS-9005,3353,false,
114485,GCWGS-9018,3353,false,
114487,GCWGS-9494,654,false,
114488,GCWGS-9549,367,false,
114490,GCWGS-9624,3903,false,
114491,GCWGS-9627,367,false,
114492,GCWGS-9682,1006,false,
114493,GCWGS-9686,3966,false,
114494,GCWGS-9687,1006,false,
114495,GCWGS-9690,367,false,
114496,GCWGS-9692,3353,false,
114497,GCWGS-9694,3966,false,
114498,GCWGS-9698,3353,false,
114499,GCWGS-9699,367,false,
114500,GCWGS-9703,18,false,
114501,GCWGS-9706,367,false,
114502,GCWGS-9708,367,false,
114504,GCWGS-9869,367,false,
114505,GCWGS-9870,3353,false,
114506,GCWGS-10012,18,false,
114507,GCWGS-10013,,false,
114508,GCWGS-10149,3353,false,
114509,GCWGS-10228,367,false,
114510,GCWGS-10265,3353,false,
114511,GCWGS-10299,3353,false,
114512,GCWGS-10306,654,false,
114513,GCWGS-10529,654,false,
114516,GCWGS-10625,654,false,
114519,GCWGS-11165,3353,false,
114520,GCWGS-11385,18,false,
114521,GCWGS-11390,3353,false,
114522,GCWGS-11392,3353,false,
114524,GCWGS-11488,3353,false,
114527,GCWGS-11751,3353,false,
114528,GCWGS-11769,367,false,
114529,GCWGS-11771,3479,false,
114530,GCWGS-12032,3353,false,
114534,GCWGS-12572,3353,false,
114640,GCWGS-5367,18,false,
114641,GCWGS-5368,3353,false,
114644,GCWGS-5675,3353,false,
114645,GCWGS-5699,3353,false,
114656,GCWGS-6287,3353,false,
114657,GCWGS-6597,654,false,
114660,GCWGS-6723,654,false,
114661,GCWGS-6766,3359,false,
114662,GCWGS-6769,3887,false,
114663,GCWGS-6805,654,false,
114664,GCWGS-6953,666,false,
114673,GCWGS-7994,654,false,
114677,GCWGS-8161,18,false,
114678,GCWGS-8176,3353,false,
114682,GCWGS-8722,16,false,
114683,GCWGS-8724,654,false,
114684,GCWGS-8785,654,false,
114688,GCWGS-9016,3353,false,
114689,GCWGS-9017,18,false,
114692,GCWGS-9513,654,false,
114693,GCWGS-9595,3353,false,
114694,GCWGS-9684,3359,false,
114697,GCWGS-9695,3353,false,
114698,GCWGS-9697,654,false,
114699,GCWGS-9714,18,false,
114700,GCWGS-9722,654,false,
114701,GCWGS-9833,654,false,
114702,GCWGS-9866,367,false,
114703,GCWGS-9867,3353,false,
114704,GCWGS-9890,3353,false,
114706,GCWGS-10302,654,false,
114707,GCWGS-10308,654,false,
114709,GCWGS-11609,373,false,
114710,GCWGS-12050,373,false,
114758,GCWGS-9696,16,false,
114759,GCWGS-9712,654,false,
114762,GCWGS-12051,373,false,
114775,GCWGS-6640,16,false,
114789,GCWGS-6351,367,false,
114791,GCWGS-9889,367,false,
114792,GCWGS-11257,367,false,
114793,GCWGS-11339,367,false,
114794,GCWGS-11393,3448,false,
114795,GCWGS-11491,3448,false,
114797,GCWGS-11683,367,false,
114798,GCWGS-12033,367,false,
114827,GCWGS-7418,3448,false,
114840,GCWGS-9720,367,false,
114841,GCWGS-9892,367,false,
114890,DE14117_ILMN,49,false,
114891,DE14119_ILMN,67,false,
114892,DE14128_ILMN,93,false,
114893,DE14129_ILMN,1743,false,
114894,DE14135_ILMN,67,false,
114895,DE14138_ILMN,45,false,
114896,DE14150_ILMN,87,false,
114897,DE14151_ILMN,2,false,
114898,DE14156_ILMN,141,false,
114899,DE14157_ILMN,1250,false,
114900,DE14158_ILMN,141,false,
114901,DE14166_ILMN,87,false,
114902,DE14168_ILMN,3800,false,
114903,DE14170_ILMN,93,false,
114904,DE14175_ILMN,220,false,
114905,DE14180_ILMN,87,false,
114906,DE14184_ILMN,49,false,
114907,DE14188_ILMN,62,false,
114908,DE14189_ILMN,45,false,
114909,DE14190_ILMN,62,false,
114910,DE14197_ILMN,87,false,
114911,DE14198_ILMN,93,false,
114912,DE14201_ILMN,3883,false,
114913,DE14202_ILMN,57,false,
114914,DE14203_ILMN,93,false,
114915,DE14099_ILMN,62,false,
114916,DE14102_ILMN,1,false,
114917,DE14104_ILMN,257,false,
114918,DE14105_ILMN,62,false,
114919,DE14106_ILMN,87,false,
114920,DE14107_ILMN,62,false,
114921,DE14110_ILMN,87,false,
114922,DE14109_ILMN,3906,false,
114923,DE14111_ILMN,67,false,
114924,DE14112_ILMN,9,false,
114925,DE14113_ILMN,87,false,
114926,DE14115_ILMN,151,false,
114927,DE14116_ILMN,87,false,
114928,DE14121_ILMN,93,false,
114929,DE14123_ILMN,1,false,
114930,DE14124_ILMN,93,false,
114931,DE14125_ILMN,260,false,
114932,DE14126_ILMN,,false,
114933,DE14127_ILMN,791,false,
114934,DE14130_ILMN,141,false,
114935,DE14131_ILMN,257,false,
114936,DE14133_ILMN,93,false,
114937,DE14134_ILMN,1,false,
114938,DE14136_ILMN,141,false,
114939,DE14137_ILMN,262,false,
114940,DE14140_ILMN,1,false,
114941,DE14143_ILMN,45,false,
114942,DE14195_ILMN,93,false,
114943,DE14196_ILMN,120,false,
114944,DE14199_ILMN,45,false,
114945,DE14200_ILMN,45,false,
114946,DE14204_ILMN,262,false,
114947,DE14205_ILMN,141,false,
114948,DE14206_ILMN,3,false,
114949,DE14207_ILMN,1972,false,
114950,DE14210_ILMN,1156,false,
114951,DE14212_ILMN,3907,false,
114952,DE14215_ILMN,262,false,
114953,DE14217_ILMN,57,false,
114954,DE14218_ILMN,93,false,
114955,DE14219_ILMN,62,false,
114956,DE14220_ILMN,274,false,
114957,DE14221_ILMN,67,false,
114958,DE14222_ILMN,141,false,
114959,DE14225_ILMN,87,false,
114960,DE14226_ILMN,1543,false,
114961,DE14144_ILMN,87,false,
114962,DE14145_ILMN,93,false,
114963,DE14147_ILMN,41,false,
114964,DE14148_ILMN,49,false,
114965,DE14149_ILMN,67,false,
114966,DE14152_ILMN,3668,false,
114967,DE14159_ILMN,3,false,
114968,DE14160_ILMN,3,false,
114969,DE14162_ILMN,262,false,
114970,DE14163_ILMN,141,false,
114971,DE14164_ILMN,288,false,
114972,DE14165_ILMN,3908,false,
114973,DE14169_ILMN,2895,false,
114974,DE14171_ILMN,28,false,
114975,DE14172_ILMN,67,false,
114976,DE14176_ILMN,45,false,
114977,DE14178_ILMN,3,false,
114978,DE14179_ILMN,93,false,
114979,DE14181_ILMN,791,false,
114980,DE14182_ILMN,2543,false,
114981,DE14185_ILMN,3909,false,
114982,DE14186_ILMN,68,false,
114983,DE14191_ILMN,93,false,
114984,DE14192_ILMN,45,false,
114985,DE14194_ILMN,62,false,
114986,54923,,false,
114987,56140,,false,
114989,0038/05,49,false,
114990,0039/05,,false,
114991,0052/05,87,false,
114992,0074/05,57,false,
114993,0341/05,3,false,
114994,0342/05,3,false,
114995,0007/06,,false,
114996,0012/06,400,false,
114997,0135/06,87,false,
114998,0191/07,97,false,
114999,0011/08,220,false,
115000,0067/08,57,false,
115001,0075/08,45,false,
115002,0077/08,45,false,
115003,0128/08,93,false,
115004,0129/08,93,false,
115005,0177/08,45,false,
115006,0026/20,1,false,
115007,0031/20,,false,
115008,0037/20,1,false,
115009,0035/05,93,false,
115010,0040/05,49,false,
115011,0051/05,87,false,
115012,0059/05,93,false,
115013,0084/05,57,false,
115014,0085/05,57,false,
115015,0150/05,49,false,
115016,0152/05,49,false,
115017,0279/05,2,false,
115018,0327/05,3,false,
115019,0093/06,49,false,
115020,0134/06,87,false,
115021,0150/06,3,false,
115022,0119/07,45,false,
115023,0180/07,104,false,
115024,0140/08,57,false,
115025,0142/08,87,false,
115026,0170/08,87,false,
115027,0030/20,1,false,
115028,0038/20,1,false,
115038,19898,,false,
115039,19924,,false,
115040,19966,,false,
115046,N21-0445,,false,
115047,N21-0352,,false,
115048,N21-0354,,false,
115049,N21-0360,,false,
115050,N21-0362,,false,
115051,N21-0373,,false,
115052,N21-0394,,false,
115053,N21-0399,,false,
115054,N21-0401,,false,
115055,N21-0402,,false,
115056,62022,,false,
115057,61918,,false,
115058,61927,,false,
115059,62002,,false,
115060,62003,,false,
115061,62025,,false,
115062,61708,,false,
115063,61713,,false,
115064,61719,,false,
115065,61746,,false,
115066,61918,,false,
115067,61927,,false,
115068,61940,,false,
115069,61947,,false,
115070,62002,,false,
115071,62003,,false,
115072,62022,,false,
115073,62025,,false,
115074,62087,,false,
115075,62088,,false,
115076,62100,,false,
115077,62105,,false,
115078,62117,,false,
115079,61950,,false,
115080,61952,,false,
115081,62046,,false,
115082,62060,,false,
115083,62062,,false,
115084,62123,,false,
115085,62061,,false,
115086,9995,,false,
115087,10007,,false,
115088,10056,,false,
115089,10073,,false,
115090,10097,,false,
115091,10086,,false,
115092,59637,,false,
115097,SMG-22-286,150,false,
115098,SMG-22-298,3910,false,
115102,56059,,false,
115103,58782,,false,
115104,59172,,false,
115105,N22-0025,,false,
115106,N22-0088,,false,
115147,10080,,false,
115148,10103,,false,
115149,202142025,,false,
115150,202200289,,false,
115151,10128,,false,
115152,10130,,false,
115153,10135,,false,
115154,58348,,false,
115155,TWG378,,false,
115156,TWG453,,false,
115157,TWG483,,false,
115158,ACC9226A29,367,false,
115159,22-93,,false,
115160,TWG133,,false,
115161,23804,,false,
115162,23817,,false,
115163,10092,,false,
115164,10096,,false,
115165,202207441,,false,
115166,10100,,false,
115167,10107,,false,
115168,10110,,false,
115169,10112,,false,
115170,202155153,,false,
115171,202155564,,false,
115172,202155569,,false,
115173,202155574,,false,
115174,10148,,false,
115175,10162,,false,
115176,10158,,false,
115177,10173,,false,
115178,10175,,false,
115179,N22-0030,,false,
115180,N22-0036,,false,
115181,N22-0042,,false,
115182,N22-0046,,false,
115183,19MUS-SR081,,false,
115184,21MUS-AH021,,false,
115185,21MUS-AH105,,false,
115186,10099,,false,
115187,202155877,,false,
115188,10181,,false,
115189,10193,,false,
115190,10200,,false,
115191,10196,,false,
115192,10201,,false,
115193,10199,,false,
115194,10099,,false,
115195,202155877,,false,
115196,10181,,false,
115197,10193,,false,
115198,10200,,false,
115199,10196,,false,
115200,10201,,false,
115201,10199,,false,
115202,62153,,false,
115203,62156,,false,
115204,62180,,false,
115205,62199,,false,
115206,62207,,false,
115207,62237,,false,
115208,62239,,false,
115209,62256,,false,
115210,62257,,false,
115211,23786,,false,
115239,W-8257,3,false,
115240,AK-2172,67,false,
115241,57078,,false,
115242,62291,,false,
115243,62297,,false,
115244,62330,,false,
115245,62333,,false,
115246,62439,,false,
115247,NM000012,67,false,
115248,NM000013,67,false,
115249,NM000014,3911,false,
115250,NM000015,4455,false,
115251,NM000016,67,false,
115252,NM000017,902,false,
115253,NM000018,24,false,
115254,NM000019,217,false,
115255,NM000020,67,false,
115256,NM000022,198,false,
115257,NM000023,3911,false,
115258,NM000025,738,false,
115259,NM000026,45,false,
115260,NM000027,62,false,
115261,NM000028,1730,false,
115262,NM000029,2291,false,
115263,NM000030,24,false,
115264,NM000031,1,false,
115265,NM000032,67,false,
115266,NM000033,87,false,
115267,NM000034,62,false,
115268,NM000035,62,false,
115269,NM000039,407,false,
115270,NM000040,24,false,
115271,NM000041,24,false,
115272,NM000042,5187,false,
115273,NM000043,257,false,
115274,NM000044,24,false,
115275,NM000045,24,false,
115276,NM000046,4001,false,
115277,NM000047,455,false,
115278,NM000048,24,false,
115279,NM000049,24,false,
115280,NM000050,67,false,
115281,NM000051,24,false,
115282,NM000052,24,false,
115283,NM000053,67,false,
115284,NM000054,45,false,
115285,NM000055,65,false,
115286,NM000056,24,false,
115287,NM000057,24,false,
115288,NM000058,3,false,
115289,NM000059,24,false,
115290,NM000060,1730,false,
115291,NM000061,24,false,
115292,NM000062,24,false,
115293,NM000063,887,false,
115294,NM000064,3,false,
115295,NM000065,141,false,
115296,NM000066,45,false,
115297,NM000067,3912,false,
115298,NM000068,67,false,
115299,NM000069,67,false,
115300,NM000070,67,false,
115301,NM000071,141,false,
115302,NM000073,67,false,
115303,NM000074,3911,false,
115304,NM000075,3911,false,
115305,NM000076,67,false,
115306,Nmen343,87,false,
115307,Nmen344,5799,false,
115308,Nmen345,3913,false,
115309,Nmen346,77,false,
115310,P2140,1,false,
115311,P2141,1,false,
115312,P2183,1,false,
115313,P2774,1,false,
115314,P2779,1,false,
115315,22-122,,false,
115317,M18 240500,3,false,
115318,M19 240464,254,false,
115319,M20 240288,,false,
115320,M20 240290,407,false,
115321,M20 240294,387,false,
115322,M20 240295,262,false,
115323,M20 240296,65,false,
115324,M20 240298,45,false,
115325,M20 240309,45,false,
115326,M20 240311,,false,
115327,M20 240312,45,false,
115328,M20 240316,120,false,
115329,M20 240317,262,false,
115330,M20 240323,106,false,
115331,M20 240324,1,false,
115332,M20 240326,45,false,
115333,M20 240327,1228,false,
115334,M20 240329,1,false,
115335,M21 240001,2,false,
115336,M21 240003,1432,false,
115337,M21 240004,,false,
115338,M21 240010,43,false,
115339,M21 240013,62,false,
115340,M21 240017,62,false,
115341,M21 240018,58,false,
115342,M21 240019,150,false,
115343,M21 240021,120,false,
115344,M21 240022,1730,false,
115345,M21 240025,45,false,
115350,BT03003V3C,97,false,
115351,BT03004V3C,3,false,
115352,BT03020V3C,97,false,
115353,BT03083V3C,262,false,
115354,BT03116V3C,1481,false,
115355,BT03190V3C,93,false,
115356,BT03268V3C,97,false,
115357,BT03414V3C,4084,false,
115358,BT03564V3C,3,false,
115359,BT03679V3C,148,false,
115360,BT03727V3C,50,false,
115361,BT03729V3C,45,false,
115362,BT03814V3C,62,false,
115363,BT04069V1C,211,false,
115364,BT04073V1C,211,false,
115365,BT04081V1C,211,false,
115366,BT04091V1C,57,false,
115367,BT04092V1C,211,false,
115368,BT04272V3C,2452,false,
115369,BT04288V1C,2452,false,
115370,BT09049V3C,97,false,
115371,BT09363V3C,77,false,
115372,BT09371V3C,77,false,
115373,BT09384V3C,77,false,
115374,BT09421V3C,95,false,
115375,BT09467V3C,259,false,
115376,BT09493V3C,95,false,
115377,BT09520V3C,95,false,
115378,BT09521V3C,97,false,
115379,BT09563V3C,95,false,
115380,BT18088V3C,722,false,
115381,BT18135V3C,104,false,
115382,BT18136V3C,1702,false,
115383,BT18156V3C,4110,false,
115384,BT18163V3C,87,false,
115385,BT18164V3C,65,false,
115386,BT18174V3C,4111,false,
115387,BT18175V3C,104,false,
115388,BT18180V3C,65,false,
115389,BT18184V3C,97,false,
115390,BT18195V3C,4085,false,
115391,BT18217V3C,259,false,
115392,BT18224V3C,57,false,
115393,BT18224V3C2,57,false,
115394,BT18228V3C,4086,false,
115395,BT18243V3C,97,false,
115396,BT18245V3C,822,false,
115397,BT18279V3C,3,false,
115398,BT18375V3C,4099,false,
115399,BT18381V3C,1401,false,
115400,BT18394V3C,259,false,
115401,BT18399V3C,65,false,
115402,BT18404V3C,97,false,
115403,BT18417V3C,62,false,
115404,BT18418V3C,65,false,
115405,BT18430V3C,211,false,
115406,BT18434V3C,1220,false,
115407,BT18435V3C,150,false,
115408,BT18440V3C,4048,false,
115409,BT18441V3C,97,false,
115410,BT18521V3C,4087,false,
115411,BT18595V3C,87,false,
115412,BT18638V3C,2710,false,
115413,BT18652V3C,2454,false,
115414,BT18657V3C,262,false,
115415,BT18666V3C,65,false,
115416,BT18696V3C,262,false,
115417,BT18728V3C,1166,false,
115418,BT18746V3C,87,false,
115419,BT18767V3C,2090,false,
115420,BT18768V3C,4112,false,
115421,BT18775V3C,791,false,
115422,BT18785V3C,49,false,
115423,BT18800V3C,211,false,
115424,BT18812V3C,97,false,
115425,BT21001V3C,4088,false,
115426,BT21010V3C,62,false,
115427,BT21013V3C,45,false,
115428,BT21047V3C,97,false,
115429,BT21056V3C,97,false,
115430,BT21068V3C,57,false,
115431,BT21074V3C,2881,false,
115432,BT21088V3C,4089,false,
115433,BT21109V3C,1,false,
115434,BT21125V3C,3,false,
115435,BT21129V3C,97,false,
115436,BT21153V3C,62,false,
115437,BT21154V3C,49,false,
115438,BT21164V3C,345,false,
115439,BT21164V3C2,345,false,
115440,BT21166V3C,24,false,
115441,BT21199V3C,50,false,
115442,BT21216V3C,894,false,
115443,BT21223V3C,97,false,
115444,BT21229V3C,62,false,
115445,BT21231V3C,97,false,
115446,BT21233V3C,97,false,
115447,BT21235V3C,894,false,
115448,BT21239V3C,97,false,
115449,BT21240V3C,97,false,
115450,BT21252V3C,2468,false,
115451,BT21263V3C,654,false,
115452,BT21269V3C,97,false,
115453,BT21269V3C2,97,false,
115454,BT21284V3C,199,false,
115455,BT21310V3C,65,false,
115456,BT21326V3C,66,false,
115457,BT21327V3C,1484,false,
115458,BT21348V3C,45,false,
115459,BT21387V3C,120,false,
115460,BT21389V3C,4090,false,
115461,BT21403V3C,259,false,
115462,BT21405V3C,137,false,
115463,BT21418V3C,95,false,
115464,BT21424V3C,97,false,
115465,BT21426V3C,65,false,
115466,BT21438V3C,65,false,
115467,BT21440V3C,345,false,
115468,BT21445V3C,4091,false,
115469,BT21448V3C,97,false,
115470,BT21452V3C,93,false,
115471,BT21456V3C,97,false,
115472,BT21456V3C2,97,false,
115473,BT21461V3C,97,false,
115474,BT21462V3C,49,false,
115475,BT21466V3C,62,false,
115476,BT21505V3C,65,false,
115477,BT21506V3C,1481,false,
115478,BT21507V3C,759,false,
115479,BT21516V3C,97,false,
115480,BT21521V3C,2468,false,
115481,BT21530V3C,97,false,
115482,BT21535V3C,45,false,
115483,BT21546V3C,62,false,
115484,BT21557V3C,1400,false,
115485,BT21562V3C,45,false,
115486,BT21577V3C,141,false,
115487,BT21584V3C,1156,false,
115488,BT21607V3C,759,false,
115489,BT21614V3C,97,false,
115490,BT21621V3C,45,false,
115491,BT21625V3C,57,false,
115492,BT21639V3C,1223,false,
115493,BT21641V3C,87,false,
115494,BT21679V3C,65,false,
115495,BT21685V3C,345,false,
115496,BT21686V3C,93,false,
115497,BT21697V3C,97,false,
115498,BT21711V3C,24,false,
115499,BT21730V3C,4043,false,
115500,BT21741V3C,104,false,
115501,BT21742V3C,97,false,
115502,BT21747V3C,4113,false,
115503,BT21761V3C,211,false,
115504,BT21828V3C,65,false,
115505,BT21831V3C,1401,false,
115506,BT21842V3C,4266,false,
115507,BT21844V3C,45,false,
115508,BT27571V3C,65,false,
115509,BT27675V3C,259,false,
115510,BT27684V3C,65,false,
115511,BT27691V1C,4092,false,
115512,BT27692V3C,137,false,
115513,BT27705V3C,104,false,
115514,BT27707V3C,97,false,
115515,BT27710V3C,45,false,
115516,BT27745V3C,300,false,
115517,BT27825V1C,4093,false,
115518,BT36029V3C,3,false,
115519,BT36177V3C,49,false,
115520,BT36218V3C,4044,false,
115521,BT36239V3C,2491,false,
115522,BT36285V3C,62,false,
115523,BT36287V3C,274,false,
115524,BT36432V3C,4094,false,
115525,BT36509V3C,87,false,
115526,BT36515V3C,1675,false,
115527,BT36525V3C,65,false,
115528,BT36534V3C,97,false,
115529,BT36548V3C,87,false,
115530,BT36557V3C,66,false,
115531,BT36606V3C,2492,false,
115532,BT36630V3C,97,false,
115533,BT36632V3C,45,false,
115534,BT36654V3C,45,false,
115535,BT36658V3C,3,false,
115536,BT36660V3C,4045,false,
115537,BT36675V3C,4095,false,
115538,BT36676V3C,87,false,
115539,BT36682V3C,62,false,
115540,BT36698V3C,87,false,
115541,BT36706V3C,1232,false,
115542,BT36716V3C,4046,false,
115543,BT36724V3C,45,false,
115544,BT36740V3C,2454,false,
115545,BT36758V3C,97,false,
115546,BT36760V3C,87,false,
115547,BT36772V3C,49,false,
115548,BT36775V3C,97,false,
115549,BT36787V3C,45,false,
115550,BT36798V3C,217,false,
115551,BT36805V3C,4047,false,
115552,BT36807V3C,2474,false,
115553,BT36829V3C,1995,false,
115554,BT36848V3C,97,false,
115555,BT36859V3C,211,false,
115556,BT36863V3C,1995,false,
115557,BT36894V3C,104,false,
115558,BT36904V3C,4048,false,
115559,BT36916V3C,262,false,
115560,BT36936V3C,95,false,
115561,BT36950V3C,1984,false,
115562,BT36958V3C,97,false,
115563,BT36981V3C,97,false,
115564,BT36990V3C,87,false,
115565,BT36998V3C,1,false,
115566,BT37012V3C,1371,false,
115567,BT37017V3C,837,false,
115568,BT37050V3C,2492,false,
115569,BT37076V3C,1232,false,
115570,BT37087V3C,97,false,
115571,BT37095V3C,1391,false,
115572,BT37099V3C,65,false,
115573,BT37117V3C,65,false,
115574,BT37132V3C,97,false,
115575,BT37145V3C,224,false,
115576,BT37156V3C,2492,false,
115577,BT37162V3C,262,false,
115578,BT37165V3C,65,false,
115579,BT37166V3C,104,false,
115580,BT37186V3C,3,false,
115581,BT37199V3C,49,false,
115582,BT37202V3C,217,false,
115583,BT37206V3C,120,false,
115584,BT37209V3C,4096,false,
115585,BT37228V3C,120,false,
115586,BT37241V3C,65,false,
115587,BT37246V3C,45,false,
115588,BT37262V3C,1707,false,
115589,BT37297V3C,274,false,
115590,BT37323V3C,87,false,
115591,BT37334V3C,45,false,
115592,BT37337V3C,259,false,
115593,BT37365V3C,77,false,
115594,BT37370V3C,141,false,
115595,BT37377V3C,141,false,
115596,BT37386V3C,1371,false,
115597,BT37387V3C,1371,false,
115598,BT37394V3C,104,false,
115599,BT37439V3C,3803,false,
115600,BT37443V3C,65,false,
115601,BT37453V3C,1779,false,
115602,BT37464V3C,87,false,
115603,BT37503V3C,4097,false,
115604,BT37513V3C,1708,false,
115605,BT37519V3C,1779,false,
115606,BT37522V3C,3,false,
115607,BT37528V3C,259,false,
115608,BT37541V3C,1,false,
115609,BT37569V3C,87,false,
115610,BT37573V3C,120,false,
115611,BT37574V3C,4267,false,
115612,BT37583V3C,1371,false,
115613,BT37608V3C,90,false,
115614,BT37620V3C,87,false,
115615,BT37621V3C,97,false,
115616,BT37631V3C,104,false,
115618,BT37656V3C,1166,false,
115619,BT37660V3C,45,false,
115620,BT37689V3C,120,false,
115621,BT37691V3C,3,false,
115622,BT37696V3C,2501,false,
115623,BT37708V3C,97,false,
115624,BT37714V3C,57,false,
115625,BT37728V3C,47,false,
115626,BT37799V3C,87,false,
115627,BT37826V3C,68,false,
115628,BT37849V3C,104,false,
115629,BT37852V3C,104,false,
115630,BT37916V3C,1779,false,
115631,BT37950V3C,45,false,
115632,BT37966V3C,259,false,
115633,BT38077V3C,259,false,
115634,BT38184V3C,738,false,
115635,BT38219V3C,57,false,
115636,BT38233V3C,77,false,
115637,BT38252V3C,791,false,
115638,BT38271V3C,288,false,
115639,BT38281V3C,57,false,
115640,BT38308V3C,288,false,
115641,BT38320V3C,6,false,
115642,BT38333V3C,49,false,
115643,BT39009V3C,4098,false,
115644,BT39022V3C,278,false,
115645,BT39025V3C,65,false,
115646,BT39032V3C,97,false,
115647,BT39046V3C,68,false,
115648,BT39061V3C,57,false,
115649,BT39076V3C,97,false,
115650,BT39081V3C,45,false,
115651,BT39115V3C,1781,false,
115652,BT39126V3C,97,false,
115653,BT39151V3C,87,false,
115654,BT39155V3C,1166,false,
115655,BT39159V3C,97,false,
115656,BT39169V3C,45,false,
115657,BT39186V3C,4049,false,
115658,BT39212V3C,97,false,
115659,BT39214V3C,1223,false,
115660,BT39220V3C,97,false,
115661,BT39227V3C,137,false,
115662,BT39231V3C,97,false,
115663,BT39238V3C,45,false,
115664,BT39247V3C,65,false,
115665,BT39277V3C,832,false,
115666,BT39287V3C,259,false,
115667,BT39291V3C,87,false,
115668,BT39337V3C,259,false,
115669,BT39343V3C,259,false,
115670,BT39347V3C,65,false,
115671,BT39362V3C,45,false,
115672,BT39364V3C,87,false,
115673,BT39398V3C,97,false,
115674,BT39462V3C,4099,false,
115675,BT39463V3C,339,false,
115676,BT39476V3C,4100,false,
115677,BT39480V3C,65,false,
115678,BT39485V3C,97,false,
115679,BT39487V3C,4101,false,
115680,BT39493V3C,97,false,
115681,BT39498V3C,66,false,
115682,BT39500V3C,97,false,
115683,BT39516V3C,4102,false,
115684,BT39517V3C,4103,false,
115685,BT39520V3C,68,false,
115686,BT39535V3C,65,false,
115687,BT39561V3C,97,false,
115688,BT39570V3C,49,false,
115689,BT39578V3C,62,false,
115690,BT39588V3C,95,false,
115691,BT39617V3C,4104,false,
115692,BT39635V3C,87,false,
115693,BT39636V3C,65,false,
115694,BT39652V3C,2039,false,
115695,BT39658V3C,936,false,
115696,BT39662V3C,339,false,
115697,BT39678V3C,97,false,
115698,BT39711V3C,4114,false,
115699,BT39724V3C,68,false,
115700,BT39744V3C,24,false,
115701,BT39749V3C,97,false,
115702,BT39808V3C,45,false,
115703,BT39814V3C,45,false,
115704,BT39910V3C,104,false,
115705,BT39921V3C,137,false,
115706,BT39929V1C,4050,false,
115707,BT39929V3C,4050,false,
115708,BT39942V3C,766,false,
115709,BT39945V1C,97,false,
115710,BT39954V3C,93,false,
115711,BT39955V3C,65,false,
115712,BT39972V1C,259,false,
115713,BT39973V3C,57,false,
115714,BT39975V3C,97,false,
115715,BT39985V1C,4105,false,
115716,BT40000V3C,97,false,
115717,BT40002V3C,57,false,
115718,BT40005V3C,2526,false,
115719,BT40009V3C,250,false,
115720,BT40016V3C,45,false,
115721,BT40026V3C,300,false,
115722,BT40034V3C,97,false,
115723,BT40039V1C,250,false,
115724,BT40039V3C,45,false,
115725,BT40044V3C,97,false,
115726,BT40052V3C,45,false,
115727,BT40054V3C,4115,false,
115728,BT40061V3C,97,false,
115729,BT40069V3C,97,false,
115730,BT51551V1C2,262,false,
115731,BT51572V1C,4269,false,
115732,BT51593V1C2,4051,false,
115733,BT38526V1C,15,false,
115743,M21 240149,120,false,
115744,M21 240172,120,false,
115745,M21 240195,93,false,
115746,M21 240210,120,false,
115747,M21 240225,120,false,
115748,M21 240226,120,false,
115749,M22 240008,120,false,
115750,M22 240058,120,false,
115751,M22 240060,120,false,
115754,739,,false,
115755,1029,,false,
115756,3774,,false,
115757,5674,,false,
115758,7671,,false,
115759,10376,,false,
115760,13720,,false,
115761,5433,,false,
115762,11210,,false,
115763,3,,false,
115764,7877,,false,
115765,8256,,false,
115766,8274,,false,
115768,32035,,false,
115769,34489,,false,
115770,14331,,false,
115771,37300,,false,
115772,M00002,,false,
115773,202155570,,false,
115774,N22-0132,,false,
115775,N22-0135,,false,
115776,N22-0148,,false,
115777,N22-0151,,false,
115778,N22-0159,,false,
115779,N22-0161,,false,
115780,N22-0164,,false,
115781,N22-0171,,false,
115782,N22-0186,,false,
115783,N22-0206,,false,
115788,SMG-22-479,3,false,
115790,ACC9306A28,367,false,
115791,21.21.14,,false,
115792,00.21.03,,false,
115793,12.21.02,,false,
115794,21.21.07,,false,
115795,20.21.05,,false,
115796,20.21.02,,false,
115797,20.21.17,,false,
115798,20.21.07,,false,
115799,20.21.18,,false,
115800,21.21.12,,false,
115801,21.21.21,,false,
115803,Ng_ISS_4844,,false,
115804,SU05922,,false,
115805,SU05924,,false,
115806,SU05928,,false,
115807,SU05919,,false,
115809,22GB000246,3359,false,
115810,13ARS_DMC0024,18,false,
115811,13ARS_VSM0064,18,false,
115812,13ARS_VSM0542,652,false,
115813,13ARS_VSM0286,3915,false,
115814,14ARS_VSM0248,657,false,
115815,14ARS_ZPH0010,18,false,
115816,14ARS_VSM0906,18,false,
115817,13ARS_EVR0106,23,false,
115818,13ARS_MMH0009,373,false,
115819,14ARS_CVM0013,18,false,
115820,14ARS_ZPH0011,373,false,
115821,14ARS_ZPH0016,3916,false,
115822,14ARS_MMH0002,18,false,
115823,13ARS_VSM0640,18,false,
115824,13ARS_VSM0543,652,false,
115825,14ARS_NMC0209,18,false,
115826,14ARS_VSM0122,367,false,
115827,14ARS_VSM0347,18,false,
115828,14ARS_VSM0348,18,false,
115829,14ARS_ZPH0012,18,false,
115830,14ARS_VSM0907,18,false,
115831,62387,,false,
115832,62398,,false,
115833,62424,,false,
115834,62480,,false,
115835,IR72,18,false,
115836,SRR12011637,21,false,
115837,SRR12011628,21,false,
115838,SRR12011629,21,false,
115839,SRR12011631,21,false,
115840,SRR12011636,21,false,
115841,SRR12011627,21,false,
115842,SRR12011623,21,false,
115843,SRR12011635,21,false,
115844,SRR12011626,21,false,
115845,SRR12011634,21,false,
115846,SRR12011633,21,false,
115847,SRR12011622,21,false,
115848,SRR12011625,3353,false,
115849,SRR12011624,3353,false,
115850,SRR12011632,3353,false,
115851,SRR12011630,3353,false,
115852,NGSJH2,18,false,
115853,NGSJH13,367,false,
115854,NGSJH17,18,false,
115855,NGSJH8,18,false,
115856,NGSJH1,16,false,
115857,NGSJH19,21,false,
115858,NGSJH16,16,false,
115859,NGSJH14,3354,false,
115860,NGSJH12,18,false,
115861,NGSJH11,18,false,
115862,NGSJH10,1006,false,
115863,NGSJH7,18,false,
115864,NGSJH9,16,false,
115865,NGSJH5,1006,false,
115866,NGSHG4,4003,false,
115867,SMG-22-512,211,false,
115868,M1,21,false,
115869,M2,16,false,
115870,M3,18,false,
115872,22-173,1,false,
115873,GCWGS-10106,18,false,
115874,GCWGS-10154,367,false,
115875,GCWGS-10155,654,false,
115876,GCWGS-10157,367,false,
115877,GCWGS-10168,18,false,
115878,GCWGS-10183,18,false,
115879,GCWGS-10184,18,false,
115880,GCWGS-10195,3448,false,
115881,GCWGS-10226,18,false,
115882,GCWGS-10235,1006,false,
115883,GCWGS-10240,16,false,
115884,GCWGS-10244,18,false,
115885,GCWGS-10264,378,false,
115886,GCWGS-10287,372,false,
115887,GCWGS-10288,654,false,
115888,GCWGS-10314,18,false,
115889,GCWGS-10316,18,false,
115890,GCWGS-10317,18,false,
115891,GCWGS-10318,18,false,
115892,GCWGS-10350,633,false,
115893,GCWGS-10359,645,false,
115894,GCWGS-10362,1560,false,
115895,GCWGS-10367,367,false,
115896,GCWGS-10374,367,false,
115897,GCWGS-10459,18,false,
115898,GCWGS-10530,451,false,
115899,GCWGS-10536,367,false,
115900,GCWGS-10552,367,false,
115901,GCWGS-10556,654,false,
115902,GCWGS-10613,1006,false,
115903,GCWGS-10617,367,false,
115904,GCWGS-10621,1006,false,
115905,GCWGS-10623,3966,false,
115906,GCWGS-10624,3886,false,
115907,GCWGS-10679,1006,false,
115908,GCWGS-10686,18,false,
115909,GCWGS-10766,16,false,
115910,GCWGS-10808,367,false,
115911,GCWGS-10906,367,false,
115912,GCWGS-10907,18,false,
115913,GCWGS-10909,18,false,
115914,GCWGS-10911,666,false,
115915,GCWGS-10921,1006,false,
115916,GCWGS-10940,1006,false,
115917,GCWGS-10947,3353,false,
115918,GCWGS-10956,451,false,
115919,GCWGS-10959,18,false,
115920,GCWGS-10968,666,false,
115921,GCWGS-11058,367,false,
115922,GCWGS-11104,367,false,
115923,GCWGS-11105,373,false,
115924,GCWGS-11145,367,false,
115925,GCWGS-11190,654,false,
115926,GCWGS-11201,367,false,
115927,GCWGS-11248,18,false,
115928,GCWGS-11253,18,false,
115929,GCWGS-11264,367,false,
115930,GCWGS-11265,367,false,
115931,GCWGS-11271,654,false,
115932,GCWGS-11282,371,false,
115933,GCWGS-11336,633,false,
115934,GCWGS-11348,367,false,
115935,GCWGS-11376,367,false,
115936,GCWGS-11384,367,false,
115937,GCWGS-11409,367,false,
115938,GCWGS-11412,654,false,
115939,GCWGS-11511,1006,false,
115940,GCWGS-11526,367,false,
115941,GCWGS-11540,654,false,
115942,GCWGS-11557,16,false,
115943,GCWGS-11558,367,false,
115944,GCWGS-11561,367,false,
115945,GCWGS-11594,18,false,
115946,GCWGS-11595,1006,false,
115947,GCWGS-11596,1006,false,
115948,GCWGS-11608,373,false,
115949,GCWGS-11682,367,false,
115950,GCWGS-11692,654,false,
115951,GCWGS-11698,18,false,
115952,GCWGS-11700,654,false,
115953,GCWGS-11722,18,false,
115954,GCWGS-11724,1006,false,
115955,GCWGS-11739,18,false,
115956,GCWGS-11744,4004,false,
115957,GCWGS-11746,654,false,
115958,GCWGS-11917,367,false,
115959,GCWGS-11978,3353,false,
115960,GCWGS-12026,3917,false,
115961,GCWGS-12028,18,false,
115962,GCWGS-12533,654,false,
115963,GCWGS-12540,1006,false,
115964,GCWGS-12575,367,false,
115965,GCWGS-12600,3353,false,
115966,GCWGS-12708,367,false,
115967,GCWGS-14260,1006,false,
115968,GCWGS-14434,666,false,
115969,GCWGS-5364,669,false,
115970,GCWGS-5369,3847,false,
115971,GCWGS-5380,1006,false,
115972,GCWGS-5381,654,false,
115973,GCWGS-5383,1006,false,
115974,GCWGS-5384,1006,false,
115975,GCWGS-5389,367,false,
115976,GCWGS-5391,16,false,
115977,GCWGS-5574,1006,false,
115978,GCWGS-5577,18,false,
115979,GCWGS-5578,18,false,
115980,GCWGS-5622,3448,false,
115981,GCWGS-5623,654,false,
115982,GCWGS-5646,636,false,
115983,GCWGS-5718,1006,false,
115984,GCWGS-6022,18,false,
115985,GCWGS-6040,367,false,
115986,GCWGS-6068,367,false,
115987,GCWGS-6069,451,false,
115988,GCWGS-6078,844,false,
115989,GCWGS-6102,367,false,
115990,GCWGS-6135,371,false,
115991,GCWGS-6140,367,false,
115992,GCWGS-6143,367,false,
115993,GCWGS-6146,367,false,
115994,GCWGS-6149,367,false,
115995,GCWGS-6169,18,false,
115996,GCWGS-6189,18,false,
115997,GCWGS-6190,666,false,
115998,GCWGS-6314,1006,false,
115999,GCWGS-6341,3353,false,
116000,GCWGS-6406,636,false,
116001,GCWGS-6408,18,false,
116002,GCWGS-6411,654,false,
116003,GCWGS-6422,451,false,
116004,GCWGS-6424,824,false,
116005,GCWGS-6427,16,false,
116006,GCWGS-6538,657,false,
116007,GCWGS-6547,367,false,
116008,GCWGS-6549,367,false,
116009,GCWGS-6589,654,false,
116010,GCWGS-6619,367,false,
116011,GCWGS-6689,1006,false,
116012,GCWGS-6729,633,false,
116013,GCWGS-6736,367,false,
116014,GCWGS-6746,16,false,
116015,GCWGS-6754,1006,false,
116016,GCWGS-6784,18,false,
116017,GCWGS-6786,18,false,
116018,GCWGS-6789,451,false,
116019,GCWGS-6792,3918,false,
116020,GCWGS-6793,367,false,
116021,GCWGS-6797,18,false,
116022,GCWGS-6801,451,false,
116023,GCWGS-6812,367,false,
116024,GCWGS-6831,844,false,
116025,GCWGS-6853,844,false,
116026,GCWGS-6854,844,false,
116027,GCWGS-6928,1591,false,
116028,GCWGS-6938,18,false,
116029,GCWGS-6945,367,false,
116030,GCWGS-7019,654,false,
116031,GCWGS-7020,3966,false,
116032,GCWGS-7086,18,false,
116033,GCWGS-7089,666,false,
116034,GCWGS-7300,451,false,
116035,GCWGS-7301,16,false,
116036,GCWGS-7308,367,false,
116037,GCWGS-7317,18,false,
116038,GCWGS-7320,367,false,
116039,GCWGS-7336,4005,false,
116040,GCWGS-7353,1006,false,
116041,GCWGS-7376,18,false,
116042,GCWGS-7442,367,false,
116043,GCWGS-7469,18,false,
116044,GCWGS-7498,3353,false,
116045,GCWGS-7499,18,false,
116046,GCWGS-7506,367,false,
116047,GCWGS-7508,3966,false,
116048,GCWGS-7510,367,false,
116049,GCWGS-7512,1006,false,
116050,GCWGS-7549,3847,false,
116051,GCWGS-7573,1006,false,
116052,GCWGS-7641,18,false,
116053,GCWGS-7643,16,false,
116054,GCWGS-7645,16,false,
116055,GCWGS-7646,,false,
116056,GCWGS-7649,451,false,
116057,GCWGS-7650,18,false,
116058,GCWGS-7653,4006,false,
116059,GCWGS-7654,16,false,
116060,GCWGS-7655,636,false,
116061,GCWGS-7661,18,false,
116062,GCWGS-7664,18,false,
116063,GCWGS-7676,367,false,
116064,GCWGS-7679,367,false,
116065,GCWGS-7703,18,false,
116066,GCWGS-7746,1006,false,
116067,GCWGS-7747,367,false,
116068,GCWGS-7814,3448,false,
116069,GCWGS-7820,654,false,
116070,GCWGS-7821,367,false,
116071,GCWGS-7823,3353,false,
116072,GCWGS-7977,678,false,
116073,GCWGS-7986,3353,false,
116074,GCWGS-7988,1006,false,
116075,GCWGS-8002,18,false,
116076,GCWGS-8015,666,false,
116077,GCWGS-8226,18,false,
116078,GCWGS-8227,18,false,
116079,GCWGS-8229,18,false,
116080,GCWGS-8231,645,false,
116081,GCWGS-8232,3919,false,
116082,GCWGS-8234,18,false,
116083,GCWGS-8236,18,false,
116084,GCWGS-8246,669,false,
116085,GCWGS-8253,18,false,
116086,GCWGS-8290,16,false,
116087,GCWGS-8313,669,false,
116088,GCWGS-8317,1006,false,
116089,GCWGS-8343,22,false,
116090,GCWGS-8363,1006,false,
116091,GCWGS-8375,18,false,
116092,GCWGS-8376,18,false,
116093,GCWGS-8377,18,false,
116094,GCWGS-8385,3353,false,
116095,GCWGS-8386,16,false,
116096,GCWGS-8387,367,false,
116097,GCWGS-8433,18,false,
116098,GCWGS-8434,666,false,
116099,GCWGS-8435,367,false,
116100,GCWGS-8717,16,false,
116101,GCWGS-8723,3353,false,
116102,GCWGS-8742,1006,false,
116103,GCWGS-8755,3353,false,
116104,GCWGS-8828,16,false,
116105,GCWGS-8829,16,false,
116106,GCWGS-8898,1006,false,
116107,GCWGS-8903,367,false,
116108,GCWGS-8916,3353,false,
116109,GCWGS-8933,367,false,
116110,GCWGS-8934,3353,false,
116111,GCWGS-8948,18,false,
116112,GCWGS-8952,3353,false,
116113,GCWGS-8982,18,false,
116114,GCWGS-9003,451,false,
116115,GCWGS-9036,367,false,
116116,GCWGS-9074,18,false,
116117,GCWGS-9118,367,false,
116118,GCWGS-9146,,false,
116119,GCWGS-9221,18,false,
116120,GCWGS-9222,1006,false,
116121,GCWGS-9234,3353,false,
116122,GCWGS-9241,367,false,
116123,GCWGS-9244,2813,false,
116124,GCWGS-9253,3920,false,
116125,GCWGS-9256,633,false,
116126,GCWGS-9257,18,false,
116127,GCWGS-9258,18,false,
116128,GCWGS-9259,18,false,
116129,GCWGS-9261,451,false,
116130,GCWGS-9262,1006,false,
116131,GCWGS-9267,3918,false,
116132,GCWGS-9268,1006,false,
116133,GCWGS-9269,3921,false,
116134,GCWGS-9274,654,false,
116135,GCWGS-9279,1006,false,
116136,GCWGS-9282,4007,false,
116137,GCWGS-9284,,false,
116138,GCWGS-9297,18,false,
116139,GCWGS-9324,371,false,
116140,GCWGS-9354,669,false,
116141,GCWGS-9426,367,false,
116142,GCWGS-9438,373,false,
116143,GCWGS-9439,18,false,
116144,GCWGS-9445,18,false,
116145,GCWGS-9447,367,false,
116146,GCWGS-9451,367,false,
116147,GCWGS-9459,3353,false,
116148,GCWGS-9565,367,false,
116149,GCWGS-9618,633,false,
116150,GCWGS-9620,633,false,
116151,GCWGS-9629,1006,false,
116152,GCWGS-9635,3448,false,
116153,GCWGS-9663,18,false,
116154,GCWGS-9665,3917,false,
116155,GCWGS-9668,18,false,
116156,GCWGS-9670,18,false,
116157,GCWGS-9673,18,false,
116158,GCWGS-9675,18,false,
116159,GCWGS-9676,18,false,
116160,GCWGS-9680,18,false,
116161,GCWGS-9681,18,false,
116162,GCWGS-9707,367,false,
116163,GCWGS-9709,367,false,
116164,GCWGS-9719,373,false,
116165,GCWGS-9731,1006,false,
116166,GCWGS-9739,18,false,
116167,GCWGS-9743,654,false,
116168,GCWGS-9754,373,false,
116169,GCWGS-9761,373,false,
116170,GCWGS-9771,451,false,
116171,GCWGS-9772,16,false,
116172,GCWGS-9794,1006,false,
116173,GCWGS-9796,367,false,
116174,GCWGS-9802,18,false,
116175,GCWGS-9839,1006,false,
116176,GCWGS-9840,18,false,
116177,GCWGS-9853,654,false,
116178,GCWGS-9854,654,false,
116179,GCWGS-9884,844,false,
116180,GCWGS-9888,16,false,
116181,GCWGS-9898,16,false,
116182,GCWGS-9963,378,false,
116183,GCWGS-9970,1006,false,
116184,GCWGS-9979,367,false,
116204,NEIS-20-BH26,,false,
116205,NEIS-20-DF39,,false,
116206,NEIS-20-DF56,,false,
116207,NEIS-20-DF64,,false,
116208,NEIS-20-MA07,,false,
116209,NEIS-20-MA27,,false,
116210,NEIS-20-POA13,,false,
116211,NEIS-20-POA16,,false,
116212,NEIS-20-POA31,,false,
116213,NEIS-20-POA37,,false,
116214,NEIS-20-RF07,,false,
116215,NEIS-20-RF09,,false,
116216,NEIS-20-RF12,,false,
116217,NEIS-20-RF16,,false,
116218,NEIS-20-RF49,,false,
116219,NEIS-20-CTB34,,false,
116220,NEIS-20-SJC03,,false,
116221,NEIS-20-SP18,,false,
116222,UG010,683,false,
116223,UG117,4717,false,
116224,UG182,683,false,
116225,UG197,18,false,
116226,UG245,18,false,
116227,UG278,18,false,
116228,UG282,18,false,
116229,UG290,4718,false,
116230,UG323,4718,false,
116231,UG055,18,false,
116232,UG224,937,false,
116233,UG009,18,false,
116234,UG052,18,false,
116235,UG296,683,false,
116236,UG440,18,false,
116237,UG221,18,false,
116238,UG040,367,false,
116239,UG474,18,false,
116240,UG501,683,false,
116241,UG162,18,false,
116242,UG007,683,false,
116243,UG393,18,false,
116244,UG411,683,false,
116245,UG084,937,false,
116246,UG413,367,false,
116247,UG343,18,false,
116248,UG435,825,false,
116249,UG503,18,false,
116250,UG198,824,false,
116251,UG167,3813,false,
116252,UG189,683,false,
116253,UG075,683,false,
116254,111,21,false,
116255,114,21,false,
116256,151,367,false,
116257,4_18,378,false,
116258,5_18,3353,false,
116259,12_18,16,false,
116260,32_18,3353,false,
116261,33_18,657,false,
116262,42_18,1006,false,
116263,52_18,16,false,
116264,55_18,367,false,
116265,59_18,16,false,
116266,68_18,367,false,
116267,82_18,367,false,
116268,83_18,3354,false,
116269,86_18,16,false,
116270,93_18,1006,false,
116271,100_18,1006,false,
116272,110_18,654,false,
116273,112_18,367,false,
116274,116_18,16,false,
116275,118_18,16,false,
116276,121_18,21,false,
116277,124_18,16,false,
116278,136_18,367,false,
116279,138_18,367,false,
116280,139_18,367,false,
116281,143_18,3353,false,
116282,144_18,18,false,
116283,153_18,3965,false,
116284,154_18,3922,false,
116285,155_18,1006,false,
116286,158_18,16,false,
116287,160_18,367,false,
116288,162_18,367,false,
116289,168_18,16,false,
116290,169_18,3353,false,
116291,171_18,367,false,
116292,177_18,3353,false,
116293,179_18,3965,false,
116294,180_18,3353,false,
116295,181_18,16,false,
116296,183_18,16,false,
116297,198_18,16,false,
116298,199_18,18,false,
116299,206_18,18,false,
116300,211_18,18,false,
116301,218_18,367,false,
116302,230_18,3353,false,
116303,231_18,3357,false,
116304,234_18,18,false,
116305,237_18,16,false,
116306,239_18,3353,false,
116307,240_18,1006,false,
116308,243_18,18,false,
116309,250_18,18,false,
116310,254_18,367,false,
116311,258_18,18,false,
116312,260_18,16,false,
116313,265_18,18,false,
116314,273_18,3353,false,
116315,275_18,4008,false,
116316,278_18,3353,false,
116317,282_18,16,false,
116318,284_18,3353,false,
116319,285_18,18,false,
116320,289_18,18,false,
116321,295_18,16,false,
116322,302_18,4009,false,
116323,308_18,16,false,
116324,309_18,16,false,
116325,312_18,16,false,
116326,313_18,16,false,
116327,314_18,1006,false,
116328,316_18,16,false,
116329,318_18,3353,false,
116330,320_18,3353,false,
116331,324_18,16,false,
116332,326_18,3353,false,
116333,330_18,3359,false,
116334,331_18,3353,false,
116335,332_18,3353,false,
116336,335_18,16,false,
116337,337_18,3353,false,
116338,340_18,18,false,
116339,341_18,16,false,
116340,343_18,654,false,
116341,345_18,16,false,
116342,350_18,367,false,
116343,351_18,4010,false,
116344,355_18,1006,false,
116345,360_18,3965,false,
116346,361_18,1006,false,
116347,362_18,18,false,
116348,364_18,18,false,
116349,368_18,16,false,
116350,370_18,3353,false,
116351,371_18,18,false,
116352,372_18,18,false,
116353,373_18,3353,false,
116354,375_18,367,false,
116355,376_18,1006,false,
116356,378_18,16,false,
116357,379_18,367,false,
116358,380_18,367,false,
116359,382_18,378,false,
116360,383_18,18,false,
116361,387_18,16,false,
116362,388_18,3353,false,
116363,392_18,373,false,
116364,396_18,1006,false,
116365,398_18,3353,false,
116366,399_18,16,false,
116367,400_18,3359,false,
116368,401_18,367,false,
116369,402_18,841,false,
116370,403_18,16,false,
116371,408_18,367,false,
116372,410_18,16,false,
116373,411_18,16,false,
116374,415_18,3353,false,
116375,416_18,16,false,
116376,417_18,16,false,
116377,418_18,16,false,
116378,419_18,654,false,
116379,420_18,18,false,
116380,427_18,367,false,
116381,429_18,654,false,
116382,430_18,1006,false,
116383,433_18,16,false,
116384,434_18,3923,false,
116385,18AR1198,1006,false,
116386,18AR1199,367,false,
116387,18AR1200,636,false,
116388,18AR1206,367,false,
116389,18AR1217,18,false,
116390,18AR1236,367,false,
116391,18AR1237,1006,false,
116392,18AR1238,18,false,
116393,18AR1251,367,false,
116394,18AR1263,636,false,
116395,18AR1264,636,false,
116396,18AR1276,367,false,
116397,18AR1277,367,false,
116398,18AR1279,1122,false,
116399,18AR1282,635,false,
116400,18AR1283,378,false,
116401,18AR1284,635,false,
116402,18AR1287,3353,false,
116403,18AR1288,367,false,
116404,18AR1322,1006,false,
116405,18AR1323,367,false,
116406,18AR1324,367,false,
116407,18AR1330,367,false,
116408,18AR1332,367,false,
116409,18AR1333,16,false,
116410,18AR1336,18,false,
116411,18AR1339,1006,false,
116412,18AR1340,367,false,
116413,18AR1363,1122,false,
116414,18AR1374,367,false,
116415,18AR1375,367,false,
116416,18AR1376,18,false,
116417,18AR1377,16,false,
116418,18AR1378,1122,false,
116419,18AR1379,18,false,
116420,18AR1380,1006,false,
116421,18AR1381,636,false,
116422,18AR1382,636,false,
116423,18AR1383,635,false,
116424,18AR1384,367,false,
116425,18AR1389,367,false,
116426,18AR1390,367,false,
116427,18AR1403,18,false,
116428,18AR1404,18,false,
116429,18AR1405,367,false,
116430,18AR1406,1006,false,
116431,18AR1424,367,false,
116432,18AR1425,367,false,
116433,18AR1426,367,false,
116434,18AR1427,18,false,
116435,18AR1428,367,false,
116436,18AR1429,16,false,
116437,18AR1430,16,false,
116438,18AR1432,21,false,
116439,18AR1433,636,false,
116440,18AR1440,367,false,
116441,18AR1441,654,false,
116442,18AR1442,18,false,
116443,18AR1443,367,false,
116444,18AR1444,1006,false,
116445,18AR1445,1006,false,
116446,18AR1450,1122,false,
116447,18AR1451,367,false,
116448,18AR1452,635,false,
116449,18AR1453,635,false,
116450,18AR1466,16,false,
116451,18AR1474,636,false,
116452,18AR1475,18,false,
116453,18AR1476,367,false,
116454,18AR1477,1006,false,
116455,18AR1478,18,false,
116456,18AR1479,367,false,
116457,18AR1480,1006,false,
116458,18AR1481,367,false,
116459,18AR1483,367,false,
116460,18AR1484,18,false,
116461,18AR1485,367,false,
116462,18AR1486,635,false,
116463,18AR1487,18,false,
116464,18AR1488,1006,false,
116465,18AR1512,1006,false,
116466,18AR1513,367,false,
116467,18AR1525,1006,false,
116468,18AR1526,3479,false,
116469,18AR1527,367,false,
116470,18AR1528,18,false,
116471,18AR1541,636,false,
116472,18AR1542,18,false,
116473,18AR1543,367,false,
116474,18AR1544,678,false,
116475,18AR1545,18,false,
116476,18AR1546,16,false,
116477,18AR1547,678,false,
116478,18AR1548,1122,false,
116479,18AR1549,1006,false,
116480,18AR1550,1006,false,
116481,18AR1551,367,false,
116482,18AR1552,367,false,
116483,18AR1553,367,false,
116484,18AR1554,367,false,
116485,18AR1555,635,false,
116486,18AR1558,678,false,
116487,18AR1559,678,false,
116488,18AR1561,636,false,
116489,18AR1562,18,false,
116490,19AR0004,18,false,
116491,19AR0005,367,false,
116492,19AR0006,367,false,
116493,19AR0007,1006,false,
116494,19AR0008,367,false,
116495,19AR0009,18,false,
116496,19AR0011,367,false,
116497,19AR0012,636,false,
116498,19AR0013,1006,false,
116499,19AR0025,1006,false,
116500,19AR0026,3924,false,
116501,19AR0027,1122,false,
116502,19AR0028,1006,false,
116503,19AR0029,1006,false,
116504,19AR0030,3474,false,
116505,19AR0031,367,false,
116506,19AR0032,367,false,
116507,19AR0033,3474,false,
116508,19AR0034,1122,false,
116509,19AR0035,3474,false,
116510,19AR0038,1006,false,
116511,19AR0039,367,false,
116512,19AR0040,367,false,
116513,19AR0041,1006,false,
116514,19AR0042,367,false,
116515,19AR0044,378,false,
116516,19AR0050,16,false,
116517,19AR0052,367,false,
116518,19AR0053,367,false,
116519,19AR0054,18,false,
116520,19AR0055,1006,false,
116521,19AR0056,636,false,
116522,19AR0057,367,false,
116523,19AR0058,367,false,
116524,19AR0059,367,false,
116525,19AR0060,367,false,
116526,19AR0061,18,false,
116527,19AR0062,678,false,
116528,19AR0063,654,false,
116529,19AR0064,1122,false,
116530,19AR0065,367,false,
116531,19AR0066,16,false,
116532,19AR0067,16,false,
116533,19AR0068,367,false,
116534,19AR0069,1006,false,
116535,19AR0070,635,false,
116536,19AR0071,367,false,
116537,19AR0072,3925,false,
116538,19AR0084,18,false,
116539,19AR0086,367,false,
116540,19AR0087,16,false,
116541,19AR0093,367,false,
116542,19AR0094,367,false,
116543,19AR0095,367,false,
116544,19AR0098,18,false,
116545,19AR0099,367,false,
116546,19AR0100,635,false,
116547,19AR0101,367,false,
116548,19AR0102,1006,false,
116549,19AR0107,1122,false,
116550,19AR0108,367,false,
116551,19AR0109,367,false,
116552,19AR0112,367,false,
116553,19AR0113,367,false,
116554,19AR0114,18,false,
116555,19AR0115,367,false,
116556,19AR0116,1122,false,
116557,19AR0117,18,false,
116558,19AR0118,18,false,
116559,19AR0126,678,false,
116560,19AR0132,18,false,
116561,19AR0134,678,false,
116562,19AR0135,635,false,
116563,19AR0150,18,false,
116564,19AR0153,18,false,
116565,19AR0154,18,false,
116566,19AR0157,18,false,
116567,19AR0158,367,false,
116568,19AR0160,367,false,
116569,19AR0161,1006,false,
116570,19AR0162,367,false,
116571,19AR0163,1006,false,
116572,19AR0164,367,false,
116573,19AR0165,367,false,
116574,19AR0166,1122,false,
116575,19AR0167,1006,false,
116576,19AR0168,18,false,
116577,19AR0169,367,false,
116578,19AR0170,1006,false,
116579,19AR0172,1006,false,
116580,19AR0173,18,false,
116581,19AR0174,18,false,
116582,19AR0175,18,false,
116583,19AR0176,678,false,
116584,19AR0185,678,false,
116585,19AR0186,678,false,
116586,19AR0187,18,false,
116587,19AR0189,18,false,
116588,19AR0191,1122,false,
116589,19AR0193,367,false,
116590,19AR0194,1122,false,
116591,19AR0195,1122,false,
116592,19AR0196,18,false,
116593,19AR0212,367,false,
116594,19AR0213,18,false,
116595,19AR0214,18,false,
116605,32484,,false,
116606,22174,,false,
116607,24725,,false,
116608,29753,,false,
116609,35085,,false,
116610,1153,,false,
116611,27948,,false,
116612,28867,,false,
116613,30797,,false,
116614,33460,,false,
116615,34006,,false,
116616,34932,,false,
116617,34933,,false,
116618,35066,,false,
116619,36177,,false,
116621,3483,,false,
116622,4200,,false,
116623,7124b,,false,
116624,8232,,false,
116625,28250,,false,
116626,31125,,false,
116627,31607,,false,
116628,32118,,false,
116629,32908,,false,
116631,22448,,false,
116632,24241,,false,
116633,C04.0272,149,false,
116634,C04.0443,45,false,
116635,C04.0545,149,false,
116636,C04.0975,3926,false,
116637,C04.1089,350,false,
116638,C04.1100,1,false,
116639,C04.3142,149,false,
116640,C05.0676,4011,false,
116641,C05.1465,3927,false,
116642,C06.1275,4011,false,
116643,C06.1486,87,false,
116644,C08.0346,3927,false,
116645,E06.4959,350,false,
116646,N93-02003,4011,false,
116647,N93-03001,407,false,
116648,N93-04001,407,false,
116649,N93-04003,1,false,
116650,N9308006-P,9,false,
116651,N9311001-P,45,false,
116652,NM31203,407,false,
116653,NM32990,45,false,
116654,R17.0719,1,false,
116655,R17.0720,3928,false,
116656,R17.0721,3927,false,
116657,R17.0722,45,false,
116658,R17.0723,4011,false,
116659,R17.0724,57,false,
116660,R17.0725,877,false,
116661,R17.0726,407,false,
116662,R17.0727,9,false,
116663,R17.0728,1,false,
116664,R17.0729,1166,false,
116665,R17.0731,1940,false,
116666,R17.0732,4011,false,
116667,R17.0733,407,false,
116668,R17.0734,407,false,
116669,R17.0735,1166,false,
116670,R17.0736,87,false,
116671,R17.0737,4011,false,
116672,R17.0738,4011,false,
116673,R17.0739,407,false,
116674,R17.0740,4011,false,
116675,R17.0741,45,false,
116676,R17.0742,407,false,
116677,R17.0743,407,false,
116678,R17.0744,407,false,
116679,R17.0745,407,false,
116680,R17.0747,62,false,
116681,R17.0748,407,false,
116682,R17.0749,4011,false,
116683,R17.2521,407,false,
116684,R17.2522,407,false,
116685,R17.2523,407,false,
116686,R17.2524,407,false,
116687,R17.2525,407,false,
116688,R17.6169,3280,false,
116689,R17.6170,877,false,
116690,R18.2518,407,false,
116691,R18.2519,3929,false,
116692,R18.2520,877,false,
116693,R18.2521,45,false,
116694,R18.2523,877,false,
116695,R18.2524,149,false,
116696,R18.2526,,false,
116697,R18.2529,407,false,
116698,R18.2530,3930,false,
116699,R18.2531,3931,false,
116700,R18.2532,4011,false,
116701,R18.2533,1,false,
116702,R18.2534,877,false,
116703,R18.2535,4011,false,
116704,R18.2536,1,false,
116705,R18.2537,9,false,
116706,R18.2539,45,false,
116707,R18.2540,149,false,
116708,R18.2541,407,false,
116709,R18.2542,9,false,
116710,R18.2543,137,false,
116711,R18.2544,877,false,
116712,R18.2545,1,false,
116713,R18.2547,4011,false,
116714,R18.2548,407,false,
116715,R18.2549,407,false,
116716,R18.2550,149,false,
116717,R18.2551,149,false,
116718,R18.2552,4011,false,
116719,R18.2555,4011,false,
116720,R18.2556,3713,false,
116721,R18.2558,877,false,
116722,R18.2559,877,false,
116723,R18.2560,877,false,
116724,R18.2562,45,false,
116725,R18.2563,3932,false,
116726,R18.2565,141,false,
116727,R18.2566,4011,false,
116728,R18.2567,4011,false,
116729,R18.2569,4011,false,
116730,R18.2570,2431,false,
116731,R18.2571,407,false,
116732,R18.2572,45,false,
116733,R18.2573,3928,false,
116734,R18.2574,45,false,
116735,R18.2575,877,false,
116736,R18.2576,45,false,
116737,R18.2577,407,false,
116738,R18.2578,45,false,
116739,R18.2579,407,false,
116740,R18.2582,877,false,
116741,R18.2583,3933,false,
116742,R18.2584,45,false,
116743,R18.2585,3934,false,
116744,R18.2586,1,false,
116745,R18.2587,4011,false,
116746,R18.2590,4011,false,
116747,R18.2591,877,false,
116748,R18.2592,4011,false,
116749,R18.2593,407,false,
116750,R18.2594,4012,false,
116751,R18.2596,4012,false,
116752,R18.2597,4012,false,
116753,R18.2598,3935,false,
116754,R18.2599,4012,false,
116755,R18.2600,57,false,
116756,R18.2601,45,false,
116757,R18.2602,45,false,
116758,R18.2604,4012,false,
116759,R18.2605,407,false,
116760,R18.2606,4011,false,
116761,R18.2607,149,false,
116762,R18.2608,407,false,
116763,R18.2610,407,false,
116764,R18.2611,4011,false,
116765,R18.2612,407,false,
116766,R18.2613,407,false,
116767,R18.2614,49,false,
116768,R18.2616,350,false,
116769,R18.2620,3936,false,
116770,R18.2622,407,false,
116771,R18.2623,350,false,
116772,R18.2624,407,false,
116773,R18.2625,4011,false,
116774,R18.2626,407,false,
116775,R20.0330,1,false,
116776,R20.0331,2059,false,
116777,R20.0332,350,false,
116778,R20.0333,9,false,
116779,R20.0334,1439,false,
116780,R20.0335,62,false,
116781,R20.0336,4011,false,
116782,R20.0337,45,false,
116783,R20.0338,3932,false,
116784,R20.0340,407,false,
116785,R20.0341,62,false,
116786,S04.0248,407,false,
116787,S04.0250,29,false,
116788,S04.0360,3927,false,
116789,S05.0394,9,false,
116801,23805,,false,
116802,mcbar-1234nano_hq,,false,
116803,mcbar-1234nano,,false,
116804,19-708nano_hq,,false,
116805,19-708nano,,false,
116810,10079,,false,
116812,8734,,false,
116813,10377,,false,
116814,13825,,false,
116815,32320,,false,
116816,32321,,false,
116817,36184,,false,
116818,250,,false,
116819,36491,,false,
116820,6837,,false,
116821,30214,,false,
116822,33673,,false,
116823,34398,,false,
116825,13134,,false,
116826,31503,,false,
116828,SMG-22-637,3937,false,
116829,M20 240289,141,false,
116830,NEIS-20-POA67,,false,
116831,61701,,false,
116838,19AR0215,678,false,
116839,19AR0216,3925,false,
116840,19AR0219,3924,false,
116841,19AR0224,678,false,
116842,19AR0225,16,false,
116843,19AR0226,3925,false,
116844,19AR0229,636,false,
116845,19AR0230,367,false,
116846,19AR0233,1006,false,
116847,19AR0234,367,false,
116848,19AR0235,1006,false,
116849,19AR0236,635,false,
116850,19AR0262,678,false,
116851,19AR0263,654,false,
116852,19AR0264,367,false,
116853,19AR0265,16,false,
116854,19AR0269,1006,false,
116855,19AR0270,678,false,
116856,19AR0271,16,false,
116857,19AR0272,1122,false,
116858,19AR0273,367,false,
116859,19AR0274,635,false,
116860,19AR0275,367,false,
116861,19AR0276,635,false,
116862,19AR0278,654,false,
116863,19AR0280,1006,false,
116864,19AR0281,635,false,
116865,19AR0293,367,false,
116866,19AR0294,18,false,
116867,19AR0295,18,false,
116868,19AR0296,18,false,
116869,19AR0297,18,false,
116870,19AR0306,367,false,
116871,19AR0307,367,false,
116872,19AR0308,367,false,
116873,19AR0309,373,false,
116874,19AR0310,18,false,
116875,19AR0311,3924,false,
116876,19AR0312,18,false,
116877,19AR0314,367,false,
116878,19AR0315,18,false,
116879,19AR0316,18,false,
116880,19AR0317,367,false,
116881,19AR0321,367,false,
116882,19AR0322,18,false,
116883,19AR0323,18,false,
116884,19AR0327,636,false,
116885,19AR0328,367,false,
116886,19AR0329,367,false,
116887,19AR0340,367,false,
116888,19AR0341,636,false,
116889,19AR0346,367,false,
116890,19AR0358,1122,false,
116891,19AR0360,373,false,
116892,19AR0361,18,false,
116893,19AR0362,367,false,
116894,19AR0363,367,false,
116895,19AR0364,367,false,
116896,19AR0366,367,false,
116897,19AR0367,654,false,
116898,19AR0368,367,false,
116899,19AR0369,367,false,
116900,19AR0370,678,false,
116901,19AR0371,1122,false,
116902,19AR0372,16,false,
116903,19AR0373,367,false,
116904,19AR0374,1122,false,
116905,19AR0375,367,false,
116906,19AR0376,367,false,
116907,19AR0377,367,false,
116908,19AR0378,1122,false,
116909,19AR0379,1122,false,
116910,19AR0380,678,false,
116911,19AR0381,654,false,
116912,19AR0382,678,false,
116913,19AR0383,3925,false,
116914,19AR0393,1006,false,
116915,19AR0394,654,false,
116916,19AR0396,1006,false,
116917,19AR0397,373,false,
116918,19AR0398,1006,false,
116919,19AR0410,367,false,
116920,19AR0414,1122,false,
116921,19AR0416,18,false,
116922,19AR0417,18,false,
116923,19AR0418,1122,false,
116924,19AR0419,367,false,
116925,19AR0424,636,false,
116926,19AR0425,1006,false,
116927,19AR0426,367,false,
116928,19AR0441,636,false,
116929,19AR0450,18,false,
116930,19AR0451,16,false,
116931,19AR0452,18,false,
116932,19AR0454,18,false,
116933,19AR0455,367,false,
116934,19AR0456,678,false,
116935,19AR0458,18,false,
116936,19AR0459,367,false,
116937,19AR0460,1122,false,
116938,19AR0474,367,false,
116939,19AR0516,678,false,
116940,19AR1708,367,false,
116941,33666,,false,
116942,36292,,false,
116943,11668,,false,
116944,LN1,39,false,
116945,LN2,1781,false,
116946,LN3,407,false,
116947,LN4,1440,false,
116948,LN5,407,false,
116949,LN6,3938,false,
116950,LN7,39,false,
116951,LN8,407,false,
116952,LN9,3939,false,
116953,LN10,4013,false,
116954,LN11,39,false,
116955,LN12,39,false,
116956,LN13,39,false,
116957,LN14,49,false,
116958,LN15,39,false,
116959,LN16,407,false,
116960,LN17,407,false,
116961,LN18,407,false,
116962,LN19,407,false,
116963,MRSN431194,3940,false,
116964,P3965,67,false,
116965,10222,,false,
116966,10227,,false,
116967,10240,,false,
116968,202212475,,false,
116969,10250,,false,
116970,10257,,false,
116971,10265,,false,
116972,10278,,false,
116973,10214,,false,
116974,10215,,false,
116975,10239,,false,
116976,10245,,false,
116977,10241,,false,
116978,10249,,false,
116979,10258,,false,
116980,202214095,,false,
116981,10270,,false,
116982,Nm040Nm469T1-1,407,false,
116983,Nm040Nm469T1-3,407,false,
116984,Nm040Nm469T1-4,407,false,
116985,Nm040Nm465T1-1,407,false,
116986,Nm040Nm465T1-5,407,false,
116987,0003/18,57,false,
116988,0007/18,57,false,
116989,0030/18,1,false,
116990,0034/18,1,false,
116991,0043/18,1,false,
116992,0054/18,1,false,
116993,0064/18,3941,false,
116994,0065/18,1,false,
116995,0002/19,612,false,
116996,0010/19,1,false,
116997,0011/19,57,false,
116998,0021/19,49,false,
116999,0025/19,62,false,
117000,0030/19,87,false,
117001,0031/19,608,false,
117002,0032/19,220,false,
117003,0035/19,97,false,
117004,0040/19,28,false,
117005,0044/19,2,false,
117006,0045/19,93,false,
117007,0048/19,97,false,
117008,0051/19,1,false,
117009,0058/19,1,false,
117010,0060/19,87,false,
117011,0065/19,1,false,
117012,0066/19,141,false,
117013,0067/19,1,false,
117014,0070/19,1,false,
117015,0085/19,1,false,
117016,0101/19,1,false,
117017,0001/20,1,false,
117018,0002/20,150,false,
117019,0008/20,1,false,
117020,0011/20,608,false,
117021,0012/20,1,false,
117022,0023/20,1,false,
117023,0024/20,3876,false,
117024,0033/20,608,false,
117025,0034/20,1,false,
117026,0036/20,1,false,
117027,0039/20,9,false,
117028,0040/20,3942,false,
117029,0042/20,67,false,
117030,0050/20,3943,false,
117031,0056/20,57,false,
117032,0060/20,274,false,
117033,0066/20,3944,false,
117034,0006/21,57,false,
117035,0009/21,944,false,
117036,59687,,false,
117037,61529,,false,
117038,SMG-22-655,408,false,
117039,N20-0304,,false,
117040,N22-0236,,false,
117043,M22002782,,false,
117063,62443,,false,
117064,62448,,false,
117065,62451,,false,
117066,62461,,false,
117067,62463,,false,
117068,62464,,false,
117069,62468,,false,
117070,62470,,false,
117071,62473,,false,
117072,62490,,false,
117073,62501,,false,
117074,62507,,false,
117075,62509,,false,
117076,62510,,false,
117077,62700,,false,
117078,62702,,false,
117079,62709,,false,
117080,62710,,false,
117081,62730,,false,
117082,62736,,false,
117085,Ng_ISS_4776,,false,
117086,Ng_ISS_4831,,false,
117087,Ng_ISS_4917,,false,
117088,62445,,false,
117089,62449,,false,
117090,62511,,false,
117091,62516,,false,
117092,62742,,false,
117093,N22-0301,,false,
117096,DE14811,5678,false,
117106,DE14796,97,false,
117118,Ng_ISS_4772,,false,
117119,Ng_ISS_4774,,false,
117120,Ng_ISS_4799,,false,
117121,Ng_ISS_4838,,false,
117122,Ng_ISS_4907,,false,
117174,Ng_ISS_4757,,false,
117175,Ng_ISS_4768,,false,
117176,Ng_ISS_4781II,,false,
117177,Ng_ISS_4790,,false,
117178,Ng_ISS_4794,,false,
117179,Ng_ISS_4803,,false,
117180,62542,,false,
117181,62547,,false,
117182,62563,,false,
117183,M2201505,367,false,
117184,M2202686,18,false,
117185,62567,,false,
117186,62576,,false,
117187,62782,,false,
117188,62793,,false,
117189,62794,,false,
117190,62796,,false,
117191,Ng_ISS_4842,,false,
117192,Ng_ISS_4897,,false,
117203,Ng_ISS_4865,,false,
117204,Ng_ISS_4871,,false,
117205,SMG-22-742,3949,false,
117206,AT159,,false,
117207,38,,false,
117208,54,,false,
117209,59,,false,
117210,76,,false,
117211,111,,false,
117212,139,,false,
117216,0012/22,407,false,
117539,23827,,false,
117540,NG31052019,18,false,
117541,NG27082019A,683,false,
117542,NG27082019B,683,false,
117543,NG20042303A,367,false,
117544,NG20042303B,367,false,
117545,NG13112001,657,false,
117546,NG14112002,683,false,
117547,NG14112003,18,false,
117548,SMG-22-820,49,false,
117550,10313,,false,
117551,202125645,,false,
117552,10331,,false,
117553,10249,,false,
117554,10275,,false,
117555,10276,,false,
117556,10287,,false,
117557,10302,,false,
117558,202216159,,false,
117559,62594,,false,
117560,62754,,false,
117561,62760,,false,
117562,62805,,false,
117563,62807,,false,
117564,62808,,false,
117565,10318,,false,
117566,10370,,false,
117567,10364,,false,
117568,10320,,false,
117569,10346,,false,
117570,10355,,false,
117571,10359,,false,
117577,22-275,62,false,
117578,BF297,57,false,
117579,M21 240238,396,false,
117580,M10 240202,2123,false,
117581,M10 240267,93,false,
117582,M11 241052,,false,
117583,M21 240039,120,false,
117584,M21 240040,45,false,
117585,M21 240043,120,false,
117586,M21 240055,45,false,
117587,M21 240073,305,false,
117588,M21 240079,150,false,
117589,M21 240080,93,false,
117590,M21 240081,3,false,
117591,M21 240084,45,false,
117592,M21 240086,87,false,
117593,M21 240089,87,false,
117594,M21 240094,14,false,
117595,M21 240098,761,false,
117596,M21 240105,150,false,
117597,M21 240110,870,false,
117598,M21 240111,49,false,
117599,M21 240115,87,false,
117600,M21 240126,150,false,
117601,M21 240128,1,false,
117602,M21 240129,3952,false,
117603,M21 240132,45,false,
117604,M21 240135,9,false,
117605,M21 240136,763,false,
117606,M21 240142,301,false,
117607,M21 240144,424,false,
117608,M21 240147,87,false,
117609,M21 240148,2475,false,
117610,M21 240150,5791,false,
117611,M21 240160,3,false,
117612,M21 240170,104,false,
117613,M21 240171,127,false,
117614,M21 240176,45,false,
117615,M21 240177,65,false,
117616,M21 240178,,false,
117617,M21 240179,3,false,
117618,M21 240181,106,false,
117619,M21 240182,45,false,
117620,M21 240183,396,false,
117621,M21 240184,45,false,
117622,M21 240185,3,false,
117623,M21 240188,93,false,
117624,M21 240189,150,false,
117625,M21 240190,250,false,
117626,M21 240191,45,false,
117627,M21 240196,3,false,
117628,M21 240199,120,false,
117629,M21 240202,3,false,
117630,M21 240205,49,false,
117631,M21 240208,49,false,
117632,M21 240209,3,false,
117633,M21 240211,857,false,
117634,M21 240215,1543,false,
117635,M21 240216,45,false,
117636,M21 240220,424,false,
117637,M21 240221,3,false,
117638,M21 240224,45,false,
117639,M21 240232,1534,false,
117640,M21 240233,120,false,
117641,M21 240235,45,false,
117642,M21 240236,87,false,
117643,M21 240237,3953,false,
117644,M22 240001,45,false,
117645,M22 240004,120,false,
117646,M22 240005,45,false,
117647,M22 240006,274,false,
117648,M22 240007,1,false,
117649,M22 240009,127,false,
117650,M22 240012,262,false,
117651,M22 240013,262,false,
117652,M22 240014,45,false,
117653,M22 240019,45,false,
117654,M22 240021,45,false,
117655,M22 240023,45,false,
117656,M22 240024,45,false,
117657,M22 240025,57,false,
117658,M22 240029,,false,
117659,M22 240030,1,false,
117660,M22 240033,1,false,
117661,M22 240034,,false,
117662,M22 240041,3,false,
117663,M22 240044,45,false,
117664,M22 240046,65,false,
117665,M22 240048,150,false,
117666,M22 240050,62,false,
117667,M22 240053,,false,
117668,M22 240054,262,false,
117669,M22 240059,,false,
117670,M22 240061,262,false,
117671,M22 240062,,false,
117672,M22 240063,93,false,
117673,M22 240064,,false,
117674,M22 240066,45,false,
117675,M22 240067,65,false,
117676,M22 240068,45,false,
117677,M22 240074,318,false,
117678,M22 240075,1,false,
117679,M22 240076,93,false,
117680,M22 240078,,false,
117681,M22 240079,,false,
117682,M22 240080,,false,
117758,114783,424,false,
117759,114784,424,false,
117760,114785,62,false,
117770,202220309,,false,
117771,N.11-22,,false,
117772,10377,,false,
117774,N22-0331,,false,
117775,500016,369,false,
117776,500017,367,false,
117777,500019,367,false,
117778,500025,1552,false,
117779,500034,18,false,
117780,500037,16,false,
117781,500042,367,false,
117782,500043,16,false,
117783,500044,1006,false,
117784,500047,18,false,
117785,500050,18,false,
117786,500051,367,false,
117787,500069,18,false,
117788,500073,16,false,
117789,500077,21,false,
117790,500082,18,false,
117791,500092,16,false,
117792,500097,841,false,
117793,500107,16,false,
117794,500108,632,false,
117795,500140,367,false,
117796,500182,16,false,
117797,500206,367,false,
117798,500208,18,false,
117799,500212,367,false,
117800,500221,635,false,
117801,500222,1006,false,
117802,500242,23,false,
117803,500250,369,false,
117804,500261,18,false,
117805,500262,632,false,
117806,500283,18,false,
117807,500291,632,false,
117808,500321,632,false,
117809,500327,18,false,
117810,500375,16,false,
117811,500380,18,false,
117812,500386,367,false,
117813,500406,367,false,
117814,500412,23,false,
117815,500432,367,false,
117816,500438,1122,false,
117817,500456,18,false,
117818,500458,16,false,
117819,500461,18,false,
117820,500463,18,false,
117821,500468,1006,false,
117822,500476,666,false,
117823,500483,16,false,
117824,500487,16,false,
117825,500496,22,false,
117826,500500,666,false,
117827,500503,16,false,
117828,500515,627,false,
117829,500516,666,false,
117830,500521,666,false,
117831,500522,1006,false,
117832,500524,627,false,
117833,500531,1006,false,
117834,500534,1006,false,
117835,500536,627,false,
117836,500539,18,false,
117837,500564,2370,false,
117838,500572,18,false,
117839,500579,23,false,
117840,500589,18,false,
117841,500590,18,false,
117842,500602,627,false,
117843,500603,18,false,
117844,500635,627,false,
117845,500644,627,false,
117846,500648,18,false,
117847,500649,367,false,
117848,500650,18,false,
117849,500678,18,false,
117850,500692,367,false,
117851,500707,367,false,
117852,500712,16,false,
117853,500714,1006,false,
117854,500745,367,false,
117855,500750,367,false,
117856,500774,3958,false,
117857,500829,666,false,
117861,10408,,false,
117862,62596,,false,
117863,62603,,false,
117864,62641,,false,
117865,62647,,false,
117866,62648,,false,
117867,62651,,false,
117868,62660,,false,
117869,62661,,false,
117870,62930,,false,
117871,22GB000591,,false,
117872,EXNM999,58,false,
117877,BE20-005,5007,false,
117878,PT20-480,3359,false,
117879,IT20-031,3359,false,
117880,PT20-323,18,false,
117881,HU20-036,18,false,
117882,NL20-010,22,false,
117883,PT20-354,16,false,
117884,PT20-347,1006,false,
117885,CZ20-068,16,false,
117886,DK20-011,632,false,
117887,FR20-040,18,false,
117888,SI20-103,3474,false,
117889,IT20-011,3359,false,
117890,ES20-143,627,false,
117891,DE20-035,18,false,
117892,BE20-038,22,false,
117893,PL20-032,3353,false,
117894,PT20-300,636,false,
117895,IT20-023,3359,false,
117896,IT20-026,16,false,
117897,BE20-091,367,false,
117898,ES20-101,1006,false,
117899,SK20-055,18,false,
117900,IS20-037,22,false,
117903,500773,367,false,
117904,500698,16,false,
117905,500662,18,false,
117906,500543,367,false,
117907,500545,627,false,
117908,500547,627,false,
117909,500549,18,false,
117910,500551,367,false,
117911,500559,627,false,
117912,500459,18,false,
117913,500455,16,false,
117914,500348,18,false,
117915,500373,18,false,
117916,500280,1006,false,
117917,500303,367,false,
117918,500307,18,false,
117919,500233,23,false,
117920,500839,16,false,
117921,500840,16,false,
117922,500855,367,false,
117923,500879,1122,false,
117924,500880,16,false,
117925,500891,1122,false,
117926,500903,367,false,
117927,500904,627,false,
117928,500906,1122,false,
117929,500914,1006,false,
117930,500919,627,false,
117931,500924,367,false,
117932,500925,16,false,
117933,500932,18,false,
117934,500946,367,false,
117935,500955,18,false,
117936,500964,3353,false,
117937,500977,367,false,
117938,500979,628,false,
117939,500982,1122,false,
117940,500986,628,false,
117941,500991,18,false,
117942,500996,1122,false,
117943,501002,1006,false,
117944,501006,16,false,
117945,501010,23,false,
117946,16-1,367,false,
117947,16-10,23,false,
117948,16-100,18,false,
117949,16-113,636,false,
117950,16-114,16,false,
117951,16-115,18,false,
117952,16-119,18,false,
117953,16-120,18,false,
117954,16-121,367,false,
117955,16-122,1122,false,
117956,16-124,18,false,
117957,16-125,1122,false,
117958,16-127,367,false,
117959,16-128,16,false,
117960,16-13,21,false,
117961,16-130,627,false,
117962,16-131,1122,false,
117963,16-132,23,false,
117964,16-133,23,false,
117965,16-134,18,false,
117966,16-135,18,false,
117967,16-136,367,false,
117968,16-137,23,false,
117969,16-138,1122,false,
117970,16-14,367,false,
117971,16-141,367,false,
117972,16-143,16,false,
117973,16-144,367,false,
117974,16-145,1122,false,
117975,16-146,16,false,
117976,16-147,23,false,
117977,16-148,16,false,
117978,16-149,18,false,
117979,16-15,18,false,
117980,16-152,18,false,
117981,16-155,18,false,
117982,16-156,635,false,
117983,16-157,16,false,
117984,16-158,16,false,
117985,16-159,16,false,
117986,16-16,16,false,
117987,16-160,378,false,
117988,16-161,375,false,
117989,16-162,18,false,
117990,16-167,16,false,
117991,16-169,18,false,
117992,16-171,18,false,
117993,16-172,16,false,
117994,16-173,22,false,
117995,16-174,16,false,
117996,16-175,18,false,
117997,16-176,367,false,
117998,16-177,18,false,
117999,16-178,16,false,
118000,16-179,378,false,
118001,16-18,1122,false,
118002,10406,,false,
118003,10417,,false,
118004,202220930,,false,
118005,SBSTIRL-0001,,false,
118006,SBSTIRL-0002,,false,
118007,SBSTIRL-0003,,false,
118008,SBSTIRL-0004,,false,
118009,SBSTIRL-0005,,false,
118010,61225,,false,
118011,16-181,16,false,
118012,16-182,632,false,
118013,16-183,18,false,
118014,16-185,18,false,
118015,16-186,23,false,
118016,16-187,23,false,
118017,16-188,23,false,
118018,16-19,18,false,
118019,16-190,3959,false,
118020,16-191,18,false,
118021,16-192,23,false,
118022,16-194,18,false,
118023,16-195,18,false,
118024,16-196,18,false,
118025,16-197,657,false,
118026,16-198,666,false,
118027,16-199,16,false,
118028,16-20,18,false,
118029,16-200,16,false,
118030,16-201,657,false,
118031,16-202,367,false,
118032,16-203,16,false,
118033,16-204,367,false,
118034,16-205,627,false,
118035,16-206,1006,false,
118036,16-207,367,false,
118037,16-21,367,false,
118038,16-210,627,false,
118039,16-211,18,false,
118040,16-212,21,false,
118041,16-213,18,false,
118042,16-216,367,false,
118043,16-217,367,false,
118044,16-218,16,false,
118045,16-219,18,false,
118046,16-220,657,false,
118047,16-221,16,false,
118048,16-222,16,false,
118049,16-224,627,false,
118050,16-225,367,false,
118051,16-226,367,false,
118052,16-227,627,false,
118053,16-228,18,false,
118054,16-229,627,false,
118055,16-23,16,false,
118056,16-230,627,false,
118057,16-231,627,false,
118058,16-233,18,false,
118059,16-234,657,false,
118060,16-236,18,false,
118061,16-237,16,false,
118062,16-238,627,false,
118063,16-240,18,false,
118064,16-241,627,false,
118065,16-242,3353,false,
118066,16-243,3353,false,
118067,16-245,18,false,
118068,16-246,16,false,
118069,16-247,16,false,
118070,16-248,21,false,
118071,16-249,16,false,
118072,16-25,18,false,
118073,16-250,16,false,
118074,16-251,18,false,
118075,16-252,18,false,
118076,16-253,627,false,
118077,16-254,18,false,
118078,16-256,18,false,
118079,16-258,16,false,
118080,16-259,18,false,
118081,16-260,378,false,
118082,16-261,1122,false,
118083,16-263,16,false,
118084,16-264,627,false,
118085,16-265,18,false,
118086,16-266,367,false,
118087,16-267,18,false,
118088,16-269,18,false,
118089,16-27,18,false,
118090,16-270,16,false,
118091,16-273,367,false,
118092,16-274,1122,false,
118093,16-278,23,false,
118094,16-279,18,false,
118095,16-28,18,false,
118096,16-281,636,false,
118097,16-282,16,false,
118098,16-283,825,false,
118099,16-284,657,false,
118100,16-285,367,false,
118101,16-286,3960,false,
118102,16-287,1122,false,
118103,16-288,22,false,
118104,16-289,657,false,
118105,16-29,4003,false,
118106,16-290,367,false,
118107,16-291,1122,false,
118108,16-292,841,false,
118109,16-293,367,false,
118110,16-294,16,false,
118120,SMG-22-991,87,false,
118121,16-295,666,false,
118122,16-296,1122,false,
118123,16-297,18,false,
118124,16-298,1122,false,
118125,16-299,1122,false,
118126,16-3,3353,false,
118127,16-30,16,false,
118128,16-300,16,false,
118129,16-301,18,false,
118130,16-302,627,false,
118131,16-303,367,false,
118132,16-305,23,false,
118133,16-307,367,false,
118134,16-31,1006,false,
118135,16-310,627,false,
118136,16-311,16,false,
118137,16-312,1122,false,
118138,16-313,627,false,
118139,16-314,23,false,
118140,16-315,367,false,
118141,16-316,16,false,
118142,16-318,1122,false,
118143,16-320,657,false,
118144,16-322,18,false,
118145,16-323,1006,false,
118146,16-324,1006,false,
118147,16-327,666,false,
118148,16-328,627,false,
118149,16-329,666,false,
118150,16-33,18,false,
118151,16-330,23,false,
118152,16-332,367,false,
118153,16-334,1122,false,
118154,16-336,22,false,
118155,16-337,367,false,
118156,16-339,627,false,
118157,16-34,18,false,
118158,16-341,23,false,
118159,16-342,367,false,
118160,16-343,367,false,
118161,16-344,1122,false,
118162,16-345,16,false,
118163,16-346,18,false,
118164,16-347,18,false,
118165,16-35,18,false,
118166,16-350,23,false,
118167,16-351,666,false,
118168,16-352,18,false,
118169,16-353,16,false,
118170,16-356,627,false,
118171,16-357,1006,false,
118172,16-358,16,false,
118173,16-36,666,false,
118174,16-360,378,false,
118175,16-361,16,false,
118176,16-362,18,false,
118177,16-363,644,false,
118178,16-364,1006,false,
118179,16-366,666,false,
118180,16-367,18,false,
118181,16-368,666,false,
118182,16-369,22,false,
118183,16-370,1006,false,
118184,16-372,1006,false,
118185,16-373,16,false,
118186,16-374,18,false,
118187,16-375,644,false,
118188,16-376,656,false,
118189,16-377,1006,false,
118190,16-378,1802,false,
118191,16-379,18,false,
118192,16-38,16,false,
118193,16-380,666,false,
118194,16-381,18,false,
118195,16-382,627,false,
118196,16-384,18,false,
118197,16-385,16,false,
118198,16-386,23,false,
118199,16-388,666,false,
118200,16-389,18,false,
118201,16-39,683,false,
118202,16-391,18,false,
118203,16-393,656,false,
118204,16-394,16,false,
118205,16-395,18,false,
118206,16-396,1122,false,
118207,16-397,378,false,
118208,16-399,666,false,
118209,16-4,3353,false,
118210,16-40,18,false,
118211,16-401,21,false,
118212,16-402,627,false,
118213,16-403,16,false,
118214,16-404,1122,false,
118215,16-405,18,false,
118216,16-406,367,false,
118217,16-407,16,false,
118218,16-409,1122,false,
118219,16-41,18,false,
118220,16-410,16,false,
118224,NG20042303AMaxwell,367,false,
118225,NG14112003Maxwell,18,false,
118232,NZ21MD0003,,false,
118233,NZ21MD0004,,false,
118234,NZ21MD0007,,false,
118235,NZ21MD0008,,false,
118236,NZ21MD0010,,false,
118237,NZ21MD0012,,false,
118238,NZ21MD0013,,false,
118239,NZ21MD0016,,false,
118240,NZ21MD0017,,false,
118241,NZ21MD0022,,false,
118242,NZ21MD0023,,false,
118243,NZ21MD0024,,false,
118244,NZ21MD0025,,false,
118245,NZ21MI0005,77,false,
118246,NZ21MI0008,77,false,
118247,NZ21MI0009,2727,false,
118248,NZ21MI0010,77,false,
118249,NZ21MI0014,2727,false,
118250,NZ21MI0015,396,false,
118251,NZ21MI0016,396,false,
118252,NZ21MI0017,1,false,
118253,NZ21MI0018,3993,false,
118254,NZ21MI0019,2727,false,
118255,NZ21MI0022,2727,false,
118256,NZ21MI0025,396,false,
118257,NZ21MI0026,396,false,
118258,NZ21MI0027,87,false,
118259,NZ21MI0028,77,false,
118260,NZ21MI0029,2727,false,
118261,NZ21MI0030,2727,false,
118262,NZ21MI0031,396,false,
118263,NZ21MI0032,805,false,
118264,NZ21MI0033,346,false,
118265,NZ21MI0034,396,false,
118266,NZ21MI0035,396,false,
118267,NZ21MI0038,396,false,
118268,NZ21MI0039,77,false,
118269,NZ21MI0052,396,false,
118270,NZ21MI0053,77,false,
118271,NZ21MI0054,318,false,
118272,42,67,false,
118273,70,67,false,
118274,344,2295,false,
118275,171,3857,false,
118276,57,67,false,
118277,62,2295,false,
118278,60,2295,false,
118284,16-411,666,false,
118285,16-412,21,false,
118286,16-413,1122,false,
118287,16-414,378,false,
118288,16-415,18,false,
118289,16-416,1122,false,
118290,16-417,367,false,
118291,16-418,1122,false,
118292,16-419,367,false,
118293,16-420,1006,false,
118294,16-421,367,false,
118295,16-422,22,false,
118296,16-424,22,false,
118297,16-425,16,false,
118298,16-426,367,false,
118299,16-427,18,false,
118300,16-429,378,false,
118301,16-43,1560,false,
118302,16-430,18,false,
118303,16-431,16,false,
118304,16-432,16,false,
118305,16-433,16,false,
118306,16-434,18,false,
118307,16-435,1006,false,
118308,16-436,1122,false,
118309,16-437,367,false,
118310,16-438,18,false,
118311,16-439,16,false,
118312,16-44,18,false,
118313,16-440,16,false,
118314,16-441,627,false,
118315,16-442,18,false,
118316,16-443,16,false,
118317,16-444,18,false,
118318,16-447,3353,false,
118319,16-448,1006,false,
118320,16-449,632,false,
118321,16-45,23,false,
118322,16-450,18,false,
118323,16-451,632,false,
118324,16-452,18,false,
118325,16-453,1006,false,
118326,16-454,373,false,
118327,16-455,1006,false,
118328,16-456,22,false,
118329,16-457,18,false,
118330,16-458,367,false,
118331,16-459,18,false,
118332,16-46,367,false,
118333,16-460,367,false,
118334,16-462,1122,false,
118335,16-464,644,false,
118336,16-465,644,false,
118337,16-466,18,false,
118338,16-467,1006,false,
118339,16-468,1122,false,
118340,16-469,18,false,
118341,16-47,18,false,
118342,16-470,367,false,
118343,16-471,18,false,
118344,16-472,22,false,
118345,16-473,1122,false,
118346,16-474,18,false,
118347,16-475,1006,false,
118348,16-476,18,false,
118349,16-478,850,false,
118350,16-479,16,false,
118351,16-480,367,false,
118352,16-484,16,false,
118353,16-487,367,false,
118354,16-488,627,false,
118355,16-489,1006,false,
118356,16-49,367,false,
118357,16-490,367,false,
118358,16-492,1122,false,
118359,16-493,666,false,
118360,16-495,627,false,
118361,16-496,18,false,
118362,16-498,4009,false,
118363,16-499,367,false,
118364,16-5,1006,false,
118365,16-50,16,false,
118366,16-500,23,false,
118367,16-501,18,false,
118368,16-502,367,false,
118369,16-503,367,false,
118370,16-504,1122,false,
118371,16-505,1006,false,
118372,16-506,18,false,
118373,16-507,627,false,
118374,16-508,18,false,
118375,16-509,16,false,
118376,16-51,16,false,
118377,16-510,18,false,
118378,16-511,18,false,
118379,16-512,1006,false,
118380,16-513,18,false,
118381,16-514,23,false,
118382,16-515,627,false,
118383,16-516,18,false,
118384,10427,,false,
118385,10433,,false,
118387,62110,,false,
118388,62114,,false,
118389,2220619I,45,false,
118390,2220619II,45,false,
118391,2220881I,791,false,
118392,2220881II,791,false,
118393,2220138,791,false,
118394,2220246,67,false,
118395,2220254,262,false,
118396,2220401,3859,false,
118397,2220412,791,false,
118398,2220544,903,false,
118399,2220569,45,false,
118400,2220698,791,false,
118401,2220921,3860,false,
118402,2220920,120,false,
118403,Nm_49-20,3861,false,
118404,Nm_50-20,3848,false,
118405,114786,97,false,
118406,114787,45,false,
118407,M22 240102,45,false,
118408,M22 240085,45,false,
118409,202225899,,false,
118410,10430,,false,
118411,10435,,false,
118412,10436,,false,
118415,2193417-II,1,false,
118416,2193417-I,1,false,
118417,2200628-II,87,false,
118418,2200628-I,87,false,
118419,2192865,1,false,
118420,2192940,,false,
118421,2192941,45,false,
118422,2192981,1,false,
118423,2192982,507,false,
118424,2193053,791,false,
118425,2193135,424,false,
118426,2193176,1,false,
118427,2193187,1,false,
118428,2193188,45,false,
118429,2193247,1,false,
118430,2193253,1,false,
118431,2193334,120,false,
118432,2193416,1,false,
118433,2200011,9,false,
118434,2200012,1,false,
118435,2200046,97,false,
118436,2200050,62,false,
118437,2200214,262,false,
118438,2200215,1,false,
118439,2200297,93,false,
118440,2200388,993,false,
118441,2200422,1,false,
118442,2200475,97,false,
118443,2200553,45,false,
118444,2200554,791,false,
118445,2200584,3,false,
118446,2200598,62,false,
118447,2200629,97,false,
118448,2200657,62,false,
118449,2200719,3,false,
118455,16-517,18,false,
118456,16-518,18,false,
118457,16-520,1802,false,
118458,16-521,1122,false,
118459,16-522,16,false,
118460,16-523,16,false,
118461,16-524,367,false,
118462,16-525,23,false,
118463,16-526,18,false,
118464,16-527,1006,false,
118465,16-535,1006,false,
118466,16-536,367,false,
118467,16-537,1122,false,
118468,16-538,1122,false,
118469,16-539,3474,false,
118470,16-540,16,false,
118471,16-541,367,false,
118472,16-542,627,false,
118473,16-543,18,false,
118474,16-544,16,false,
118475,16-545,1006,false,
118476,16-546,1802,false,
118477,16-547,23,false,
118478,16-550,18,false,
118479,16-551,666,false,
118480,16-552,3863,false,
118481,16-553,22,false,
118482,16-554,1802,false,
118483,16-555,22,false,
118484,16-557,18,false,
118485,16-561,18,false,
118486,16-562,627,false,
118487,16-563,16,false,
118488,16-564,22,false,
118489,16-565,18,false,
118490,16-569,627,false,
118491,16-57,18,false,
118492,16-570,18,false,
118493,16-571,18,false,
118494,16-573,21,false,
118495,16-576,18,false,
118496,16-577,367,false,
118497,16-578,367,false,
118498,16-58,367,false,
118499,16-580,18,false,
118500,16-581,18,false,
118501,16-582,367,false,
118502,16-583,367,false,
118503,16-584,18,false,
118504,16-585,18,false,
118505,16-586,666,false,
118506,16-587,367,false,
118507,16-588,16,false,
118508,16-590,666,false,
118509,16-591,1006,false,
118510,16-592,1006,false,
118511,16-593,16,false,
118512,16-594,367,false,
118513,16-595,22,false,
118514,16-596,3353,false,
118515,16-597,18,false,
118516,16-598,18,false,
118517,16-599,18,false,
118518,16-6,367,false,
118519,16-60,367,false,
118520,16-601,657,false,
118521,16-602,16,false,
118522,16-603,16,false,
118523,16-604,22,false,
118524,16-605,18,false,
118525,16-606,16,false,
118526,16-61,367,false,
118527,16-62,367,false,
118528,16-65,18,false,
118529,16-66,18,false,
118530,16-67,18,false,
118531,16-69,16,false,
118532,16-70,18,false,
118533,16-71,18,false,
118534,16-72,378,false,
118535,16-74,18,false,
118536,16-77,18,false,
118537,16-8,367,false,
118538,16-80,18,false,
118539,16-82,367,false,
118540,16-83,378,false,
118541,16-84,367,false,
118542,16-85,378,false,
118543,16-86,18,false,
118544,16-89,1122,false,
118545,16-9,632,false,
118546,16-90,22,false,
118547,16-91,18,false,
118548,16-93,627,false,
118549,16-94,18,false,
118550,16-96,367,false,
118551,16-97,18,false,
118552,16-98,18,false,
118553,16AM100034,367,false,
118554,16AM100074,367,false,
118555,16AM100088,367,false,
118556,16AM100093,3864,false,
118557,16AM100098,18,false,
118558,16AM100114,18,false,
118559,16AM100118,18,false,
118560,16AM100143,367,false,
118561,16AM100149,3865,false,
118562,16AM100153,16,false,
118563,16AM100170,18,false,
118564,16AM100174,367,false,
118565,16AM100179,1560,false,
118566,16AM100239,367,false,
118567,16AM100293,367,false,
118568,16AM100308,16,false,
118569,16AM100351,18,false,
118570,16AM100359,367,false,
118571,16AM100403,367,false,
118572,16AM100407,367,false,
118573,16AM100420,1006,false,
118574,16AM100421,367,false,
118575,16AM100428,22,false,
118576,16AM100429,367,false,
118577,16AM100459,1006,false,
118578,16AM100518,367,false,
118579,16AM100543,1560,false,
118580,16AM100545,18,false,
118581,16AM100546,367,false,
118582,16AM100549,18,false,
118583,16AM100551,632,false,
118584,16AM100559,16,false,
118585,16AM100638,367,false,
118586,16AM100643,16,false,
118587,16AM100655,18,false,
118588,16AM100686,1006,false,
118589,16AM100689,367,false,
118590,16AM100700,1122,false,
118591,16AM100701,367,false,
118592,16AM100724,18,false,
118593,16AM100786,1122,false,
118594,16AM100788,16,false,
118595,16AM100809,378,false,
118596,16AM100831,16,false,
118597,16AM100833,367,false,
118598,16AM100838,18,false,
118599,16AM100859,18,false,
118600,16AM100896,1006,false,
118601,16AM100909,367,false,
118602,16AM100929,16,false,
118603,16AM100934,367,false,
118604,16AM100957,1006,false,
118605,16AM101022,18,false,
118606,16AM101026,16,false,
118607,16AM101029,18,false,
118608,16AM101065,18,false,
118609,16AM101073,378,false,
118610,16AM101126,666,false,
118611,16AM101131,3864,false,
118612,16AM101133,22,false,
118613,16AM101147,1006,false,
118614,16AM101163,378,false,
118615,16AM101204,16,false,
118616,16AM101220,367,false,
118617,16AM101232,3866,false,
118618,16AM101236,630,false,
118619,16AM101253,367,false,
118620,16AM101258,666,false,
118621,16AM101277,378,false,
118622,16AM101294,1006,false,
118623,16AM101314,1006,false,
118624,16AM101412,18,false,
118625,16AM101441,18,false,
118626,16AM101445,666,false,
118627,16AM101451,23,false,
118628,16AM101461,1560,false,
118629,16AM101476,367,false,
118630,16AM101498,3867,false,
118631,16AM101500,18,false,
118632,16AM101524,666,false,
118633,16AM101566,18,false,
118634,16AM101576,1006,false,
118635,16AM101589,18,false,
118636,16AM101591,367,false,
118637,16AM101603,378,false,
118638,16AM101606,18,false,
118639,16AM101727,367,false,
118640,16AM101750,1006,false,
118641,16AM101794,18,false,
118642,16AM101803,18,false,
118643,16AM101825,378,false,
118644,16AM101839,666,false,
118645,16AM101847,378,false,
118646,16AM101883,378,false,
118647,16AM101912,367,false,
118648,16AM101944,18,false,
118649,16AM102051,367,false,
118650,16AM102055,18,false,
118651,16AM102084,378,false,
118652,16AM102088,18,false,
118653,16AM102097,18,false,
118654,16AM102099,18,false,
118655,16AM102113,367,false,
118656,16AM102122,367,false,
118657,16AM102136,18,false,
118658,16AM102145,18,false,
118659,16AM102178,16,false,
118660,16AM102194,16,false,
118661,16AM102198,371,false,
118662,16AM102244,16,false,
118663,16AM102245,18,false,
118664,16AM102254,367,false,
118665,16AM102301,16,false,
118666,16AM102328,18,false,
118667,16AM102352,367,false,
118668,16AM102356,367,false,
118669,16AM102385,16,false,
118670,16AM102425,16,false,
118671,16AM102451,1006,false,
118672,16AM102479,1560,false,
118673,16AM102503,18,false,
118674,16AM102519,18,false,
118675,16AM102522,16,false,
118676,16AM102533,367,false,
118677,16AM102541,18,false,
118678,16AM102560,378,false,
118679,16AM102565,21,false,
118680,16AM102570,18,false,
118681,16AM102579,16,false,
118682,16AM102589,378,false,
118683,16AM102644,367,false,
118684,16AM102648,378,false,
118685,16AM102673,16,false,
118686,16AM102711,367,false,
118687,16AM102712,644,false,
118688,16AM102751,1122,false,
118689,16AM102791,367,false,
118690,16AM102813,16,false,
118691,16AM102816,367,false,
118692,16AM102827,367,false,
118693,16AM103006,367,false,
118694,16AM103009,378,false,
118695,16AM103012,18,false,
118696,16AM103023,666,false,
118697,16AM103052,18,false,
118698,16AM103088,18,false,
118699,16AM103101,16,false,
118700,16AM103103,16,false,
118701,16AM103113,378,false,
118702,16AM103147,378,false,
118703,16AM103148,666,false,
118704,16AM103164,18,false,
118705,16AM103169,666,false,
118706,16AM103175,666,false,
118707,16AM103244,666,false,
118708,16AM103261,367,false,
118709,16AM103307,367,false,
118710,16AM103312,666,false,
118711,16AM103361,367,false,
118712,16AM103436,18,false,
118713,16AM103450,16,false,
118714,16AM103482,367,false,
118715,16AM103536,367,false,
118716,16AM103578,367,false,
118717,16AM103614,666,false,
118718,16AM103615,367,false,
118719,16AM103634,367,false,
118720,16AM103643,1006,false,
118721,16AM103648,21,false,
118722,16AM103652,367,false,
118723,16AM103657,378,false,
118724,16AM103712,18,false,
118725,16AM103726,18,false,
118726,16AM103737,16,false,
118727,16AM103739,16,false,
118728,16AM103740,16,false,
118729,16AM103746,18,false,
118730,16AM103838,367,false,
118731,16AM103892,367,false,
118732,16AM103896,378,false,
118733,16AM103898,16,false,
118734,16AM103899,666,false,
118735,16AM103902,378,false,
118736,16AM103925,666,false,
118737,16AM103940,16,false,
118738,16AM103974,16,false,
118739,16AM104011,666,false,
118740,16AM104020,367,false,
118741,16AM104029,16,false,
118742,16AM104032,367,false,
118743,16AM104087,16,false,
118744,16AM104097,378,false,
118745,16AM104100,644,false,
118746,16AM104120,18,false,
118747,16AM104135,18,false,
118748,16AM104144,4003,false,
118749,16AM104159,1006,false,
118750,16AM104171,367,false,
118751,16AM104174,16,false,
118752,16AM104176,16,false,
118753,16AM104183,18,false,
118754,16AM104231,666,false,
118755,16AM104245,644,false,
118756,16AM104260,18,false,
118757,16AM104263,18,false,
118758,16AM104286,1006,false,
118759,16AM104309,367,false,
118760,16AM104316,666,false,
118761,16AM104342,666,false,
118762,16AM104345,16,false,
118763,16AM104380,1006,false,
118764,16AM104392,654,false,
118765,16AM104395,16,false,
118766,16AM104396,18,false,
118767,16AM104397,367,false,
118768,16AM104428,644,false,
118769,16AM104452,666,false,
118770,16AM104478,18,false,
118771,16AM104482,16,false,
118772,16AM104489,18,false,
118773,16AM104505,16,false,
118774,16AM104511,18,false,
118775,16AM104558,18,false,
118776,16AM104578,23,false,
118777,16AM104579,18,false,
118778,16AM104626,378,false,
118779,16AM104651,644,false,
118780,16AM104669,22,false,
118781,16AM104672,367,false,
118782,16AM104717,18,false,
118783,16AM104769,22,false,
118784,16AM104782,367,false,
118785,16AM104821,18,false,
118786,16AM104848,367,false,
118787,16AM104895,367,false,
118788,16AM104899,657,false,
118789,16AM104901,18,false,
118790,16AM104909,23,false,
118791,16AM105005,367,false,
118792,16AM105042,1006,false,
118793,16AM105052,1122,false,
118794,16AM105059,16,false,
118795,16AM105070,644,false,
118796,16AM105083,16,false,
118797,16AM105113,367,false,
118798,16AM105120,367,false,
118799,16AM105145,18,false,
118800,16AM105146,18,false,
118801,16AM105149,1122,false,
118802,16AM105166,378,false,
118803,16AM105167,18,false,
118804,16AM105169,18,false,
118805,16AM105185,644,false,
118806,16AM105202,666,false,
118807,16AM105215,378,false,
118808,16AM105234,666,false,
118809,16AM105249,18,false,
118810,16AM105341,18,false,
118811,16AM105344,367,false,
118812,16AM105363,22,false,
118813,16AM105382,367,false,
118814,16AM105423,367,false,
118815,16AM105447,367,false,
118816,16AM105454,373,false,
118817,16AM105485,367,false,
118818,16AM105495,367,false,
118819,16AM105524,367,false,
118820,16AM105565,18,false,
118821,16AM105570,16,false,
118822,16AM105579,16,false,
118823,16AM105580,18,false,
118824,16AM105588,18,false,
118825,16AM105612,18,false,
118826,16AM105642,16,false,
118827,16AM105662,367,false,
118828,16AM105690,367,false,
118829,16AM105738,18,false,
118830,16AM105739,16,false,
118831,16AM105785,18,false,
118832,16AM105824,367,false,
118833,16AM105831,666,false,
118834,16AM105839,18,false,
118835,16AM105848,18,false,
118836,16AM105858,18,false,
118837,16AM105873,644,false,
118838,16AM105874,18,false,
118839,16AM105877,18,false,
118840,16AM105878,367,false,
118841,16AM105889,367,false,
118842,16AM105959,16,false,
118843,16AM105994,644,false,
118844,16AM105996,18,false,
118845,16AM106030,23,false,
118846,16AM106036,367,false,
118847,16AM106040,18,false,
118848,2201314,141,false,
118849,2201343,80,false,
118850,2201345,104,false,
118851,2201366,93,false,
118852,2201601,1,false,
118853,2201818-II,93,false,
118854,2201818-I,93,false,
118855,2201660,260,false,
118856,2201675,1,false,
118857,2201749,3,false,
118858,2201792,93,false,
118859,2201793,45,false,
118860,2201806,3868,false,
118861,2201831,1,false,
118862,2201871,199,false,
118863,2201893,87,false,
118864,2201692,120,false,
118865,2202402-II,49,false,
118866,2202402-I,49,false,
118867,2201943,3869,false,
118868,2202095,45,false,
118869,2202118,87,false,
118870,2202130,4033,false,
118871,2202212,87,false,
118872,2202276,1,false,
118873,2201956,120,false,
118874,2201975,339,false,
118875,2202006,3870,false,
118876,2210011,3,false,
118877,2210025,49,false,
118878,2210033,45,false,
118879,2210049,791,false,
118880,2210120,97,false,
118881,2050616,138,false,
118882,2051190,103,false,
118883,2081657,68,false,
118884,2142109,1972,false,
118885,2192375,108,false,
118886,2210261,4034,false,
118887,2210359,87,false,
118888,2210403,45,false,
118889,2210436,1,false,
118890,2020879,87,false,
118891,2030042,49,false,
118892,2030306,68,false,
118893,2040983,345,false,
118894,2041112,3,false,
118895,2161359,3,false,
118896,2162152,95,false,
118897,2210446,259,false,
118898,2211138,87,false,
118899,2211135,3,false,
118900,2211119,1,false,
118901,2211118,87,false,
118902,2211087,3871,false,
118903,2211006,1,false,
118904,2210799,93,false,
118905,2210739,3872,false,
118906,2210595,87,false,
118907,2211364,3,false,
118908,2211365,3,false,
118909,2210009,45,false,
118910,2211532,791,false,
118911,2211587,3498,false,
118912,2211615,49,false,
118913,2211751,3873,false,
118914,2200948-I,62,false,
118915,2200948-II,62,false,
118916,2200554,791,false,
118917,2200629,97,false,
118918,2200757,292,false,
118919,2200789,62,false,
118920,2200859,65,false,
118921,2200860,460,false,
118922,2200861,1,false,
118923,2200918,62,false,
118924,2200919,318,false,
118925,2200947,62,false,
118926,2201017,260,false,
118927,2201036,1,false,
118928,2201057,1,false,
118929,2201180,791,false,
118978,0015/22,87,false,
118979,0017/22,345,false,
118981,28-1,,false,
118982,36-1,,false,
118983,59-2,,false,
118984,89-1,,false,
118985,110-1,,false,
118986,62671,,false,
118987,62679,,false,
118988,62695,,false,
118989,62697,,false,
118990,62838,,false,
118991,62940,,false,
118992,62961,,false,
118993,62964,,false,
118994,CT485,,false,
118995,CT489,,false,
118996,CT490,,false,
118997,CT493,,false,
118998,CT494,,false,
118999,CT495,,false,
119000,CT496,,false,
119001,CT497,,false,
119002,CT499,,false,
119003,CT500,,false,
119004,CT501,,false,
119005,CT504,,false,
119006,CT505,,false,
119007,CT508,,false,
119008,CT509,,false,
119009,CT510,,false,
119010,CT511,,false,
119011,CT513,,false,
119012,CT515,,false,
119013,CT516,,false,
119014,CT517,,false,
119015,CT519,,false,
119016,CT521,,false,
119017,CT522,,false,
119018,CT523,,false,
119019,CT524,,false,
119020,CT526,,false,
119021,CT529,,false,
119022,CT532,18,false,
119023,CT533,,false,
119024,CT535,,false,
119025,CT536,,false,
119026,CT538,,false,
119027,CT540,,false,
119028,CT542,,false,
119029,CT544,,false,
119030,CT545,,false,
119031,CT546,,false,
119032,CT547,,false,
119033,CT548,,false,
119034,CT550,,false,
119035,CT552,,false,
119036,CT554,,false,
119037,CT555,,false,
119038,CT557,,false,
119039,CT558,,false,
119040,CT559,,false,
119041,CT560,,false,
119042,CT561,,false,
119043,CT562,,false,
119044,CT567,,false,
119045,CT568,,false,
119046,CT569,,false,
119047,CT570,,false,
119048,CT571,,false,
119049,CT572,,false,
119050,CT574,,false,
119051,CT578,,false,
119052,CT583,,false,
119053,CT584,,false,
119054,CT586,,false,
119055,CT588,,false,
119056,CT589,,false,
119057,CT592,,false,
119058,CT593,,false,
119059,CT597,,false,
119060,CT598,,false,
119061,CT599,,false,
119062,CT600,,false,
119063,CT601,,false,
119064,CT603,,false,
119065,CT606,,false,
119066,CT607,,false,
119067,CT608,,false,
119068,CT609,,false,
119069,CT610,,false,
119070,CT611,,false,
119071,CT613,,false,
119072,CT614,,false,
119073,CT616,,false,
119074,CT617,,false,
119075,16AM106076,16,false,
119076,16AM106106,18,false,
119077,16AM106133,18,false,
119078,16AM106135,367,false,
119079,16AM106136,1122,false,
119080,16AM106142,841,false,
119081,16AM106165,16,false,
119082,16AM106170,18,false,
119083,16AM106172,18,false,
119084,16AM106186,1006,false,
119085,16AM106246,1122,false,
119086,16AM106261,1006,false,
119087,16AM106270,18,false,
119088,16AM106272,367,false,
119089,16AM106296,1122,false,
119090,16AM106335,367,false,
119091,16AM106344,18,false,
119092,16AM106392,18,false,
119093,16AM106406,23,false,
119094,16AM106407,23,false,
119095,16AM106420,1122,false,
119096,16AM106424,18,false,
119097,16AM106440,18,false,
119098,16AM106454,18,false,
119099,16AM106481,16,false,
119100,16AM106490,16,false,
119101,16AM106496,627,false,
119102,16AM106502,18,false,
119103,16AM106571,16,false,
119104,16AM106597,367,false,
119105,16AM106616,22,false,
119106,16AM106644,367,false,
119107,16AM106646,18,false,
119108,16AM106673,1122,false,
119109,16AM106674,656,false,
119110,16AM106682,18,false,
119111,16AM106684,656,false,
119112,16AM106686,16,false,
119113,16AM106734,644,false,
119114,16AM106735,644,false,
119115,16AM106789,18,false,
119116,16AM106791,632,false,
119117,16AM106819,367,false,
119118,16AM106833,367,false,
119119,16AM106837,23,false,
119120,16AM106839,378,false,
119121,16AM106869,367,false,
119122,16AM106890,4003,false,
119123,16AM106897,666,false,
119124,16AM106928,23,false,
119125,16AM106936,18,false,
119126,16AM106937,18,false,
119127,16AM106960,367,false,
119128,16AM106967,1122,false,
119129,16AM107019,666,false,
119130,16AM107045,18,false,
119131,16AM107094,367,false,
119132,16AM107143,367,false,
119133,16AM107153,18,false,
119134,16AM107157,22,false,
119135,16AM107170,1006,false,
119136,16AM107184,1006,false,
119137,16AM107192,18,false,
119138,16AM107214,367,false,
119139,16AM107235,18,false,
119140,16AM107250,378,false,
119141,16AM107272,367,false,
119142,16AM107297,367,false,
119143,16AM107321,3353,false,
119144,16AM107346,3353,false,
119145,16AM107366,16,false,
119146,16AM107392,16,false,
119147,16AM107394,18,false,
119148,16AM107400,16,false,
119149,16AM107420,18,false,
119150,16AM107451,16,false,
119151,16AM107452,18,false,
119152,16AM107594,1122,false,
119153,16AM107612,367,false,
119154,16AM107648,666,false,
119155,16AM107677,1122,false,
119156,16AM107682,367,false,
119157,16AM107716,3967,false,
119158,16AM107769,367,false,
119159,16AM107797,22,false,
119160,16AM107799,367,false,
119161,16AM107847,367,false,
119162,16AM107851,16,false,
119163,16AM107853,16,false,
119164,16AM107901,18,false,
119165,16AM107913,1122,false,
119166,16AM107920,1006,false,
119167,16AM107927,367,false,
119168,16AM107938,16,false,
119169,16AM107945,367,false,
119170,16AM107968,18,false,
119171,16AM107978,18,false,
119172,16AM108005,367,false,
119173,16AM108031,666,false,
119174,16AM108054,18,false,
119175,16AM108081,18,false,
119176,16AM108123,16,false,
119177,16AM108132,23,false,
119178,16AM108133,16,false,
119179,16AM108168,18,false,
119180,16AM108195,367,false,
119181,16AM108202,367,false,
119182,16AM108214,18,false,
119183,16AM108226,1006,false,
119184,16AM108237,654,false,
119185,16AM108242,666,false,
119186,16AM108249,666,false,
119187,16AM108265,1006,false,
119188,16AM108296,18,false,
119189,16AM108298,1006,false,
119190,16AM108355,16,false,
119191,16AM108372,23,false,
119192,16AM108387,1006,false,
119193,16AM108401,666,false,
119194,16AM108402,1006,false,
119195,16AM108465,18,false,
119196,16AM108477,367,false,
119197,16AM108483,18,false,
119198,16AM108504,1554,false,
119199,16AM108529,3353,false,
119200,16AM108542,18,false,
119201,16AM108543,18,false,
119202,16AM108551,18,false,
119203,16AM108567,18,false,
119204,16AM108570,1122,false,
119205,16AM108574,18,false,
119206,16AM108602,1006,false,
119207,16AM108640,18,false,
119208,16AM108672,627,false,
119209,16AM108681,16,false,
119210,16AM108711,636,false,
119211,16AM108751,3353,false,
119212,16AM108788,18,false,
119213,16AM108853,23,false,
119214,16AM108855,632,false,
119215,16AM108857,18,false,
119216,16AM108872,18,false,
119217,16AM108927,18,false,
119218,16AM108928,16,false,
119219,16AM108933,18,false,
119220,16AM108969,16,false,
119221,16AM108981,21,false,
119222,16AM108982,21,false,
119223,16AM108987,18,false,
119224,16AM108988,1554,false,
119225,16AM109003,367,false,
119226,16AM109007,367,false,
119227,16AM109010,18,false,
119228,16AM109052,1122,false,
119229,16AM109057,627,false,
119230,16AM109080,18,false,
119231,16AM109099,367,false,
119232,16AM109100,841,false,
119233,16AM109102,367,false,
119234,16AM109103,16,false,
119235,16AM109118,1122,false,
119236,16AM109125,367,false,
119237,16AM109129,18,false,
119238,16AM109195,666,false,
119239,16AM109211,3353,false,
119240,16AM109214,636,false,
119241,16AM109271,367,false,
119242,16AM109316,367,false,
119243,16AM109323,16,false,
119244,16AM109335,16,false,
119245,16AM109353,16,false,
119246,16AM109368,367,false,
119247,16AM109373,666,false,
119248,16AM109411,367,false,
119249,16AM109412,666,false,
119250,16AM109417,632,false,
119251,16AM109419,1122,false,
119252,16AM109420,18,false,
119253,16AM109433,841,false,
119254,16AM109473,367,false,
119255,16AM109479,367,false,
119256,16AM109504,16,false,
119257,16AM109522,16,false,
119258,16AM109528,367,false,
119259,16AM109547,1122,false,
119260,16AM109570,367,false,
119261,16AM109576,18,false,
119262,16AM109589,18,false,
119263,16AM109590,367,false,
119264,16AM109617,1006,false,
119265,16AM109651,654,false,
119266,16AM109654,367,false,
119267,16AM109666,3353,false,
119268,16AM109675,16,false,
119269,16AM109683,16,false,
119270,16AM109687,627,false,
119271,16AM109691,367,false,
119272,16AM109693,18,false,
119273,16AM109788,367,false,
119274,16AM109795,18,false,
119275,16AM109853,367,false,
119276,16AM109873,367,false,
119277,16AM109883,632,false,
119278,16AM109914,18,false,
119279,16AM109916,1006,false,
119280,16AM109948,16,false,
119281,16AM109979,16,false,
119282,16AM110000,18,false,
119283,16AM110024,666,false,
119284,16AM110040,16,false,
119285,16AM110043,367,false,
119286,16AM110046,367,false,
119287,16AM110047,16,false,
119288,16AM110059,3354,false,
119289,16AM110104,367,false,
119290,16AM110116,367,false,
119291,16AM110119,1122,false,
119292,16AM110120,367,false,
119293,16AM110122,18,false,
119294,16AM110157,841,false,
119295,16AM110161,16,false,
119296,16AM110169,1122,false,
119297,16AM110201,666,false,
119298,16AM110226,628,false,
119299,16AM110236,666,false,
119300,16AM110242,367,false,
119301,16AM110248,18,false,
119302,16AM110279,367,false,
119303,16AM110285,16,false,
119304,16AM110289,367,false,
119305,16AM110303,367,false,
119306,16AM110327,1006,false,
119307,16AM110331,1006,false,
119308,16AM110337,1006,false,
119309,16AM110339,627,false,
119310,16AM110365,21,false,
119311,16AM110393,666,false,
119312,16AM110398,666,false,
119313,16AM110407,1122,false,
119314,16AM110409,367,false,
119315,16AM110436,367,false,
119316,16AM110446,367,false,
119317,16AM110466,3474,false,
119318,16AM110499,1006,false,
119319,16AM110517,367,false,
119320,16AM110635,666,false,
119321,16AM110650,367,false,
119322,16AM110653,1006,false,
119323,16AM110669,367,false,
119324,16AM110681,3354,false,
119325,16AM110685,3354,false,
119326,16AM110706,18,false,
119327,16AM110715,666,false,
119328,16AM110809,644,false,
119329,16AM110815,1006,false,
119330,16AM110849,666,false,
119331,16AM110857,654,false,
119332,16AM110861,367,false,
119333,16AM110920,367,false,
119334,16AM110948,1122,false,
119335,16AM110972,666,false,
119336,16AM111006,367,false,
119337,16AM111021,3354,false,
119338,16AM111024,1006,false,
119339,16AM111027,367,false,
119340,16AM111029,666,false,
119341,16AM111043,1122,false,
119342,16AM111045,18,false,
119343,16AM111058,16,false,
119344,16AM111067,18,false,
119345,16AM111068,367,false,
119346,16AM111083,367,false,
119347,16AM111100,16,false,
119348,16AM111115,367,false,
119349,16AM111118,367,false,
119350,16AM111120,367,false,
119351,16AM111121,3474,false,
119352,16AM111138,1122,false,
119353,16AM111142,16,false,
119354,16AM111210,367,false,
119355,16AM111255,367,false,
119356,16AM111261,367,false,
119357,16AM111276,16,false,
119358,16AM111281,1122,false,
119359,16AM111326,3474,false,
119360,16AM111374,367,false,
119361,16AM111503,367,false,
119362,16AM111509,367,false,
119363,16AM111511,666,false,
119364,16AM111533,1122,false,
119365,16AM111534,18,false,
119366,16AM111553,666,false,
119367,16AM111616,4009,false,
119368,16AM111622,18,false,
119369,16AM111628,367,false,
119370,16AM111633,1006,false,
119371,16AM111638,1122,false,
119372,16AM111639,367,false,
119373,16AM111662,666,false,
119374,16AM111665,1122,false,
119375,16AM111704,3354,false,
119376,16AM111726,18,false,
119377,16AM111824,367,false,
119378,16AM111827,16,false,
119379,16AM111854,1006,false,
119380,16AM111875,3354,false,
119381,16AM111885,367,false,
119382,16AM111894,16,false,
119383,16AM111926,373,false,
119384,16AM112048,22,false,
119385,16AM112078,367,false,
119386,16AM112084,18,false,
119387,16AM112137,18,false,
119388,16AM112147,18,false,
119389,16AM112156,627,false,
119390,16AM112157,18,false,
119391,16AM112158,16,false,
119392,16AM112162,18,false,
119393,16AM112163,22,false,
119394,16AM112235,367,false,
119395,16AM112241,666,false,
119396,16AM112304,367,false,
119397,16AM112310,367,false,
119398,16AM112314,16,false,
119399,16AM112359,16,false,
119400,16AM112384,1006,false,
119401,16AM112389,16,false,
119402,16AM112415,18,false,
119403,16AM112420,657,false,
119404,16AM112451,367,false,
119405,16AM112496,18,false,
119406,16AM112502,22,false,
119407,16AM112504,632,false,
119408,16AM112509,22,false,
119409,16AM112568,1006,false,
119410,16AM112571,16,false,
119411,16AM112592,367,false,
119412,16AM112629,367,false,
119413,16AM112630,22,false,
119414,16AM112638,18,false,
119415,16AM112644,666,false,
119416,16AM112655,367,false,
119417,16AM112656,16,false,
119418,16AM112657,16,false,
119419,16AM112658,16,false,
119420,16AM112665,16,false,
119421,16AM112681,367,false,
119422,16AM112704,367,false,
119423,16AM112707,1006,false,
119424,16AM112729,367,false,
119425,16AM112730,16,false,
119426,16AM112781,367,false,
119427,16AM112786,22,false,
119428,16AM112884,367,false,
119429,16AM112907,367,false,
119430,16AM112918,367,false,
119431,16AM112951,3968,false,
119432,16AM112977,3968,false,
119433,16AM112995,666,false,
119434,16AM112996,1006,false,
119435,16AM113010,367,false,
119436,16AM113072,367,false,
119437,16AM113074,367,false,
119438,16AM113117,3967,false,
119439,16AM113121,367,false,
119440,16AM113130,16,false,
119441,16AM113131,16,false,
119442,16AM113146,367,false,
119443,16AM113153,367,false,
119444,16AM113163,1122,false,
119445,16AM113173,3967,false,
119446,16AM113175,3967,false,
119447,16AM113177,16,false,
119448,16AM113205,367,false,
119449,16AM113214,23,false,
119450,16AM113218,367,false,
119451,16AM113237,16,false,
119452,16AM113248,367,false,
119453,16AM113253,367,false,
119454,16AM113259,16,false,
119455,16AM113272,16,false,
119456,16AM113274,1006,false,
119457,16AM113314,367,false,
119458,16AM113318,367,false,
119459,16AM113321,18,false,
119460,16AM113325,18,false,
119461,16AM113335,3353,false,
119462,16AM113342,367,false,
119463,16DD106284,367,false,
119464,16DD513951,16,false,
119465,202229450,,false,
119466,10440,,false,
119467,22GB000803,3966,false,
119468,N.41-21,,false,
119471,M22 240126,45,false,
119472,53740,,false,
119473,53743,,false,
119474,62696,,false,
119475,62863,,false,
119476,62972,,false,
119477,62974,,false,
119478,62977,,false,
119479,H44/76-W,3,false,
119480,H44/76-C,3,false,
119481,H44/76-nc,3,false,
119482,H44/76-Y,3,false,
119483,54979,,false,
119484,54990,,false,
119485,54994,,false,
119486,55325,,false,
119487,55782,,false,
119488,55790,,false,
119489,55792,,false,
119490,55795,,false,
119491,55796,,false,
119492,55799,,false,
119493,56715,,false,
119494,56799,,false,
119495,56904,,false,
119496,57215,,false,
119497,57228,,false,
119498,57231,,false,
119499,57232,,false,
119500,57234,,false,
119501,57237,,false,
119504,79/MK3193,3,false,
119505,HB-1,3,false,
119506,TH2,23,false,
119507,TH3,367,false,
119508,TH4,16,false,
119509,TH5,367,false,
119510,TH6,655,false,
119511,TH7,3474,false,
119512,TH8,16,false,
119513,TH9,23,false,
119514,TH10,3474,false,
119515,TH11,3474,false,
119516,TH12,16,false,
119517,TH13,18,false,
119518,TH14,16,false,
119519,TH15,16,false,
119520,TH16,367,false,
119521,TH17,367,false,
119522,TH18,18,false,
119523,TH19,3474,false,
119524,TH20,16,false,
119525,TH22,16,false,
119526,TH23,16,false,
119527,TH24,367,false,
119528,TH25,16,false,
119529,TH26,16,false,
119530,TH28,18,false,
119531,TH29,18,false,
119532,TH30,16,false,
119533,TH31,16,false,
119534,TH32,16,false,
119535,TH33,18,false,
119536,TH34,18,false,
119537,TH36,367,false,
119538,TH37,16,false,
119539,TH38,367,false,
119540,TH39,367,false,
119541,TH40,16,false,
119542,TH41,18,false,
119543,TH42,367,false,
119544,TH43,378,false,
119545,TH44,367,false,
119546,TH45,18,false,
119547,TH46,367,false,
119548,TH48,367,false,
119549,TH49,16,false,
119550,TH50,16,false,
119551,TH51,18,false,
119552,TH52,16,false,
119553,TH53,16,false,
119554,TH54,16,false,
119555,TH55,367,false,
119556,TH56,18,false,
119557,TH57,16,false,
119558,TH59,18,false,
119559,TH60,18,false,
119560,TH61,367,false,
119561,TH62,18,false,
119562,TH63,18,false,
119563,TH64,16,false,
119564,TH65,16,false,
119565,TH66,367,false,
119566,TH67,18,false,
119567,TH68,18,false,
119568,TH69,21,false,
119569,TH71,367,false,
119570,TH73,16,false,
119571,TH74,23,false,
119572,TH75,367,false,
119573,TH76,16,false,
119574,TH77,16,false,
119575,TH78,367,false,
119576,TH79,16,false,
119577,TH80,3474,false,
119578,TH81,367,false,
119579,TH82,367,false,
119580,TH83,367,false,
119581,TH84,18,false,
119582,TH85,367,false,
119583,TH86,16,false,
119584,TH87,16,false,
119585,TH88,16,false,
119586,TH89,16,false,
119587,TH90,21,false,
119588,TH91,18,false,
119589,TH92,16,false,
119590,TH93,657,false,
119591,TH94,16,false,
119592,TH95,18,false,
119593,TH96,18,false,
119594,TH98,657,false,
119595,TH99,23,false,
119599,2219912869A,77,false,
119600,906,24,false,
119601,925,24,false,
119602,928,24,false,
119603,930,24,false,
119604,935,3969,false,
119605,942,24,false,
119606,954,24,false,
119607,956,24,false,
119608,958,,false,
119609,959,24,false,
119610,967,24,false,
119611,M38787,1,false,
119612,M40624,57,false,
119613,M40632,33,false,
119614,M40707,33,false,
119615,M40713,33,false,
119616,M44005,57,false,
119617,M44007,57,false,
119618,M44611,1,false,
119619,M46055,3970,false,
119620,BH94,18,false,
119621,FL5,16,false,
119622,FL6,18,false,
119623,FL7,1006,false,
119624,FL8,1011,false,
119625,FL9,16,false,
119626,FL49,367,false,
119627,FL50,22,false,
119628,FL51,16,false,
119629,FL52,636,false,
119630,FL53,636,false,
119631,FL54,1006,false,
119632,FL55,1011,false,
119633,FL56,1006,false,
119634,FL57,367,false,
119635,FL58,1006,false,
119636,FL60,18,false,
119637,FL61,367,false,
119638,FL62,18,false,
119639,FL63,,false,
119640,FL65,,false,
119641,FL66,16,false,
119642,FL67,367,false,
119643,FL68,18,false,
119644,FL69,16,false,
119645,FL70,16,false,
119646,FL71,16,false,
119647,FL72,16,false,
119648,FL73,636,false,
119649,FL74,16,false,
119650,MA01,632,false,
119651,MA02,632,false,
119652,MA03,367,false,
119653,MA04,18,false,
119654,MA05,367,false,
119655,MA06,,false,
119656,MA07,657,false,
119657,MA08,632,false,
119658,MA09,632,false,
119659,MA10,632,false,
119660,MA11,632,false,
119661,MA12,367,false,
119662,MA13,,false,
119663,MA14,16,false,
119664,MA15,367,false,
119665,MA16,632,false,
119666,MA17,632,false,
119667,MA18,16,false,
119668,MA19,657,false,
119669,MA21,632,false,
119670,MA22,21,false,
119671,MA23,,false,
119672,MA24,,false,
119673,MA25,2375,false,
119674,MA26,2375,false,
119675,MA27,367,false,
119676,MA31,16,false,
119677,MA32,16,false,
119678,MA33,367,false,
119679,MA34,18,false,
119680,MA35,18,false,
119681,MA37,3987,false,
119682,MA39,373,false,
119683,MA41,16,false,
119684,MA42,373,false,
119685,MA43,21,false,
119686,MA44,16,false,
119687,MA45,657,false,
119688,MA46,632,false,
119689,MA47,3353,false,
119690,MA48,18,false,
119691,MA49,632,false,
119692,MA50,18,false,
119693,MA51,3353,false,
119694,MA52,21,false,
119695,MA53,18,false,
119696,MA54,657,false,
119697,MA55,16,false,
119698,MA56,367,false,
119699,MA57,3988,false,
119700,MA58,367,false,
119701,MA59,3989,false,
119702,MA60,16,false,
119703,MA61,367,false,
119704,MA62,16,false,
119705,MA63,367,false,
119706,MA64,3987,false,
119707,MA65,3990,false,
119708,MA66,657,false,
119709,MA67,23,false,
119710,MA68,632,false,
119711,MA69,16,false,
119712,MA70,632,false,
119713,MA71,632,false,
119714,MA72,16,false,
119715,MA73,632,false,
119716,MA74,657,false,
119717,MA75,22,false,
119718,MA76,632,false,
119719,MA78,,false,
119720,MA79,632,false,
119721,MA80,3988,false,
119722,MA81,,false,
119723,MA82,373,false,
119724,MA83,632,false,
119725,MA84,18,false,
119726,MA85,,false,
119727,MA86,16,false,
119728,MA87,367,false,
119729,MA88,3353,false,
119730,MA89,3987,false,
119731,MA90,367,false,
119732,MA91,367,false,
119733,MA92,16,false,
119734,MA93,367,false,
119735,MA94,632,false,
119736,MA95,,false,
119737,MA96,632,false,
119738,MA97,18,false,
119739,MA98,3989,false,
119740,MA99,,false,
119741,MA100,18,false,
119742,POA03,367,false,
119743,POA04,16,false,
119744,POA05,1006,false,
119745,POA07,367,false,
119746,POA08,1006,false,
119747,POA10,18,false,
119748,POA11,16,false,
119749,POA12,367,false,
119750,POA13,,false,
119751,POA14,16,false,
119752,POA15,,false,
119753,POA16,18,false,
119754,POA18,18,false,
119755,POA20,636,false,
119756,POA21,,false,
119757,POA23,1006,false,
119758,POA24,18,false,
119759,POA25,1006,false,
119760,POA26,657,false,
119761,POA27,636,false,
119762,POA28,16,false,
119763,POA30,378,false,
119764,POA31,367,false,
119765,POA32,16,false,
119766,POA33,636,false,
119767,POA34,367,false,
119768,POA35,678,false,
119769,POA37,18,false,
119770,POA38,16,false,
119771,POA39,636,false,
119772,POA40,367,false,
119773,POA41,367,false,
119774,POA42,1006,false,
119775,POA43,16,false,
119776,POA44,367,false,
119777,POA45,367,false,
119778,POA46,16,false,
119779,POA47,,false,
119780,POA48,367,false,
119781,POA49,16,false,
119782,POA50,367,false,
119783,POA51,16,false,
119784,POA52,16,false,
119785,POA54,678,false,
119786,POA56,367,false,
119787,POA58,678,false,
119788,POA59,378,false,
119789,POA60,1006,false,
119790,POA61,367,false,
119791,POA62,,false,
119792,POA63,636,false,
119793,POA64,16,false,
119794,POA66,18,false,
119795,POA67,,false,
119796,POA68,,false,
119797,POA69,16,false,
119798,POA70,367,false,
119799,POA71,367,false,
119800,POA72,1006,false,
119801,POA73,636,false,
119802,POA74,636,false,
119803,POA75,636,false,
119804,POA77,367,false,
119805,POA78,367,false,
119806,SA04,16,false,
119807,SA05,367,false,
119808,SA07,645,false,
119809,SA09,378,false,
119810,SA10,18,false,
119811,SA12,18,false,
119812,SA13,18,false,
119813,SA14,,false,
119814,SA15,16,false,
119815,SA16,16,false,
119816,SA17,378,false,
119817,SA18,378,false,
119818,SA19,16,false,
119819,SA20,378,false,
119820,SA21,16,false,
119821,SA22,367,false,
119822,SA23,636,false,
119823,SA24,367,false,
119824,SA25,,false,
119825,SA28,666,false,
119826,SA29,16,false,
119827,SA30,,false,
119828,SA31,21,false,
119829,SA32,18,false,
119830,SA33,16,false,
119831,SA34,,false,
119832,SA35,18,false,
119833,SA36,3991,false,
119834,SA37,,false,
119835,SA38,,false,
119836,SA39,,false,
119837,SA40,18,false,
119838,SA41,1006,false,
119839,SA42,1006,false,
119840,SA43,18,false,
119841,SA44,18,false,
119842,SA45,16,false,
119843,SA46,18,false,
119844,SA47,18,false,
119845,SA48,378,false,
119846,SA49,18,false,
119847,SA50,18,false,
119848,SA52,367,false,
119849,SA53,367,false,
119850,SA54,378,false,
119851,SA56,,false,
119852,SA58,18,false,
119853,SA59,18,false,
119854,SA60,18,false,
119855,SA61,16,false,
119856,SA62,,false,
119857,SA63,,false,
119858,SA64,16,false,
119859,SA65,,false,
119860,SA67,23,false,
119861,SA68,1006,false,
119862,SA69,18,false,
119863,SA70,18,false,
119864,SA71,367,false,
119865,SA72,16,false,
119866,SA73,367,false,
119867,SA74,18,false,
119868,SA75,16,false,
119869,SA76,21,false,
119870,SA77,18,false,
119871,SA78,1006,false,
119872,SA79,378,false,
119873,SA80,,false,
119874,SA81,636,false,
119875,SA82,16,false,
119876,SA83,367,false,
119877,SA84,16,false,
119878,SA85,,false,
119879,SA86,18,false,
119880,SA88,16,false,
119881,SA89,378,false,
119882,SA90,636,false,
119883,SA91,367,false,
119884,SA93,,false,
119885,SA94,,false,
119886,SA95,,false,
119887,SA96,16,false,
119888,SA97,,false,
119889,SA98,21,false,
119890,SA99,21,false,
119891,SA100,,false,
119892,SA101,378,false,
119893,SA102,22,false,
119894,SA103,18,false,
119895,SA104,367,false,
119896,SA105,,false,
119897,SA106,18,false,
119898,SA107,367,false,
119899,SA108,378,false,
119900,SA109,,false,
119901,SA111,16,false,
119902,SA112,,false,
119903,SA113,16,false,
119904,SA114,367,false,
119905,SA115,636,false,
119906,SA116,367,false,
119907,SA117,18,false,
119908,SP01,18,false,
119909,SP02,18,false,
119910,SP04,367,false,
119911,SP05,16,false,
119912,SP06,16,false,
119913,SP07,18,false,
119914,SP11,16,false,
119915,SP12,3992,false,
119916,SP13,1006,false,
119917,SP15,18,false,
119918,SP16,16,false,
119919,SP17,1006,false,
119920,SP22,367,false,
119921,SP24,666,false,
119922,SP25,21,false,
119923,SP26,18,false,
119924,SP27,367,false,
119925,SP30,367,false,
119926,SP31,378,false,
119927,SP34,841,false,
119928,SP35,378,false,
119929,SP36,367,false,
119930,SP37,16,false,
119931,SP39,,false,
119932,SP40,16,false,
119933,SP41,18,false,
119934,SP42,1595,false,
119935,SP43,18,false,
119936,62994,,false,
119937,62801,,false,
119938,62949,,false,
119939,M50549,33,false,
119940,M50550,33,false,
119941,M50552,33,false,
119942,M50553,33,false,
119943,M50555,33,false,
119944,M50556,33,false,
119945,M50565,33,false,
119946,M50568,33,false,
119947,M50570,33,false,
119948,M50576,33,false,
119949,M50578,33,false,
119950,M50581,33,false,
119951,M50583,33,false,
119952,M50584,33,false,
119953,M50585,33,false,
119954,M50586,33,false,
119955,M50587,33,false,
119956,M50588,33,false,
119957,M51362,,false,
119958,M51365,33,false,
119959,M51366,,false,
119960,M51367,33,false,
119961,M51368,33,false,
119962,M51371,33,false,
119963,M51373,33,false,
119964,M51374,33,false,
119965,M51377,33,false,
119966,M51380,33,false,
119967,M51381,,false,
119968,M51382,33,false,
119969,M51384,33,false,
119970,M51385,33,false,
119971,M51386,33,false,
119972,M51387,33,false,
119973,M51388,33,false,
119974,M51399,33,false,
120092,M44584,57,false,
120093,M44587,57,false,
120094,M44594,57,false,
120095,M44601,,false,
120096,M44602,57,false,
120097,M44607,57,false,
120098,M44609,57,false,
120099,M44610,57,false,
120100,M44611,1,false,
120101,M44614,,false,
120102,M44615,57,false,
120103,M44616,57,false,
120104,M48097,3977,false,
120105,M48101,57,false,
120106,M48108,57,false,
120107,M48109,57,false,
120108,M48110,57,false,
120109,M48120,57,false,
120110,M48122,33,false,
120111,M48130,33,false,
120112,M48131,1,false,
120113,M48376,3978,false,
120114,M48378,1,false,
120115,M48385,1,false,
120116,M48391,1,false,
120117,M48393,1,false,
120118,M48397,1,false,
120119,M48410,1,false,
120120,M48411,1,false,
120121,M48413,1,false,
120122,M48419,57,false,
120123,M48425,1,false,
120124,M48597,33,false,
120125,M48603,,false,
120126,M48604,33,false,
120127,M48613,33,false,
120128,M48634,33,false,
120129,M48635,57,false,
120130,M48636,57,false,
120131,M48640,57,false,
120132,324/MK1415,3979,false,
120133,428/MK3120,87,false,
120134,558/MK4408,3980,false,
120135,577/MK8539,274,false,
120136,614/MK15610,3981,false,
120137,618/MK16441,1,false,
120138,731/MK3579,3982,false,
120139,836/MK30841,62,false,
120140,1171/MK46686,39,false,
120141,58204,,false,
120142,58206,,false,
120143,58215,,false,
120144,58218,,false,
120145,58293,,false,
120146,59174,,false,
120147,59178,,false,
120148,59758,,false,
120149,59764,,false,
120150,59765,,false,
120151,60508,,false,
120152,60517,,false,
120153,60975,,false,
120154,M48661,57,false,
120155,M48677,33,false,
120156,M48681,33,false,
120157,M48683,57,false,
120158,M48692,33,false,
120159,M48694,33,false,
120160,M48697,33,false,
120161,M48698,33,false,
120162,M48713,33,false,
120163,M48714,33,false,
120164,M48715,33,false,
120165,M48717,33,false,
120166,M48718,33,false,
120167,M48721,33,false,
120168,M48727,33,false,
120169,M48733,33,false,
120170,M48736,33,false,
120171,M48737,33,false,
120172,M48743,33,false,
120173,M48747,33,false,
120174,M48751,33,false,
120175,M48821,1,false,
120176,M48822,57,false,
120177,M48830,57,false,
120178,M48834,57,false,
120179,M48836,57,false,
120180,M48837,57,false,
120181,M48840,57,false,
120182,M48845,57,false,
120183,M48849,57,false,
120184,M48851,3983,false,
120185,M48852,57,false,
120186,M48856,1,false,
120187,M48858,57,false,
120188,M52114,33,false,
120189,M52115,33,false,
120190,M52152,33,false,
120191,M52159,33,false,
120192,M52162,57,false,
120193,M52163,57,false,
120194,M52166,57,false,
120195,M52168,57,false,
120196,M52169,57,false,
120197,M52170,33,false,
120198,M52171,33,false,
120199,M52177,57,false,
120200,M52181,33,false,
120201,M52182,33,false,
120202,M52184,33,false,
120203,M52188,57,false,
120204,M52190,57,false,
120205,M52191,57,false,
120206,M52195,57,false,
120207,M52201,57,false,
120208,M52209,33,false,
120209,M52211,57,false,
120210,M52212,57,false,
120211,M52213,33,false,
120212,M52410,57,false,
120213,M52413,57,false,
120214,M52423,57,false,
120215,M52425,57,false,
120216,M52426,,false,
120217,M52428,33,false,
120218,M52432,57,false,
120219,M52434,33,false,
120220,M52438,33,false,
120221,M52439,33,false,
120222,M52442,33,false,
120223,M52460,33,false,
120224,M52462,33,false,
120225,M52463,33,false,
120226,M52478,1,false,
120227,M52479,1,false,
120228,M52480,33,false,
120229,M52482,57,false,
120230,M52483,3984,false,
120231,M52486,1,false,
120232,M52490,,false,
120233,M52492,1,false,
120234,M52495,33,false,
120235,M52496,33,false,
120236,M52497,33,false,
120237,M52499,33,false,
120238,M52500,33,false,
120239,M52503,33,false,
120240,M52504,33,false,
120241,M52506,33,false,
120242,M53050,33,false,
120243,M53051,57,false,
120244,M53052,57,false,
120245,M53057,57,false,
120246,M53061,57,false,
120247,M53062,1,false,
120248,M53065,1,false,
120249,M53084,33,false,
120250,M53087,57,false,
120251,M53096,57,false,
120252,M53098,33,false,
120253,M53103,57,false,
120254,M53105,1,false,
120255,M53106,57,false,
120256,M53107,33,false,
120257,M53125,33,false,
120258,M53145,57,false,
120259,M53147,57,false,
120260,M53148,57,false,
120261,M53184,33,false,
120262,M53189,33,false,
120263,M53194,33,false,
120264,M53195,33,false,
120265,M53196,33,false,
120266,M53204,33,false,
120267,M53205,33,false,
120268,M53213,3985,false,
120269,M53219,33,false,
120270,M53224,57,false,
120271,M53230,33,false,
120272,M53233,33,false,
120273,M53235,33,false,
120274,M53236,3985,false,
120275,M53240,57,false,
120276,M53246,33,false,
120277,M53248,1,false,
120278,M53250,33,false,
120279,M53253,57,false,
120280,M53254,1,false,
120281,M53256,,false,
120282,M53260,57,false,
120283,M53261,1,false,
120284,M53262,1,false,
120285,M53265,33,false,
120286,M53267,1,false,
120287,M53271,57,false,
120288,M53280,1,false,
120289,M53281,1,false,
120290,M53282,33,false,
120291,M53290,1,false,
120292,M53292,57,false,
120293,M53294,57,false,
120294,M53296,1,false,
120295,M53307,1,false,
120296,M53309,1,false,
120297,M53311,1,false,
120298,M53313,1,false,
120299,M53314,1,false,
120300,M53324,1,false,
120301,M53330,1,false,
120302,M53332,57,false,
120303,M53334,1,false,
120304,M53336,1,false,
120305,M53345,1,false,
120306,M53346,1,false,
120307,M53347,1,false,
120308,M53348,1,false,
120309,M05393,,false,
120310,62593,,false,
120312,207/20,,false,
120313,219/20,,false,
120314,605/20,,false,
120315,669/20,,false,
120316,1227/20,,false,
120317,1401/20,,false,
120318,1726/20,,false,
120319,2319/20,,false,
120320,3478/20,,false,
120321,4860/20,,false,
120322,5123/20,,false,
120323,5149/20,,false,
120324,5620/20,,false,
120325,178/21,,false,
120326,3591/21,,false,
120327,5679/21,,false,
120328,7017/21,,false,
120329,7631/21,,false,
120330,8583/21,,false,
120331,9178/21,,false,
120332,9613/21,,false,
120333,892/22,,false,
120334,2477/22,,false,
120335,NML2022-032,,false,
120336,NML2022-035,857,false,
120337,NML2022-040,257,false,
120338,NML2022-041,257,false,
120339,NML2022-042,257,false,
120340,62860,,false,
120341,62889,,false,
120342,62989,,false,
120343,62997,,false,
120344,63000,,false,
120345,63013,,false,
120346,SMG-22-1403,259,false,
120347,62385,,false,
120367,SMG-22-1464,3994,false,
120371,22-15428,18,false,
120372,22-15455,18,false,
120373,N20-0340,,false,
120374,N20-0368,,false,
120375,N20-0424,,false,
120376,N20-0681,,false,
120377,N20-0695,,false,
120378,N20-0702,,false,
120379,N20-0710,,false,
120380,N20-0731,,false,
120381,N20-0385,,false,
120382,N20-1009,,false,
120383,N21-0002,,false,
120384,N20-0320,,false,
120385,N20-0332,,false,
120386,N20-0360,,false,
120387,N20-0423,,false,
120388,N20-0460,,false,
120389,N20-0479,,false,
120390,N20-0640,,false,
120391,N20-0651,,false,
120392,N20-0932,,false,
120393,N20-0937,,false,
120394,N20-0939,,false,
120395,N21-0016,,false,
120396,N21-0068,,false,
120397,23717,,false,
120398,23763,,false,
120399,23765,,false,
120400,23775,,false,
120401,NIID419,49,false,
120402,NIID420,65,false,
120403,NIID422,49,false,
120404,NIID423,62,false,
120405,NIID427,141,false,
120406,NIID428,141,false,
120407,NIID429,149,false,
120408,NIID430,49,false,
120409,NIID437,65,false,
120410,NIID438,29,false,
120411,NIID442,3995,false,
120412,NIID444,49,false,
120413,NIID446,49,false,
120414,NIID447,49,false,
120415,NIID448,49,false,
120416,NIID449,5792,false,
120417,NIID450,57,false,
120418,NIID451,141,false,
120419,NIID452,49,false,
120420,NIID453,5792,false,
120421,NIID454,62,false,
120422,NIID455,62,false,
120423,NIID457,65,false,
120424,NIID458,49,false,
120425,NIID459,62,false,
120426,NIID460,62,false,
120427,NIID463,49,false,
120428,NIID464,49,false,
120429,NIID465,62,false,
120430,NIID466,62,false,
120431,NIID468,3996,false,
120432,NIID469,62,false,
120433,NIID470,57,false,
120434,NIID471,49,false,
120435,NIID474,65,false,
120436,NIID475,50,false,
120437,NIID476,62,false,
120438,NIID479,62,false,
120439,NIID480,104,false,
120440,NIID481,104,false,
120441,NIID483,141,false,
120442,NIID486,62,false,
120443,NIID488,62,false,
120444,NIID489,62,false,
120445,NIID490,62,false,
120446,NIID491,141,false,
120447,NIID492,149,false,
120448,NIID493,49,false,
120449,NIID494,49,false,
120450,NIID499,62,false,
120451,NIID500,62,false,
120452,NIID502,2534,false,
120453,NIID504,49,false,
120454,NIID506,3997,false,
120455,NIID507,57,false,
120456,NIID508,49,false,
120457,NIID509,49,false,
120458,NIID510,49,false,
120459,NIID511,49,false,
120460,NIID514,49,false,
120461,NIID515,49,false,
120462,NIID518,62,false,
120463,NIID519,141,false,
120464,NIID521,2535,false,
120465,NIID522,2535,false,
120466,NIID523,2535,false,
120467,NIID526,104,false,
120468,NIID530,2534,false,
120469,NIID532,49,false,
120470,NIID533,49,false,
120471,NIID537,49,false,
120472,NIID538,65,false,
120473,NIID546,62,false,
120474,NIID554,2534,false,
120475,NIID555,62,false,
120476,NIID557,62,false,
120477,NIID559,62,false,
120478,NIID561,62,false,
120479,NIID562,62,false,
120480,NIID563,62,false,
120481,NIID564,62,false,
120482,NIID566,62,false,
120483,NIID570,62,false,
120484,NIID571,1469,false,
120485,NIID573,62,false,
120486,NIID574,62,false,
120487,NIID577,62,false,
120488,NIID578,65,false,
120489,NIID579,62,false,
120490,NIID580,62,false,
120491,NIID581,62,false,
120492,NIID582,62,false,
120493,NIID583,49,false,
120494,NIID588,62,false,
120495,NIID592,62,false,
120496,NIID595,2534,false,
120497,NIID597,62,false,
120498,NIID600,65,false,
120499,NIID602,62,false,
120500,NIID608,62,false,
120501,NIID609,62,false,
120502,NIID610,62,false,
120503,NIID611,62,false,
120504,NIID613,62,false,
120505,NIID615,62,false,
120506,NIID616,,false,
120507,NIID617,62,false,
120508,NIID618,62,false,
120509,NIID619,,false,
120510,NIID621,62,false,
120511,NIID623,62,false,
120512,NIID625,62,false,
120513,NIID627,62,false,
120514,NIID628,62,false,
120515,NIID629,62,false,
120516,NIID630,62,false,
120517,NIID631,62,false,
120518,NIID632,65,false,
120519,NIID636,62,false,
120520,NIID640,62,false,
120521,NIID641,62,false,
120522,NIID644,902,false,
120523,NIID645,65,false,
120524,NIID646,65,false,
120525,NIID649,62,false,
120526,NIID651,65,false,
120527,NIID653,65,false,
120528,NIID655,65,false,
120529,NIID657,49,false,
120530,NIID659,62,false,
120531,NIID664,62,false,
120532,NIID665,62,false,
120533,NIID667,62,false,
120534,NIID668,65,false,
120535,NIID670,65,false,
120536,NIID672,62,false,
120537,NIID678,50,false,
120538,NIID679,2534,false,
120539,NIID680,2534,false,
120540,NIID681,65,false,
120541,NIID682,2534,false,
120542,NIID683,2534,false,
120543,NIID684,62,false,
120544,NIID686,62,false,
120545,NIID692,65,false,
120546,NIID696,62,false,
120547,NIID697,62,false,
120548,NIID700,62,false,
120549,NIID706,65,false,
120550,NIID707,62,false,
120551,NIID708,62,false,
120552,NIID709,62,false,
120553,NIID712,65,false,
120554,NIID713,65,false,
120555,NIID718,62,false,
120556,NIID719,62,false,
120557,NIID720,62,false,
120558,NIID722,49,false,
120559,NIID723,62,false,
120560,NIID724,62,false,
120561,NIID729,65,false,
120562,NIID730,62,false,
120563,NIID732,62,false,
120564,NIID733,62,false,
120565,NIID735,1482,false,
120566,NIID736,65,false,
120567,NIID739,2924,false,
120568,NIID741,2727,false,
120569,NIID742,62,false,
120570,NIID743,65,false,
120571,NIID744,62,false,
120572,NIID745,,false,
120573,NIID747,62,false,
120574,NIID748,49,false,
120575,NIID749,62,false,
120576,NIID750,62,false,
120577,NIID751,62,false,
120578,NIID752,62,false,
120579,NIID756,3838,false,
120580,NIID758,2534,false,
120581,NIID759,62,false,
120582,NIID760,62,false,
120583,NIID762,62,false,
120584,NIID763,62,false,
120585,NIID764,262,false,
120586,NIID766,62,false,
120587,NIID768,62,false,
120588,NIID769,62,false,
120589,NIID770,1,false,
120590,NIID771,49,false,
120591,NIID773,49,false,
120592,NIID774,57,false,
120593,NIID775,62,false,
120594,NIID776,87,false,
120595,NIID778,62,false,
120596,NIID779,62,false,
120597,NIID780,62,false,
120598,NIID781,407,false,
120599,NIID783,62,false,
120600,NIID785,62,false,
120601,NIID786,62,false,
120602,NIID787,62,false,
120603,NIID788,141,false,
120604,NIID789,62,false,
120605,NIID790,2885,false,
120606,NIID792,2924,false,
120607,NIID793,65,false,
120608,NIID794,49,false,
120609,NIID795,49,false,
120610,NIID796,65,false,
120611,NIID797,62,false,
120612,NIID800,65,false,
120613,NIID801,65,false,
120614,NIID802,65,false,
120615,22ME000014,2625,false,
120616,22ME000015,3998,false,
120617,M1802801,841,false,
120618,M2205066,3966,false,
120619,M2205310,367,false,
120620,M2205557,367,false,
120621,62991,,false,
120622,63071,,false,
120623,63394,,false,
120624,63395,,false,
120636,22-542,,false,
120637,mcbar-21_nanohq,,false,
120638,19-3_nanohq,,false,
120639,mcbar-21_hybrid,141,false,
120640,19-3_hybrid,141,false,
120641,NML2022-051,,false,
120642,61826,,false,
120643,10454,,false,
120644,10461,,false,
120645,202230493,,false,
120646,10479,,false,
120647,10478,,false,
120652,61086,,false,
120653,62814,,false,
120654,61101,,false,
120655,0025/22,28,false,
120657,119Mo,45,false,
120658,120Mo,57,false,
120659,174M,259,false,
120660,175M,77,false,
120661,176M,4042,false,
120662,177M,87,false,
120671,BT00005V3C,65,false,
120672,BT00020V3C,65,false,
120673,BT00045V3C,65,false,
120674,BT00050V3C,4052,false,
120675,BT00056V3C,65,false,
120676,BT00067V3C,87,false,
120677,BT00069V3C,4053,false,
120678,BT00086V3C,288,false,
120679,BT00088V3C,97,false,
120680,BT00104V3C,4054,false,
120681,BT00109V3C,45,false,
120682,BT00110V3C,108,false,
120683,BT00117V3C,137,false,
120684,BT00137V3C,97,false,
120685,BT00144V3C,97,false,
120686,BT00153V3C,106,false,
120687,BT00175V3C,93,false,
120688,BT00192V3C,837,false,
120689,BT00197V3C,4055,false,
120690,BT00200V3C,66,false,
120691,BT00214V3C,65,false,
120692,BT00237V3C,262,false,
120693,BT00240V3C,141,false,
120694,BT00251V3C,141,false,
120695,BT00257V3C,2450,false,
120696,BT00285V3C,9,false,
120697,BT00289V3C,141,false,
120698,BT00358V3C,318,false,
120699,BT00372V3C,1481,false,
120700,BT00415V3C,211,false,
120701,BT00416V3C,65,false,
120702,BT00417V3C,2451,false,
120703,BT00440V3C,211,false,
120704,BT00452V3C,65,false,
120705,BT00480V3C,65,false,
120706,BT00506V3C,137,false,
120707,BT00531V3C,4056,false,
120708,BT00543V3C,141,false,
120709,BT00556V3C,62,false,
120710,BT00559V3C,141,false,
120711,BT00578V3C,104,false,
120712,BT00602V3C,65,false,
120713,BT00660V3C,65,false,
120714,BT00702V3C,1509,false,
120715,BT00708V3C,65,false,
120716,BT00732V3C,65,false,
120717,BT00780V3C,49,false,
120718,BT00783V3C,87,false,
120719,BT00796V3C,65,false,
120720,BT00803V3C,87,false,
120721,BT00806V3C,262,false,
120722,BT00813V3C,104,false,
120723,BT00826V3C,3803,false,
120724,BT00828V3C,1489,false,
120725,BT03128V3C,3,false,
120726,BT03133V3C,87,false,
120727,BT03306V3C,4057,false,
120728,BT09002V3C,97,false,
120729,BT09038V3C,97,false,
120730,BT09046V3C,65,false,
120731,BT09067V3C,95,false,
120732,BT09075V3C,400,false,
120733,BT09132V3C,4058,false,
120734,BT09139V3C,259,false,
120735,BT09157V3C,211,false,
120736,BT09167V3C,57,false,
120737,BT09182V3C,1,false,
120738,BT09190V3C,97,false,
120739,BT09224V3C,4059,false,
120740,BT09228V3C,57,false,
120741,BT09241V3C,211,false,
120742,BT09245V3C,259,false,
120743,BT09249V3C,65,false,
120744,BT09251V3C,65,false,
120745,BT09252V3C,65,false,
120746,BT09274V3C,4060,false,
120747,BT09274V3C2,49,false,
120748,BT09277V3C,65,false,
120749,BT09286V3C,262,false,
120750,BT09294V3C,1675,false,
120751,BT09296V3C,65,false,
120752,BT09312V3C,837,false,
120753,BT09315V3C,1376,false,
120754,BT09333V3C,65,false,
120755,BT09374V3C,77,false,
120756,BT09381V3C,77,false,
120757,BT09388V3C,4061,false,
120758,BT09403V3C,77,false,
120759,BT09408V3C,77,false,
120760,BT09428V3C,66,false,
120761,BT09434V3C,77,false,
120762,BT09462V3C,77,false,
120763,BT09464V3C,95,false,
120764,BT09465V3C,77,false,
120765,BT09504V3C,104,false,
120766,BT09508V3C,259,false,
120767,BT09529V3C,3,false,
120768,BT09536V3C,104,false,
120769,BT15645V3C,2456,false,
120770,BT15767V3C,67,false,
120771,BT15801V3C,104,false,
120772,BT15842V3C,65,false,
120773,BT15864V3C,2876,false,
120774,BT15881V3C,1166,false,
120775,BT16001V3C,150,false,
120776,BT16133V3C,2878,false,
120777,BT16262V3C,97,false,
120778,BT16296V3C,62,false,
120779,BT16356V3C,65,false,
120780,BT16357V3C,66,false,
120781,BT16389V3C,24,false,
120782,BT16489V3C,104,false,
120783,BT16528V3C,262,false,
120784,BT16530V3C,65,false,
120785,BT16538V3C,50,false,
120786,BT16549V3C,95,false,
120787,BT16631V3C,352,false,
120788,BT16637V3C,65,false,
120789,BT16656V3C,97,false,
120790,BT16661V3C,81,false,
120791,BT16710V3C,2526,false,
120792,BT16740V3C,66,false,
120793,BT16748V3C,104,false,
120794,BT16755V3C,104,false,
120795,BT16758V3C,97,false,
120797,BT16761V3C,62,false,
120798,BT16851V3C,1220,false,
120799,BT16867V3C,1,false,
120800,BT16875V3C,65,false,
120801,BT16879V3C,1166,false,
120802,BT16885V3C,97,false,
120803,BT16885V3C2,97,false,
120804,BT22051V3C,66,false,
120805,BT22101V3C,97,false,
120806,BT22146V3C,57,false,
120807,BT22223V3C,3,false,
120808,BT22240V3C,462,false,
120809,BT22244V3C,259,false,
120810,BT22249V3C,104,false,
120811,BT22250V3C,104,false,
120812,BT22254V3C,259,false,
120813,BT22258V3C,2475,false,
120814,BT22264V3C,1702,false,
120815,BT22279V3C,259,false,
120816,BT22280V3C,62,false,
120817,BT22285V3C,65,false,
120818,BT22310V3C,65,false,
120819,BT22312V3C,97,false,
120820,BT24034V3C,141,false,
120821,BT24081V3C,259,false,
120822,BT24197V3C,4062,false,
120823,BT24220V3C,288,false,
120824,BT24232V3C,262,false,
120825,BT24241V3C,262,false,
120826,BT24322V3C,57,false,
120827,BT24337V3C,97,false,
120828,BT24354V3C,95,false,
120829,BT24370V3C,95,false,
120830,BT24425V3C,49,false,
120831,BT24431V3C,259,false,
120832,BT24465V3C,97,false,
120833,BT24497V3C,65,false,
120834,BT24519V3C,65,false,
120835,BT25284V3C,4063,false,
120836,BT25310V3C,1977,false,
120837,BT25333V3C,4064,false,
120838,BT25418V3C,1178,false,
120839,BT25469V3C,87,false,
120840,BT30009V3C,65,false,
120841,BT30031V3C,4065,false,
120842,BT30033V3C,4066,false,
120843,BT30039V3C,1194,false,
120844,BT30061V3C,4067,false,
120845,BT30105V3C,2483,false,
120846,BT30135V3C,93,false,
120847,BT30397V3C,87,false,
120848,BT30399V3C,262,false,
120849,BT30432V3C,4068,false,
120850,BT30443V3C,50,false,
120851,BT30599V3C,66,false,
120852,BT30629V3C,77,false,
120853,BT30693V3C,791,false,
120854,BT30701V3C,890,false,
120855,BT30753V3C,104,false,
120856,BT30774V3C,45,false,
120857,BT30817V3C,65,false,
120858,BT30863V3C,104,false,
120859,BT33076V3C,4069,false,
120860,BT33110V3C,259,false,
120861,BT33111V3C,1768,false,
120862,BT33407V3C,1768,false,
120879,W-3078,93,false,
120880,W-3253,93,false,
120881,W-3309,257,false,
120882,W-3333,461,false,
120883,BM-1032,93,false,
120884,AK-1402,93,false,
120885,W-4336,9,false,
120886,W-5048,257,false,
120887,W-8567,69,false,
120888,BM-1419,9,false,
120889,W-8543,3,false,
120890,MM18-0791,,false,
120891,MM19-0489,,false,
120892,22GB001083,16,false,
120893,Nm_19-21,87,false,
120894,MenAfriCar7061582,1,false,
120895,MenAfriCar7061583,1,false,
120896,MenAfriCar7061584,1,false,
120897,MenAfriCar7061585,1,false,
120898,MenAfriCar7061586,1,false,
120899,MenAfriCar7061587,1,false,
120900,MenAfriCar7061588,1,false,
120901,MenAfriCar7061589,1,false,
120902,MenAfriCar7061590,1,false,
120903,MenAfriCar7061591,1,false,
120904,MenAfriCar7061592,1,false,
120905,MenAfriCar7061593,1,false,
120906,MenAfriCar7061594,1,false,
120907,MenAfriCar7061595,105,false,
120908,MenAfriCar7061596,1,false,
120909,MenAfriCar7061597,1,false,
120910,MenAfriCar7061598,1,false,
120911,MenAfriCar7061599,1,false,
120912,MenAfriCar7061600,1,false,
120913,MenAfriCar7061601,1,false,
120914,MenAfriCar7061602,1,false,
120915,MenAfriCar7061603,1,false,
120916,MenAfriCar7061604,1,false,
120917,MenAfriCar7061605,1,false,
120918,MenAfriCar7061606,1,false,
120919,MenAfriCar7061607,1,false,
120920,MenAfriCar7061608,1,false,
120921,MenAfriCar7061609,1,false,
120922,MenAfriCar7061610,1,false,
120923,MenAfriCar7061611,1,false,
120924,MenAfriCar7061612,1,false,
120925,MenAfriCar7061613,1,false,
120926,MenAfriCar7061614,1,false,
120927,MenAfriCar7061615,1,false,
120928,MenAfriCar7061616,1,false,
120929,MenAfriCar7061617,1,false,
120930,MenAfriCar7061618,1,false,
120931,MenAfriCar7061619,1,false,
120932,MenAfriCar7061973,1,false,
120933,MenAfriCar7061620,1,false,
120934,MenAfriCar7061621,138,false,
120935,MenAfriCar7061975,138,false,
120936,MenAfriCar7061622,138,false,
120937,MenAfriCar7061623,138,false,
120938,MenAfriCar7061977,138,false,
120939,MenAfriCar7061624,1,false,
120940,MenAfriCar7061625,1,false,
120941,MenAfriCar7061626,1,false,
120942,MenAfriCar7061980,138,false,
120943,MenAfriCar7061627,1,false,
120944,MenAfriCar7061756,738,false,
120945,MenAfriCar7061629,738,false,
120946,MenAfriCar7061757,738,false,
120947,MenAfriCar7061630,4070,false,
120948,MenAfriCar7061758,738,false,
120949,MenAfriCar7061866,138,false,
120950,MenAfriCar7061631,138,false,
120951,MenAfriCar7061759,738,false,
120952,MenAfriCar7061760,738,false,
120953,MenAfriCar7061867,138,false,
120954,MenAfriCar7061632,1,false,
120955,MenAfriCar7061761,738,false,
120956,MenAfriCar7061635,138,false,
120957,MenAfriCar7061764,738,false,
120958,MenAfriCar7061869,138,false,
120959,MenAfriCar7061636,138,false,
120960,MenAfriCar7061870,138,false,
120961,MenAfriCar7061637,138,false,
120962,MenAfriCar7061638,138,false,
120963,MenAfriCar7061770,1,false,
120964,MenAfriCar7061639,138,false,
120965,MenAfriCar7061771,1,false,
120966,MenAfriCar7061640,1,false,
120967,MenAfriCar7061772,1,false,
120968,MenAfriCar7061874,29,false,
120969,MenAfriCar7061991,138,false,
120970,MenAfriCar7061641,138,false,
120971,MenAfriCar7061773,138,false,
120972,MenAfriCar7061642,138,false,
120973,MenAfriCar7061774,1,false,
120974,MenAfriCar7061644,1,false,
120975,MenAfriCar7061775,1,false,
120976,MenAfriCar7061645,1,false,
120977,MenAfriCar7061646,1,false,
120978,MenAfriCar7061647,138,false,
120979,MenAfriCar7061778,1,false,
120980,MenAfriCar7061997,138,false,
120981,MenAfriCar7061779,1,false,
120982,MenAfriCar7061653,138,false,
120983,MenAfriCar7061780,1,false,
120984,MenAfriCar7061781,1,false,
120985,MenAfriCar7062000,138,false,
120986,MenAfriCar7061667,738,false,
120987,MenAfriCar7061782,1,false,
120988,MenAfriCar7061783,1,false,
120989,MenAfriCar7062002,138,false,
120990,MenAfriCar7061784,1,false,
120991,MenAfriCar7062003,1,false,
120992,MenAfriCar7061786,1,false,
120993,MenAfriCar7061787,1,false,
120994,MenAfriCar7061889,138,false,
120995,MenAfriCar7061681,1,false,
120996,MenAfriCar7061788,1,false,
120997,MenAfriCar7062007,138,false,
120998,MenAfriCar7061789,1,false,
120999,MenAfriCar7061891,138,false,
121000,MenAfriCar7062008,138,false,
121001,MenAfriCar7061683,1,false,
121002,MenAfriCar7061892,4070,false,
121003,MenAfriCar7062010,1,false,
121004,MenAfriCar7061686,1,false,
121005,MenAfriCar7061688,1,false,
121006,MenAfriCar7061795,138,false,
121007,MenAfriCar7061897,138,false,
121008,MenAfriCar7061689,1,false,
121009,MenAfriCar7061796,138,false,
121010,MenAfriCar7061690,1,false,
121011,MenAfriCar7062018,738,false,
121012,MenAfriCar7061799,138,false,
121013,MenAfriCar7061901,138,false,
121014,MenAfriCar7062020,29,false,
121015,MenAfriCar7062021,138,false,
121016,MenAfriCar7061903,138,false,
121017,MenAfriCar7062023,1,false,
121018,MenAfriCar7061904,138,false,
121019,MenAfriCar7062024,738,false,
121020,MenAfriCar7061696,1,false,
121021,MenAfriCar7062027,1,false,
121022,MenAfriCar7062028,138,false,
121023,MenAfriCar7062029,1,false,
121024,MenAfriCar7061910,138,false,
121025,MenAfriCar7062043,138,false,
121026,MenAfriCar7061700,1,false,
121027,MenAfriCar7061807,1307,false,
121028,MenAfriCar7061911,138,false,
121029,MenAfriCar7062051,738,false,
121030,MenAfriCar7061701,1,false,
121031,MenAfriCar7061912,4071,false,
121032,MenAfriCar7062054,138,false,
121033,MenAfriCar7061809,738,false,
121034,MenAfriCar7061913,138,false,
121035,MenAfriCar7062059,138,false,
121036,MenAfriCar7061810,138,false,
121037,MenAfriCar7061704,1,false,
121038,MenAfriCar7061812,138,false,
121039,MenAfriCar7061916,138,false,
121040,MenAfriCar7062062,138,false,
121041,MenAfriCar7061706,1,false,
121042,MenAfriCar7061813,1,false,
121043,MenAfriCar7061917,138,false,
121044,MenAfriCar7061918,138,false,
121045,MenAfriCar7061919,1,false,
121046,MenAfriCar7061709,1,false,
121047,MenAfriCar7061816,1,false,
121048,MenAfriCar7061921,138,false,
121049,MenAfriCar7062066,138,false,
121050,MenAfriCar7062068,138,false,
121051,MenAfriCar7061926,738,false,
121052,MenAfriCar7062069,138,false,
121053,MenAfriCar7061820,4072,false,
121054,MenAfriCar7061928,138,false,
121055,MenAfriCar7061930,138,false,
121056,MenAfriCar7061716,4073,false,
121057,MenAfriCar7061932,1,false,
121058,MenAfriCar7062073,138,false,
121059,MenAfriCar7061824,1,false,
121060,MenAfriCar7062074,138,false,
121061,MenAfriCar7061825,138,false,
121062,MenAfriCar7061935,1,false,
121063,MenAfriCar7062076,138,false,
121064,MenAfriCar7062078,138,false,
121065,MenAfriCar7061724,738,false,
121066,MenAfriCar7061725,1,false,
121067,MenAfriCar7061831,138,false,
121068,MenAfriCar7061942,24,false,
121069,MenAfriCar7062081,138,false,
121070,MenAfriCar7061832,138,false,
121071,MenAfriCar7062083,138,false,
121072,MenAfriCar7061834,138,false,
121073,MenAfriCar7061838,1,false,
121074,MenAfriCar7061951,138,false,
121075,MenAfriCar7062086,138,false,
121076,MenAfriCar7061839,138,false,
121077,MenAfriCar7061953,138,false,
121078,MenAfriCar7062087,138,false,
121079,MenAfriCar7061840,138,false,
121080,MenAfriCar7061955,138,false,
121081,MenAfriCar7061841,105,false,
121082,MenAfriCar7061842,138,false,
121083,MenAfriCar7061962,1,false,
121084,MenAfriCar7062089,138,false,
121085,MenAfriCar7061963,138,false,
121086,MenAfriCar7062090,138,false,
121087,MenAfriCar7061737,1,false,
121088,MenAfriCar7061844,138,false,
121089,MenAfriCar7061964,138,false,
121090,MenAfriCar7062091,1,false,
121091,MenAfriCar7061845,138,false,
121092,MenAfriCar7061965,4070,false,
121093,MenAfriCar7062092,29,false,
121094,MenAfriCar7061846,138,false,
121095,MenAfriCar7061847,1,false,
121096,MenAfriCar7061967,33,false,
121097,MenAfriCar7061968,138,false,
121098,MenAfriCar7061742,1,false,
121099,MenAfriCar7061849,1,false,
121100,MenAfriCar7061969,138,false,
121101,MenAfriCar7061850,4074,false,
121102,MenAfriCar7061970,138,false,
121103,MenAfriCar7061972,138,false,
121104,MenAfriCar7062417,138,false,
121105,MenAfriCar7062100,24,false,
121106,MenAfriCar7062101,738,false,
121107,MenAfriCar7062419,738,false,
121108,MenAfriCar7062102,1307,false,
121109,MenAfriCar7062103,1307,false,
121110,MenAfriCar7062421,4075,false,
121111,MenAfriCar7062104,138,false,
121112,MenAfriCar7062423,1,false,
121113,MenAfriCar7062107,138,false,
121114,MenAfriCar7062425,738,false,
121115,MenAfriCar7062110,138,false,
121116,MenAfriCar7062219,138,false,
121117,MenAfriCar7062431,738,false,
121118,MenAfriCar7062114,138,false,
121119,MenAfriCar7062115,138,false,
121120,MenAfriCar7062222,138,false,
121121,MenAfriCar7062225,1,false,
121122,MenAfriCar7062119,138,false,
121123,MenAfriCar7062226,138,false,
121124,MenAfriCar7062120,138,false,
121125,MenAfriCar7062121,138,false,
121126,MenAfriCar7062229,4070,false,
121127,MenAfriCar7062445,138,false,
121128,MenAfriCar7062125,1,false,
121129,MenAfriCar7062446,138,false,
121130,MenAfriCar7062126,1,false,
121131,MenAfriCar7062127,1,false,
121132,MenAfriCar7062232,1307,false,
121133,MenAfriCar7062448,1,false,
121134,MenAfriCar7062128,1,false,
121135,MenAfriCar7062129,1,false,
121136,MenAfriCar7062347,1,false,
121137,MenAfriCar7062130,1,false,
121138,MenAfriCar7062132,1,false,
121139,MenAfriCar7062452,1,false,
121140,MenAfriCar7062453,1,false,
121141,MenAfriCar7062244,138,false,
121142,MenAfriCar7062245,138,false,
121143,MenAfriCar7062352,738,false,
121144,MenAfriCar7062455,138,false,
121145,MenAfriCar7062246,138,false,
121146,MenAfriCar7062353,1,false,
121147,MenAfriCar7062247,138,false,
121148,MenAfriCar7062354,1,false,
121149,MenAfriCar7062249,1,false,
121150,MenAfriCar7062355,1,false,
121151,MenAfriCar7062356,1,false,
121152,MenAfriCar7062357,1,false,
121153,MenAfriCar7062252,138,false,
121154,MenAfriCar7062358,1,false,
121155,MenAfriCar7062253,1,false,
121156,MenAfriCar7062359,1,false,
121157,MenAfriCar7062461,138,false,
121158,MenAfriCar7062254,138,false,
121159,MenAfriCar7062148,738,false,
121160,MenAfriCar7062255,138,false,
121161,MenAfriCar7062150,738,false,
121162,MenAfriCar7062257,738,false,
121163,MenAfriCar7062363,1,false,
121164,MenAfriCar7062151,738,false,
121165,MenAfriCar7062364,1,false,
121166,MenAfriCar7062152,1,false,
121167,MenAfriCar7062365,1,false,
121168,MenAfriCar7062366,1,false,
121169,MenAfriCar7062154,1,false,
121170,MenAfriCar7062261,138,false,
121171,MenAfriCar7062367,1,false,
121172,MenAfriCar7062262,138,false,
121173,MenAfriCar7062368,1,false,
121174,MenAfriCar7062264,738,false,
121175,MenAfriCar7062371,1,false,
121176,MenAfriCar7062474,1,false,
121177,MenAfriCar7062160,1,false,
121178,MenAfriCar7062268,29,false,
121179,MenAfriCar7062373,1,false,
121180,MenAfriCar7062269,29,false,
121181,MenAfriCar7062162,1,false,
121182,MenAfriCar7062270,29,false,
121183,MenAfriCar7062271,29,false,
121184,MenAfriCar7062376,1,false,
121185,MenAfriCar7062272,29,false,
121186,MenAfriCar7062377,1,false,
121187,MenAfriCar7062273,29,false,
121188,MenAfriCar7062274,29,false,
121189,MenAfriCar7062378,1,false,
121190,MenAfriCar7062275,29,false,
121191,MenAfriCar7062379,1,false,
121192,MenAfriCar7062481,1,false,
121193,MenAfriCar7062380,1,false,
121194,MenAfriCar7062381,1,false,
121195,MenAfriCar7062169,4070,false,
121196,MenAfriCar7062278,29,false,
121197,MenAfriCar7062173,1,false,
121198,MenAfriCar7062174,1,false,
121199,MenAfriCar7062488,1,false,
121200,MenAfriCar7062175,1,false,
121201,MenAfriCar7062176,1,false,
121202,MenAfriCar7062388,138,false,
121203,MenAfriCar7062389,138,false,
121204,MenAfriCar7062495,1,false,
121205,MenAfriCar7062392,138,false,
121206,MenAfriCar7062181,738,false,
121207,MenAfriCar7062393,138,false,
121208,MenAfriCar7062182,738,false,
121209,MenAfriCar7062396,1,false,
121210,MenAfriCar7062184,738,false,
121211,MenAfriCar7062400,1,false,
121212,MenAfriCar7062401,138,false,
121213,MenAfriCar7062506,4076,false,
121214,MenAfriCar7062402,4074,false,
121215,MenAfriCar7062403,4077,false,
121216,MenAfriCar7062404,4071,false,
121217,MenAfriCar7062194,4070,false,
121218,MenAfriCar7062405,738,false,
121219,MenAfriCar7062195,138,false,
121220,MenAfriCar7062406,138,false,
121221,MenAfriCar7062407,1,false,
121222,MenAfriCar7062197,138,false,
121223,MenAfriCar7062408,138,false,
121224,MenAfriCar7062516,1,false,
121225,MenAfriCar7062517,1,false,
121226,MenAfriCar7062198,4074,false,
121227,MenAfriCar7062409,138,false,
121228,MenAfriCar7062199,138,false,
121229,MenAfriCar7062410,1,false,
121230,MenAfriCar7062200,4074,false,
121231,MenAfriCar7062411,738,false,
121232,MenAfriCar7062201,138,false,
121233,MenAfriCar7062412,1,false,
121234,MenAfriCar7062522,4070,false,
121235,MenAfriCar7062414,138,false,
121236,MenAfriCar7062415,1,false,
121237,MenAfriCar7062206,738,false,
121238,MenAfriCar7062416,138,false,
121239,MenAfriCar7061666,1,false,
121240,MenAfriCar7061673,1,false,
121241,MenAfriCar7061717,138,false,
121242,MenAfriCar7061744,138,false,
121243,MenAfriCar7061762,738,false,
121244,MenAfriCar7062533,138,false,
121245,MenAfriCar7061763,738,false,
121246,MenAfriCar7062534,138,false,
121247,MenAfriCar7061765,738,false,
121248,MenAfriCar7061766,738,false,
121249,MenAfriCar7061767,738,false,
121250,MenAfriCar7062540,29,false,
121251,MenAfriCar7062541,1307,false,
121252,MenAfriCar7061837,138,false,
121253,MenAfriCar7062542,738,false,
121254,MenAfriCar7061861,4070,false,
121255,MenAfriCar7062543,738,false,
121256,MenAfriCar7061864,4078,false,
121257,MenAfriCar7062544,738,false,
121258,MenAfriCar7062545,738,false,
121259,MenAfriCar7061865,105,false,
121260,MenAfriCar7062546,738,false,
121261,MenAfriCar7061907,138,false,
121262,MenAfriCar7062547,738,false,
121263,MenAfriCar7062548,738,false,
121264,MenAfriCar7061923,1,false,
121265,MenAfriCar7062549,738,false,
121266,MenAfriCar7062550,738,false,
121267,MenAfriCar7062551,738,false,
121268,MenAfriCar7061931,138,false,
121269,MenAfriCar7062552,738,false,
121270,MenAfriCar7061934,138,false,
121271,MenAfriCar7062553,738,false,
121272,MenAfriCar7061936,138,false,
121273,MenAfriCar7062554,738,false,
121274,MenAfriCar7062555,738,false,
121275,MenAfriCar7062556,738,false,
121276,MenAfriCar7062557,738,false,
121277,MenAfriCar7062558,4079,false,
121278,MenAfriCar7061950,138,false,
121279,MenAfriCar7062559,105,false,
121280,MenAfriCar7062560,738,false,
121281,MenAfriCar7061954,138,false,
121282,MenAfriCar7062561,738,false,
121283,MenAfriCar7062562,738,false,
121284,MenAfriCar7061957,4074,false,
121285,MenAfriCar7062563,738,false,
121286,MenAfriCar7062564,4073,false,
121287,MenAfriCar7061959,138,false,
121288,MenAfriCar7061960,138,false,
121289,MenAfriCar7062566,738,false,
121290,MenAfriCar7062567,738,false,
121291,MenAfriCar7062568,738,false,
121292,MenAfriCar7062022,138,false,
121293,MenAfriCar7062570,738,false,
121294,MenAfriCar7062031,105,false,
121295,MenAfriCar7062032,1,false,
121296,MenAfriCar7062033,4080,false,
121297,MenAfriCar7062575,738,false,
121298,MenAfriCar7062576,1,false,
121299,MenAfriCar7062035,738,false,
121300,MenAfriCar7062577,138,false,
121301,MenAfriCar7062036,1,false,
121302,MenAfriCar7062578,1,false,
121303,MenAfriCar7062037,1,false,
121304,MenAfriCar7062579,1,false,
121305,MenAfriCar7062038,138,false,
121306,MenAfriCar7062039,4070,false,
121307,MenAfriCar7062583,738,false,
121308,MenAfriCar7062041,138,false,
121309,MenAfriCar7062584,738,false,
121310,MenAfriCar7062042,138,false,
121311,MenAfriCar7062585,738,false,
121312,MenAfriCar7062044,138,false,
121313,MenAfriCar7062586,738,false,
121314,MenAfriCar7062045,138,false,
121315,MenAfriCar7062588,141,false,
121316,MenAfriCar7062046,138,false,
121317,MenAfriCar7062047,138,false,
121318,MenAfriCar7062048,138,false,
121319,MenAfriCar7062591,1,false,
121320,MenAfriCar7062049,24,false,
121321,MenAfriCar7062050,138,false,
121322,MenAfriCar7062593,1,false,
121323,MenAfriCar7062052,4070,false,
121324,MenAfriCar7062053,1,false,
121325,MenAfriCar7062055,138,false,
121326,MenAfriCar7062056,138,false,
121327,MenAfriCar7062057,138,false,
121328,MenAfriCar7062600,138,false,
121329,MenAfriCar7061628,738,false,
121330,MenAfriCar7061633,738,false,
121331,MenAfriCar7062131,1,false,
121332,MenAfriCar7061634,738,false,
121333,MenAfriCar7061643,1,false,
121334,MenAfriCar7061651,1,false,
121335,MenAfriCar7062147,738,false,
121336,MenAfriCar7062172,738,false,
121337,MenAfriCar7062203,738,false,
121338,MenAfriCar7062234,138,false,
121339,MenAfriCar7062242,138,false,
121340,MenAfriCar7062243,4081,false,
121341,MenAfriCar7062250,138,false,
121342,MenAfriCar7062395,1,false,
121343,MenAfriCar7062427,138,false,
121344,MenAfriCar7062507,1,false,
121345,MenAfriCar7062532,1,false,
121346,MenAfriCar7062582,,false,
121347,MenAfriCar7062587,738,false,
121348,MenAfriCar7062594,138,false,
121349,MenAfriCar7062649,738,false,
121350,MenAfriCar7062651,738,false,
121351,MenAfriCar7062652,738,false,
121352,MenAfriCar7062655,1,false,
121353,MenAfriCar7062656,1,false,
121354,MenAfriCar7062658,1,false,
121355,MenAfriCar7062669,738,false,
121356,MenAfriCar7062646,738,false,
121357,MenAfriCar7062650,738,false,
121358,MenAfriCar7062677,1,false,
121359,MenAfriCar7061862,1,false,
121360,MenAfriCar7061768,738,false,
121361,MenAfriCar7061776,138,false,
121362,MenAfriCar7061661,738,false,
121363,MenAfriCar7061893,1,false,
121364,MenAfriCar7061894,138,false,
121365,MenAfriCar7061898,1,false,
121366,MenAfriCar7061906,138,false,
121367,MenAfriCar7061943,1,false,
121368,MenAfriCar7061843,138,false,
121369,MenAfriCar7061852,1,false,
121370,MenAfriCar7062312,738,false,
121371,MenAfriCar7062313,1,false,
121372,MenAfriCar7062314,738,false,
121373,MenAfriCar7062317,738,false,
121374,MenAfriCar7062211,1,false,
121375,MenAfriCar7062318,738,false,
121376,MenAfriCar7062212,138,false,
121377,MenAfriCar7062319,1,false,
121378,MenAfriCar7062213,1,false,
121379,MenAfriCar7062320,1,false,
121380,MenAfriCar7062214,138,false,
121381,MenAfriCar7062321,1,false,
121382,MenAfriCar7062215,1,false,
121383,MenAfriCar7062322,1,false,
121384,MenAfriCar7062216,138,false,
121385,MenAfriCar7062324,738,false,
121386,MenAfriCar7062325,1,false,
121387,MenAfriCar7062327,1,false,
121388,MenAfriCar7062432,738,false,
121389,MenAfriCar7062433,738,false,
121390,MenAfriCar7062329,1,false,
121391,MenAfriCar7062434,738,false,
121392,MenAfriCar7062332,1,false,
121393,MenAfriCar7062438,1,false,
121394,MenAfriCar7062223,1,false,
121395,MenAfriCar7062333,1,false,
121396,MenAfriCar7062439,738,false,
121397,MenAfriCar7062335,1,false,
121398,MenAfriCar7062440,138,false,
121399,MenAfriCar7062441,1,false,
121400,MenAfriCar7062337,1,false,
121401,MenAfriCar7062442,1,false,
121402,MenAfriCar7062443,1,false,
121403,MenAfriCar7062341,1307,false,
121404,MenAfriCar7062343,1,false,
121405,MenAfriCar7062344,738,false,
121406,MenAfriCar7062447,1,false,
121407,MenAfriCar7062345,1307,false,
121408,MenAfriCar7062449,738,false,
121409,MenAfriCar7062451,1,false,
121410,MenAfriCar7062133,1,false,
121411,MenAfriCar7062135,105,false,
121412,MenAfriCar7062456,1,false,
121413,MenAfriCar7062457,1,false,
121414,MenAfriCar7062458,1,false,
121415,MenAfriCar7062459,1,false,
121416,MenAfriCar7062460,1,false,
121417,MenAfriCar7062462,1,false,
121418,MenAfriCar7062463,1,false,
121419,MenAfriCar7062256,138,false,
121420,MenAfriCar7062464,1,false,
121421,MenAfriCar7062465,1,false,
121422,MenAfriCar7062466,1,false,
121423,MenAfriCar7062467,1,false,
121424,MenAfriCar7062468,1307,false,
121425,MenAfriCar7062469,138,false,
121426,MenAfriCar7062470,1,false,
121427,MenAfriCar7062156,138,false,
121428,MenAfriCar7062471,1,false,
121429,MenAfriCar7062157,1,false,
121430,MenAfriCar7062472,1,false,
121431,MenAfriCar7062158,138,false,
121432,MenAfriCar7062473,138,false,
121433,MenAfriCar7062159,1307,false,
121434,MenAfriCar7062372,1,false,
121435,MenAfriCar7062475,1,false,
121436,MenAfriCar7062476,1,false,
121437,MenAfriCar7062477,1,false,
121438,MenAfriCar7062163,138,false,
121439,MenAfriCar7062478,4082,false,
121440,MenAfriCar7062479,138,false,
121441,MenAfriCar7062480,1,false,
121442,MenAfriCar7062482,1,false,
121443,MenAfriCar7062483,1,false,
121444,MenAfriCar7062484,1,false,
121445,MenAfriCar7062279,738,false,
121446,MenAfriCar7062485,1,false,
121447,MenAfriCar7062280,738,false,
121448,MenAfriCar7062486,1,false,
121449,MenAfriCar7062281,738,false,
121450,MenAfriCar7062487,138,false,
121451,MenAfriCar7062282,738,false,
121452,MenAfriCar7062386,120,false,
121453,MenAfriCar7062283,738,false,
121454,MenAfriCar7062489,1,false,
121455,MenAfriCar7062284,738,false,
121456,MenAfriCar7062490,1,false,
121457,MenAfriCar7062285,738,false,
121458,MenAfriCar7062492,1,false,
121459,MenAfriCar7062286,738,false,
121460,MenAfriCar7062494,1,false,
121461,MenAfriCar7062287,738,false,
121462,MenAfriCar7062288,4079,false,
121463,MenAfriCar7062496,1,false,
121464,MenAfriCar7062289,738,false,
121465,MenAfriCar7062497,1,false,
121466,MenAfriCar7062290,738,false,
121467,MenAfriCar7062498,138,false,
121468,MenAfriCar7062291,738,false,
121469,MenAfriCar7062500,1,false,
121470,MenAfriCar7062292,738,false,
121471,MenAfriCar7062502,1,false,
121472,MenAfriCar7062293,738,false,
121473,MenAfriCar7062503,1,false,
121474,MenAfriCar7062294,738,false,
121475,MenAfriCar7062504,1,false,
121476,MenAfriCar7062188,1,false,
121477,MenAfriCar7062295,738,false,
121478,MenAfriCar7062505,1,false,
121479,MenAfriCar7062189,1,false,
121480,MenAfriCar7062296,738,false,
121481,MenAfriCar7062190,1,false,
121482,MenAfriCar7062191,1,false,
121483,MenAfriCar7062297,738,false,
121484,MenAfriCar7062508,1,false,
121485,MenAfriCar7062192,138,false,
121486,MenAfriCar7062298,738,false,
121487,MenAfriCar7062509,1,false,
121488,MenAfriCar7062193,138,false,
121489,MenAfriCar7062299,738,false,
121490,MenAfriCar7062510,1307,false,
121491,MenAfriCar7062300,738,false,
121492,MenAfriCar7062512,1,false,
121493,MenAfriCar7062301,738,false,
121494,MenAfriCar7062513,1,false,
121495,MenAfriCar7062196,138,false,
121496,MenAfriCar7062302,738,false,
121497,MenAfriCar7062514,138,false,
121498,MenAfriCar7062303,738,false,
121499,MenAfriCar7062304,738,false,
121500,MenAfriCar7062518,1,false,
121501,MenAfriCar7062305,738,false,
121502,MenAfriCar7062519,138,false,
121503,MenAfriCar7062306,738,false,
121504,MenAfriCar7062520,138,false,
121505,MenAfriCar7062307,738,false,
121506,MenAfriCar7062202,1307,false,
121507,MenAfriCar7062308,738,false,
121508,MenAfriCar7062309,738,false,
121509,MenAfriCar7062310,738,false,
121510,MenAfriCar7062311,738,false,
121511,MenAfriCar7061652,1,false,
121512,MenAfriCar7061654,1307,false,
121513,MenAfriCar7061655,1,false,
121514,MenAfriCar7061656,1,false,
121515,MenAfriCar7061657,1,false,
121516,MenAfriCar7061658,138,false,
121517,MenAfriCar7061660,4070,false,
121518,MenAfriCar7061662,138,false,
121519,MenAfriCar7061663,138,false,
121520,MenAfriCar7062536,738,false,
121521,MenAfriCar7062539,738,false,
121522,MenAfriCar7061836,1,false,
121523,MenAfriCar7062571,738,false,
121524,MenAfriCar7062572,738,false,
121525,MenAfriCar7062573,738,false,
121526,MenAfriCar7062574,738,false,
121527,MenAfriCar7062595,1307,false,
121528,MenAfriCar7062598,738,false,
121529,MenAfriCar7062146,29,false,
121530,MenAfriCar7062315,738,false,
121531,MenAfriCar7062316,738,false,
121532,MenAfriCar7062323,1,false,
121533,MenAfriCar7062330,1,false,
121534,MenAfriCar7062331,738,false,
121535,MenAfriCar7062334,738,false,
121536,MenAfriCar7062338,1,false,
121537,MenAfriCar7062339,1,false,
121538,MenAfriCar7062430,141,false,
121539,MenAfriCar7062435,738,false,
121540,MenAfriCar7062436,738,false,
121541,MenAfriCar7062437,738,false,
121542,MenAfriCar7062491,1,false,
121543,MenAfriCar7062493,1,false,
121544,MenAfriCar7062499,1,false,
121545,MenAfriCar7062501,1,false,
121546,MenAfriCar7062511,1,false,
121547,MenAfriCar7062515,138,false,
121548,MenAfriCar7062537,738,false,
121549,MenAfriCar7062538,738,false,
121550,MenAfriCar7062653,738,false,
121551,MenAfriCar7062654,738,false,
121552,MenAfriCar7062676,738,false,
121553,MenAfriCar7061854,138,false,
121554,MenAfriCar7061974,138,false,
121555,MenAfriCar7061750,138,false,
121556,MenAfriCar7061855,1,false,
121557,MenAfriCar7061751,138,false,
121558,MenAfriCar7061856,138,false,
121559,MenAfriCar7061976,1,false,
121560,MenAfriCar7061752,1,false,
121561,MenAfriCar7061857,138,false,
121562,MenAfriCar7061753,1,false,
121563,MenAfriCar7061858,138,false,
121564,MenAfriCar7061978,138,false,
121565,MenAfriCar7061859,138,false,
121566,MenAfriCar7061979,138,false,
121567,MenAfriCar7061860,1,false,
121568,MenAfriCar7061981,138,false,
121569,MenAfriCar7061863,138,false,
121570,MenAfriCar7061983,138,false,
121571,MenAfriCar7061984,138,false,
121572,MenAfriCar7061868,138,false,
121573,MenAfriCar7061985,1,false,
121574,MenAfriCar7061986,138,false,
121575,MenAfriCar7061871,1,false,
121576,MenAfriCar7061988,1,false,
121577,MenAfriCar7061872,138,false,
121578,MenAfriCar7061989,1,false,
121579,MenAfriCar7061990,138,false,
121580,MenAfriCar7061992,1,false,
121581,MenAfriCar7061993,138,false,
121582,MenAfriCar7061994,738,false,
121583,MenAfriCar7061995,138,false,
121584,MenAfriCar7061996,138,false,
121585,MenAfriCar7061998,1,false,
121586,MenAfriCar7061999,138,false,
121587,MenAfriCar7062001,1,false,
121588,MenAfriCar7062004,1,false,
121589,MenAfriCar7061678,1,false,
121590,MenAfriCar7062005,138,false,
121591,MenAfriCar7061679,1,false,
121592,MenAfriCar7061680,1,false,
121593,MenAfriCar7062006,1,false,
121594,MenAfriCar7061682,1,false,
121595,MenAfriCar7061684,1,false,
121596,MenAfriCar7061791,1,false,
121597,MenAfriCar7062011,138,false,
121598,MenAfriCar7061685,1,false,
121599,MenAfriCar7061792,138,false,
121600,MenAfriCar7062012,1,false,
121601,MenAfriCar7061793,1,false,
121602,MenAfriCar7061895,1,false,
121603,MenAfriCar7062013,138,false,
121604,MenAfriCar7061687,1,false,
121605,MenAfriCar7061794,1,false,
121606,MenAfriCar7061896,1,false,
121607,MenAfriCar7062015,1,false,
121608,MenAfriCar7062016,138,false,
121609,MenAfriCar7061797,1,false,
121610,MenAfriCar7061899,1,false,
121611,MenAfriCar7061691,105,false,
121612,MenAfriCar7061798,1,false,
121613,MenAfriCar7061900,138,false,
121614,MenAfriCar7061692,1,false,
121615,MenAfriCar7061693,1,false,
121616,MenAfriCar7061800,1,false,
121617,MenAfriCar7061902,1,false,
121618,MenAfriCar7061694,1,false,
121619,MenAfriCar7061801,1,false,
121620,MenAfriCar7061695,1,false,
121621,MenAfriCar7061802,1,false,
121622,MenAfriCar7061905,138,false,
121623,MenAfriCar7061697,1,false,
121624,MenAfriCar7061804,1,false,
121625,MenAfriCar7061698,1,false,
121626,MenAfriCar7061805,1,false,
121627,MenAfriCar7061909,1,false,
121628,MenAfriCar7061699,1,false,
121629,MenAfriCar7061806,1,false,
121630,MenAfriCar7061808,138,false,
121631,MenAfriCar7061702,1,false,
121632,MenAfriCar7061703,1,false,
121633,MenAfriCar7061914,4070,false,
121634,MenAfriCar7062060,138,false,
121635,MenAfriCar7061811,138,false,
121636,MenAfriCar7061915,138,false,
121637,MenAfriCar7062061,138,false,
121638,MenAfriCar7061705,1,false,
121639,MenAfriCar7062063,4070,false,
121640,MenAfriCar7061707,1,false,
121641,MenAfriCar7061814,1,false,
121642,MenAfriCar7062064,138,false,
121643,MenAfriCar7061708,1,false,
121644,MenAfriCar7062065,738,false,
121645,MenAfriCar7061920,1,false,
121646,MenAfriCar7061710,1,false,
121647,MenAfriCar7061817,4070,false,
121648,MenAfriCar7061922,138,false,
121649,MenAfriCar7062067,138,false,
121650,MenAfriCar7061711,1,false,
121651,MenAfriCar7061818,138,false,
121652,MenAfriCar7061925,1,false,
121653,MenAfriCar7061712,1,false,
121654,MenAfriCar7061713,1,false,
121655,MenAfriCar7061714,1,false,
121656,MenAfriCar7061821,1,false,
121657,MenAfriCar7061929,138,false,
121658,MenAfriCar7062071,138,false,
121659,MenAfriCar7061715,1,false,
121660,MenAfriCar7061822,1,false,
121661,MenAfriCar7062072,138,false,
121662,MenAfriCar7061823,1,false,
121663,MenAfriCar7061718,738,false,
121664,MenAfriCar7061933,138,false,
121665,MenAfriCar7061719,738,false,
121666,MenAfriCar7061826,138,false,
121667,MenAfriCar7061937,138,false,
121668,MenAfriCar7062077,138,false,
121669,MenAfriCar7061827,1,false,
121670,MenAfriCar7061828,1,false,
121671,MenAfriCar7061940,1,false,
121672,MenAfriCar7062079,138,false,
121673,MenAfriCar7061829,1,false,
121674,MenAfriCar7061941,4070,false,
121675,MenAfriCar7062080,138,false,
121676,MenAfriCar7061726,1,false,
121677,MenAfriCar7062082,138,false,
121678,MenAfriCar7061833,138,false,
121679,MenAfriCar7061946,138,false,
121680,MenAfriCar7061948,138,false,
121681,MenAfriCar7062084,138,false,
121682,MenAfriCar7061729,738,false,
121683,MenAfriCar7061835,138,false,
121684,MenAfriCar7062085,138,false,
121685,MenAfriCar7061730,738,false,
121686,MenAfriCar7062088,138,false,
121687,MenAfriCar7061735,738,false,
121688,MenAfriCar7061736,1,false,
121689,MenAfriCar7061739,1,false,
121690,MenAfriCar7061966,1,false,
121691,MenAfriCar7061740,1,false,
121692,MenAfriCar7061851,1,false,
121693,MenAfriCar7061971,138,false,
121694,MenAfriCar7061748,1,false,
121695,MenAfriCar7062418,138,false,
121696,MenAfriCar7062420,1,false,
121697,MenAfriCar7062217,1,false,
121698,MenAfriCar7062220,138,false,
121699,MenAfriCar7062221,138,false,
121700,MenAfriCar7062224,1,false,
121701,MenAfriCar7062227,1,false,
121702,MenAfriCar7062230,138,false,
121703,MenAfriCar7062231,1,false,
121704,MenAfriCar7062235,1,false,
121705,MenAfriCar7062236,138,false,
121706,MenAfriCar7062237,138,false,
121707,MenAfriCar7062238,1,false,
121708,MenAfriCar7062251,1,false,
121709,MenAfriCar7062258,138,false,
121710,MenAfriCar7062260,138,false,
121711,MenAfriCar7062263,1,false,
121712,MenAfriCar7062265,1,false,
121713,MenAfriCar7062164,1,false,
121714,MenAfriCar7062165,138,false,
121715,MenAfriCar7062166,1,false,
121716,MenAfriCar7062167,1,false,
121717,MenAfriCar7062168,1,false,
121718,MenAfriCar7062170,1,false,
121719,MenAfriCar7062171,1,false,
121720,MenAfriCar7062390,1,false,
121721,MenAfriCar7062391,1,false,
121722,MenAfriCar7062394,138,false,
121723,MenAfriCar7062397,4070,false,
121724,MenAfriCar7062398,1307,false,
121725,MenAfriCar7062399,138,false,
121726,MenAfriCar7062523,1,false,
121727,MenAfriCar7062524,138,false,
121728,MenAfriCar7061664,1,false,
121729,MenAfriCar7061665,138,false,
121730,MenAfriCar7061668,138,false,
121731,MenAfriCar7061669,1,false,
121732,MenAfriCar7061671,4070,false,
121733,MenAfriCar7061672,138,false,
121734,MenAfriCar7061674,1,false,
121735,MenAfriCar7061723,1,false,
121736,MenAfriCar7061733,138,false,
121737,MenAfriCar7062526,1,false,
121738,MenAfriCar7062528,138,false,
121739,MenAfriCar7061747,1,false,
121740,MenAfriCar7061830,138,false,
121741,MenAfriCar7061908,1,false,
121742,MenAfriCar7061924,1,false,
121743,MenAfriCar7061927,138,false,
121744,MenAfriCar7061939,1,false,
121745,MenAfriCar7061945,1,false,
121746,MenAfriCar7061947,1,false,
121747,MenAfriCar7061952,138,false,
121748,MenAfriCar7061956,1,false,
121749,MenAfriCar7061958,1,false,
121750,MenAfriCar7061961,138,false,
121751,MenAfriCar7062009,138,false,
121752,MenAfriCar7062026,138,false,
121753,MenAfriCar7062030,1,false,
121754,MenAfriCar7062034,138,false,
121755,MenAfriCar7062040,138,false,
121756,MenAfriCar7062058,138,false,
121757,MenAfriCar7062075,138,false,
121758,MenAfriCar7062521,1,false,
121759,MenAfriCar7062527,138,false,
121760,MenAfriCar7062531,138,false,
121761,MenAfriCar7062208,4083,false,
121762,MenAfriCar7062209,105,false,
121763,MenAfriCar7062134,120,false,
121764,MenAfriCar7062454,105,false,
121765,MenAfriCar7062385,105,false,
121766,MenAfriCar7062178,50,false,
121767,MenAfriCar7062179,105,false,
121768,MenAfriCar7062180,95,false,
121769,MenAfriCar7062383,105,false,
121770,MenAfriCar7061853,138,false,
121771,MenAfriCar7061749,138,false,
121772,MenAfriCar7061982,138,false,
121773,MenAfriCar7061987,138,false,
121774,MenAfriCar7061648,138,false,
121775,MenAfriCar7061815,1,false,
121776,MenAfriCar7061819,138,false,
121777,MenAfriCar7062070,138,false,
121778,MenAfriCar7061938,1,false,
121779,MenAfriCar7061731,738,false,
121780,MenAfriCar7062218,138,false,
121781,MenAfriCar7062228,138,false,
121782,MenAfriCar7062239,138,false,
121783,MenAfriCar7062161,1,false,
121784,MenAfriCar7061670,138,false,
121785,MenAfriCar7061734,138,false,
121786,MenAfriCar7062233,138,false,
121787,MenAfriCar7062240,138,false,
121788,MenAfriCar7061769,738,false,
121789,MenAfriCar7061890,138,false,
121790,MenAfriCar7062326,738,false,
121791,MenAfriCar7062241,138,false,
121792,MenAfriCar7061777,1,false,
121793,MenAfriCar7061848,1,false,
121794,MenAfriCar7062097,29,false,
121795,MenAfriCar7062422,1,false,
121796,MenAfriCar7062122,1,false,
121797,MenAfriCar7062277,29,false,
121798,MenAfriCar7062529,1,false,
121799,MenAfriCar7062530,1,false,
121800,MenAfriCar7062124,1,false,
121801,MenAfriCar7062657,1,false,
121802,MenAfriCar7061949,1,false,
121803,MenAfriCar7062105,738,false,
121804,MenAfriCar7062259,138,false,
121805,MenAfriCar7061944,138,false,
121806,MenAfriCar7062025,138,false,
121807,MenAfriCar7062123,1,false,
121808,MenAfriCar7061198,138,false,
121809,MenAfriCar7061199,138,false,
121810,MenAfriCar7061200,138,false,
121811,MenAfriCar7061201,1,false,
121812,MenAfriCar7061204,138,false,
121813,MenAfriCar7061205,138,false,
121814,MenAfriCar7061206,138,false,
121815,MenAfriCar7061207,138,false,
121816,MenAfriCar7061214,1,false,
121817,MenAfriCar7061215,1,false,
121818,MenAfriCar7061222,1,false,
121819,MenAfriCar7061223,1,false,
121820,MenAfriCar7061231,138,false,
121821,MenAfriCar7061237,138,false,
121822,MenAfriCar7061238,138,false,
121823,MenAfriCar7061245,138,false,
121824,MenAfriCar7061246,138,false,
121825,MenAfriCar7061247,138,false,
121826,MenAfriCar7061248,138,false,
121827,MenAfriCar7061249,138,false,
121828,MenAfriCar7061250,138,false,
121829,MenAfriCar7061251,138,false,
121830,MenAfriCar7061252,138,false,
121831,MenAfriCar7061253,138,false,
121832,MenAfriCar7061255,138,false,
121833,MenAfriCar7061256,1,false,
121834,MenAfriCar7061258,138,false,
121835,MenAfriCar7061259,138,false,
121836,MenAfriCar7061260,138,false,
121837,MenAfriCar7061261,138,false,
121838,MenAfriCar7061262,138,false,
121839,MenAfriCar7061263,738,false,
121840,MenAfriCar7061264,138,false,
121841,MenAfriCar7061265,138,false,
121842,MenAfriCar7061266,138,false,
121843,MenAfriCar7061267,138,false,
121844,MenAfriCar7061268,138,false,
121845,MenAfriCar7061269,138,false,
121846,MenAfriCar7061271,138,false,
121847,MenAfriCar7061272,138,false,
121848,MenAfriCar7061273,1,false,
121849,MenAfriCar7061274,138,false,
121850,MenAfriCar7061275,138,false,
121851,MenAfriCar7061277,138,false,
121852,MenAfriCar7061278,138,false,
121853,MenAfriCar7061280,138,false,
121854,MenAfriCar7061281,4070,false,
121855,MenAfriCar7061282,138,false,
121856,MenAfriCar7061283,138,false,
121857,MenAfriCar7061285,138,false,
121858,MenAfriCar7061288,138,false,
121859,MenAfriCar7061289,138,false,
121860,MenAfriCar7061290,138,false,
121861,MenAfriCar7061291,138,false,
121862,MenAfriCar7061292,1,false,
121863,MenAfriCar7061293,1,false,
121864,MenAfriCar7061297,138,false,
121865,MenAfriCar7061298,738,false,
121866,MenAfriCar7061318,1307,false,
121867,MenAfriCar7061319,738,false,
121868,MenAfriCar7061320,57,false,
121869,MenAfriCar7061322,138,false,
121870,MenAfriCar7061323,138,false,
121871,MenAfriCar7061330,138,false,
121872,MenAfriCar7061331,138,false,
121873,MenAfriCar7061332,138,false,
121874,MenAfriCar7061333,738,false,
121875,MenAfriCar7061334,738,false,
121876,MenAfriCar7061335,738,false,
121877,MenAfriCar7061336,105,false,
121878,MenAfriCar7061338,105,false,
121879,MenAfriCar7061339,138,false,
121880,MenAfriCar7061341,138,false,
121881,MenAfriCar7061344,105,false,
121882,MenAfriCar7061345,738,false,
121883,MenAfriCar7061347,738,false,
121884,MenAfriCar7061350,105,false,
121885,MenAfriCar7061351,138,false,
121886,MenAfriCar7061353,138,false,
121887,MenAfriCar7061388,1,false,
121888,MenAfriCar7061389,138,false,
121889,MenAfriCar7061390,1,false,
121890,MenAfriCar7061391,1,false,
121891,MenAfriCar7061392,1,false,
121892,MenAfriCar7061393,1,false,
121893,MenAfriCar7061394,1,false,
121894,MenAfriCar7061395,1,false,
121895,MenAfriCar7061396,1,false,
121896,MenAfriCar7061397,1,false,
121897,MenAfriCar7061398,1,false,
121898,MenAfriCar7061399,1,false,
121899,MenAfriCar7061400,1,false,
121900,MenAfriCar7061401,138,false,
121901,MenAfriCar7061402,1,false,
121902,MenAfriCar7061403,1,false,
121903,MenAfriCar7061404,138,false,
121904,MenAfriCar7061405,138,false,
121905,MenAfriCar7061406,1,false,
121906,MenAfriCar7061407,1,false,
121907,MenAfriCar7061408,138,false,
121908,MenAfriCar7061409,1,false,
121909,MenAfriCar7061410,1,false,
121910,MenAfriCar7061411,138,false,
121911,MenAfriCar7061412,1,false,
121912,MenAfriCar7061413,4070,false,
121913,MenAfriCar7061414,138,false,
121914,MenAfriCar7061415,1307,false,
121915,MenAfriCar7061416,1,false,
121916,MenAfriCar7061417,1,false,
121917,MenAfriCar7061418,1,false,
121918,MenAfriCar7061419,138,false,
121919,MenAfriCar7061420,1,false,
121920,MenAfriCar7061421,1,false,
121921,MenAfriCar7061422,1,false,
121922,MenAfriCar7061423,4070,false,
121923,MenAfriCar7061424,1,false,
121924,MenAfriCar7061425,1,false,
121925,MenAfriCar7061426,1,false,
121926,MenAfriCar7061427,1,false,
121927,MenAfriCar7061428,1,false,
121928,MenAfriCar7061429,1,false,
121929,MenAfriCar7061430,1,false,
121930,MenAfriCar7061431,1,false,
121931,MenAfriCar7061432,138,false,
121932,MenAfriCar7061433,1,false,
121933,MenAfriCar7061434,1,false,
121934,MenAfriCar7061435,1,false,
121935,MenAfriCar7061436,1,false,
121936,MenAfriCar7061437,138,false,
121937,MenAfriCar7061438,138,false,
121938,MenAfriCar7061439,138,false,
121939,MenAfriCar7061440,138,false,
121940,MenAfriCar7061441,1,false,
121941,MenAfriCar7061442,1,false,
121942,MenAfriCar7061443,1,false,
121943,MenAfriCar7061444,1,false,
121944,MenAfriCar7061445,1,false,
121945,MenAfriCar7061446,1,false,
121946,MenAfriCar7061447,1,false,
121947,MenAfriCar7061448,138,false,
121948,MenAfriCar7061449,1,false,
121949,MenAfriCar7061450,1,false,
121950,MenAfriCar7061451,1,false,
121951,MenAfriCar7061452,1,false,
121952,MenAfriCar7061453,1,false,
121953,MenAfriCar7061454,1,false,
121954,MenAfriCar7061455,1,false,
121955,MenAfriCar7061456,1,false,
121956,MenAfriCar7061457,1,false,
121957,MenAfriCar7061458,138,false,
121958,MenAfriCar7061459,138,false,
121959,MenAfriCar7061460,738,false,
121960,MenAfriCar7061461,138,false,
121961,MenAfriCar7061462,1,false,
121962,MenAfriCar7061463,1,false,
121963,MenAfriCar7061464,1,false,
121964,MenAfriCar7061465,1,false,
121965,MenAfriCar7061466,1,false,
121966,MenAfriCar7061467,1307,false,
121967,MenAfriCar7061468,1,false,
121968,MenAfriCar7061470,138,false,
121969,MenAfriCar7061476,138,false,
121970,MenAfriCar7061477,138,false,
121971,MenAfriCar7061478,138,false,
121972,MenAfriCar7061479,138,false,
121973,MenAfriCar7061539,105,false,
121974,MenAfriCar7061541,738,false,
121975,MenAfriCar7061543,1,false,
121976,MenAfriCar7061544,1,false,
121977,MenAfriCar7061545,1,false,
121978,MenAfriCar7061546,1,false,
121979,MenAfriCar7061547,1,false,
121980,MenAfriCar7061548,1,false,
121981,MenAfriCar7061549,1,false,
121982,MenAfriCar7061550,1,false,
121983,MenAfriCar7061551,1,false,
121984,MenAfriCar7061552,1,false,
121985,MenAfriCar7061553,1,false,
121986,MenAfriCar7061554,1,false,
121987,MenAfriCar7061555,1,false,
121988,MenAfriCar7061556,1,false,
121989,MenAfriCar7061557,1,false,
121990,MenAfriCar7061558,1,false,
121991,MenAfriCar7061559,1,false,
121992,MenAfriCar7061561,1,false,
121993,MenAfriCar7061564,138,false,
121994,MenAfriCar7061352,1,false,
121995,MenAfriCar7061387,138,false,
121996,MenAfriCar7061195,1,false,
121997,MenAfriCar7061196,1,false,
121998,MenAfriCar7061202,1,false,
121999,MenAfriCar7061203,1,false,
122000,MenAfriCar7061208,1,false,
122001,MenAfriCar7061209,1,false,
122002,MenAfriCar7061210,1,false,
122003,MenAfriCar7061211,1,false,
122004,MenAfriCar7061212,1,false,
122005,MenAfriCar7061218,1,false,
122006,MenAfriCar7061219,1,false,
122007,MenAfriCar7061220,1,false,
122008,MenAfriCar7061221,1,false,
122009,MenAfriCar7061224,1,false,
122010,MenAfriCar7061225,1,false,
122011,MenAfriCar7061226,1,false,
122012,MenAfriCar7061227,1,false,
122013,MenAfriCar7061228,1,false,
122014,MenAfriCar7061229,138,false,
122015,MenAfriCar7061230,1,false,
122016,MenAfriCar7061232,1307,false,
122017,MenAfriCar7061233,1,false,
122018,MenAfriCar7061234,105,false,
122019,MenAfriCar7061235,1,false,
122020,MenAfriCar7061236,1,false,
122021,MenAfriCar7061239,1,false,
122022,MenAfriCar7061240,1,false,
122023,MenAfriCar7061241,1,false,
122024,MenAfriCar7061242,1,false,
122025,MenAfriCar7061243,1,false,
122026,MenAfriCar7061244,1,false,
122027,MenAfriCar7061294,1,false,
122028,MenAfriCar7061295,1,false,
122029,MenAfriCar7061296,1,false,
122030,MenAfriCar7061354,1,false,
122031,MenAfriCar7061380,1,false,
122032,MenAfriCar7061381,1,false,
122033,MenAfriCar7061382,1,false,
122034,MenAfriCar7061383,1,false,
122035,MenAfriCar7061471,1,false,
122036,MenAfriCar7061472,1,false,
122037,MenAfriCar7061473,1,false,
122038,MenAfriCar7061474,1,false,
122039,MenAfriCar7061475,1,false,
122040,MenAfriCar7061480,1,false,
122041,MenAfriCar7061481,1,false,
122042,MenAfriCar7061482,1,false,
122043,MenAfriCar7061515,1,false,
122044,MenAfriCar7061516,1,false,
122045,MenAfriCar7061517,1,false,
122046,MenAfriCar7061518,1,false,
122047,MenAfriCar7061519,1,false,
122048,MenAfriCar7061213,1,false,
122049,MenAfriCar7061254,138,false,
122050,MenAfriCar7061257,138,false,
122051,MenAfriCar7061270,138,false,
122052,MenAfriCar7061279,138,false,
122053,MenAfriCar7061286,4070,false,
122054,MenAfriCar7061287,1,false,
122055,MenAfriCar7061197,1,false,
122056,MenAfriCar7061216,1,false,
122057,MenAfriCar7061299,1,false,
122058,MenAfriCar7061300,1,false,
122059,MenAfriCar7061301,1,false,
122060,MenAfriCar7061302,1,false,
122061,MenAfriCar7061303,1,false,
122062,MenAfriCar7061304,1,false,
122063,MenAfriCar7061305,1,false,
122064,MenAfriCar7061306,1,false,
122065,MenAfriCar7061307,1,false,
122066,MenAfriCar7061309,1,false,
122067,MenAfriCar7061311,1,false,
122068,MenAfriCar7061312,1,false,
122069,MenAfriCar7061313,1,false,
122070,MenAfriCar7061314,1,false,
122071,MenAfriCar7061315,1,false,
122072,MenAfriCar7061316,1,false,
122073,MenAfriCar7061355,1,false,
122074,MenAfriCar7061369,1,false,
122075,MenAfriCar7061370,1,false,
122076,MenAfriCar7061371,1,false,
122077,MenAfriCar7061372,1260,false,
122078,MenAfriCar7061373,1,false,
122079,MenAfriCar7061374,1,false,
122080,MenAfriCar7061375,138,false,
122081,MenAfriCar7061376,138,false,
122082,MenAfriCar7061377,1,false,
122083,MenAfriCar7061379,138,false,
122084,MenAfriCar7061384,738,false,
122085,MenAfriCar7061385,138,false,
122086,MenAfriCar7061386,1,false,
122087,MenAfriCar7061483,1,false,
122088,MenAfriCar7061484,1,false,
122089,MenAfriCar7061485,1,false,
122090,MenAfriCar7061486,1,false,
122091,MenAfriCar7061487,1,false,
122092,MenAfriCar7061489,1,false,
122093,MenAfriCar7061490,138,false,
122094,MenAfriCar7061492,1,false,
122095,MenAfriCar7061493,1,false,
122096,MenAfriCar7061494,1,false,
122097,MenAfriCar7061495,138,false,
122098,MenAfriCar7061496,1,false,
122099,MenAfriCar7061497,1,false,
122100,MenAfriCar7061499,1,false,
122101,MenAfriCar7061500,1,false,
122102,MenAfriCar7061501,1,false,
122103,MenAfriCar7061502,1,false,
122104,MenAfriCar7061503,1,false,
122105,MenAfriCar7061504,1,false,
122106,MenAfriCar7061508,138,false,
122107,MenAfriCar7061509,1,false,
122108,MenAfriCar7061510,1,false,
122109,MenAfriCar7061511,1,false,
122110,MenAfriCar7061512,1,false,
122111,MenAfriCar7061513,138,false,
122112,MenAfriCar7061514,1,false,
122113,MenAfriCar7061520,138,false,
122114,MenAfriCar7061521,138,false,
122115,MenAfriCar7061522,1,false,
122116,MenAfriCar7061523,1,false,
122117,MenAfriCar7061524,738,false,
122118,MenAfriCar7061525,1,false,
122119,MenAfriCar7061526,1,false,
122120,MenAfriCar7061527,1,false,
122121,MenAfriCar7061528,1,false,
122122,MenAfriCar7061529,1,false,
122123,MenAfriCar7061530,1,false,
122124,MenAfriCar7061531,1,false,
122125,MenAfriCar7061532,138,false,
122126,MenAfriCar7061533,1,false,
122127,MenAfriCar7061534,1,false,
122128,MenAfriCar7061535,1,false,
122129,MenAfriCar7061536,1,false,
122130,MenAfriCar7061538,1,false,
122131,MenAfriCar7061542,1,false,
122132,MenAfriCar7061560,1,false,
122133,MenAfriCar7061562,1,false,
122134,MenAfriCar7061563,1,false,
122135,MenAfriCar7061568,138,false,
122136,MenAfriCar7061569,1,false,
122137,MenAfriCar7061570,1,false,
122138,MenAfriCar7061571,1,false,
122139,MenAfriCar7061578,1,false,
122140,MenAfriCar7061284,138,false,
122141,MenAfriCar7061308,1,false,
122142,MenAfriCar7061310,1,false,
122143,MenAfriCar7061340,138,false,
122144,MenAfriCar7061498,1,false,
122145,MenAfriCar7061537,1,false,
122146,MenAfriCar7061358,29,false,
122147,MenAfriCar7061365,29,false,
122148,MenAfriCar7061362,138,false,
122149,MenAfriCar7061363,138,false,
122150,MenAfriCar7061364,138,false,
122151,MenAfriCar7061507,1,false,
122152,MenAfriCar7061367,105,false,
122153,MenAfriCar7061368,1,false,
122154,MenAfriCar7061506,141,false,
122155,MenAfriCar7061361,105,false,
122156,MenAfriCar7061366,738,false,
122157,MenAfriCar7061566,738,false,
122158,W-3077,93,false,
122159,W-5070,66,false,
122161,19_30_hybrid,2355,false,
122162,mcbar_621_hybrid,,false,
122163,mcbar_1226_hybrid,2294,false,
122164,18_122_hybrid,1,false,
122165,18_62_hybrid,1,false,
122166,18_641_hybrid,45,false,
122167,DS101,62,false,
122168,DS103,257,false,
122169,DS104,62,false,
122170,DS105,211,false,
122171,DS106,211,false,
122172,DS107,3,false,
122173,DS109,62,false,
122174,DS110,45,false,
122175,DS111,45,false,
122176,DS112,49,false,
122177,202237770,,false,
122178,202237781,,false,
122179,10483,,false,
122180,10481,,false,
122181,10444,,false,
122182,10465,,false,
122183,10508,,false,
122184,10535,,false,
122185,10541,,false,
122186,10545,,false,
122187,10497,,false,
122188,202234853,,false,
122189,10544,,false,
122190,10536,,false,
122191,63401,,false,
122192,22-623,,false,
122193,10518,,false,
122195,SMG-22-1754,45,false,
122201,N19-1218,,false,
122202,N19-1300,,false,
122203,N20-0570,,false,
122204,A4521,,false,
122205,202233208,,false,
122206,10519,,false,
122207,10606,,false,
122208,10604,,false,
122209,202229438,,false,
122210,NG290,,false,
122211,202237801,,false,
122212,10588,,false,
122213,202238526,,false,
122214,10624,,false,
122215,10557,,false,
122218,63410,,false,
122219,63411,,false,
122220,63419,,false,
122221,63421,,false,
122222,63422,,false,
122223,63424,,false,
122224,63431,,false,
122225,63438,,false,
122226,41673,,false,
122227,46686,,false,
122228,46687,,false,
122229,48307,,false,
122230,515,,false,
122231,63-3,,false,
122232,115-1,,false,
122233,A4571,,false,
122234,NIO-58,,false,
122235,A4598,,false,
122236,A4610,,false,
122237,A4604,,false,
122238,A4596,,false,
122239,A4568,,false,
122240,A4504,,false,
122241,C509_15,738,false,
122242,C1048_15,138,false,
122243,C835_16,738,false,
122244,C3114_19,4106,false,
122245,C1387_20,738,false,
122246,C58_20,1,false,
122266,DE14846,4108,false,
122290,N19-1294,,false,
122291,N19-1747,,false,
122292,N19-1760,,false,
122293,N19-2027,,false,
122294,N20-0616,,false,
122295,N20-0801,,false,
122310,BT00010V3C,207,false,
122311,BT00019V3C,45,false,
122312,BT00043V3C,65,false,
122313,BT00047V3C,62,false,
122314,BT00052V3C,4116,false,
122315,BT00077V3C,97,false,
122316,BT00085V3C,65,false,
122317,BT00242V3C,407,false,
122318,BT00273V3C,1489,false,
122319,BT00276V3C,49,false,
122320,BT00295V3C,104,false,
122321,BT00296V3C,65,false,
122322,BT00297V3C,104,false,
122323,BT00298V3C,65,false,
122324,BT00318V3C,62,false,
122325,BT00320V3C,141,false,
122326,BT00329V3C,95,false,
122327,BT00333V3C,1995,false,
122328,BT00343V3C,97,false,
122329,BT00353V3C,4117,false,
122330,BT00354V3C,65,false,
122331,BT00400V3C,104,false,
122332,BT00430V3C,57,false,
122333,BT00451V3C,1778,false,
122334,BT00464V3C,141,false,
122335,BT00502V3C,837,false,
122336,BT00683V1C,141,false,
122337,BT00689V1C,65,false,
122338,BT00703V1C,62,false,
122339,BT00705V1C,65,false,
122340,BT00723V1C,259,false,
122341,BT00727V1C,68,false,
122342,BT00729V1C,318,false,
122343,BT00730V1C,4118,false,
122344,BT00732V1C,65,false,
122345,BT00733V1C,65,false,
122346,BT00736V1C,104,false,
122347,BT00740V1C,4119,false,
122348,BT00745V1C,97,false,
122349,BT00754V1C,104,false,
122350,BT00764V1C,104,false,
122351,BT00767V1C,45,false,
122352,BT00768V1C,837,false,
122353,BT00774V3C,1675,false,
122354,BT00781V1C,65,false,
122355,BT00793V1C,1781,false,
122356,BT00796V1C,65,false,
122357,BT00797V1C,1781,false,
122358,BT00813V1C,104,false,
122359,BT00825V1C,95,false,
122360,BT00826V1C,3803,false,
122361,BT00828V1C,1489,false,
122362,BT03026V3C,65,false,
122363,BT03055V3C,65,false,
122364,BT03148V3C,97,false,
122365,BT03211V3C,1675,false,
122366,BT03413V3C,65,false,
122367,BT03460V3C,4120,false,
122368,BT03481V3C,65,false,
122369,BT03497V3C,106,false,
122370,BT03537V3C,262,false,
122371,BT03560V3C,262,false,
122372,BT03662V3C,65,false,
122373,BT03690V3C,342,false,
122374,BT03804V3C,50,false,
122375,BT03824V3C,97,false,
122376,BT09362V3C,77,false,
122377,BT15700V3C,104,false,
122378,BT15711V3C,87,false,
122379,BT15758V3C,224,false,
122380,BT15811V3C,77,false,
122381,BT15850V3C,62,false,
122382,BT15946V3C,4121,false,
122383,BT15982V3C,62,false,
122384,BT16021V3C,2452,false,
122385,BT16045V3C,4122,false,
122386,BT16152V3C,104,false,
122387,BT16353V3C,4123,false,
122388,BT16419V3C,66,false,
122389,BT16471V3C,57,false,
122390,BT16891V3C,97,false,
122391,BT18236V3C,3,false,
122392,BT18252V3C,97,false,
122393,BT18329V3C,1707,false,
122394,BT18334V3C,65,false,
122395,BT18351V3C,4124,false,
122396,BT18502V3C,87,false,
122397,BT18525V3C,349,false,
122398,BT21873V3C,65,false,
122399,BT21905V3C,262,false,
122400,BT22026V3C,288,false,
122401,BT22035V3C,4125,false,
122402,BT22057V3C,345,false,
122403,BT22117V3C,4126,false,
122404,BT22128V3C,4127,false,
122405,BT24031V3C,4128,false,
122406,BT24042V3C,87,false,
122407,BT24124V3C,4129,false,
122408,BT24172V3C,87,false,
122409,BT24180V3C,45,false,
122410,BT24184V3C,2475,false,
122411,BT24191V3C,288,false,
122412,BT24210V3C,1763,false,
122413,BT24226V3C,1976,false,
122414,BT24231V3C,65,false,
122415,BT24234V3C,262,false,
122416,BT24259V3C,4130,false,
122417,BT24262V3C,65,false,
122418,BT24267V3C,211,false,
122419,BT24271V3C,288,false,
122420,BT24301V3C,262,false,
122421,BT24313V3C,104,false,
122422,BT24320V3C,104,false,
122423,BT24339V3C,262,false,
122424,BT24347V3C,4131,false,
122425,BT24350V3C,1,false,
122426,BT24373V3C,837,false,
122427,BT24382V3C,50,false,
122428,BT24434V3C,141,false,
122429,BT24481V3C,262,false,
122430,BT24484V3C,87,false,
122431,BT24487V3C,262,false,
122432,BT24508V3C,104,false,
122433,BT24509V3C,791,false,
122434,BT24520V3C,45,false,
122435,BT24534V3C,1376,false,
122436,BT24603V3C,9,false,
122437,BT24644V3C,4132,false,
122438,BT24650V3C,57,false,
122439,BT24672V3C,57,false,
122440,BT24677V3C,104,false,
122441,BT24685V3C,4133,false,
122442,BT24688V3C,62,false,
122443,BT24694V3C,4134,false,
122444,BT24706V3C,87,false,
122445,BT24707V3C,4065,false,
122446,BT24726V3C,45,false,
122447,BT24740V3C,137,false,
122448,BT24743V3C,4135,false,
122449,BT24745V3C,87,false,
122450,BT24882V3C,1,false,
122451,BT24914V3C,4136,false,
122452,BT24916V3C,1489,false,
122453,BT24922V3C,3,false,
122454,BT24937V3C,65,false,
122455,BT24957V3C,4137,false,
122456,BT24959V3C,1489,false,
122457,BT25025V3C,65,false,
122458,BT25027V3C,294,false,
122459,BT25042V3C,65,false,
122460,BT25043V3C,65,false,
122461,BT25052V3C,2695,false,
122462,BT25065V3C,2482,false,
122463,BT25097V3C,104,false,
122464,BT25118V3C,65,false,
122465,BT25119V3C,259,false,
122466,BT25126V3C,97,false,
122467,BT25149V3C,97,false,
122468,BT25154V3C,4138,false,
122469,BT25159V3C,65,false,
122470,BT25164V3C,97,false,
122471,BT25191V3C,3,false,
122472,BT25194V3C,1208,false,
122473,BT25232V3C,97,false,
122474,BT25257V3C,2520,false,
122475,BT25268V3C,2485,false,
122476,BT25424V1C,77,false,
122477,BT25431V1C,45,false,
122478,BT25449V3C,104,false,
122479,BT25470V1C,348,false,
122480,BT25475V3C,4136,false,
122481,BT25478V1C,62,false,
122482,BT25490V3C,3,false,
122483,BT25500V3C,4139,false,
122484,BT27013V3C,288,false,
122485,BT27022V3C,259,false,
122486,BT27123V3C,4140,false,
122487,BT27199V3C,1498,false,
122488,BT27242V3C,259,false,
122489,BT27290V3C,104,false,
122490,BT27291V3C,104,false,
122491,BT27589V1C,259,false,
122492,BT27594V1C,97,false,
122493,BT27675V1C,259,false,
122494,BT27694V1C,45,false,
122495,BT27710V1C,45,false,
122496,BT27745V1C,104,false,
122497,BT30137V3C,1489,false,
122498,BT30272V3C,1489,false,
122499,BT30285V3C,262,false,
122500,BT30429V3C,45,false,
122501,BT30501V3C,87,false,
122502,BT30516V3C,104,false,
122503,BT30572V3C,832,false,
122504,BT30579V3C,4095,false,
122505,BT30656V3C,832,false,
122506,BT30725V3C,262,false,
122507,BT30727V3C,104,false,
122508,BT30827V3C,65,false,
122509,BT30909V1C,97,false,
122510,BT30927V1C,45,false,
122511,BT30987V1C,49,false,
122512,BT30991V1C,278,false,
122513,BT30993V1C,738,false,
122514,BT31006V1C,97,false,
122515,BT31045V1C,97,false,
122516,BT31046V1C,62,false,
122517,BT31080V1C,45,false,
122518,BT31141V1C,890,false,
122519,BT31192V1C,65,false,
122520,BT31237V1C,97,false,
122521,BT31242V1C,97,false,
122522,BT31256V1C,62,false,
122523,BT31274V1C,87,false,
122524,BT31324V1C,97,false,
122525,BT31342V1C,1680,false,
122526,BT31416V1C,95,false,
122527,BT33126V3C,4141,false,
122528,BT33137V3C,4141,false,
122529,BT33456V3C,832,false,
122530,BT33462V3C,1166,false,
122531,BT33475V3C,97,false,
122532,BT33530V1C,4142,false,
122533,BT33555V1C,65,false,
122534,BT33564V1C,4270,false,
122535,BT33569V1C,62,false,
122536,BT37319V3C,2498,false,
122537,BT37329V3C,68,false,
122538,BT37331V3C,97,false,
122539,BT37335V3C,288,false,
122540,BT37347V3C,95,false,
122541,BT37375V3C,87,false,
122542,BT37414V3C,49,false,
122543,BT37424V3C,66,false,
122544,BT37459V3C,97,false,
122545,BT37471V3C,87,false,
122546,BT37497V3C,95,false,
122547,BT37534V3C,65,false,
122548,BT37581V3C,4143,false,
122549,BT37592V3C,47,false,
122550,BT37662V3C,45,false,
122551,BT37666V3C,97,false,
122552,BT37676V3C,250,false,
122553,BT37683V3C,259,false,
122554,BT37741V3C,97,false,
122555,BT37806V3C,65,false,
122556,BT37810V3C,87,false,
122557,BT37821V3C,65,false,
122558,BT37825V3C,3,false,
122559,BT37840V3C,4144,false,
122560,BT37880V3C,1790,false,
122561,BT37906V3C,104,false,
122562,BT37907V3C,259,false,
122563,BT37934V3C,120,false,
122564,BT37957V3C,120,false,
122565,BT37973V3C,1779,false,
122566,BT38004V3C,97,false,
122567,BT38098V3C,2880,false,
122568,BT38121V3C,1683,false,
122569,BT38162V3C,274,false,
122570,BT38169V3C,87,false,
122571,BT38198V3C,87,false,
122572,BT38230V3C,259,false,
122573,BT38235V3C,345,false,
122574,BT38236V3C,259,false,
122575,BT38239V3C,1484,false,
122576,BT38242V3C,288,false,
122577,BT38247V3C,4145,false,
122578,BT38262V3C,57,false,
122579,BT38288V3C,1484,false,
122580,BT38292V3C,57,false,
122581,BT38341V3C,77,false,
122582,BT38348V3C,87,false,
122583,BT39984V1C,259,false,
122584,BT40026V1C,4146,false,
122585,BT40027V1C,65,false,
122586,BT40040V1C,97,false,
122587,BT40061V1C,57,false,
122588,BT40068V1C,3,false,
122589,BT50582V1C,2208,false,
122590,BT50588V1C,87,false,
122591,BT50602V1C,4147,false,
122592,BT50604V1C,262,false,
122593,BT50643V1C,104,false,
122594,BT50665V1C,224,false,
122595,BT50760V1C,4148,false,
122596,BT24301V1C,62,false,
122597,BT30221V1C,259,false,
122598,SMG-22-1883,62,false,
122599,A4580,,false,
122600,A4622,,false,
122601,A4606,,false,
122602,NIO-55,,false,
122603,NIO-61,,false,
122608,114788,262,false,
122609,58736,,false,
122610,N19-0524,,false,
122611,N19-2151,,false,
122612,M17105,4149,false,
122613,M17106,4150,false,
122614,NCTC10616,4151,false,
122615,NCTC10617,5,false,
122616,NCTC10618,4152,false,
122617,NlUS07x1,1511,false,
122618,54514,,false,
122619,55282,,false,
122620,56691,,false,
122621,57289,,false,
122622,57400,,false,
122623,59414,,false,
122624,59838,,false,
122625,N19-0694,,false,
122626,M22 240105,97,false,
122627,M22 240106,349,false,
122628,M22 240107,318,false,
122629,M22 240108,87,false,
122630,M22 240110,,false,
122631,M22 240113,262,false,
122632,M22 240116,,false,
122633,M22 240117,,false,
122634,M22 240119,67,false,
122635,M22 240123,120,false,
122636,M22 240125,262,false,
122637,M22 240127,,false,
122638,M22 240131,3,false,
122639,M22 240134,120,false,
122640,M22 240136,150,false,
122641,M22 240138,,false,
122642,M22 240139,45,false,
122643,M22 240141,4153,false,
122644,M22 240146,262,false,
122645,M22 240150,97,false,
122646,M22 240151,87,false,
122647,M22 240152,2638,false,
122648,M22 240087,,false,
122649,M22 240091,262,false,
122650,M22 240092,57,false,
122651,M22 240093,2,false,
122652,M22 240094,318,false,
122653,M22 240100,57,false,
122654,M22 240101,2252,false,
122655,M22 240159,1,false,
122656,M22 240160,45,false,
122657,M22 240161,45,false,
122658,NM172,,false,
122659,63112,,false,
122660,63399,,false,
122661,63314,,false,
122662,63315,,false,
122663,63513,,false,
122664,N22-0591,,false,
122665,N22-0596,,false,
122666,N22-0616,,false,
122667,N22-0619,,false,
122668,N22-0620,,false,
122669,N22-0624,,false,
122670,N22-0627,,false,
122671,N22-0628,,false,
122672,N22-0644,,false,
122673,H04-EMI-001,4154,false,
122674,H08-EMI-001,1,false,
122675,H08-EMI-002,150,false,
122676,H08-EMI-003,49,false,
122677,H08-EMI-004,9,false,
122678,H08-EMI-006,87,false,
122679,H08-EMI-007,93,false,
122680,H08-EMI-010,1250,false,
122681,H08-EMI-012,3,false,
122682,H08-EMI-013,2,false,
122683,H08-EMI-014,137,false,
122684,H09-EMI-001,1475,false,
122685,H09-EMI-004,136,false,
122686,H09-EMI-005,1475,false,
122687,H09-EMI-007,137,false,
122688,H09-EMI-008,93,false,
122689,H09-EMI-009,87,false,
122690,H09-EMI-010,120,false,
122691,H09-EMI-011,120,false,
122692,H09-EMI-013,45,false,
122693,H09-EMI-015,9,false,
122694,H09-EMI-016,3,false,
122695,H09-EMI-017,77,false,
122696,H09-EMI-018,28,false,
122697,H09-EMI-019,4155,false,
122698,H09-EMI-023,57,false,
122699,H10-EMI-001,150,false,
122700,H10-EMI-002,3,false,
122701,H10-EMI-003,3,false,
122702,H10-EMI-007,87,false,
122703,H10-EMI-008,87,false,
122704,H10-EMI-010,87,false,
122705,H10-EMI-011,87,false,
122706,H10-EMI-014,39,false,
122707,H10-EMI-015,407,false,
122708,H11-EMI-001,150,false,
122709,H11-EMI-002,150,false,
122710,H12-EMI-006,87,false,
122711,H12-EMI-011,4156,false,
122712,H12-EMI-012,93,false,
122713,H14-EMI-004,150,false,
122714,H14-EMI-006,45,false,
122715,H14-EMI-007,45,false,
122716,H15-EMI-001,288,false,
122717,H15-EMI-002,104,false,
122718,H15-EMI-004,9,false,
122722,22GB001332,16,false,
122723,58247,,false,
122724,58652,,false,
122725,59161,,false,
122726,60540,,false,
122906,N22-0696,,false,
122907,N22-0697,,false,
122908,N22-0705,,false,
122909,N22-0713,,false,
122910,N22-0755,,false,
122911,63215,,false,
122912,Ng_ISS_4775,367,false,
122913,Ng_ISS_4936,4157,false,
122914,Ng_ISS_4944,4157,false,
122915,KOR2019-013,,false,
122916,KOR2019-018,,false,
122917,KOR2019-047,,false,
122918,KOR2019-065,,false,
122919,KOR2020-025,,false,
122920,Nmisscc408,,false,
122921,63266,,false,
122922,63278,,false,
122923,63323,,false,
122924,Nmisscc405,,false,
122925,2230305685,45,false,
122940,63466,,false,
122941,63471,,false,
122942,63516,,false,
122943,63531,,false,
122944,63532,,false,
122945,N22-0764,,false,
122946,N22-0781,,false,
122947,N22-0789,,false,
122948,N22-0799,,false,
122949,N22-0800,,false,
122950,N22-0807,,false,
122951,N22-0805,,false,
122952,22ME000033,,false,
122953,22ME000034,,false,
122955,22-751,,false,
122956,22-782,,false,
122957,22-783,,false,
122962,19040471/1,4186,false,
122963,19040855/1,259,false,
122964,19040874/1,4187,false,
122965,19040874/2,3697,false,
122966,19040900/1,,false,
122967,19040900/2,2003,false,
122968,19041324/2,4188,false,
122969,19041762/1,4189,false,
122970,19041762/2,4190,false,
122971,19041780/1,4191,false,
122972,19042150/1,4192,false,
122973,19042150/2,4193,false,
122974,19042756/1,4189,false,
122975,19042756/3,4194,false,
122976,19043201/1,4195,false,
122977,19043201/1.1,4196,false,
122978,19043274/1,4197,false,
122979,19043274/3,4198,false,
122980,19050474/1,,false,
122981,19050514/1,4199,false,
122982,19050949/1,4200,false,
122983,19051853/1,454,false,
122984,19051904/1,4201,false,
122985,19051904/2,,false,
122986,19052394/1,4202,false,
122987,19052394/2,4203,false,
122988,19052394/3,396,false,
122989,19052434/1,104,false,
122990,19060069/1,2003,false,
122991,19060089/1,4204,false,
122992,19060089/2,1730,false,
122993,19061666/1,3353,false,
122994,19062968/1,,false,
122995,19062990/1,407,false,
122996,19062994/1,,false,
122997,19063007/1,4205,false,
122998,19070015/1,4206,false,
122999,19070019/1,4207,false,
123000,19070019/2,2,false,
123001,19070047/1,5301,false,
123002,19070471/1,2351,false,
123003,19070909/1,4282,false,
123004,19072168/1,4283,false,
123005,19081774/1,1410,false,
123006,19081774/2,4208,false,
123007,19082621/1,4209,false,
123008,19082621/2,407,false,
123009,19091461/1,3357,false,
123010,19091480/1,4210,false,
123011,19091973/1,4211,false,
123012,19092429/1,,false,
123013,19092429/3,259,false,
123014,19103457/1,765,false,
123015,19103457/2,,false,
123016,19110394/1,4212,false,
123017,19110394/2,4213,false,
123018,19111422/1,4214,false,
123019,19111422/4,,false,
123020,19111441/1,4213,false,
123021,19113049/3,765,false,
123022,19113052/1,4215,false,
123023,Co000759/1,4216,false,
123024,Co000760/1,4217,false,
123025,Co000761/1,4218,false,
123026,Co000761/2,,false,
123027,Co000761/7,4219,false,
123028,Co000762/3,4220,false,
123029,Co000763/1,4221,false,
123030,Co000763/2,4222,false,
123031,Co000764/1,4223,false,
123032,Co000765/1,87,false,
123033,Co000765/2,4224,false,
123034,Co000766/1,4225,false,
123035,Co000766/2,4226,false,
123036,Co000767/1,4217,false,
123037,Co000767/3,,false,
123038,Co000768/1,4227,false,
123039,Co000769/1,4228,false,
123040,Co000769/3,4229,false,
123041,Co000770/1,4230,false,
123042,Co000770/2,,false,
123043,Co000770/5,,false,
123044,Co000771/1,4231,false,
123045,Co000771/2,4232,false,
123046,Co000771/4,4233,false,
123047,Co000772/1,4234,false,
123048,Co000772/3,4187,false,
123049,Co000773/1,4235,false,
123050,Co000773/3,,false,
123051,Co000774/1,4236,false,
123052,Co000774/2,4237,false,
123053,Co000775/1,4238,false,
123054,Co000776/1,4239,false,
123055,Co000776/2,4240,false,
123056,Co000776/4,4241,false,
123057,Co000777/1,4242,false,
123058,Co000778/1,4243,false,
123059,Co000779/1,,false,
123060,Co000779/2,4244,false,
123061,Co000780/1,,false,
123062,Co000780/4,,false,
123063,Co000780/5,,false,
123064,Co000781/1,4245,false,
123065,Co000782/1,4246,false,
123066,Co000782/2,5301,false,
123067,Co000783/1,,false,
123068,Co000783/3,1477,false,
123069,Co000783/4,,false,
123070,Co000784/1,4247,false,
123071,Co000785/1,4284,false,
123072,Co000786/1,4248,false,
123073,Co000787/1,4064,false,
123074,Co000787/3,,false,
123075,Co000788/1,1477,false,
123076,Co000788/2,4249,false,
123077,Co000789/1,4285,false,
123078,Co000790/1,,false,
123079,Co000790/2,4250,false,
123080,Co000790/5,4251,false,
123081,H15-EMI-003,2588,false,
123082,H15-EMI-005,1,false,
123083,H15-EMI-006,87,false,
123084,H03-EMI-002,2291,false,
123085,CM196,,false,
123086,CM309,,false,
123087,63538,,false,
123088,N21-0063,,false,
123089,N19-1277,,false,
123090,63574,,false,
123091,63575,,false,
123092,63621,,false,
123093,63642,,false,
123094,63653,,false,
123112,NIID823,,false,
123113,SMG-22-2160,45,false,
123114,63667,,false,
123115,63697,,false,
123116,63717,,false,
123117,63141,,false,
123118,63142,,false,
123119,63359,,false,
123120,N22-0803,,false,
123132,22-821,3,false,
123133,22GB001475,,false,
123134,68229,141,false,
123135,68539,58,false,
123136,68753,58,false,
123137,69315,332,false,
123138,69639,62,false,
123139,69882,68,false,
123140,69883,332,false,
123141,70205,68,false,
123142,70382,68,false,
123143,70443,,false,
123144,70536,332,false,
123145,70676,345,false,
123146,70726,1567,false,
123147,70834,3,false,
123148,70862,150,false,
123149,70924,49,false,
123150,FF05_01-134,4271,false,
123151,FF05_02-104,4271,false,
123152,FF05_02-210,4271,false,
123154,M2204814,,false,
123155,NPFJ201501,,false,
123156,NMFJ201301,65,false,
123157,NMFJ201401,4415,false,
123158,NMFJ201602,4416,false,
123159,M21 240004,198,false,
123160,M22 240128,257,false,
123161,M22 240129,262,false,
123162,22MN0028,45,false,
123163,22MN0040,45,false,
123164,22MN0046,49,false,
123165,212202,,false,
123166,202209,,false,
123167,63437,,false,
123168,63891,,false,
123169,63934,,false,
123170,63787,,false,
123171,63796,,false,
123172,63812,,false,
123173,63828,,false,
123174,63407,,false,
123175,63860,,false,
123176,63870,,false,
123197,M22 240090,3,false,
123198,22MN0009,120,false,
123199,22MN0010,255,false,
123200,22MN0011,4272,false,
123201,22MN0014,150,false,
123202,22MN0015,120,false,
123203,22MN0019,45,false,
123204,22MN0020,93,false,
123205,22MN0026,62,false,
123206,22MN0027,280,false,
123207,22MN0029,45,false,
123208,22MN0032,93,false,
123209,22MN0034,3,false,
123210,22MN0038,150,false,
123211,22MN0039,87,false,
123212,22MN0041,2090,false,
123213,22MN0044,45,false,
123214,22MN0047,97,false,
123215,22MN0050,66,false,
123216,22MN0051,45,false,
123217,22MN0055,3,false,
123218,22MN0061,87,false,
123219,62763,,false,
123220,63443,,false,
123221,168-1,,false,
123222,176-1,,false,
123223,201-1,,false,
123224,NML2022-084,,false,
123225,NML2022-087,,false,
123227,22ME000035,65,false,
123228,MZ154/22,,false,
123230,NML2022-084C,,false,
123231,NML2022-087C,,false,
123232,H03-EMI-001,1,false,
123233,H08-EMI-005,1,false,
123234,H08-EMI-008,62,false,
123235,H08-EMI-009,68,false,
123236,H08-EMI-011,1,false,
123237,H08-EMI-015,62,false,
123238,H08-EMI-016,1,false,
123239,H09-EMI-002,39,false,
123240,H09-EMI-003,57,false,
123241,H09-EMI-012,4273,false,
123242,H09-EMI-014,4273,false,
123243,H09-EMI-020,2,false,
123244,H09-EMI-021,2,false,
123245,H09-EMI-022,2,false,
123246,H12-EMI-001,1,false,
123247,H12-EMI-002,1,false,
123248,H12-EMI-003,1,false,
123249,H12-EMI-005,1,false,
123250,H12-EMI-010,4274,false,
123251,H14-EMI-002,257,false,
123252,H14-EMI-008,1,false,
123253,H14-EMI-009,1,false,
123254,H14-EMI-010,1,false,
123255,H14-EMI-012,1,false,
123256,1_F7,,false,
123257,21-76,,false,
123258,14-73,,false,
123259,67730,,false,
123260,51-87,,false,
123261,Eg-78-5,,false,
123262,Ju-78-3085,,false,
123263,26-82-godth,,false,
123264,Ju-78-3014,,false,
123265,002201,,false,
123266,212203,,false,
123267,202208,,false,
123268,NIID824,,false,
123269,SMG-22-2355,288,false,
123270,N22-0827,,false,
123271,N22-0833,,false,
123272,N22-0866,,false,
123273,N22-0868,,false,
123274,N22-0874,,false,
123275,N22-0894,,false,
123276,N22-0905,,false,
123280,12477893,,false,
123281,Go-88-11,,false,
123282,47-90-godth,,false,
123283,84-90-godth,,false,
123284,65_9542,,false,
123285,42_90,,false,
123286,Ju_82_2086,,false,
123287,30-88-godth,,false,
123288,115-90-godth,,false,
123289,105_74,,false,
123290,13-83-godth,,false,
123291,Go-79-67,,false,
123292,161-78-godth,,false,
123325,63239,,false,
123326,63412,,false,
123327,63415,,false,
123328,63417,,false,
123329,63448,,false,
123330,63515,,false,
123331,63518,,false,
123332,7148,,false,
123333,5054,,false,
123334,1077,,false,
123335,2003,,false,
123336,7023,,false,
123337,8054,,false,
123338,7064,,false,
123339,5051,,false,
123340,3146,,false,
123341,8081,,false,
123342,1030,,false,
123343,3159,,false,
123344,3123,,false,
123345,1075,,false,
123346,8050,,false,
123347,3031,,false,
123349,63955,,false,
123350,63959,,false,
123351,63974,,false,
123352,63978,,false,
123353,63986,,false,
123354,63993,,false,
123355,63995,,false,
123356,64069,,false,
123357,64136,,false,
123358,64239,,false,
123359,64240,,false,
123360,64244,,false,
123361,64245,,false,
123362,64249,,false,
123363,SMG-22-2411,4275,false,
123364,NML2022-052,5156,false,
123365,NML2022-054,1,false,
123366,NML2022-056,77,false,
123367,NML2022-065,1,false,
123368,NML2022-071,4108,false,
123369,NML2022-076,4108,false,
123370,NML2022-099,45,false,
123371,NML2022-062,45,false,
123372,NML2022-078,45,false,
123373,NML2022-100,157,false,
123374,NML2022-101,857,false,
123375,NML2022-104,857,false,
123381,M5-2021,,false,
123382,M11-2021,,false,
123383,M25-2021,,false,
123384,M9-2022,,false,
123385,M20-2022,,false,
123387,0042/22,288,false,
123389,0052/22,148,false,
123390,0054/22,62,false,
123391,22GB001689,367,false,
123392,NML2022-001,4789,false,
123393,NML2022-002,857,false,
123394,NML2022-003,857,false,
123395,NML2022-021,45,false,
123396,NML2022-022,1,false,
123397,NML2022-024,4789,false,
123398,NML2022-029,77,false,
123399,NML2022-036,4108,false,
123400,NML2022-038,1,false,
123401,22GB001633,,false,
123402,NML2022-043,857,false,
123403,NML2022-044,857,false,
123404,SMG-23-61,262,false,
123493,NEIS-22-907,,false,
123494,NEIS-22-908,,false,
123495,64018,,false,
123497,NML2022-112,3,false,
123498,SMG-23-109,104,false,
123499,SMG-23-120,104,false,
123500,64007,,false,
123501,64012,,false,
123502,64017,,false,
123503,64018,,false,
123504,64025,,false,
123505,64040,,false,
123506,64052,,false,
123507,64059,,false,
123508,64084,,false,
123509,64088,,false,
123510,64107,,false,
123511,64109,,false,
123601,64121,,false,
123602,64122,,false,
123603,64131,,false,
123604,64133,,false,
123605,64134,,false,
123606,64135,,false,
123607,64173,,false,
123608,64751,,false,
123610,SMG-23-147,62,false,
123611,SC2022LZS082,4294,false,
123612,SC2022LZS083,4294,false,
123613,2235712382A,1422,false,
123614,47276141,2819,false,
123641,M08308,,false,
123643,114790,62,false,
123645,114792,436,false,
123646,23GB000045,,false,
123647,114789,435,false,
123711,DE14913,87,false,
123754,NIID826,,false,
123755,0504-1,77,false,
123756,0504-2,77,false,
123757,0347-1,988,false,
123758,0347-2,988,false,
123759,0328-1,87,false,
123760,0302-1,62,false,
123761,0254-1,988,false,
123762,0254-2,988,false,
123763,0254-3,988,false,
123764,0254-4,988,false,
123765,0141-1,4295,false,
123766,0081-1,988,false,
123767,0081-2,988,false,
123768,0074-1,4296,false,
123769,Ng_ISS_4145,,false,
123770,Ng_ISS_4160,,false,
123771,Ng_ISS_4195,,false,
123772,Ng_ISS_4288,,false,
123773,Ng_ISS_4310,,false,
123774,Ng_ISS_3997,,false,
123775,Ng_ISS_4447,,false,
123776,Ng_ISS_4504,,false,
123777,Ng_ISS_4531,,false,
123778,Ng_ISS_4539,,false,
123779,Ng_ISS_4547,,false,
123780,Ng_ISS_4487II,,false,
123781,Ng_ISS_4580,,false,
123782,Ng_ISS_4614,,false,
123783,Ng_ISS_4615,,false,
123784,Ng_ISS_4652,,false,
123785,Ng_ISS_4672,,false,
123786,Ng_ISS_4803II,,false,
123787,N.87-16,,false,
123788,N.109-20,,false,
123789,N.30-19,,false,
123790,N.36-19,,false,
123791,N.77-19,,false,
123792,N.79-19,,false,
123793,N.81-19,,false,
123794,N.113-19,,false,
123795,N.08-21,,false,
123796,N.21-21,,false,
123797,N.48-21,,false,
123798,N.73-22,,false,
123799,N.87-22,,false,
123800,64308,,false,
123801,64315,,false,
123802,64343,,false,
123803,64366,,false,
123804,64373,,false,
123805,NRL_22370,,false,
123806,NRL_20986,,false,
123807,NRL_17512,,false,
123808,NRL_18657,,false,
123809,SMG-23-244,3,false,
123810,NIID829,,false,
123811,H03-RESP-001,4297,false,
123812,H03-RESP-002,45,false,
123813,H03-RESP-005,65,false,
123814,H03-RESP-010,62,false,
123815,H03-RESP-011,77,false,
123816,H07-RESP-001,67,false,
123817,H07-RESP-002,87,false,
123818,H07-RESP-003,57,false,
123819,H07-RESP-004,4298,false,
123820,H07-RESP-005,137,false,
123821,H15-EMI-007,39,false,
123822,H15-EMI-008,4299,false,
123823,H15-EMI-009,3,false,
123824,H15-EMI-010,3,false,
123825,H15-EMI-012,,false,
123826,H15-RESP-001,4300,false,
123827,H15-RESP-002,87,false,
123828,H15-RESP-003,4301,false,
123829,H15-RESP-004,9,false,
123830,H15-RESP-005,87,false,
123831,H15-RESP-006,4302,false,
123832,H15-RESP-007,2202,false,
123833,H15-RESP-008,4303,false,
123834,H15-RESP-009,424,false,
123835,M55367,,false,
123836,M55132,,false,
123837,M55131,,false,
123838,M54932,,false,
123839,M54064,,false,
123840,M54063,,false,
123841,M53595,,false,
123842,M42109,,false,
123843,M22792,,false,
123844,N.176-19,,false,
123845,N.37-22,,false,
123871,NIID829,,false,
123872,Ng_ISS_4161,,false,
123873,Ng_ISS_4164,,false,
123874,Ng_ISS_4225,,false,
123875,Ng_ISS_4259,,false,
123876,Ng_ISS_4527,,false,
123877,Ng_ISS_4550,,false,
123878,Ng_ISS_4554,,false,
123879,Ng_ISS_4166,,false,
123880,Ng_ISS_4206,,false,
123881,Ng_ISS_4374,,false,
123882,Ng_ISS_4438,,false,
123883,Ng_ISS_4167,,false,
123884,Ng_ISS_4663,,false,
123885,Ng_ISS_4198A,,false,
123886,Ng_ISS_4202,,false,
123887,Ng_ISS_4667,,false,
123888,Ng_ISS_4656,,false,
123889,Ng_ISS_4664,,false,
123890,Ng_ISS_4571,,false,
123891,Ng_ISS_4207,,false,
123892,Ng_ISS_4281,,false,
123893,Ng_ISS_4218,,false,
123894,Ng_ISS_4561,,false,
123895,Ng_ISS_4562,,false,
123896,Ng_ISS_4624,,false,
123897,Ng_ISS_4436,,false,
123898,Ng_ISS_4592,,false,
123899,Ng_ISS_4505,,false,
123900,Ng_ISS_4567,,false,
123901,Ng_ISS_4608,,false,
123902,Ng_ISS_4865,,false,
123903,Ng_ISS_4511,,false,
123904,Ng_ISS_4657,,false,
123905,Ng_ISS_4620,,false,
123906,Ng_ISS_4897,,false,
123907,Ng_ISS_4118,,false,
123908,Ng_ISS_4459,,false,
123909,Ng_ISS_4100,,false,
123910,Ng_ISS_4530,,false,
123911,Ng_ISS_4578,,false,
123912,Ng_ISS_4532,,false,
123913,Ng_ISS_4553,,false,
123914,Ng_ISS_4633R,,false,
123915,Ng_ISS_4267,,false,
123916,Ng_ISS_4462,,false,
123917,Ng_ISS_4480,,false,
123918,Ng_ISS_4610,,false,
123919,Ng_ISS_4626,,false,
123920,Ng_ISS_4904,,false,
123921,Ng_ISS_4669,,false,
123922,Ng_ISS_4601,,false,
123923,Ng_ISS_4757,,false,
123924,23099,,false,
123925,0057/22,45,false,
123926,0058/22,4418,false,
123927,0059/22,9,false,
123928,0002/23,119,false,
123929,IE22Nm12,49,false,
123930,IE22Nm13,3,false,
123931,IE22Nm14,,false,
123942,63937,,false,
123943,63949,,false,
123944,64627,,false,
123945,64630,,false,
123946,64638,,false,
123947,64642,,false,
123948,64870,,false,
123949,64879,,false,
123950,64887,,false,
123951,64890,,false,
123952,M55134,,false,
123953,M54918,,false,
123954,M54478,,false,
123955,M54370,485,false,
123956,M54320,,false,
123957,M54061,,false,
123958,M53887,,false,
123959,M53844,,false,
123960,M52884,3514,false,
123961,M52880,67,false,
123962,M52877,340,false,
123963,M51928,,false,
123964,M51926,,false,
123965,M51924,,false,
123966,M51920,,false,
123967,M51837,,false,
123968,M51832,,false,
123969,M51828,,false,
123970,M51819,,false,
123971,M51818,,false,
123972,M51817,,false,
123973,M51816,,false,
123974,M51814,,false,
123975,M51812,,false,
123976,M51809,,false,
123977,M51803,,false,
123978,M51798,,false,
123979,M51797,,false,
123980,M51796,,false,
123981,M51763,,false,
123982,M51762,,false,
123983,M51760,,false,
123984,M51757,,false,
123985,M51750,,false,
123986,M51739,,false,
123987,M51658,,false,
123988,M51613,,false,
123989,M51612,,false,
123990,M51609,,false,
123991,M51604,,false,
123992,M51603,,false,
123993,M51601,,false,
123994,M51597,,false,
123995,M51590,,false,
123996,M51589,,false,
123997,M51576,66,false,
123998,M51555,,false,
123999,M51540,,false,
124000,M51533,,false,
124001,M51529,,false,
124002,M51527,,false,
124003,M51525,,false,
124004,M51524,,false,
124005,M51522,,false,
124006,M51512,,false,
124007,M51485,,false,
124008,M51484,,false,
124009,M51482,,false,
124010,M51471,,false,
124011,M51338,1481,false,
124012,M51327,340,false,
124013,M51324,4445,false,
124014,M51321,,false,
124015,M51311,,false,
124016,M51306,,false,
124017,M51298,,false,
124018,M50883,,false,
124019,M50881,,false,
124020,M50880,,false,
124021,M50879,,false,
124022,M50875,,false,
124023,M50873,,false,
124024,M50871,,false,
124025,M50864,,false,
124026,M50834,,false,
124027,M50829,,false,
124028,M50828,,false,
124029,M50826,,false,
124030,M50825,,false,
124031,M50822,,false,
124032,M50815,,false,
124033,M50810,,false,
124034,M50808,,false,
124035,M50803,,false,
124036,M50802,,false,
124037,M50800,,false,
124038,M50796,,false,
124039,M50723,,false,
124040,M50721,,false,
124041,M50720,,false,
124042,M50718,,false,
124043,M50679,,false,
124044,M50677,,false,
124045,M50676,,false,
124046,M50675,,false,
124047,M50674,,false,
124048,M50666,,false,
124049,M50661,,false,
124050,M50658,,false,
124051,M50653,,false,
124052,M50649,,false,
124053,M50647,,false,
124054,M50646,,false,
124055,M50645,,false,
124056,M50643,,false,
124057,M50641,,false,
124058,M50639,,false,
124059,M50638,,false,
124060,M50634,,false,
124061,M50628,,false,
124062,M50626,,false,
124063,M50607,,false,
124064,M50601,,false,
124065,M50443,,false,
124066,M50329,,false,
124067,M50317,,false,
124068,M50299,,false,
124069,M50296,,false,
124070,M50295,,false,
124071,M50292,,false,
124072,M50289,,false,
124073,M50287,,false,
124074,M50284,,false,
124075,M50280,,false,
124076,M50279,,false,
124077,M50277,,false,
124078,M50273,,false,
124079,M50272,,false,
124080,M50271,,false,
124081,M50269,,false,
124082,M50256,,false,
124083,M50254,,false,
124084,M50251,,false,
124085,M50249,,false,
124086,M50248,,false,
124087,M50243,,false,
124088,M50238,,false,
124089,M50216,4444,false,
124090,M50214,,false,
124091,M50213,,false,
124092,M50206,,false,
124093,M50183,1859,false,
124094,M49958,,false,
124095,M49935,,false,
124096,M49928,,false,
124097,M49920,,false,
124098,M49917,,false,
124099,M49916,,false,
124100,M49914,,false,
124101,M49880,,false,
124102,M49877,,false,
124103,M49869,,false,
124104,M49863,,false,
124105,M49862,,false,
124106,M49861,,false,
124107,M49859,,false,
124108,M49816,,false,
124109,M49736,,false,
124110,M49729,,false,
124111,M49727,,false,
124112,M49723,,false,
124113,M49722,,false,
124114,M49719,,false,
124115,M49718,,false,
124116,M49717,,false,
124117,M49653,1859,false,
124118,M49644,,false,
124119,M49642,,false,
124120,M49639,,false,
124121,M49637,,false,
124122,M49401,,false,
124123,M49370,,false,
124124,M49359,49,false,
124125,M49297,,false,
124126,M49296,,false,
124127,M49295,,false,
124128,M49294,,false,
124129,M49280,,false,
124130,M49279,,false,
124131,M49276,,false,
124132,M49268,,false,
124133,M49244,,false,
124134,M49237,,false,
124135,M49236,,false,
124136,M49235,,false,
124137,M49232,,false,
124138,M49230,,false,
124139,M49227,,false,
124140,M49226,,false,
124141,M49225,,false,
124142,M49222,,false,
124143,M49221,,false,
124144,M49219,,false,
124145,M49190,,false,
124146,M49184,,false,
124147,M49179,,false,
124148,M49175,,false,
124149,M49174,,false,
124150,M49171,,false,
124151,M49168,,false,
124152,M49166,,false,
124153,M49164,,false,
124154,M49159,,false,
124155,M49157,,false,
124156,M48945,,false,
124157,M48944,,false,
124158,M48938,,false,
124159,M48932,,false,
124160,M48929,,false,
124161,M48771,,false,
124162,M48769,,false,
124163,M48585,,false,
124164,M48583,,false,
124165,M48577,,false,
124166,M48571,,false,
124167,M48568,,false,
124168,M48567,,false,
124169,M48566,,false,
124170,M48564,,false,
124171,M48558,,false,
124172,M48557,,false,
124173,M48555,,false,
124174,M48554,,false,
124175,M48551,,false,
124176,M48550,,false,
124177,M48535,,false,
124178,M48532,,false,
124179,M48529,,false,
124180,M48527,,false,
124181,M48523,,false,
124182,M48522,,false,
124183,M48515,,false,
124184,M48512,,false,
124185,M48506,,false,
124186,M48502,,false,
124187,M48500,,false,
124188,M48486,,false,
124189,M48485,,false,
124190,M48477,,false,
124191,M48476,,false,
124192,M48475,,false,
124193,M48473,,false,
124194,M48466,,false,
124195,M48463,,false,
124196,M48460,,false,
124197,M48311,,false,
124198,M48308,,false,
124199,M48049,,false,
124200,M48047,,false,
124201,M48038,,false,
124202,M48037,,false,
124203,M48035,,false,
124204,M48034,,false,
124205,M48033,,false,
124206,M48032,,false,
124207,M48004,,false,
124208,M48003,,false,
124209,M47993,,false,
124210,M47988,,false,
124211,M47978,,false,
124212,M47928,,false,
124213,M47923,,false,
124214,M47914,,false,
124215,M47913,,false,
124216,M47883,,false,
124217,M47879,,false,
124218,M47877,,false,
124219,M47874,,false,
124220,M47866,,false,
124221,M47861,,false,
124222,M47859,,false,
124223,M47849,,false,
124224,M47845,,false,
124225,M47843,,false,
124226,M47839,,false,
124227,M47838,,false,
124228,M47836,,false,
124229,M47830,,false,
124230,M47829,,false,
124231,M47811,,false,
124232,M47794,,false,
124233,M47784,,false,
124234,M47783,,false,
124235,M47781,,false,
124236,M47777,,false,
124237,M47775,,false,
124238,M47729,,false,
124239,M47726,,false,
124240,M47725,,false,
124241,M47724,,false,
124242,M47611,,false,
124243,M47607,,false,
124244,M47605,,false,
124245,M47599,,false,
124246,M47598,,false,
124247,M47596,,false,
124248,M47595,,false,
124249,M47592,,false,
124250,M47589,,false,
124251,M47588,,false,
124252,M47587,,false,
124253,M47586,,false,
124254,M47585,,false,
124255,M47584,,false,
124256,M47582,,false,
124257,M47581,,false,
124258,M47577,,false,
124259,M47573,,false,
124260,M47571,,false,
124261,M47570,,false,
124262,M47537,,false,
124263,M47525,,false,
124264,M47523,,false,
124265,M47486,,false,
124266,M47482,4445,false,
124267,M47480,485,false,
124268,M47445,,false,
124269,M47439,,false,
124270,M47292,,false,
124271,M47251,,false,
124272,M47232,,false,
124273,M47228,,false,
124274,M47213,,false,
124275,M47210,,false,
124276,M47205,,false,
124277,M47202,,false,
124278,M47193,,false,
124279,M47190,,false,
124280,M46424,,false,
124281,M46400,,false,
124282,M46389,,false,
124283,M46372,,false,
124284,M46371,,false,
124285,M46361,,false,
124286,M46356,,false,
124287,M46354,,false,
124288,M46349,,false,
124289,M46346,,false,
124290,M46343,,false,
124291,M46342,,false,
124292,M46339,,false,
124293,M46338,,false,
124294,M46337,,false,
124295,M46336,,false,
124296,M46333,,false,
124297,M46332,,false,
124298,M46325,,false,
124299,M46324,,false,
124300,M46322,,false,
124301,M46317,,false,
124302,M46312,,false,
124303,M46307,,false,
124304,M46305,,false,
124305,M46301,,false,
124306,M46299,,false,
124307,M46294,,false,
124308,M46293,,false,
124309,M46292,,false,
124310,M46289,,false,
124311,M46287,,false,
124312,M46273,,false,
124313,M46269,,false,
124314,M46268,,false,
124315,M46261,,false,
124316,M46260,,false,
124317,M46252,,false,
124318,M46250,,false,
124319,M46249,,false,
124320,M46187,,false,
124321,M46129,45,false,
124322,M46052,,false,
124323,M45995,,false,
124324,M45994,,false,
124325,M45988,,false,
124326,M45986,,false,
124327,M45985,,false,
124328,M45983,,false,
124329,M45978,,false,
124330,M45973,,false,
124331,M45967,,false,
124332,M45966,,false,
124333,M45955,,false,
124334,M45953,,false,
124335,M45952,,false,
124336,M45949,,false,
124337,M45948,,false,
124338,M45947,,false,
124339,M45946,,false,
124340,M45945,,false,
124341,M45943,,false,
124342,M45937,,false,
124343,M45936,,false,
124344,M45933,,false,
124345,M45932,,false,
124346,M45925,,false,
124347,M45923,,false,
124348,M45915,,false,
124349,M45914,,false,
124350,M45912,,false,
124351,M45910,,false,
124352,M45908,,false,
124353,M45907,,false,
124354,M45904,,false,
124355,M45903,,false,
124356,M45900,,false,
124357,M45899,,false,
124358,M45150,,false,
124359,M45148,,false,
124360,M45141,,false,
124361,M45136,,false,
124362,M45129,,false,
124363,M45119,,false,
124364,M45118,,false,
124365,M45115,,false,
124366,M45113,,false,
124367,M45027,,false,
124368,M45025,,false,
124369,M45019,,false,
124370,M45015,,false,
124371,M45013,,false,
124372,M45012,,false,
124373,M45006,,false,
124374,M44992,,false,
124375,M44989,,false,
124376,M44973,,false,
124377,M44971,,false,
124378,M44970,,false,
124379,M44948,,false,
124380,M44947,,false,
124381,M44862,,false,
124382,M44858,,false,
124383,M44854,,false,
124384,M44852,,false,
124385,M44848,,false,
124386,M44834,,false,
124387,M44822,,false,
124388,M44809,,false,
124389,M44805,,false,
124390,M44804,,false,
124391,M44801,,false,
124392,M44799,,false,
124393,M44793,,false,
124394,M44789,,false,
124395,M44786,,false,
124396,M44784,,false,
124397,M44783,,false,
124398,M44774,,false,
124399,M44772,,false,
124400,M44763,,false,
124401,M44760,,false,
124402,M44756,,false,
124403,M44730,,false,
124404,M44729,,false,
124405,M44728,,false,
124406,M44727,,false,
124407,M44718,,false,
124408,M42474,,false,
124409,M42455,,false,
124410,M42447,,false,
124411,M42443,,false,
124412,M42432,,false,
124413,M42417,,false,
124414,M42106,,false,
124415,M41627,,false,
124416,M41612,,false,
124417,M41603,,false,
124418,M41598,,false,
124419,M41573,,false,
124420,M41566,,false,
124421,M41529,,false,
124422,M41346,,false,
124423,M41345,,false,
124424,M41342,,false,
124425,M41336,,false,
124426,M41332,,false,
124427,M41324,,false,
124428,M41319,,false,
124429,M41318,,false,
124430,M41314,,false,
124431,M41310,,false,
124432,M41307,,false,
124433,M41306,,false,
124434,M41303,,false,
124435,M41301,,false,
124436,M41300,,false,
124437,M41296,,false,
124438,M41293,,false,
124439,M41292,,false,
124440,M41288,,false,
124441,M41285,,false,
124442,M41283,,false,
124443,M41282,,false,
124444,M41281,,false,
124445,M41279,,false,
124446,M41277,,false,
124447,M41268,,false,
124448,M41266,,false,
124449,M41264,,false,
124450,M41262,,false,
124451,M41259,,false,
124452,M41258,,false,
124453,M41253,,false,
124454,M41252,,false,
124455,M41250,,false,
124456,M41249,,false,
124457,M41248,,false,
124458,M41244,,false,
124459,M41243,,false,
124460,M41241,,false,
124461,M41238,,false,
124462,M41237,,false,
124463,M41232,,false,
124464,M41231,,false,
124465,M41228,,false,
124466,M41165,,false,
124467,M40276,,false,
124468,M39696,,false,
124469,M39609,,false,
124470,M39608,,false,
124471,M39416,,false,
124472,M39415,,false,
124473,M39370,,false,
124474,M39343,,false,
124475,M39341,,false,
124476,M39323,,false,
124477,M39288,,false,
124478,M39260,,false,
124479,M38898,,false,
124480,M38482,,false,
124481,M38454,,false,
124482,M38450,,false,
124483,M38431,,false,
124484,M38421,,false,
124485,M38413,,false,
124486,M38398,,false,
124487,M38384,,false,
124488,M38184,,false,
124489,M38152,,false,
124490,M38134,,false,
124491,M37935,4332,false,
124492,M37828,,false,
124493,M37810,,false,
124494,M37807,,false,
124495,M37804,,false,
124496,M37778,,false,
124497,M37050,,false,
124498,M37038,,false,
124499,M37034,,false,
124500,M37033,,false,
124501,M37027,,false,
124502,M37022,,false,
124503,M36993,,false,
124504,M36991,,false,
124505,M36986,,false,
124506,M36964,,false,
124507,M36939,,false,
124508,M36930,,false,
124509,M36906,,false,
124510,M36838,,false,
124511,M36758,,false,
124512,M36753,,false,
124513,M36737,,false,
124514,M36730,,false,
124515,M36717,,false,
124516,M36471,,false,
124517,M36432,,false,
124518,M36394,,false,
124519,M36375,,false,
124520,M36369,,false,
124521,M36351,,false,
124522,M36347,,false,
124523,M36332,,false,
124524,M36331,,false,
124525,M36318,,false,
124526,M36313,,false,
124527,M36312,,false,
124528,M36307,,false,
124529,M29983,,false,
124530,M29972,,false,
124531,M29970,,false,
124532,M29954,,false,
124533,M29947,,false,
124534,M29946,,false,
124535,M29932,,false,
124536,M29902,,false,
124537,M29894,,false,
124538,M29866,,false,
124539,M29780,,false,
124540,M29773,,false,
124541,M29729,,false,
124542,M29705,,false,
124543,M28998,,false,
124544,M28955,,false,
124545,M28408,,false,
124546,M25330,,false,
124547,M25287,,false,
124548,M25169,,false,
124549,M25160,,false,
124550,M22469,,false,
124551,M22468,,false,
124552,M22463,,false,
124553,M22446,,false,
124554,M21322,,false,
124555,M19035,,false,
124556,M18961,,false,
124557,M18958,,false,
124558,M18731,2295,false,
124559,M18347,9,false,
124560,M17088,,false,
124561,M16718,,false,
124562,M16693,3520,false,
124563,M16692,3520,false,
124564,M16613,77,false,
124565,M16410,,false,
124566,M16204,,false,
124567,M15957,2156,false,
124568,M15835,,false,
124569,M15120,,false,
124570,M15083,1859,false,
124571,M14987,49,false,
124572,M14786,,false,
124573,M14724,1859,false,
124574,M14459,1859,false,
124575,M14437,93,false,
124576,M14379,4505,false,
124577,M14286,,false,
124578,M13460,,false,
124579,M12923,49,false,
124580,M12887,,false,
124581,M12886,1994,false,
124582,M12727,3687,false,
124583,M12691,1859,false,
124584,M12563,,false,
124585,M12301,,false,
124586,M10517,,false,
124587,M10383,,false,
124588,M10378,,false,
124589,M10088,,false,
124590,M09930,2181,false,
124591,M09912,4506,false,
124592,M09716,,false,
124593,M09234,,false,
124594,M08762,,false,
124595,M07483,,false,
124596,M07276,3520,false,
124597,M07274,4507,false,
124598,M06941,2759,false,
124599,M06924,,false,
124600,M06738,1972,false,
124601,M06349,,false,
124602,M06319,,false,
124603,M05813,,false,
124604,M05675,,false,
124605,M05673,,false,
124606,M05545,,false,
124607,M05151,,false,
124608,M05074,,false,
124609,M04954,,false,
124610,M04718,,false,
124611,M04639,,false,
124612,M04585,,false,
124613,M04559,,false,
124614,M04458,,false,
124615,M04359,,false,
124616,M04343,,false,
124617,M04342,,false,
124618,M04322,,false,
124619,M04207,,false,
124620,M04143,,false,
124621,M04141,,false,
124622,M04110,,false,
124623,M03471,49,false,
124624,M03440,,false,
124625,M03369,,false,
124626,M02515,,false,
124627,M01915,,false,
124628,M01216,,false,
124629,NML2022-066,49,false,
124630,NML2022-007,104,false,
124631,0056/22,,false,
124633,64881,,false,
124763,N.55-19,,false,
124764,N.61-22,,false,
124765,N.65-22,,false,
124766,SMG-23-319,3,false,
124767,212Nm,65,false,
124768,219Nm,65,false,
124769,323Nm,95,false,
124770,2502Nm,1846,false,
124771,M57520,,false,
124772,M57524,,false,
124773,M57529,,false,
124774,M57967,,false,
124775,M55968,,false,
124776,M57371,,false,
124777,M56235,,false,
124778,M56344,,false,
124779,M56708,,false,
124780,M57015,,false,
124781,M57539,,false,
124782,M55676,,false,
124783,M55675,,false,
124784,M55674,,false,
124785,M55673,,false,
124786,M55671,,false,
124787,M55670,,false,
124788,M55388,,false,
124789,M55368,,false,
124790,M55366,,false,
124791,M55364,,false,
124792,M55352,,false,
124793,M55351,,false,
124794,M55350,,false,
124795,M55349,,false,
124796,M55347,,false,
124797,M55340,,false,
124798,M55339,,false,
124799,M55325,,false,
124800,M55324,,false,
124801,M55322,,false,
124802,M55321,,false,
124803,M55319,,false,
124804,M55317,,false,
124805,M55315,,false,
124806,M55312,,false,
124807,M55311,,false,
124808,M55138,,false,
124809,M55137,,false,
124810,M55136,,false,
124811,M55065,,false,
124812,M55059,,false,
124813,M55048,,false,
124814,M55044,,false,
124815,M55043,,false,
124816,M55042,,false,
124817,M55041,,false,
124818,M55040,,false,
124819,M55039,,false,
124820,M55038,,false,
124821,M54934,141,false,
124822,M54933,,false,
124823,M54931,,false,
124824,M54926,,false,
124825,M54925,,false,
124826,M54924,1615,false,
124827,M54923,,false,
124828,M54922,,false,
124829,M54921,,false,
124830,M54920,,false,
124831,M54919,,false,
124832,M54917,,false,
124833,M54908,,false,
124834,M54907,,false,
124835,M54906,5150,false,
124836,M54904,,false,
124837,M54900,,false,
124838,M54759,,false,
124839,M54752,,false,
124840,M54734,,false,
124841,M54543,1,false,
124842,M54542,,false,
124843,M54541,,false,
124844,M54513,,false,
124845,M54512,,false,
124846,M54498,,false,
124847,M54447,,false,
124848,M54446,,false,
124849,M54445,,false,
124850,M54405,,false,
124851,M54400,,false,
124852,M54395,,false,
124853,M54394,,false,
124854,M54393,,false,
124855,M54390,,false,
124856,M54389,,false,
124857,M54388,,false,
124858,M54387,,false,
124859,M54386,,false,
124860,M54385,,false,
124861,M54384,,false,
124862,M54383,,false,
124863,M54382,,false,
124864,M54381,,false,
124865,M54380,,false,
124866,M54379,,false,
124867,M54378,,false,
124868,M54377,,false,
124869,M54376,,false,
124870,M54375,,false,
124871,M54374,,false,
124872,M54373,,false,
124873,M54372,,false,
124874,M54371,3,false,
124875,M54369,77,false,
124876,M54368,2,false,
124877,M54366,,false,
124878,M54365,,false,
124879,M54364,,false,
124880,M54356,,false,
124881,M54336,,false,
124882,M54335,,false,
124883,M54317,,false,
124884,M54309,,false,
124885,M54308,,false,
124886,M54307,,false,
124887,M54281,,false,
124888,M54280,,false,
124889,M54279,,false,
124890,M54278,,false,
124891,M54221,,false,
124892,M54220,,false,
124893,M54219,,false,
124894,M54218,,false,
124895,M54217,,false,
124896,M54216,,false,
124897,M54198,,false,
124898,M54197,,false,
124899,M54196,,false,
124900,M54195,,false,
124901,M54182,,false,
124902,M54181,,false,
124903,M54150,292,false,
124904,M54149,,false,
124905,M54148,,false,
124906,M54147,,false,
124907,M54146,,false,
124908,M54145,,false,
124909,M54144,,false,
124910,M54131,,false,
124911,M54130,,false,
124912,M54128,,false,
124913,M54126,,false,
124914,M54074,,false,
124915,M54073,,false,
124916,M54072,,false,
124917,M54071,,false,
124918,M54070,,false,
124919,M54068,,false,
124920,M54066,,false,
124921,M54062,,false,
124922,M54060,,false,
124923,M54059,,false,
124924,M54058,4446,false,
124925,M54057,,false,
124926,M54056,4446,false,
124927,M54037,,false,
124928,M54036,,false,
124929,M54024,,false,
124930,M54023,,false,
124931,M54017,,false,
124932,M54016,62,false,
124933,M54015,,false,
124934,M54003,,false,
124935,M54002,,false,
124936,M54001,,false,
124937,M53890,,false,
124938,M53888,,false,
124939,M53886,1730,false,
124940,M53884,,false,
124941,M53883,62,false,
124942,M53862,,false,
124943,M53861,,false,
124944,M53858,,false,
124945,M53857,,false,
124946,M53856,,false,
124947,M53855,1730,false,
124948,M53853,,false,
124949,M53849,,false,
124950,M53848,,false,
124951,M53847,,false,
124952,M53846,,false,
124953,M53845,,false,
124954,M53843,292,false,
124955,M53813,62,false,
124956,M53797,,false,
124957,M53788,,false,
124958,M53785,,false,
124959,M53784,,false,
124960,M53783,,false,
124961,M53635,,false,
124962,M53596,,false,
124963,M53593,,false,
124964,M53590,217,false,
124965,M53578,,false,
124966,M53577,,false,
124967,M53576,,false,
124968,M53575,,false,
124969,M53573,1,false,
124970,M53572,1,false,
124971,M53571,1,false,
124972,M53570,1,false,
124973,M53548,259,false,
124974,M53547,3,false,
124975,M53546,50,false,
124976,M53545,1,false,
124977,M53543,77,false,
124978,M53542,77,false,
124979,M53541,57,false,
124980,M53540,97,false,
124981,M53539,45,false,
124982,M53537,67,false,
124983,M53536,67,false,
124984,M53535,67,false,
124985,M53533,65,false,
124986,M53532,50,false,
124987,M53531,4447,false,
124988,M53530,292,false,
124989,M53523,,false,
124990,M52914,3,false,
124991,M52912,403,false,
124992,M52909,,false,
124993,M52907,,false,
124994,M52906,,false,
124995,M52905,,false,
124996,M52904,,false,
124997,M52903,,false,
124998,M52883,65,false,
124999,M52882,62,false,
125000,M52881,2,false,
125001,M52879,49,false,
125002,M52876,292,false,
125003,M52857,4448,false,
125004,M52856,,false,
125005,M52855,,false,
125006,M52836,67,false,
125007,M52830,,false,
125008,M52829,,false,
125009,M52825,77,false,
125010,M52824,1,false,
125011,M52823,50,false,
125012,M52822,1,false,
125013,M52764,345,false,
125014,M52763,,false,
125015,M52756,62,false,
125016,M52753,3,false,
125017,M52751,50,false,
125018,M52750,95,false,
125019,M52748,1,false,
125020,M52747,1730,false,
125021,M52744,262,false,
125022,M52743,67,false,
125023,M52741,67,false,
125024,M52724,,false,
125025,M52690,,false,
125026,M52689,,false,
125027,M52688,77,false,
125028,M52687,57,false,
125029,M52686,49,false,
125030,M52684,,false,
125031,M52683,,false,
125032,M52678,9,false,
125033,M52677,97,false,
125034,M52676,67,false,
125035,M52675,3,false,
125036,M52674,3,false,
125037,M52673,67,false,
125038,M52672,62,false,
125039,M52669,45,false,
125040,M52666,,false,
125041,M52598,,false,
125042,M52556,141,false,
125043,M52555,67,false,
125044,M52554,5780,false,
125045,M52553,97,false,
125046,M52549,,false,
125047,M52548,,false,
125048,M52543,,false,
125049,M52542,33,false,
125050,M52540,33,false,
125051,M52539,33,false,
125052,M52537,,false,
125053,M52536,33,false,
125054,M52535,,false,
125055,M52532,33,false,
125056,M52530,,false,
125057,M52529,33,false,
125058,M52528,,false,
125059,M52526,33,false,
125060,M52525,33,false,
125061,M52385,50,false,
125062,M52383,292,false,
125063,M52313,77,false,
125064,M52309,105,false,
125065,M52308,1940,false,
125066,M52307,62,false,
125067,M52271,49,false,
125068,M52270,1,false,
125069,M52269,326,false,
125070,M52268,1,false,
125071,M52267,1,false,
125072,M52265,1,false,
125073,M52264,1,false,
125074,M52263,1,false,
125075,M52262,1,false,
125076,M52261,1,false,
125077,M52260,1,false,
125078,M52232,4449,false,
125079,M52224,,false,
125080,M52073,,false,
125081,M52072,,false,
125082,M51927,,false,
125083,M51923,,false,
125084,M51922,,false,
125085,M51921,,false,
125086,M51863,67,false,
125087,M51856,,false,
125088,M51841,,false,
125089,M51840,,false,
125090,M51839,,false,
125091,M51836,,false,
125092,M51834,,false,
125093,M51833,,false,
125094,M51829,,false,
125095,M51827,,false,
125096,M51824,,false,
125097,M51823,,false,
125098,M51822,,false,
125099,M51820,,false,
125100,M51815,,false,
125101,M51813,,false,
125102,M51810,,false,
125103,M51808,,false,
125104,M51807,,false,
125105,M51805,,false,
125106,M51801,,false,
125107,M51799,,false,
125108,M51794,,false,
125109,M51793,,false,
125110,M51761,,false,
125111,M51759,,false,
125112,M51758,,false,
125113,M51756,,false,
125114,M51755,,false,
125115,M51754,,false,
125116,M51753,,false,
125117,M51752,,false,
125118,M51751,,false,
125119,M51749,,false,
125120,M51748,,false,
125121,M51746,,false,
125122,M51745,,false,
125123,M51744,,false,
125124,M51743,,false,
125125,M51742,,false,
125126,M51741,,false,
125127,M51740,,false,
125128,M51738,,false,
125129,M51732,1,false,
125130,M51714,24,false,
125131,M51712,67,false,
125132,M51657,50,false,
125133,M51656,24,false,
125134,M51655,1,false,
125135,M51654,62,false,
125136,M51653,67,false,
125137,M51652,257,false,
125138,M51639,1,false,
125139,M51638,87,false,
125140,M51637,2,false,
125141,M51614,,false,
125142,M51611,,false,
125143,M51606,,false,
125144,M51605,,false,
125145,M51600,,false,
125146,M51599,,false,
125147,M51598,,false,
125148,M51596,,false,
125149,M51594,,false,
125150,M51593,,false,
125151,M51591,,false,
125152,M51588,,false,
125153,M51587,,false,
125154,M51586,,false,
125155,M51579,1939,false,
125156,M51578,57,false,
125157,M51577,4108,false,
125158,M51575,1939,false,
125159,M51574,50,false,
125160,M51573,57,false,
125161,M51572,67,false,
125162,M51571,9,false,
125163,M51570,24,false,
125164,M51559,,false,
125165,M51554,,false,
125166,M51553,,false,
125167,M51547,,false,
125168,M51546,,false,
125169,M51545,,false,
125170,M51544,,false,
125171,M51543,,false,
125172,M51542,,false,
125173,M51539,,false,
125174,M51538,,false,
125175,M51536,,false,
125176,M51535,,false,
125177,M51534,,false,
125178,M51532,,false,
125179,M51531,,false,
125180,M51530,,false,
125181,M51521,,false,
125182,M51518,,false,
125183,M51517,,false,
125184,M51516,,false,
125185,M51515,,false,
125186,M51514,,false,
125187,M51513,,false,
125188,M51511,262,false,
125189,M51487,,false,
125190,M51486,,false,
125191,M51480,,false,
125192,M51479,,false,
125193,M51478,,false,
125194,M51477,,false,
125195,M51475,,false,
125196,M51473,,false,
125197,M51470,318,false,
125198,M51469,2727,false,
125199,M51468,3,false,
125200,M51466,62,false,
125201,M51465,67,false,
125202,M51453,,false,
125203,M51452,,false,
125204,M51450,,false,
125205,M51360,,false,
125206,M51359,,false,
125207,M51358,33,false,
125208,M51357,,false,
125209,M51356,33,false,
125210,M51353,33,false,
125211,M51352,33,false,
125212,M51351,33,false,
125213,M51350,33,false,
125214,M51349,33,false,
125215,M51348,33,false,
125216,M51347,33,false,
125217,M51346,33,false,
125218,M51345,33,false,
125219,M51344,33,false,
125220,M51343,33,false,
125221,M51342,33,false,
125222,M51341,33,false,
125223,M51340,4450,false,
125224,M51339,67,false,
125225,M51337,340,false,
125226,M51336,50,false,
125227,M51335,67,false,
125228,M51334,67,false,
125229,M51333,67,false,
125230,M51332,67,false,
125231,M51331,,false,
125232,M51329,67,false,
125233,M51328,4451,false,
125234,M51326,1,false,
125235,M51325,1,false,
125236,M51323,1,false,
125237,M51322,,false,
125238,M51314,,false,
125239,M51312,,false,
125240,M51310,,false,
125241,M51309,,false,
125242,M51308,,false,
125243,M51307,,false,
125244,M51304,,false,
125245,M51302,,false,
125246,M51301,,false,
125247,M51300,,false,
125248,M51299,,false,
125249,M51297,,false,
125250,M51083,67,false,
125251,M51082,1,false,
125252,M51070,4452,false,
125253,M51068,,false,
125254,M51067,,false,
125255,M51062,,false,
125256,M51060,97,false,
125257,M51059,3,false,
125258,M51058,,false,
125259,M50923,,false,
125260,M50922,,false,
125261,M50921,,false,
125262,M50920,,false,
125263,M50919,,false,
125264,M50918,,false,
125265,M50917,,false,
125266,M50916,,false,
125267,M50915,,false,
125268,M50914,67,false,
125269,M50913,45,false,
125270,M50912,,false,
125271,M50882,,false,
125272,M50876,,false,
125273,M50870,,false,
125274,M50869,,false,
125275,M50868,,false,
125276,M50867,,false,
125277,M50866,,false,
125278,M50865,,false,
125279,M50863,,false,
125280,M50862,,false,
125281,M50861,,false,
125295,M57535,,false,
125296,M57658,,false,
125297,M58012,,false,
125298,M58032,,false,
125299,M57375,,false,
125300,M56223,,false,
125301,M56229,,false,
125302,M56409,,false,
125303,M56711,,false,
125304,M57003,,false,
125305,M57030,,false,
125306,M22353,,false,
125307,M22539,,false,
125308,M41587,,false,
125309,M41590,,false,
125310,M42104,,false,
125311,M46258,,false,
125312,M42118,,false,
125313,M54613,,false,
125314,M54614,,false,
125315,M54626,,false,
125316,M54678,,false,
125317,M54679,,false,
125318,M54680,,false,
125319,M54681,,false,
125320,M54682,,false,
125321,M54771,,false,
125322,M54781,,false,
125323,M54789,,false,
125324,M54796,,false,
125325,M54824,,false,
125326,M54835,,false,
125327,M54872,,false,
125328,M55753,,false,
125329,23-61,424,false,
125330,23-62,424,false,
125331,23.8700682.E,,false,
125332,18-62ONT,1,false,
125333,M42128,,false,
125334,M46257,,false,
125335,M46283,,false,
125336,M54551,,false,
125337,M54552,,false,
125338,M54553,,false,
125339,M54554,,false,
125340,M54559,,false,
125341,M54560,,false,
125342,M54561,,false,
125343,M54562,,false,
125344,M54563,,false,
125345,M54566,,false,
125346,M54567,,false,
125347,M54568,,false,
125348,M54569,,false,
125349,M54570,,false,
125350,M54592,,false,
125351,M54593,,false,
125352,M54594,,false,
125353,M54605,,false,
125354,M54606,,false,
125355,M54611,,false,
125356,M54612,,false,
125357,M54618,,false,
125358,M54622,,false,
125359,M54623,,false,
125360,M54635,,false,
125361,M54636,,false,
125362,M54637,,false,
125363,M54638,,false,
125364,M54640,,false,
125365,M54642,,false,
125366,M54643,,false,
125367,M54657,,false,
125368,M54658,,false,
125369,M54659,,false,
125370,M54673,,false,
125371,M54675,,false,
125372,M54676,,false,
125373,M54677,,false,
125374,M54685,,false,
125375,M54687,,false,
125376,M54688,,false,
125377,M54689,,false,
125378,M54692,,false,
125379,M54693,,false,
125380,M54707,,false,
125381,M54708,,false,
125382,M54710,,false,
125383,M54711,,false,
125384,M54712,,false,
125385,M54713,,false,
125386,M54716,,false,
125387,M54726,,false,
125388,M54727,,false,
125389,M54778,,false,
125390,M54780,,false,
125391,M54783,,false,
125392,M54788,,false,
125393,M54791,,false,
125394,M54793,,false,
125395,M54797,,false,
125396,M54798,,false,
125397,M54800,,false,
125398,M54801,,false,
125399,M54805,,false,
125400,M54808,,false,
125401,M54810,,false,
125402,M54818,,false,
125403,M54823,,false,
125404,M54827,,false,
125405,M54829,,false,
125406,M54830,,false,
125407,M54831,,false,
125408,M54833,,false,
125409,M54839,,false,
125410,M54840,,false,
125411,M54843,,false,
125412,M54847,,false,
125413,M54863,,false,
125414,M54864,,false,
125415,M54867,,false,
125416,M54871,,false,
125417,M54882,,false,
125418,M54886,,false,
125419,M54890,,false,
125420,M54892,,false,
125421,M54894,,false,
125422,M54896,,false,
125423,M54898,,false,
125424,M54899,,false,
125425,64223,,false,
125469,64176,,false,
125470,64180,,false,
125471,64189,,false,
125472,64211,,false,
125473,64231,,false,
125474,64236,,false,
125475,64906,,false,
125476,64910,,false,
125477,64912,,false,
125478,64914,,false,
125479,64918,,false,
125491,NML2023-016,,false,
125492,NG_AMS909,3474,false,
125493,NG_AMS910,3474,false,
125494,NG_AMS911,3479,false,
125495,NG_AMS912,3474,false,
125496,NG_AMS913,3474,false,
125497,NG_AMS914,373,false,
125498,NG_AMS915,654,false,
125499,NG_AMS916,373,false,
125500,NG_AMS917,367,false,
125501,NG_AMS918,373,false,
125502,NG_AMS919,3886,false,
125503,NG_AMS920,373,false,
125504,NG_AMS921,3359,false,
125505,NG_AMS922,3474,false,
125506,NG_AMS923,3353,false,
125507,NG_AMS924,3353,false,
125508,NG_AMS925,3474,false,
125509,NG_AMS926,373,false,
125510,NG_AMS927,3353,false,
125511,NG_AMS928,367,false,
125512,NG_AMS929,3353,false,
125513,NG_AMS930,373,false,
125514,NG_AMS931,3353,false,
125515,NG_AMS932,636,false,
125516,NG_AMS933,3474,false,
125517,NG_AMS934,3474,false,
125518,NG_AMS935,18,false,
125519,NG_AMS936,3353,false,
125520,NG_AMS937,373,false,
125521,NG_AMS938,373,false,
125522,NG_AMS939,3474,false,
125523,NG_AMS940,367,false,
125524,NG_AMS941,1006,false,
125525,NG_AMS942,3353,false,
125526,NG_AMS943,3474,false,
125527,NG_AMS945,373,false,
125528,NG_AMS946,1006,false,
125529,NG_AMS947,3353,false,
125530,NG_AMS948,373,false,
125531,NG_AMS949,3474,false,
125532,NG_AMS950,22,false,
125533,NG_AMS951,373,false,
125534,NG_AMS952,841,false,
125535,NG_AMS953,367,false,
125536,NG_AMS954,18,false,
125537,NG_AMS955,373,false,
125538,NG_AMS956,22,false,
125539,NG_AMS957,3474,false,
125540,NG_AMS958,373,false,
125541,NG_AMS959,367,false,
125542,NG_AMS960,3353,false,
125543,NG_AMS961,1006,false,
125544,NG_AMS962,3353,false,
125545,NG_AMS963,367,false,
125546,NG_AMS964,367,false,
125547,NG_AMS965,367,false,
125548,NG_AMS966,636,false,
125549,NG_AMS967,22,false,
125550,NG_AMS968,628,false,
125551,NG_AMS969,654,false,
125552,NG_AMS970,3353,false,
125553,NG_AMS971,367,false,
125554,NG_AMS972,3474,false,
125555,NG_AMS973,367,false,
125556,NG_AMS974,1122,false,
125557,NG_AMS975,373,false,
125558,NG_AMS976,3474,false,
125559,NG_AMS977,1006,false,
125560,NG_AMS978,367,false,
125561,NG_AMS979,367,false,
125562,NG_AMS980,367,false,
125563,NG_AMS981,367,false,
125564,NG_AMS982,373,false,
125565,NG_AMS983,1122,false,
125566,NG_AMS984,3353,false,
125567,NG_AMS985,373,false,
125568,NG_AMS986,21,false,
125569,NG_AMS987,3474,false,
125570,NG_AMS988,3353,false,
125571,NG_AMS989,16,false,
125572,NG_AMS990,373,false,
125573,NG_AMS991,3353,false,
125574,NG_AMS992,3353,false,
125575,NG_AMS993,3353,false,
125576,NG_AMS994,3474,false,
125577,NG_AMS995,3353,false,
125578,NG_AMS996,373,false,
125579,NG_AMS997,3353,false,
125580,NG_AMS998,373,false,
125581,NG_AMS999,1122,false,
125582,NG_AMS1000,367,false,
125583,NG_AMS1001,367,false,
125584,NG_AMS1002,628,false,
125585,NG_AMS1003,3356,false,
125586,NG_AMS1004,373,false,
125587,NG_AMS1005,3353,false,
125588,NG_AMS1006,3353,false,
125589,NG_AMS1007,367,false,
125590,NG_AMS1008,3353,false,
125591,NG_AMS1009,16,false,
125592,NG_AMS1010,3353,false,
125593,NG_AMS1011,3353,false,
125594,NG_AMS1012,367,false,
125595,NG_AMS1013,,false,
125596,NG_AMS1014,367,false,
125597,NG_AMS1015,3474,false,
125598,NG_AMS1016,373,false,
125599,NG_AMS1017,1122,false,
125600,NG_AMS1018,3474,false,
125601,NG_AMS1019,3353,false,
125602,NG_AMS1020,3359,false,
125603,NG_AMS1021,3474,false,
125604,NG_AMS1022,367,false,
125605,NG_AMS1023,3474,false,
125606,NG_AMS1024,3359,false,
125607,NG_AMS1025,3474,false,
125608,NG_AMS1026,3474,false,
125609,NG_AMS1027,3353,false,
125610,NG_AMS1028,3474,false,
125611,NG_AMS1029,3950,false,
125612,NG_AMS1030,3474,false,
125613,NG_AMS1031,3353,false,
125614,NG_AMS1032,1006,false,
125615,NG_AMS1033,3353,false,
125616,NG_AMS1034,373,false,
125617,NG_AMS1035,367,false,
125618,NG_AMS1037,367,false,
125619,NG_AMS1038,373,false,
125620,NG_AMS1039,367,false,
125621,NG_AMS1040,373,false,
125622,NG_AMS1041,367,false,
125623,NG_AMS1042,367,false,
125624,NG_AMS1043,367,false,
125625,NG_AMS1044,373,false,
125626,NG_AMS1045,16,false,
125627,NG_AMS1046,373,false,
125628,NG_AMS1047,373,false,
125629,NG_AMS1048,3474,false,
125630,NG_AMS1049,654,false,
125631,NG_AMS1050,3353,false,
125632,NG_AMS1051,3474,false,
125633,NG_AMS1052,3353,false,
125634,NG_AMS1053,373,false,
125635,NG_AMS1054,3474,false,
125636,NG_AMS1055,3474,false,
125637,NG_AMS1056,367,false,
125638,NG_AMS1057,367,false,
125639,NG_AMS1058,373,false,
125640,NG_AMS1059,1006,false,
125641,NG_AMS1060,3353,false,
125642,NG_AMS1061,3353,false,
125643,NG_AMS1062,627,false,
125644,NG_AMS1063,3353,false,
125645,NG_AMS1064,3353,false,
125646,NG_AMS1065,367,false,
125647,NG_AMS1066,373,false,
125648,NG_AMS1067,3474,false,
125649,NG_AMS1068,632,false,
125650,NG_AMS1069,3359,false,
125651,NG_AMS1070,3353,false,
125652,NG_AMS1071,367,false,
125653,NG_AMS1072,3353,false,
125654,NG_AMS1073,367,false,
125655,NG_AMS1074,367,false,
125656,NG_AMS1075,4312,false,
125657,NG_AMS1076,378,false,
125658,NG_AMS1077,3359,false,
125659,NG_AMS1078,4313,false,
125660,NG_AMS1079,373,false,
125661,NG_AMS1080,1006,false,
125662,NG_AMS1081,18,false,
125663,NG_AMS1082,3474,false,
125664,NG_AMS1083,367,false,
125665,NG_AMS1084,367,false,
125666,NG_AMS1085,3353,false,
125667,NG_AMS1086,4313,false,
125668,NG_AMS1087,3479,false,
125669,NG_AMS1088,367,false,
125670,NG_AMS1089,3353,false,
125671,NG_AMS1090,1122,false,
125672,NG_AMS1091,3474,false,
125673,NG_AMS1092,3966,false,
125674,NG_AMS1093,373,false,
125675,NG_AMS1094,367,false,
125676,NG_AMS1095,3353,false,
125677,NG_AMS1096,367,false,
125678,NG_AMS1097,373,false,
125679,NG_AMS1098,367,false,
125680,NG_AMS1099,3479,false,
125681,NG_AMS1100,3353,false,
125682,NG_AMS1101,373,false,
125683,NG_AMS1102,1006,false,
125684,NG_AMS1103,3474,false,
125685,NG_AMS1104,373,false,
125686,NG_AMS1105,1006,false,
125687,NG_AMS1106,3474,false,
125688,NG_AMS1107,367,false,
125689,NG_AMS1108,3353,false,
125690,NG_AMS1109,3474,false,
125691,NG_AMS1110,3353,false,
125692,NG_AMS1111,3474,false,
125693,NG_AMS1112,3474,false,
125694,NG_AMS1113,3353,false,
125695,NG_AMS1114,367,false,
125696,NG_AMS1115,373,false,
125697,NG_AMS1116,3353,false,
125698,NG_AMS1117,657,false,
125699,NG_AMS1118,367,false,
125700,NG_AMS1119,367,false,
125701,NG_AMS1120,367,false,
125702,NG_AMS1121,367,false,
125703,NG_AMS1122,3474,false,
125704,NG_AMS1123,3964,false,
125705,NG_AMS1124,18,false,
125706,NG_AMS1125,3474,false,
125707,NG_AMS1126,654,false,
125708,NG_AMS1127,373,false,
125709,NG_AMS1128,367,false,
125710,NG_AMS1129,373,false,
125711,NG_AMS1130,654,false,
125712,NG_AMS1131,373,false,
125713,NG_AMS1132,3353,false,
125714,NG_AMS1133,3474,false,
125715,NG_AMS1134,3353,false,
125716,NG_AMS1135,3474,false,
125717,NG_AMS1136,3474,false,
125718,NG_AMS1137,3359,false,
125719,NG_AMS1138,3359,false,
125720,NG_AMS1139,654,false,
125721,NG_AMS1140,4314,false,
125722,NG_AMS1141,1006,false,
125723,NG_AMS1142,636,false,
125724,NG_AMS1143,367,false,
125725,NG_AMS1144,373,false,
125726,NG_AMS1145,3359,false,
125727,NG_AMS1146,3474,false,
125728,NG_AMS1147,636,false,
125729,NG_AMS1148,1006,false,
125730,NG_AMS1149,3479,false,
125731,NG_AMS1150,3359,false,
125732,NG_AMS1151,3474,false,
125733,NG_AMS1152,3474,false,
125734,NG_AMS1153,841,false,
125735,NG_AMS1154,1006,false,
125736,NG_AMS1155,3479,false,
125737,NG_AMS1156,654,false,
125738,NG_AMS1157,654,false,
125739,NG_AMS1158,1122,false,
125740,NG_AMS1159,3353,false,
125741,NG_AMS1160,373,false,
125742,NG_AMS1161,367,false,
125743,NG_AMS1162,636,false,
125744,NG_AMS1163,3474,false,
125745,NG_AMS1164,1006,false,
125746,NG_AMS1165,3359,false,
125747,NG_AMS1166,3353,false,
125748,NG_AMS1167,3474,false,
125749,NG_AMS1168,373,false,
125750,NG_AMS1169,627,false,
125751,NG_AMS1170,841,false,
125752,NG_AMS1171,4315,false,
125753,NG_AMS1172,654,false,
125754,NG_AMS1173,367,false,
125755,NG_AMS1174,632,false,
125756,NG_AMS1175,367,false,
125757,NG_AMS1176,3359,false,
125758,NG_AMS1177,367,false,
125759,NG_AMS1178,3474,false,
125760,NG_AMS1179,3353,false,
125761,NG_AMS1180,367,false,
125762,NG_AMS1181,841,false,
125763,NG_AMS1182,3353,false,
125764,NG_AMS1183,373,false,
125765,NG_AMS1184,3479,false,
125766,NG_AMS1185,373,false,
125767,NG_AMS1186,373,false,
125768,NG_AMS1187,3474,false,
125769,NG_AMS1188,367,false,
125770,NG_AMS1189,3353,false,
125771,NG_AMS1190,367,false,
125772,NG_AMS1191,367,false,
125773,NG_AMS1192,3353,false,
125774,NG_AMS1193,,false,
125775,NG_AMS1194,3474,false,
125776,NG_AMS1195,654,false,
125777,NG_AMS1197,367,false,
125778,NG_AMS1198,3359,false,
125779,NG_AMS1199,3353,false,
125780,NG_AMS1200,3353,false,
125781,NG_AMS1201,654,false,
125782,NG_AMS1202,654,false,
125783,NG_AMS1203,1006,false,
125784,NG_AMS1204,3353,false,
125785,NG_AMS1206,841,false,
125786,NG_AMS1207,654,false,
125787,NG_AMS1208,3474,false,
125788,NG_AMS1209,1122,false,
125789,NG_AMS1210,367,false,
125790,NG_AMS1211,18,false,
125791,NG_AMS1212,367,false,
125792,NG_AMS1213,636,false,
125793,NG_AMS1214,367,false,
125794,NG_AMS1215,841,false,
125795,NG_AMS1216,3353,false,
125796,NG_AMS1217,3966,false,
125797,NG_AMS1218,18,false,
125798,NG_AMS1219,3474,false,
125799,NG_AMS1220,3353,false,
125800,NG_AMS1221,3474,false,
125801,NG_AMS1223,841,false,
125802,NG_AMS1224,3353,false,
125803,NG_AMS1225,3479,false,
125804,NG_AMS1226,636,false,
125805,NG_AMS1227,654,false,
125806,NG_AMS1228,3353,false,
125807,NG_AMS1229,3359,false,
125808,NG_AMS1230,636,false,
125809,NG_AMS1231,3359,false,
125810,NG_AMS1232,3479,false,
125811,NG_AMS1233,3474,false,
125812,NG_AMS1234,3359,false,
125813,NG_AMS1235,367,false,
125814,NG_AMS1236,3359,false,
125815,NG_AMS1237,3353,false,
125816,NG_AMS1238,367,false,
125817,NG_AMS1239,3474,false,
125818,NG_AMS1240,3359,false,
125819,NG_AMS1241,367,false,
125820,NG_AMS1242,3359,false,
125821,NG_AMS1243,367,false,
125822,NG_AMS1244,367,false,
125823,NG_AMS1245,3359,false,
125824,NG_AMS1246,3479,false,
125825,NG_AMS1247,367,false,
125826,NG_AMS1248,3359,false,
125827,NG_AMS1249,367,false,
125828,NG_AMS1250,3359,false,
125829,NG_AMS1251,1006,false,
125830,NG_AMS1252,3359,false,
125831,NG_AMS1253,373,false,
125832,NG_AMS1254,3353,false,
125833,NG_AMS1255,841,false,
125834,NG_AMS1256,367,false,
125835,NG_AMS1257,373,false,
125836,NG_AMS1258,3353,false,
125837,NG_AMS1259,3353,false,
125838,NG_AMS1260,1122,false,
125839,NG_AMS1261,3359,false,
125840,NG_AMS1262,627,false,
125841,NG_AMS1263,3353,false,
125842,NG_AMS1264,841,false,
125843,NG_AMS1265,3359,false,
125844,NG_AMS1266,367,false,
125845,NG_AMS1267,3359,false,
125846,NG_AMS1268,367,false,
125847,NG_AMS1269,367,false,
125848,NG_AMS1270,3353,false,
125849,NG_AMS1271,3474,false,
125850,NG_AMS1272,654,false,
125851,NG_AMS1273,4316,false,
125852,NG_AMS1274,3359,false,
125853,NG_AMS1275,18,false,
125854,NG_AMS1276,3353,false,
125855,NG_AMS1277,3359,false,
125856,NG_AMS1278,3479,false,
125857,NG_AMS1279,3353,false,
125858,NG_AMS1280,3359,false,
125859,NG_AMS1281,3359,false,
125860,NG_AMS1282,367,false,
125861,NG_AMS1283,3479,false,
125862,NG_AMS1284,3359,false,
125863,NG_AMS1285,18,false,
125864,NG_AMS1286,1006,false,
125865,NG_AMS1287,367,false,
125866,NG_AMS1288,3474,false,
125867,NG_AMS1289,3474,false,
125868,NG_AMS1290,3359,false,
125869,NG_AMS1291,1006,false,
125870,NG_AMS1292,3449,false,
125871,NG_AMS1293,636,false,
125872,NG_AMS1294,367,false,
125873,NG_AMS1295,3353,false,
125874,NG_AMS1296,367,false,
125875,NG_AMS1297,18,false,
125876,NG_AMS1298,3353,false,
125877,NG_AMS1299,3359,false,
125878,NG_AMS1300,3479,false,
125879,NG_AMS1301,,false,
125880,NG_AMS1302,16,false,
125881,NG_AMS1303,3966,false,
125882,NG_AMS1304,3353,false,
125883,NG_AMS1305,367,false,
125884,NG_AMS1306,3359,false,
125885,NG_AMS1307,841,false,
125886,NG_AMS1308,367,false,
125887,N22-0926,,false,
125888,N22-0937,,false,
125889,N22-0949,,false,
125890,N22-0969,,false,
125891,N22-0972,,false,
125892,N22-0989,,false,
125893,N22-1012,,false,
125894,N22-1013,,false,
125895,N22-0985,,false,
125896,M42135,,false,
125897,M54648,,false,
125898,M54695,,false,
125899,M54699,,false,
125900,M54887,,false,
125902,M58191,,false,
125903,MDG-NG10,2391,false,
125904,MDG-NG11,4317,false,
125905,MDG-NG12,18,false,
125906,MDG-NG13,937,false,
125907,MDG-NG14,18,false,
125908,MDG-NG15,16,false,
125909,MDG-NG16,2387,false,
125910,MDG-NG17,2391,false,
125911,MDG-NG18,18,false,
125912,MDG-NG19,937,false,
125913,MDG-NG1,2391,false,
125914,MDG-NG20,18,false,
125915,MDG-NG21,4318,false,
125916,MDG-NG22,2391,false,
125917,MDG-NG23,2391,false,
125918,MDG-NG24,2391,false,
125919,MDG-NG25,18,false,
125920,MDG-NG26,18,false,
125921,MDG-NG27,16,false,
125922,MDG-NG28,654,false,
125923,MDG-NG29,367,false,
125924,MDG-NG2,4319,false,
125925,MDG-NG30,2391,false,
125926,MDG-NG31,18,false,
125927,MDG-NG32,16,false,
125928,MDG-NG33,2391,false,
125929,MDG-NG34,367,false,
125930,MDG-NG35,18,false,
125931,MDG-NG36,2391,false,
125932,MDG-NG37,,false,
125933,MDG-NG38,,false,
125934,MDG-NG39,2391,false,
125935,MDG-NG3,16,false,
125936,MDG-NG40,18,false,
125937,MDG-NG41,635,false,
125938,MDG-NG42,16,false,
125939,MDG-NG43,2391,false,
125940,MDG-NG44,367,false,
125941,MDG-NG45,16,false,
125942,MDG-NG46,18,false,
125943,MDG-NG47,18,false,
125945,MDG-NG4,937,false,
125947,MDG-NG5,18,false,
125948,MDG-NG6,4320,false,
125950,MDG-NG8,16,false,
125951,MDG-NG9,2391,false,
125952,64264,,false,
125953,64272,,false,
125954,64398,,false,
125955,64408,,false,
125956,64421,,false,
125957,64435,,false,
125958,64920,,false,
125959,64921,,false,
125960,N23-0085,,false,
125961,N23-0087,,false,
125962,SMG-23-362,3,false,
126061,Nmiss3410,,false,
126063,23791,,false,
126064,23799,,false,
126065,NML2020-046,141,false,
126066,NML2020-069,62,false,
126067,NML2020-078,62,false,
126068,NML2020-091,4321,false,
126069,NML2020-100,4321,false,
126070,NML2020-105,141,false,
126071,NML2021-032,4321,false,
126072,NML2021-037,215,false,
126073,NML2022-057,62,false,
126074,NML2022-064,4321,false,
126075,NML2022-086,62,false,
126076,NML2022-093,62,false,
126077,NML2022-094R,62,false,
126078,NML2022-100,157,false,
126079,NML2022-109,4321,false,
126080,NML2023-007,62,false,
126081,NML2023-008,62,false,
126082,NML2023-009,4322,false,
126083,NML2023-018,4321,false,
126084,NML2023-023,4321,false,
126085,23GB000324,,false,
126086,NML2023-013,62,false,
126087,NML2023-014,62,false,
126088,NML2018-006,157,false,
126089,NML2018-007,4321,false,
126090,NML2018-026,157,false,
126091,NML2018-036,157,false,
126092,NML2018-072,141,false,
126093,NML2018-105,157,false,
126094,NML2018-106,4321,false,
126095,NML2018-176,62,false,
126096,NML2019-009,141,false,
126097,NML2019-013,43,false,
126098,NML2019-031,97,false,
126099,NML2019-064,141,false,
126100,NML2019-071,43,false,
126101,NML2019-079,157,false,
126102,NML2019-085,62,false,
126103,NML2019-092,62,false,
126104,NML2019-099,62,false,
126105,NML2019-139,62,false,
126106,NML2019-161,62,false,
126107,NML2019-181,141,false,
126108,NML2019-182,62,false,
126109,NML2020-008,141,false,
126110,NML2020-009,141,false,
126111,NML2020-040,62,false,
126112,NML2020-045,62,false,
126113,SMG-23-404,400,false,
126114,NIID833,,false,
126115,23809,,false,
126132,3200/22,,false,
126140,4382/22,,false,
126141,4484/22,,false,
126147,5976/22,,false,
126155,9125/22,,false,
126157,9247/22,,false,
126159,9383/22,,false,
126165,10029/22,,false,
126206,DK-MGK-2022-014,,false,
126214,M58516,,false,
126215,M58422,,false,
126216,M58241,,false,
126217,M58034,,false,
126218,M58030,,false,
126219,M57542,,false,
126220,M57521,,false,
126221,M57511,,false,
126222,M57373,,false,
126223,M57190,,false,
126224,M57187,,false,
126225,M57026,,false,
126226,M57004,,false,
126227,M56234,,false,
126228,M56233,,false,
126229,M49380,,false,
126230,M47920,,false,
126231,M42452,,false,
126232,NML2017-010,1730,false,
126233,NML2017-015,157,false,
126234,NML2017-095,62,false,
126235,NML2017-147,62,false,
126236,NML2017-149,62,false,
126237,NML2017-152,62,false,
126238,N20-0626,,false,
126239,N23-0084,,false,
126240,SMG-23-322,3,false,
126241,7135,,false,
126242,8099,,false,
126243,3096,,false,
126244,8076,,false,
126245,8060,,false,
126246,3140,,false,
126247,3166,,false,
126248,3085,,false,
126249,1071,,false,
126250,3118,,false,
126251,8023,,false,
126252,8039,,false,
126253,1040,,false,
126254,3062,,false,
126255,8030,,false,
126256,3095,,false,
126257,1037,,false,
126258,7152,,false,
126259,5068,,false,
126260,8102,,false,
126261,7072,,false,
126262,5059,,false,
126263,5029,,false,
126264,1065,,false,
126265,8098,,false,
126266,1060,,false,
126267,1053,,false,
126268,8011,,false,
126269,3075,,false,
126270,7154,,false,
126271,3158,,false,
126272,3121,,false,
126273,3163,,false,
126274,8078,,false,
126275,5060,,false,
126276,646,,false,
126295,64923,,false,
126296,23800,,false,
126297,23794,,false,
126298,23828,,false,
126299,23836,,false,
126300,23843,,false,
126301,23857,,false,
126302,23858,,false,
126303,23860,,false,
126304,23861,,false,
126305,23889,,false,
126306,63843,,false,
126307,64447,,false,
126308,64457,,false,
126309,64465,,false,
126310,64871,,false,
126311,64923,,false,
126312,64927,,false,
126313,64932,,false,
126314,M21 240171 VO P1,127,false,
126315,M21 240177 VO P1,65,false,
126316,M21 240179 VO P1,3,false,
126317,M21 240181 VO P1,106,false,
126318,M21 240183 VO P1,396,false,
126319,M21 240184 VO P1,45,false,
126320,M21 240185 VO P1,3,false,
126321,M21 240188 VO P1,93,false,
126322,M21 240190 VO P1,250,false,
126323,M21 240191 VO P1,45,false,
126324,M21 240196 VO P1,3,false,
126325,M21 240205 VO P1,49,false,
126326,M21 240208 VO P1,49,false,
126327,M21 240211 VO P1,857,false,
126328,M21 240215 VO P1,1543,false,
126329,M21 240216 VO P1,45,false,
126330,M21 240220 VO P1,424,false,
126331,M21 240221 VO P1,3,false,
126332,M21 240232 VO P1,1534,false,
126333,M21 240235 VO P1,45,false,
126334,M21 240236 VO P1,87,false,
126335,M21 240237 VO P1,3953,false,
126336,M22 240007 VO P1,1,false,
126337,M22 240021 VO P1,,false,
126338,M22 240023 VO P1,45,false,
126339,M22 240024 VO P1,45,false,
126340,M22 240025 VO P1,57,false,
126341,M22 240029 VO P1,57,false,
126342,M22 240030 VO P1,1,false,
126343,M22 240033 VO P1,1,false,
126344,M22 240046 VO P1,65,false,
126345,22MN0014 VO P1,150,false,
126346,23883,,false,
126347,10757,,false,
126348,10758,,false,
126349,10759,,false,
126350,10760,,false,
126351,10761,,false,
126359,N23-0035,,false,
126360,N23-0048,,false,
126361,64492,,false,
126362,64507,,false,
126363,64513,,false,
126364,64551,,false,
126365,64555,,false,
126366,M58482,,false,
126367,M58305,,false,
126368,M58253,,false,
126369,M58232,,false,
126370,M26509,,false,
126371,M42090,,false,
126372,M58573,,false,
126373,M58452,,false,
126374,M58257,,false,
126375,M58255,,false,
126376,15-77-MEN,586,false,
126377,15-84-MEN,586,false,
126378,15-197-MEN,57,false,
126379,15-230-MEN,57,false,
126380,15-256-MEN,45,false,
126381,15-340-MEN,65,false,
126382,15-360-MEN,57,false,
126383,15-194-MEN,28,false,
126384,16-334-MEN,119,false,
126385,16-536-MEN,57,false,
126386,17-492-MEN,9,false,
126387,17-521-MEN,57,false,
126388,17-540-MEN,106,false,
126389,17-615-MEN,3,false,
126390,17-734-MEN,1,false,
126391,18-139-MEN,1,false,
126392,18-7-MEN,1,false,
126393,18-766-MEN,130,false,
126394,18-812-MEN,3,false,
126395,18-8k-MEN,57,false,
126396,18-8v-MEN,57,false,
126397,19-157-MEN,50,false,
126398,19-18-MEN,106,false,
126399,19-192-MEN,62,false,
126400,19-195-MEN,2,false,
126401,19-408-MEN,,false,
126402,19-534-MEN,2117,false,
126403,19-541-MEN,4323,false,
126404,19-591-MEN,424,false,
126405,19-70-MEN,584,false,
126406,19-742-MEN,120,false,
126407,19-774-MEN,715,false,
126408,19-900-MEN,288,false,
126409,20-100-MEN,220,false,
126410,20-108-MEN,220,false,
126411,20-132-MEN,1,false,
126412,20-364-MEN,2117,false,
126413,20-405-MEN,120,false,
126414,20-406-MEN,45,false,
126415,20-419-MEN,57,false,
126416,20-426-MEN,4324,false,
126417,20-430-MEN,50,false,
126418,20-436-MEN,141,false,
126419,20-437-MEN,738,false,
126420,20-447-MEN,,false,
126421,20-462-MEN,67,false,
126422,20-471-MEN,57,false,
126423,20-502-MEN,62,false,
126424,20-503-MEN,2117,false,
126425,20-504-MEN,424,false,
126426,20-51-MEN,57,false,
126427,20-521-MEN,220,false,
126428,20-525-MEN,24,false,
126429,20-527-MEN,95,false,
126430,20-529-MEN,3,false,
126431,21-116-MEN,273,false,
126432,21-13-MEN,87,false,
126433,21-135-MEN,890,false,
126434,21-136-MEN,262,false,
126435,21-15-MEN,65,false,
126436,21-16-MEN,3,false,
126437,21-2-MEN,4324,false,
126438,21-22-MEN,87,false,
126439,21-30-MEN,4325,false,
126440,21-31-MEN,47,false,
126441,21-35-MEN,4326,false,
126442,21-56-MEN,67,false,
126443,21-57-MEN,65,false,
126444,21-59-MEN,97,false,
126445,21-66-MEN,57,false,
126446,21-99-MEN,890,false,
126467,14228,16,false,
126515,14289,4328,false,
126566,14360,1122,false,
126582,14387,367,false,
126657,14487,367,false,
126666,14500,367,false,
126671,14506,,false,
126692,14542,,false,
126841,14762,16,false,
126853,14782,16,false,
126882,14824,4331,false,
126920,Ng_ISS_4982,,false,
126921,Ng_ISS_4998,,false,
126922,Ng_ISS_5004,,false,
126923,Ng_ISS_5007,,false,
126924,Ng_ISS_5065,,false,
126925,Ng_ISS_5076,,false,
126926,Ng_ISS_5079,,false,
126927,Ng_ISS_5092,,false,
126928,Ng_ISS_5137,,false,
126929,3115,,false,
126930,5043,,false,
126931,5018,,false,
126932,7079,,false,
126933,3044,,false,
126934,7039,,false,
126935,5037,,false,
126936,3076,,false,
126937,7070,,false,
126938,1074,,false,
126939,7129,,false,
126940,1087,,false,
126941,3108,,false,
126942,1109,,false,
126943,5034,,false,
126944,7052,,false,
126945,1105,,false,
126946,5006,,false,
126947,7113,,false,
126948,8089,,false,
126949,5025,,false,
126950,M37243,93,false,
126951,M37469,2,false,
126952,M37912,49,false,
126953,M37951,45,false,
126954,M38350,62,false,
126955,M38513,257,false,
126956,M38520,2,false,
126957,M38644,259,false,
126958,M38715,67,false,
126959,M38959,45,false,
126960,M38966,1,false,
126961,M39180,62,false,
126962,M40030,67,false,
126963,M40034,3,false,
126964,M40086,2,false,
126965,M40154,67,false,
126966,M40279,62,false,
126967,M40335,67,false,
126968,M40406,1,false,
126969,M40847,97,false,
126970,M40879,128,false,
126971,M40983,4453,false,
126972,M41064,259,false,
126973,M41197,67,false,
126974,M41493,3,false,
126975,M41746,348,false,
126976,M41785,62,false,
126977,M42345,9,false,
126978,M42504,568,false,
126979,M43166,24,false,
126980,M43854,1708,false,
126981,M43857,3,false,
126982,M44645,2,false,
126983,M44741,1,false,
126984,M44888,2,false,
126985,M44897,2,false,
126986,M44944,24,false,
126987,M45169,1708,false,
126988,M45170,2,false,
126989,M45171,2,false,
126990,M45178,141,false,
126991,M45193,3,false,
126992,M45418,3,false,
126993,M45443,4454,false,
126994,M46031,1,false,
126995,M46089,128,false,
126996,M46095,151,false,
126997,M46096,2170,false,
126998,M46097,62,false,
126999,M46099,292,false,
127000,M46100,3,false,
127001,M46101,3,false,
127002,M46105,4455,false,
127003,M46126,67,false,
127004,M46127,1,false,
127005,M46128,1,false,
127006,M46130,67,false,
127007,M46131,141,false,
127008,M46189,4456,false,
127009,M46218,65,false,
127010,M46219,67,false,
127011,M46221,67,false,
127012,M46222,77,false,
127013,M46224,4321,false,
127014,M46225,24,false,
127015,M46444,77,false,
127016,M46445,1,false,
127017,M46446,1,false,
127018,M46779,24,false,
127019,M46780,45,false,
127020,M46781,49,false,
127021,M46782,3,false,
127022,M46795,3,false,
127023,M47133,1,false,
127024,M47134,1,false,
127025,M47135,1,false,
127026,M47136,49,false,
127027,M47223,1,false,
127028,M47265,67,false,
127029,M47266,4457,false,
127030,M47267,67,false,
127031,M47459,4458,false,
127032,M47460,3,false,
127033,M47461,104,false,
127034,M47462,257,false,
127035,M47463,67,false,
127036,M47464,49,false,
127037,M47465,4459,false,
127038,M47466,4460,false,
127039,M47468,67,false,
127040,M47469,67,false,
127041,M47473,67,false,
127042,M47474,292,false,
127043,M47475,9,false,
127044,M47476,150,false,
127045,M47477,67,false,
127046,M47481,57,false,
127047,M47802,24,false,
127048,M47803,97,false,
127049,M47805,45,false,
127050,M47806,87,false,
127051,M47807,87,false,
127052,M47809,199,false,
127053,M47810,3,false,
127054,M47833,4458,false,
127055,M47834,1,false,
127056,M47835,62,false,
127057,M47869,3,false,
127058,M47870,3,false,
127059,M47871,62,false,
127060,M47872,45,false,
127061,M47882,93,false,
127062,M47894,1,false,
127063,M47896,3527,false,
127064,M47897,77,false,
127065,M47898,1615,false,
127066,M47900,292,false,
127067,M47984,1,false,
127068,M48067,1,false,
127069,M48068,3,false,
127070,M48069,67,false,
127071,M48093,2,false,
127072,M48578,141,false,
127073,M48768,4461,false,
127074,M49200,3525,false,
127075,M49201,87,false,
127076,M49202,57,false,
127077,M49254,3,false,
127078,M49255,3,false,
127079,M49256,62,false,
127080,M49257,9,false,
127081,M49258,2,false,
127082,M49259,128,false,
127083,M49261,4462,false,
127084,M49263,67,false,
127085,M49264,141,false,
127086,M49265,49,false,
127087,M49266,87,false,
127088,M49311,3518,false,
127089,M49354,93,false,
127090,M49360,292,false,
127091,M49361,67,false,
127092,M49362,49,false,
127093,M49364,49,false,
127094,M49381,67,false,
127095,M49382,67,false,
127096,M49383,104,false,
127097,M49384,45,false,
127098,M49399,104,false,
127099,M49454,67,false,
127100,M49465,1976,false,
127101,M49615,67,false,
127102,M49616,1618,false,
127103,M49617,65,false,
127104,M49618,1708,false,
127105,M49623,4463,false,
127106,M49624,257,false,
127107,M49812,292,false,
127108,M49907,93,false,
127109,M49908,68,false,
127110,M49909,1939,false,
127111,M49940,257,false,
127112,M49941,3,false,
127113,M49942,4464,false,
127114,M49943,87,false,
127115,M49944,4465,false,
127116,M49945,141,false,
127117,M49947,62,false,
127118,M49948,45,false,
127119,M49961,,false,
127120,M49962,77,false,
127121,M49963,77,false,
127122,M49964,45,false,
127123,M49969,4466,false,
127124,M49970,198,false,
127125,M49971,67,false,
127126,M49972,128,false,
127127,M49973,67,false,
127128,M49974,67,false,
127129,M49975,280,false,
127130,M49976,67,false,
127131,M50050,67,false,
127132,M50051,77,false,
127133,M50075,141,false,
127134,M50077,45,false,
127135,M50078,3,false,
127136,M50079,9,false,
127137,M50080,294,false,
127138,M50081,45,false,
127139,M50082,141,false,
127140,M50113,1216,false,
127141,M50114,141,false,
127142,M50179,1,false,
127143,M50180,24,false,
127144,M50181,1,false,
127145,M50184,67,false,
127146,M50185,45,false,
127147,M50186,4467,false,
127148,M50187,67,false,
127149,M50339,3,false,
127150,M50340,3518,false,
127151,M50341,1,false,
127152,M50342,3518,false,
127153,M50346,57,false,
127154,M50347,49,false,
127155,M50425,67,false,
127156,M50427,4455,false,
127157,M50428,45,false,
127158,M50430,2,false,
127159,M50431,57,false,
127160,M50432,93,false,
127161,M50433,407,false,
127162,M50435,1,false,
127163,M50436,62,false,
127164,M50437,3,false,
127165,M50438,62,false,
127166,M50439,4468,false,
127167,M50440,4469,false,
127168,M50441,62,false,
127169,M50531,1,false,
127170,M50532,257,false,
127171,M50533,1,false,
127172,M50534,1,false,
127173,M50682,67,false,
127174,M50683,68,false,
127175,M50684,68,false,
127176,M50685,292,false,
127177,M50686,141,false,
127178,M50697,45,false,
127179,M50698,3521,false,
127180,M50699,292,false,
127181,M50700,4470,false,
127182,M50703,67,false,
127183,M50706,67,false,
127184,M50707,67,false,
127185,M50708,257,false,
127186,M50710,67,false,
127187,M50712,67,false,
127188,M50713,137,false,
127189,M50714,87,false,
127190,M50715,1730,false,
127191,M50716,67,false,
127192,M50773,87,false,
127193,M50774,67,false,
127194,M50790,268,false,
127195,M50843,1,false,
127196,M50844,1,false,
127197,M50845,3,false,
127198,M50846,902,false,
127199,M50847,1708,false,
127200,M50848,4471,false,
127201,M50849,1,false,
127202,M50850,9,false,
127203,M50858,67,false,
127204,M52310,898,false,
127205,23869,,false,
127206,23870,,false,
127207,23882,,false,
127208,23908,,false,
127209,23914,,false,
127210,ACC11472A36,3964,false,
127211,SMG-23-514,1,false,
127212,H15-EMI-013,87,false,
127213,H03-EMI-003,4297,false,
127214,H01-EMI-001,87,false,
127243,23884,,false,
127244,23888,,false,
127245,10547,,false,
127246,10633,,false,
127247,10664,,false,
127248,10677,,false,
127249,10721,,false,
127250,10553,,false,
127251,EPD031,738,false,
127252,EPD042,1307,false,
127253,EPD043,4333,false,
127254,EPD046,396,false,
127255,23-126,45,false,
127256,23-159,62,false,
127257,Nmen26,87,false,
127258,Nmen28,87,false,
127259,Nmen29,57,false,
127260,Nmen30,259,false,
127261,Nmen31,259,false,
127262,Nmen32,9,false,
127263,Nmen33,93,false,
127264,Nmen34,87,false,
127265,Nmen35,57,false,
127266,Nmen36,150,false,
127267,Nmen37,259,false,
127268,Nmen38,87,false,
127269,Nmen40,87,false,
127270,Nmen41,87,false,
127271,Nmen42,345,false,
127272,Nmen43,259,false,
127273,Nmen44,102,false,
127274,Nmen45,259,false,
127275,Nmen46,87,false,
127276,Nmen49,,false,
127277,Nmen50,150,false,
127278,Nmen51,259,false,
127279,Nmen59,62,false,
127280,Nmen60,259,false,
127281,Nmen61,45,false,
127282,Nmen62,87,false,
127283,Nmen66,62,false,
127284,Nmen68,407,false,
127285,Nmen69,4334,false,
127286,Nmen70,87,false,
127287,Nmen71,198,false,
127288,Nmen73,87,false,
127289,Nmen74,93,false,
127290,Nmen75,97,false,
127291,Nmen78,262,false,
127292,Nmen79,1482,false,
127293,Nmen80,4298,false,
127294,Nmen84,87,false,
127295,Nmen85,198,false,
127296,Nmen86,345,false,
127297,Nmen87,259,false,
127298,Nmen99,259,false,
127299,Nmen104,87,false,
127300,Nmen110,93,false,
127301,Nmen111,87,false,
127302,Nmen112,87,false,
127303,Nmen113,604,false,
127304,H10-RESP-001,87,false,
127305,H10-RESP-002,259,false,
127306,H10-RESP-003,68,false,
127307,H10-RESP-004,87,false,
127308,N23-0890,,false,
127309,H10-RESP-006,87,false,
127310,H10-RESP-007,259,false,
127311,H10-RESP-008,87,false,
127312,H10-RESP-009,262,false,
127313,H10-RESP-011,9,false,
127314,H10-RESP-012,4335,false,
127315,H10-RESP-013,87,false,
127316,H11-RESP-001,,false,
127317,H11-RESP-002,4336,false,
127318,H11-RESP-003,4337,false,
127319,H14-RESP-001,4338,false,
127320,H14-RESP-002,259,false,
127321,N23-0908,,false,
127322,H14-RESP-005,65,false,
127323,H14-RESP-006,97,false,
127324,H14-RESP-007,57,false,
127325,H14-RESP-009,50,false,
127326,H14-RESP-010,24,false,
127327,H14-RESP-012,39,false,
127328,H14-RESP-013,4339,false,
127329,H14-RESP-014,259,false,
127330,H14-RESP-016,4340,false,
127331,H14-RESP-017,87,false,
127332,H14-RESP-022,308,false,
127333,H14-RESP-023,259,false,
127334,H14-RESP-024,87,false,
127335,H14-RESP-025,4341,false,
127336,H04-RESP-004,137,false,
127337,H04-RESP-005,65,false,
127338,H04-RESP-006,1730,false,
127339,23906,,false,
127340,23837,,false,
127341,N23-0168,,false,
127342,N23-0175,,false,
127343,N23-0179,,false,
127344,N23-0192,,false,
127345,10559,,false,
127346,10566,,false,
127347,10567,,false,
127348,202238082,,false,
127349,10607,,false,
127350,10621,,false,
127351,10625,,false,
127352,10619,,false,
127353,10661,,false,
127354,10662,,false,
127355,10669,,false,
127356,10668,,false,
127357,202242523,,false,
127358,10714,,false,
127359,202245363,,false,
127360,202246436,,false,
127361,202246469,,false,
127362,202246472,,false,
127363,64601,,false,
127364,64608,,false,
127365,64610,,false,
127366,64659,,false,
127367,64666,,false,
127368,64672,,false,
127369,64947,,false,
127370,64954,,false,
127371,64957,,false,
127372,H15-EMI-014,87,false,
127373,H15-EMI-015,262,false,
127374,H15-EMI-016,77,false,
127375,H15-EMI-017,9,false,
127376,10565,,false,
127377,10597,,false,
127378,10635,,false,
127379,10640,,false,
127380,10641,,false,
127381,10643,,false,
127382,202246065,,false,
127383,202245589,,false,
127384,10748,,false,
127385,10791,,false,
127386,10799,,false,
127387,10800,,false,
127388,10801,,false,
127389,10811,,false,
127390,202252203,,false,
127391,10805,,false,
127392,10828,,false,
127393,10821,,false,
127394,10836,,false,
127395,10844,,false,
127396,10835,,false,
127397,10842,,false,
127398,10876,,false,
127399,202255290,,false,
127435,Nmen119,4300,false,
127436,Nmen135,3697,false,
127437,Nmen136,150,false,
127438,Nmen137,5600,false,
127439,Nmen144,259,false,
127440,Nmen154,3,false,
127441,Nmen163,262,false,
127442,Nmen167,65,false,
127443,Nmen168,1,false,
127444,Nmen170,262,false,
127445,Nmen174,259,false,
127446,Nmen298,259,false,
127447,Nmen299,87,false,
127448,Nmen301,1250,false,
127449,Nmen302,259,false,
127450,Nmen304,3,false,
127451,Nmen306,1,false,
127452,Nmen307,39,false,
127453,Nmen309,150,false,
127454,Nmen310,4343,false,
127455,Nmen313,65,false,
127456,Nmen315,1623,false,
127457,Nmen316,259,false,
127458,Nmen317,87,false,
127459,Nmen319,4344,false,
127460,Nmen323,87,false,
127461,Nmen324,259,false,
127462,Nmen326,65,false,
127463,Nmen330,65,false,
127464,Nmen331,1,false,
127465,Nmen332,65,false,
127466,Nmen333,65,false,
127467,Nmen336,150,false,
127468,Nmen337,50,false,
127469,Nmen338,4345,false,
127470,Nmen347,24,false,
127471,H03-RESP-003,45,false,
127472,H03-RESP-004,259,false,
127473,H03-RESP-012,1250,false,
127474,15828,,false,
127475,40540,,false,
127476,44943,,false,
127477,46265,,false,
127478,50568,,false,
127479,M58567,,false,
127480,M58854,,false,
127481,M58857,,false,
127482,M58894,,false,
127483,M58901,,false,
127484,64674,,false,
127485,64696,,false,
127486,64702,,false,
127487,64964,,false,
127488,64983,,false,
127489,64984,,false,
127490,64991,,false,
127491,65016,,false,
127492,M21 240171 VO P2,127,false,
127493,M21 240177 VO P2,65,false,
127494,M21 240179 VO P2,3,false,
127495,M21 240181 VO P2,106,false,
127496,M21 240183 VO P2,396,false,
127497,M21 240184 VO P2,45,false,
127498,M21 240185 VO P2,3,false,
127499,M21 240188 VO P2,93,false,
127500,M21 240190 VO P2,250,false,
127501,M21 240191 VO P2,45,false,
127502,M21 240196 VO P2,3,false,
127503,M21 240205 VO P2,49,false,
127504,M21 240208 VO P2,49,false,
127505,M21 240211 VO P2,857,false,
127506,M21 240215 VO P2,1543,false,
127507,M21 240216 VO P2,45,false,
127508,M21 240220 VO P2,424,false,
127509,M21 240221 VO P2,3,false,
127510,M21 240232 VO P2,1534,false,
127511,M21 240235 VO P2,45,false,
127512,M21 240236 VO P2,87,false,
127513,M21 240237 VO P2,3953,false,
127514,M22 240007 VO P2,1,false,
127515,M22 240021 VO P2,45,false,
127516,M22 240023 VO P2,45,false,
127517,M22 240024 VO P2,45,false,
127518,M22 240025 VO P2,57,false,
127519,M22 240029 VO P2,57,false,
127520,M22 240030 VO P2,1,false,
127521,M22 240033 VO P2,1,false,
127522,10646,,false,
127523,10648,,false,
127524,10653,,false,
127525,10674,,false,
127526,10672,,false,
127527,10708,,false,
127528,10712,,false,
127530,476,,false,
127531,478,,false,
127532,483,,false,
127533,491,,false,
127534,499,,false,
127535,505,,false,
127536,514,,false,
127537,517,,false,
127538,518,,false,
127539,526,,false,
127540,529,,false,
127541,531,,false,
127542,532,,false,
127543,534,,false,
127544,535,,false,
127545,536,,false,
127546,545,,false,
127547,566,,false,
127548,578,,false,
127549,579,,false,
127550,580,,false,
127551,581,,false,
127552,583,,false,
127553,584,,false,
127554,585,,false,
127555,588,,false,
127556,593,,false,
127557,594,,false,
127558,599,,false,
127559,603,,false,
127560,604,,false,
127561,613,,false,
127562,615,,false,
127563,621,,false,
127564,624,,false,
127565,640,,false,
127566,641,,false,
127567,644,,false,
127568,648,,false,
127569,649,,false,
127570,650,,false,
127571,652,,false,
127572,655,,false,
127573,660,,false,
127574,663,,false,
127575,665,,false,
127576,667,,false,
127577,668,,false,
127578,669,,false,
127579,672,,false,
127580,675,,false,
127581,678,,false,
127582,680,,false,
127583,689,,false,
127584,690,,false,
127585,692,,false,
127586,695,,false,
127587,696,,false,
127588,697,,false,
127589,700,,false,
127590,717,,false,
127591,719,,false,
127592,721,,false,
127593,723,,false,
127594,726,,false,
127595,729,,false,
127596,734,,false,
127597,737,,false,
127598,739,,false,
127599,742,,false,
127600,743,,false,
127601,744,,false,
127602,745,,false,
127603,746,,false,
127604,748,,false,
127605,751,,false,
127606,752,,false,
127607,756,,false,
127608,762,,false,
127609,764,,false,
127610,770,,false,
127611,774,,false,
127612,775,,false,
127613,776,,false,
127614,778,,false,
127615,783,,false,
127616,787,,false,
127617,790,,false,
127618,791,,false,
127619,793,,false,
127620,798,,false,
127621,800,,false,
127622,802,,false,
127623,824,,false,
127624,826,,false,
127625,828,,false,
127626,831,,false,
127627,832,,false,
127628,833,,false,
127629,834,,false,
127630,836,,false,
127631,837,,false,
127632,839,,false,
127633,842,,false,
127634,16009,,false,
127635,16011,,false,
127636,16014,,false,
127637,16015,,false,
127638,16016,,false,
127639,16034,,false,
127640,16038,,false,
127641,16042,,false,
127642,16043,,false,
127643,16047,,false,
127644,16048,,false,
127645,16049,,false,
127646,16050,,false,
127647,16055,,false,
127648,17002,,false,
127649,17008,,false,
127650,17010,,false,
127651,17013,,false,
127652,17020,,false,
127653,17025,,false,
127654,17052,,false,
127655,18002,,false,
127656,18008,,false,
127657,18009,,false,
127658,18011,,false,
127659,18012,,false,
127660,18016,,false,
127661,18018,,false,
127662,18026,,false,
127663,19005,,false,
127664,19006,,false,
127665,19010,,false,
127666,19014,,false,
127667,19016,,false,
127668,19017,,false,
127669,19019,,false,
127670,19029,,false,
127671,19030,,false,
127672,19034,,false,
127673,19036,,false,
127674,20009,,false,
127675,20013,,false,
127676,20015,,false,
127677,20018,,false,
127678,20022,,false,
127679,20023,,false,
127680,20025,,false,
127681,20102,,false,
127682,20103,,false,
127683,21013,,false,
127684,21018,,false,
127685,21023,,false,
127686,21024,,false,
127687,21028,,false,
127688,21031,,false,
127689,21035,,false,
127690,21037,,false,
127691,ZZ001,,false,
127692,ZZ002,,false,
127693,ZZ003,,false,
127709,10722,,false,
127710,10729,,false,
127711,202244632,,false,
127712,202246582,,false,
127713,10724,,false,
127714,10732,,false,
127715,202245608,,false,
127716,202246073,,false,
127717,N23-0176,,false,
127718,N23-0214,,false,
127719,826,,false,
127720,H09-RESP-006,120,false,
127721,H08-RESP-001,87,false,
127722,H03-RESP-006,77,false,
127723,H03-RESP-007,4347,false,
127724,H03-RESP-008,259,false,
127725,H04-RESP-002,259,false,
127726,H03-RESP-009,259,false,
127727,H04-RESP-003,57,false,
127728,Nmen342,4348,false,
128083,isolate1,,false,
128084,isolate5,,false,
128085,isolate15,,false,
128086,isolate18,,false,
128087,isolate32,,false,
128088,isolate33,,false,
128089,isolate35,,false,
128090,isolate48,,false,
128091,isolate53,,false,
128092,isolate57,,false,
128093,isolate68,,false,
128094,isolate71,,false,
128095,isolate87,,false,
128096,isolate92,,false,
128097,isolate93,,false,
128098,isolate94,,false,
128099,isolate101,,false,
128100,isolate121,,false,
128101,isolate123,,false,
128102,isolate130,,false,
128103,isolate135,,false,
128104,isolate136,,false,
128105,isolate144,,false,
128106,isolate152,,false,
128107,isolate153,,false,
128108,isolate154,,false,
128109,isolate168,,false,
128110,isolate182,,false,
128111,isolate200,,false,
128112,isolate206,,false,
128113,isolate212,,false,
128114,isolate214,,false,
128115,isolate220,,false,
128116,isolate225,,false,
128117,isolate234,,false,
128118,isolate238,,false,
128119,isolate242,,false,
128120,isolate254,,false,
128121,isolate255,,false,
128122,isolate259,,false,
128123,isolate262,,false,
128124,isolate266,,false,
128125,isolate278,,false,
128126,isolate280,,false,
128127,isolate292,,false,
128128,isolate294,,false,
128129,isolate298,,false,
128130,isolate310,,false,
128131,isolate315,,false,
128132,isolate318,,false,
128133,isolate328,,false,
128134,isolate329,,false,
128135,isolate332,,false,
128136,isolate336,,false,
128137,isolate343,,false,
128138,isolate347,,false,
128139,isolate360,,false,
128140,isolate361,,false,
128141,isolate363,,false,
128142,isolate371,,false,
128143,isolate379,,false,
128144,isolate387,,false,
128145,isolate389,,false,
128146,isolate396,,false,
128147,isolate409,,false,
128148,isolate418,,false,
128149,isolate422,,false,
128150,isolate424,,false,
128151,isolate432,,false,
128152,isolate440,,false,
128157,23GB000529,,false,
128161,isolate453,,false,
128162,isolate476,,false,
128163,isolate490,,false,
128164,isolate492,,false,
128165,isolate493,,false,
128166,isolate495,,false,
128167,isolate496,,false,
128168,isolate497,,false,
128177,23-187,424,false,
128178,23-199,45,false,
128187,N23-0218,,false,
128188,N23-0233,,false,
128189,M21 240171 VO P2a,127,false,
128190,M21 240177 VO P2a,65,false,
128191,M21 240179 VO P2a,3,false,
128192,M21 240181 VO P2a,106,false,
128193,M21 240183 VO P2a,396,false,
128194,M21 240184 VO P2a,45,false,
128195,M21 240185 VO P2a,3,false,
128196,M21 240188 VO P2a,93,false,
128197,M21 240190 VO P2a,250,false,
128198,M21 240191 VO P2a,45,false,
128199,M21 240205 VO P2a,49,false,
128200,M21 240208 VO P2a,49,false,
128201,M21 240211 VO P2a,857,false,
128202,M21 240215 VO P2a,1543,false,
128203,M21 240216 VO P2a,45,false,
128204,M21 240220 VO P2a,424,false,
128205,M21 240221 VO P2a,3,false,
128206,M21 240232 VO P2a,1534,false,
128207,M21 240235 VO P2a,45,false,
128208,M21 240236 VO P2a,87,false,
128209,M21 240237 VO P2a,3953,false,
128210,M22 240007 VO P2a,1,false,
128211,M22 240021 VO P2a,45,false,
128212,M22 240023 VO P2a,45,false,
128213,M22 240024 VO P2a,45,false,
128214,M22 240025 VO P2a,57,false,
128215,M22 240029 VO P2a,57,false,
128216,M22 240030 VO P2a,1,false,
128217,M22 240033 VO P2a,1,false,
128218,23ME000007,,false,
128260,NME15-007,407,false,
128261,NME15-010,93,false,
128262,NME15-013,2427,false,
128263,H15-EMI-018,150,false,
128264,H15-EMI-019,62,false,
128265,H15-EMI-020,4353,false,
128266,H15-EMI-021,1,false,
128267,H02-EMI-001,102,false,
128268,EPD011,4108,false,
128269,EPD012,1730,false,
128270,EPD026,62,false,
128271,EPD029,65,false,
128272,EPD047,738,false,
128273,Nmen1,68,false,
128274,Nmen155,2291,false,
128275,Nmen158,77,false,
128276,Nmen311,9,false,
128277,Nmen312,1730,false,
128278,Nmen318,766,false,
128279,Nmen325,1,false,
128280,Nmen328,2898,false,
128281,Nmen329,93,false,
128282,H07-RESP-006,62,false,
128283,H07-RESP-007,407,false,
128284,H07-RESP-008,4354,false,
128285,H07-RESP-009,4355,false,
128286,H07-RESP-010,2003,false,
128287,H07-RESP-011,1781,false,
128288,H07-RESP-012,961,false,
128289,H07-RESP-013,981,false,
128290,H07-RESP-014,,false,
128291,H07-RESP-015,396,false,
128292,H07-RESP-016,4108,false,
128293,H07-RESP-017,407,false,
128294,H07-RESP-018,765,false,
128295,H07-RESP-019,3474,false,
128296,H07-RESP-020,5160,false,
128297,H07-RESP-021,396,false,
128298,H07-RESP-022,407,false,
128299,H03-RESP-013,805,false,
128300,H03-RESP-014,87,false,
128301,H03-RESP-015,45,false,
128302,H03-RESP-016,9,false,
128303,H03-RESP-017,3,false,
128304,H03-RESP-018,4356,false,
128305,H15-RESP-010,9,false,
128306,H15-RESP-011,87,false,
128307,H15-RESP-012,3,false,
128308,H15-RESP-013,87,false,
128309,NME15-009,65,false,
128310,Nmiss3416,,false,
128311,H10-EMI-004,1,false,
128312,H10-EMI-005,4357,false,
128313,H10-EMI-006,1,false,
128314,H10-EMI-009,4358,false,
128315,H10-EMI-012,1,false,
128316,H10-EMI-013,1,false,
128333,202247423,,false,
128334,10738,,false,
128335,202248268,,false,
128336,10742,,false,
128337,10741,,false,
128338,10743,,false,
128339,10755,,false,
128340,10759,,false,
128341,10772,,false,
128342,202250672,,false,
128343,10781,,false,
128344,10797,,false,
128345,202248913,,false,
128346,65031,,false,
128347,65032,,false,
128348,65033,,false,
128349,65050,,false,
128350,65053,,false,
128351,65058,,false,
128352,65066,,false,
128353,65073,,false,
128354,65074,,false,
128355,65083,,false,
128356,65087,,false,
128357,65090,,false,
128358,65091,,false,
128359,65093,,false,
128360,65102,,false,
128361,65103,,false,
128362,65105,,false,
128363,65109,,false,
128364,65111,,false,
128365,65112,,false,
128366,65115,,false,
128367,65097,,false,
128368,Ng_ISS_5146,,false,
128369,Ng_ISS_5151,,false,
128370,Ng_ISS_5156,,false,
128371,Ng_ISS_5163,,false,
128372,Ng_ISS_5165,,false,
128373,Ng_ISS_5187,,false,
128374,Ng_ISS_5194,,false,
128375,Ng_ISS_5197,,false,
128376,Ng_ISS_5201,,false,
128377,Ng_ISS_5246,,false,
128378,Ng_ISS_5214,,false,
128379,0026/02,3,false,
128380,0051/02,2,false,
128381,0060/02,2,false,
128382,0061/02,,false,
128383,0095/02,2,false,
128384,0096/02,2,false,
128385,0101/02,87,false,
128386,0127/02,978,false,
128387,0128/02,978,false,
128388,0130/02,9,false,
128389,0131/02,9,false,
128390,0132/02,9,false,
128391,0134/02,690,false,
128392,0135/02,9,false,
128393,0136/02,690,false,
128394,0151/02,428,false,
128395,0152/02,428,false,
128396,0179/02,311,false,
128397,0187/02,3,false,
128398,0189/02,87,false,
128399,0194/02,87,false,
128400,0195/02,57,false,
128401,0196/02,,false,
128402,0197/02,120,false,
128403,0199/02,119,false,
128404,0200/02,119,false,
128405,0026/03,4360,false,
128406,0129/03,,false,
128407,0130/03,68,false,
128408,0174/03,460,false,
128409,0007/04,49,false,
128410,0009/04,49,false,
128411,0025/04,4361,false,
128412,0027/04,4361,false,
128413,0028/04,,false,
128414,0051/04,67,false,
128415,0053/04,49,false,
128416,0054/04,49,false,
128417,0062/04,2,false,
128418,0067/04,45,false,
128419,0070/04,4362,false,
128420,0074/04,2,false,
128421,0088/04,2,false,
128422,0092/04,2,false,
128423,0093/04,2,false,
128424,0096/04,3,false,
128425,0098/04,28,false,
128426,0100/04,28,false,
128427,0109/04,615,false,
128428,0112/04,49,false,
128429,0134/04,2,false,
128430,0141/04,2,false,
128431,0149/04,3,false,
128432,0150/04,3,false,
128433,0160/04,615,false,
128434,0161/04,615,false,
128435,0164/04,428,false,
128436,0174/04,428,false,
128437,0175/04,428,false,
128438,0176/04,428,false,
128439,0185/04,2,false,
128440,0186/04,2,false,
128441,0268/04,24,false,
128442,0281/04,2,false,
128443,0284/04,2,false,
128444,0295/04,220,false,
128445,0296/04,220,false,
128446,0086/05,57,false,
128447,0087/05,57,false,
128448,0151/05,,false,
128449,0173/05,2,false,
128450,0330/05,49,false,
128451,0334/05,49,false,
128452,0029/06,4363,false,
128453,0030/06,4363,false,
128454,0069/06,3,false,
128455,0070/06,3,false,
128456,0071/06,2,false,
128457,0072/06,2,false,
128458,0075/06,2,false,
128459,0082/06,3,false,
128460,0083/06,3,false,
128461,0084/06,43,false,
128462,0085/06,43,false,
128463,0087/06,49,false,
128464,0088/06,49,false,
128465,0094/06,49,false,
128466,0095/06,49,false,
128467,0147/06,49,false,
128468,0148/06,119,false,
128469,0152/06,3,false,
128470,0161/06,87,false,
128471,0162/06,87,false,
128472,0058/07,3668,false,
128473,0065/07,3668,false,
128474,0122/07,428,false,
128475,0183/07,3409,false,
128476,0064/08,57,false,
128477,0069/08,3,false,
128478,0135/08,87,false,
128479,0176/08,45,false,
128480,0202/08,45,false,
128481,0012/09,93,false,
128482,0041/09,57,false,
128483,0044/09,57,false,
128484,0046/09,,false,
128485,0054/09,428,false,
128486,0069/09,428,false,
128487,0084/09,288,false,
128488,0022/10,3,false,
128489,0010/12,,false,
128490,0057/12,104,false,
128491,0062/12,104,false,
128492,0031/13,62,false,
128493,0011/21,124,false,
128494,0021/21,49,false,
128495,0022/21,49,false,
128496,0032/21,87,false,
128497,0035/21,3,false,
128503,M21 240171 ShSp P2a,127,false,
128504,M21 240177 ShSp P2a,65,false,
128505,M21 240179 ShSp P2a,3,false,
128506,M21 240181 ShSp P2a,106,false,
128507,M21 240183 ShSp P2a,396,false,
128508,M21 240184 ShSp P2a,45,false,
128509,M21 240185 ShSp P2a,3,false,
128510,M21 240188 ShSp P2a,93,false,
128511,M21 240190 ShSp P2a,250,false,
128512,M21 240191 ShSp P2a,45,false,
128513,M21 240205 ShSp P2a,49,false,
128514,M21 240208 ShSp P2a,49,false,
128515,M21 240211 ShSp P2a,857,false,
128516,M21 240215 ShSp P2a,1543,false,
128517,M21 240216 ShSp P2a,45,false,
128518,M21 240220 ShSp P2a,424,false,
128519,M21 240221 ShSp P2a,3,false,
128520,M21 240232 ShSp P2a,1534,false,
128521,M21 240235 ShSp P2a,45,false,
128522,M21 240236 ShSp P2a,87,false,
128523,M21 240237 ShSp P2a,3953,false,
128524,M22 240007 ShSp P2a,1,false,
128525,M22 240021 ShSp P2a,45,false,
128526,M22 240023 ShSp P2a,45,false,
128527,M22 240024 ShSp P2a,45,false,
128528,M22 240025 ShSp P2a,57,false,
128529,M22 240029 ShSp P2a,57,false,
128530,M22 240030 ShSp P2a,1,false,
128531,M22 240033 ShSp P2a,1,false,
128532,65116,,false,
128533,65119,,false,
128534,65121,,false,
128535,65146,,false,
128536,65149,,false,
128537,65181,,false,
128538,65192,,false,
128539,H04-GEN-001,1156,false,
128540,H04-GEN-002,262,false,
128541,H10-GEN-001,2751,false,
128542,23-127,,false,
128543,NM177,,false,
128544,NM181,,false,
128545,NIID844,,false,
128556,NG-529B (23C0246529),,false,
128575,65162,,false,
128576,65196,,false,
128577,M58568,,false,
128578,253-1,,false,
128579,281-3,,false,
128580,295-2,,false,
128581,402-2,,false,
128582,409-1,,false,
128584,65295,,false,
128585,65296,,false,
128586,65317,,false,
128587,65320,,false,
128588,65324,,false,
128589,65330,,false,
128590,65331,,false,
128591,65332,,false,
128592,65334,,false,
128593,65337,,false,
128594,65489,,false,
128595,65622,,false,
128596,65624,,false,
128683,114793,62,false,
128684,CM643,,false,
128685,CM766,,false,
128686,CM672,,false,
128687,2309000355,2911,false,
128689,H15-EMI-022,62,false,
128690,H15-EMI-023,87,false,
128691,H15-GEN-001,979,false,
128692,H07-RESP-023,1781,false,
128693,ECDC_ES18_8228,16,false,
128694,ECDC_ES18_8232,3353,false,
128695,ECDC_ES18_8233,1122,false,
128696,ECDC_ES18_8234,16,false,
128697,ECDC_ES18_8235,367,false,
128698,ECDC_ES18_8236,18,false,
128699,ECDC_ES18_8237,16,false,
128700,ECDC_ES18_8238,18,false,
128701,ECDC_ES18_8239,654,false,
128702,ECDC_ES18_8240,3965,false,
128703,ECDC_ES18_8241,1122,false,
128704,ECDC_ES18_8242,3353,false,
128705,ECDC_ES18_8243,367,false,
128706,ECDC_ES18_8244,4368,false,
128707,ECDC_ES18_8245,18,false,
128708,ECDC_ES18_8246,1122,false,
128709,ECDC_ES18_8247,654,false,
128710,ECDC_ES18_8248,654,false,
128711,ECDC_ES18_8249,22,false,
128712,ECDC_ES18_8250,367,false,
128713,ECDC_ES18_8251,367,false,
128714,ECDC_ES18_8252,1006,false,
128715,ECDC_ES18_8253,1006,false,
128716,ECDC_ES18_8254,3353,false,
128717,ECDC_ES18_8255,373,false,
128718,ECDC_ES18_8256,1006,false,
128719,ECDC_ES18_8257,367,false,
128720,ECDC_ES18_8258,18,false,
128721,ECDC_ES18_8259,627,false,
128722,ECDC_ES18_8260,654,false,
128723,ECDC_ES18_8261,841,false,
128724,ECDC_ES18_8262,367,false,
128725,ECDC_ES18_8263,3353,false,
128726,ECDC_ES18_8269,1122,false,
128727,ECDC_ES18_8270,16,false,
128728,ECDC_ES18_8271,1943,false,
128729,ECDC_ES18_8272,18,false,
128730,ECDC_ES18_8274,1122,false,
128731,ECDC_ES18_8275,,false,
128732,ECDC_SE18_001,1006,false,
128733,ECDC_ES18_8277,18,false,
128734,ECDC_ES18_8278,654,false,
128735,ECDC_ES18_8279,18,false,
128736,ECDC_ES18_8280,16,false,
128737,ECDC_ES18_8281,367,false,
128738,ECDC_ES18_8282,628,false,
128739,ECDC_ES18_8283,367,false,
128740,ECDC_ES18_8284,3353,false,
128741,ECDC_ES18_8285,654,false,
128742,ECDC_ES18_8286,3353,false,
128743,ECDC_ES18_8287,1122,false,
128744,ECDC_ES18_8288,16,false,
128745,ECDC_ES18_8289,367,false,
128746,ECDC_ES18_8290,16,false,
128747,ECDC_ES18_8291,627,false,
128748,ECDC_ES18_8293,841,false,
128749,ECDC_ES18_8294,16,false,
128750,ECDC_ES18_8295,3353,false,
128751,ECDC_ES18_8298,367,false,
128752,ECDC_ES18_8302,16,false,
128753,ECDC_ES18_8303,369,false,
128754,ECDC_ES18_8304,1122,false,
128755,ECDC_ES18_8305,1122,false,
128756,ECDC_ES18_8306,3353,false,
128757,ECDC_ES18_8307,18,false,
128758,ECDC_ES18_8308,627,false,
128759,ECDC_ES18_8313,18,false,
128760,ECDC_ES18_8314,16,false,
128761,ECDC_ES18_8315,16,false,
128762,ECDC_ES18_8316,3353,false,
128763,ECDC_ES18_8326,18,false,
128764,ECDC_ES18_8327,18,false,
128765,ECDC_ES18_8329,16,false,
128766,ECDC_ES18_8330,3276,false,
128767,ECDC_ES18_8331,3353,false,
128768,ECDC_ES18_8332,3353,false,
128769,ECDC_ES18_8333,654,false,
128770,ECDC_ES18_8334,22,false,
128771,ECDC_ES18_8335,367,false,
128772,ECDC_ES18_8336,1006,false,
128773,ECDC_ES18_8337,18,false,
128774,ECDC_ES18_8345,654,false,
128775,ECDC_ES18_8346,18,false,
128776,ECDC_ES18_8347,18,false,
128777,ECDC_ES18_8348,369,false,
128778,ECDC_ES18_8350,654,false,
128779,ECDC_ES18_8351,1122,false,
128780,ECDC_ES18_8353,16,false,
128781,ECDC_ES18_8354,16,false,
128782,ECDC_SE18_002,22,false,
128783,ECDC_SE18_003,666,false,
128784,ECDC_ES18_8358,367,false,
128785,ECDC_ES18_8359,367,false,
128786,ECDC_ES18_8361,18,false,
128787,ECDC_ES18_8366,16,false,
128788,ECDC_ES18_8227,1122,false,
128789,ECDC_ES18_8367,367,false,
128790,ECDC_SE18_004,16,false,
128791,ECDC_ES18_8369,654,false,
128792,ECDC_ES18_8370,367,false,
128793,ECDC_ES18_8371,2813,false,
128794,ECDC_ES18_8372,4369,false,
128795,ECDC_ES18_8373,3353,false,
128796,ECDC_ES18_8374,3353,false,
128797,ECDC_ES18_8376,1006,false,
128798,ECDC_ES18_8377,1006,false,
128799,ECDC_ES18_8378,18,false,
128800,ECDC_ES18_8379,18,false,
128801,ECDC_ES18_8380,654,false,
128802,ECDC_ES18_8321,627,false,
128803,ECDC_ES18_8382,1122,false,
128804,ECDC_ES18_8383,1122,false,
128805,ECDC_ES18_8384,627,false,
128806,ECDC_ES18_8385,367,false,
128807,ECDC_ES18_8386,2813,false,
128808,ECDC_ES18_8387,627,false,
128809,ECDC_ES18_8388,18,false,
128810,ECDC_ES18_8389,18,false,
128811,ECDC_ES18_8390,373,false,
128812,ECDC_ES18_8391,3353,false,
128813,ECDC_ES18_8392,654,false,
128814,ECDC_ES18_8393,22,false,
128815,ECDC_ES18_8394,373,false,
128816,ECDC_ES18_8396,1006,false,
128817,ECDC_ES18_8397,3353,false,
128818,ECDC_ES18_8398,16,false,
128819,ECDC_ES18_8399,3353,false,
128820,ECDC_ES18_8405,18,false,
128821,ECDC_ES18_8406,654,false,
128822,ECDC_ES18_8407,22,false,
128823,ECDC_SE18_006,18,false,
128824,ECDC_ES18_8409,1006,false,
128825,ECDC_ES18_8410,3353,false,
128826,ECDC_ES18_8411,4330,false,
128827,ECDC_ES18_8412,3353,false,
128828,ECDC_ES18_8414,18,false,
128829,ECDC_ES18_8415,373,false,
128830,ECDC_ES18_8416,18,false,
128831,ECDC_ES18_8417,18,false,
128832,ECDC_ES18_8418,18,false,
128833,ECDC_SE18_007,16,false,
128834,ECDC_ES18_8421,18,false,
128835,ECDC_ES18_8422,367,false,
128836,ECDC_ES18_8423,16,false,
128837,ECDC_ES18_8425,1006,false,
128838,ECDC_ES18_8428,3353,false,
128839,ECDC_ES18_8429,654,false,
128840,ECDC_ES18_8430,,false,
128841,ECDC_ES18_8431,367,false,
128842,ECDC_ES18_8433,3353,false,
128843,ECDC_ES18_8434,1006,false,
128844,ECDC_ES18_8447,3353,false,
128845,ECDC_ES18_8448,4370,false,
128846,ECDC_PT18_386,636,false,
128847,ECDC_PT18_387,18,false,
128848,ECDC_PT18_388,654,false,
128849,ECDC_PT18_389,636,false,
128850,ECDC_PT18_390,367,false,
128851,ECDC_PT18_391,367,false,
128852,ECDC_PT18_392,2379,false,
128853,ECDC_PT18_393,4371,false,
128854,ECDC_ES18_8435,3353,false,
128855,ECDC_ES18_8436,18,false,
128856,ECDC_ES18_8437,367,false,
128857,ECDC_ES18_8439,3353,false,
128858,ECDC_ES18_8440,1122,false,
128859,ECDC_ES18_8441,1122,false,
128860,ECDC_ES18_8442,1122,false,
128861,ECDC_PT18_395,367,false,
128862,ECDC_PT18_396,367,false,
128863,ECDC_PT18_397,367,false,
128864,ECDC_PT18_398,367,false,
128865,ECDC_PT18_399,22,false,
128866,ECDC_PT18_400,636,false,
128867,ECDC_PT18_401,18,false,
128868,ECDC_PT18_402,367,false,
128869,ECDC_PT18_403,367,false,
128870,ECDC_PT18_404,,false,
128871,ECDC_PT18_405,636,false,
128872,ECDC_PT18_406,373,false,
128873,ECDC_PT18_408,4372,false,
128874,ECDC_PT18_409,367,false,
128875,ECDC_PT18_410,1006,false,
128876,ECDC_PT18_411,16,false,
128877,ECDC_PT18_412,367,false,
128878,ECDC_PT18_413,373,false,
128879,ECDC_PT18_414,654,false,
128880,ECDC_PT18_415,367,false,
128881,ECDC_PT18_416,367,false,
128882,ECDC_PT18_418,4373,false,
128883,ECDC_PT18_419,636,false,
128884,ECDC_PT18_420,18,false,
128885,ECDC_PT18_421,666,false,
128886,ECDC_PT18_422,,false,
128887,ECDC_PT18_423,18,false,
128888,ECDC_PT18_424,636,false,
128889,ECDC_PT18_425,373,false,
128890,ECDC_PT18_426,18,false,
128891,ECDC_PT18_427,18,false,
128892,ECDC_PT18_428,16,false,
128893,ECDC_PT18_429,3354,false,
128894,ECDC_PT18_430,627,false,
128895,ECDC_PT18_431,18,false,
128896,ECDC_PT18_432,367,false,
128897,ECDC_PT18_433,367,false,
128898,ECDC_PT18_434,367,false,
128899,ECDC_PT18_435,18,false,
128900,ECDC_PT18_436,367,false,
128901,ECDC_PT18_437,367,false,
128902,ECDC_PT18_438,3353,false,
128903,ECDC_PT18_439,4005,false,
128904,ECDC_PT18_440,636,false,
128905,ECDC_PT18_441,636,false,
128906,ECDC_PT18_442,373,false,
128907,ECDC_PT18_443,18,false,
128908,ECDC_PT18_448,16,false,
128909,ECDC_PT18_449,367,false,
128910,ECDC_PT18_450,18,false,
128911,ECDC_PT18_451,654,false,
128912,ECDC_PT18_452,636,false,
128913,ECDC_PT18_453,4005,false,
128914,ECDC_PT18_454,367,false,
128915,ECDC_PT18_455,367,false,
128916,ECDC_PT18_456,367,false,
128917,ECDC_PT18_457,18,false,
128918,ECDC_PT18_458,668,false,
128919,ECDC_PT18_459,636,false,
128920,ECDC_PT18_460,367,false,
128921,ECDC_PT18_461,367,false,
128922,ECDC_PT18_462,654,false,
128923,ECDC_PT18_463,378,false,
128924,ECDC_PT18_464,18,false,
128925,ECDC_PT18_465,367,false,
128926,ECDC_PT18_466,666,false,
128927,ECDC_PT18_467,636,false,
128928,ECDC_PT18_468,367,false,
128929,ECDC_PT18_469,1006,false,
128930,ECDC_PT18_470,367,false,
128931,ECDC_PT18_471,367,false,
128932,ECDC_PT18_472,367,false,
128933,ECDC_PT18_473,18,false,
128934,ECDC_PT18_474,4374,false,
128935,ECDC_PT18_475,18,false,
128936,ECDC_PT18_476,367,false,
128937,ECDC_PT18_477,373,false,
128938,ECDC_PT18_478,16,false,
128939,ECDC_PT18_479,3353,false,
128940,ECDC_PT18_480,4372,false,
128941,ECDC_PT18_481,22,false,
128942,ECDC_PT18_482,3353,false,
128943,ECDC_PT18_484,654,false,
128944,ECDC_PT18_485,3353,false,
128945,ECDC_GR18_001,1006,false,
128946,ECDC_GR18_002,1006,false,
128947,ECDC_GR18_003,666,false,
128948,ECDC_GR18_004,18,false,
128949,ECDC_GR18_006,636,false,
128950,ECDC_GR18_007,367,false,
128951,ECDC_GR18_008,1006,false,
128952,ECDC_GR18_009,1006,false,
128953,ECDC_GR18_010,18,false,
128954,ECDC_GR18_015,367,false,
128955,ECDC_GR18_016,4375,false,
128956,ECDC_GR18_017,1006,false,
128957,ECDC_GR18_018,666,false,
128958,ECDC_GR18_019,654,false,
128959,ECDC_GR18_020,1006,false,
128960,ECDC_GR18_021,18,false,
128961,ECDC_GR18_022,3354,false,
128962,ECDC_GR18_023,18,false,
128963,ECDC_GR18_024,1006,false,
128964,ECDC_GR18_025,18,false,
128965,ECDC_GR18_026,18,false,
128966,ECDC_GR18_027,378,false,
128967,ECDC_GR18_028,16,false,
128968,ECDC_GR18_029,666,false,
128969,ECDC_GR18_030,18,false,
128970,ECDC_GR18_031,654,false,
128971,ECDC_GR18_033,1006,false,
128972,ECDC_GR18_034,666,false,
128973,ECDC_GR18_035,16,false,
128974,ECDC_GR18_036,4375,false,
128975,ECDC_GR18_037,16,false,
128976,ECDC_GR18_038,378,false,
128977,ECDC_GR18_039,3354,false,
128978,ECDC_GR18_040,3354,false,
128979,ECDC_GR18_041,378,false,
128980,ECDC_GR18_042,1006,false,
128981,ECDC_GR18_043,16,false,
128982,ECDC_GR18_044,16,false,
128983,ECDC_GR18_045,378,false,
128984,ECDC_GR18_046,16,false,
128985,ECDC_GR18_047,21,false,
128986,ECDC_GR18_048,367,false,
128987,ECDC_GR18_049,654,false,
128988,ECDC_GR18_050,654,false,
128989,ECDC_GR18_051,3354,false,
128990,ECDC_GR18_052,3353,false,
128991,ECDC_GR18_054,21,false,
128992,ECDC_GR18_058,378,false,
128993,ECDC_GR18_060,18,false,
128994,ECDC_GR18_061,367,false,
128995,ECDC_GR18_062,367,false,
128996,ECDC_GR18_063,654,false,
128997,ECDC_GR18_064,16,false,
128998,ECDC_GR18_065,367,false,
128999,ECDC_GR18_066,3354,false,
129000,ECDC_GR18_067,16,false,
129001,ECDC_GR18_068,367,false,
129002,ECDC_GR18_069,3353,false,
129003,ECDC_GR18_070,16,false,
129004,ECDC_GR18_071,4376,false,
129005,ECDC_GR18_072,21,false,
129006,ECDC_GR18_073,3353,false,
129007,ECDC_GR18_074,3353,false,
129008,ECDC_GR18_075,367,false,
129009,ECDC_GR18_076,18,false,
129010,ECDC_GR18_077,367,false,
129011,ECDC_GR18_078,654,false,
129012,ECDC_GR18_079,654,false,
129013,ECDC_GR18_082,21,false,
129014,ECDC_GR18_083,654,false,
129015,ECDC_CY18_M418,18,false,
129016,ECDC_CY18_M4153,16,false,
129017,ECDC_CY18_M5679,16,false,
129018,ECDC_CY18_M5883,636,false,
129019,ECDC_DK18_710,632,false,
129020,ECDC_DK18_711,367,false,
129021,ECDC_DK18_712,628,false,
129022,ECDC_DK18_714,3353,false,
129023,ECDC_DK18_715,16,false,
129024,ECDC_DK18_716,628,false,
129025,ECDC_DK18_717,654,false,
129026,ECDC_SE18_030,378,false,
129027,ECDC_DK18_719,632,false,
129028,ECDC_DK18_720,367,false,
129029,ECDC_DK18_722,367,false,
129030,ECDC_DK18_723,1122,false,
129031,ECDC_DK18_724,1122,false,
129032,ECDC_DK18_725,632,false,
129033,ECDC_DK18_726,16,false,
129034,ECDC_DK18_727,632,false,
129035,ECDC_DK18_728,632,false,
129036,ECDC_DK18_729,632,false,
129037,ECDC_DK18_730,2813,false,
129038,ECDC_DK18_735,632,false,
129039,ECDC_DK18_736,632,false,
129040,ECDC_DK18_737,16,false,
129041,ECDC_DK18_738,373,false,
129042,ECDC_DK18_739,3353,false,
129043,ECDC_DK18_740,632,false,
129044,ECDC_DK18_713,628,false,
129045,ECDC_DK18_742,367,false,
129046,ECDC_DK18_743,21,false,
129047,ECDC_DK18_744,632,false,
129048,ECDC_DK18_745,632,false,
129049,ECDC_DK18_746,367,false,
129050,ECDC_DK18_747,16,false,
129051,ECDC_DK18_748,1006,false,
129052,ECDC_DK18_749,367,false,
129053,ECDC_DK18_750,632,false,
129054,ECDC_DK18_751,632,false,
129055,ECDC_DK18_752,632,false,
129056,ECDC_DK18_753,632,false,
129057,ECDC_DK18_754,632,false,
129058,ECDC_DK18_755,3353,false,
129059,ECDC_DK18_756,3353,false,
129060,ECDC_DK18_757,632,false,
129061,ECDC_DK18_758,636,false,
129062,ECDC_DK18_759,632,false,
129063,ECDC_DK18_760,18,false,
129064,ECDC_DK18_761,16,false,
129065,ECDC_DK18_762,3353,false,
129066,ECDC_DK18_763,18,false,
129067,ECDC_DK18_764,373,false,
129068,ECDC_DK18_780,628,false,
129069,ECDC_DK18_781,632,false,
129070,ECDC_DK18_782,628,false,
129071,ECDC_DK18_783,367,false,
129072,ECDC_DK18_784,627,false,
129073,ECDC_DK18_785,18,false,
129074,ECDC_DK18_786,367,false,
129075,ECDC_DK18_787,367,false,
129076,ECDC_DK18_766,654,false,
129077,ECDC_DK18_767,367,false,
129078,ECDC_DK18_768,18,false,
129079,ECDC_DK18_769,16,false,
129080,ECDC_DK18_770,16,false,
129081,ECDC_SE18_031,632,false,
129082,ECDC_DK18_772,632,false,
129083,ECDC_DK18_773,18,false,
129084,ECDC_DK18_774,632,false,
129085,ECDC_DK18_788,632,false,
129086,ECDC_DK18_790,18,false,
129087,ECDC_DK18_791,632,false,
129088,ECDC_DK18_792,3353,false,
129089,ECDC_DK18_793,3353,false,
129090,ECDC_DK18_794,632,false,
129091,ECDC_DK18_795,367,false,
129092,ECDC_DK18_796,367,false,
129093,ECDC_DK18_797,632,false,
129094,ECDC_DK18_800,18,false,
129095,ECDC_DK18_801,632,false,
129096,ECDC_DK18_802,632,false,
129097,ECDC_DK18_803,1122,false,
129098,ECDC_DK18_804,16,false,
129099,ECDC_DK18_805,654,false,
129100,ECDC_DK18_806,654,false,
129101,ECDC_DK18_808,16,false,
129102,ECDC_DK18_809,636,false,
129103,ECDC_DK18_810,16,false,
129104,ECDC_DK18_812,367,false,
129105,ECDC_DK18_815,16,false,
129106,ECDC_DK18_816,632,false,
129107,ECDC_DK18_817,2813,false,
129108,ECDC_DK18_818,632,false,
129109,ECDC_DK18_819,1122,false,
129110,ECDC_AT18_980245,18,false,
129111,ECDC_SE18_008,18,false,
129112,ECDC_AT18_980247,367,false,
129113,ECDC_AT18_980248,18,false,
129114,ECDC_AT18_980249,16,false,
129115,ECDC_SE18_009,1006,false,
129116,ECDC_AT18_980253,367,false,
129117,ECDC_AT18_980251,4377,false,
129118,ECDC_AT18_980252,16,false,
129119,ECDC_AT18_980254,627,false,
129120,ECDC_AT18_980255,627,false,
129121,ECDC_AT18_980256,627,false,
129122,ECDC_AT18_980257,1006,false,
129123,ECDC_AT18_980321,367,false,
129124,ECDC_AT18_980233,1122,false,
129125,ECDC_SE18_010,16,false,
129126,ECDC_AT18_980323,16,false,
129127,ECDC_AT18_980324,1006,false,
129128,ECDC_AT18_980328,1122,false,
129129,ECDC_AT18_980329,367,false,
129130,ECDC_AT18_980331,627,false,
129131,ECDC_AT18_980332,16,false,
129132,ECDC_AT18_980272,367,false,
129133,ECDC_SE18_011,378,false,
129134,ECDC_SE18_012,1122,false,
129135,ECDC_AT18_980278,16,false,
129136,ECDC_AT18_980281,1122,false,
129137,ECDC_SE18_013,1006,false,
129138,ECDC_AT18_980335,1122,false,
129139,ECDC_AT18_980336,654,false,
129140,ECDC_AT18_980337,1122,false,
129141,ECDC_AT18_980338,18,false,
129142,ECDC_AT18_980290,636,false,
129143,ECDC_AT18_980339,1122,false,
129144,ECDC_AT18_980340,16,false,
129145,ECDC_AT18_980295,1122,false,
129146,ECDC_SE18_014,378,false,
129147,ECDC_AT18_980406,1122,false,
129148,ECDC_AT18_980407,16,false,
129149,ECDC_AT18_980408,1006,false,
129150,ECDC_SE18_015,16,false,
129151,ECDC_SE18_016,18,false,
129152,ECDC_SE18_017,654,false,
129153,ECDC_AT18_980412,18,false,
129154,ECDC_AT18_980311,627,false,
129155,ECDC_AT18_980413,4378,false,
129156,ECDC_SE18_018,4379,false,
129157,ECDC_AT18_980415,627,false,
129158,ECDC_AT18_980416,367,false,
129159,ECDC_AT18_980417,1122,false,
129160,ECDC_AT18_980348,18,false,
129161,ECDC_AT18_980418,627,false,
129162,ECDC_AT18_980419,367,false,
129163,ECDC_AT18_980352,18,false,
129164,ECDC_AT18_980353,367,false,
129165,ECDC_AT18_980361,16,false,
129166,ECDC_AT18_980452,16,false,
129167,ECDC_AT18_980367,1122,false,
129168,ECDC_AT18_980453,654,false,
129169,ECDC_AT18_980454,654,false,
129170,ECDC_AT18_980374,367,false,
129171,ECDC_AT18_980380,18,false,
129172,ECDC_AT18_980455,4327,false,
129173,ECDC_AT18_980456,367,false,
129174,ECDC_AT18_980457,367,false,
129175,ECDC_AT18_980460,18,false,
129176,ECDC_AT18_980459,367,false,
129177,ECDC_AT18_980461,367,false,
129178,ECDC_AT18_980389,16,false,
129179,ECDC_AT18_980462,654,false,
129180,ECDC_AT18_980400,16,false,
129181,ECDC_AT18_980466,18,false,
129182,ECDC_AT18_980434,367,false,
129183,ECDC_SE18_019,632,false,
129184,ECDC_AT18_980544,18,false,
129185,ECDC_AT18_980445,16,false,
129186,ECDC_AT18_980543,1006,false,
129187,ECDC_AT18_980545,367,false,
129188,ECDC_AT18_980546,16,false,
129189,ECDC_AT18_980547,367,false,
129190,ECDC_AT18_980472,16,false,
129191,ECDC_AT18_980548,654,false,
129192,ECDC_AT18_980476,367,false,
129193,ECDC_AT18_980549,1122,false,
129194,ECDC_AT18_980550,3353,false,
129195,ECDC_AT18_980551,18,false,
129196,ECDC_AT18_980552,3353,false,
129197,ECDC_AT18_980484,1122,false,
129198,ECDC_AT18_980489,1122,false,
129199,ECDC_AT18_980553,367,false,
129200,ECDC_AT18_980554,367,false,
129201,ECDC_AT18_980555,628,false,
129202,ECDC_AT18_980556,1122,false,
129203,ECDC_AT18_980503,1122,false,
129204,ECDC_AT18_980497,16,false,
129205,ECDC_AT18_980557,654,false,
129206,ECDC_AT18_980575,1006,false,
129207,ECDC_AT18_980576,654,false,
129208,ECDC_AT18_980518,367,false,
129209,ECDC_AT18_980577,18,false,
129210,ECDC_AT18_980519,16,false,
129211,ECDC_AT18_980578,654,false,
129212,ECDC_AT18_980579,3353,false,
129213,ECDC_AT18_980533,3353,false,
129214,ECDC_AT18_980580,16,false,
129215,ECDC_AT18_980541,22,false,
129216,ECDC_AT18_980581,4380,false,
129217,ECDC_AT18_980582,18,false,
129218,ECDC_AT18_980583,367,false,
129219,ECDC_AT18_980584,3357,false,
129220,ECDC_AT18_980585,654,false,
129221,ECDC_AT18_980586,18,false,
129222,ECDC_AT18_980587,367,false,
129223,ECDC_AT18_980588,3353,false,
129224,ECDC_AT18_980589,654,false,
129225,ECDC_AT18_980635,3353,false,
129226,ECDC_AT18_980636,367,false,
129227,ECDC_AT18_980637,3353,false,
129228,ECDC_AT18_980638,3353,false,
129229,ECDC_AT18_980592,367,false,
129230,ECDC_AT18_980640,16,false,
129231,ECDC_AT18_980641,3353,false,
129232,ECDC_AT18_980642,16,false,
129233,ECDC_SE18_021,367,false,
129234,ECDC_AT18_980648,4381,false,
129235,ECDC_SE18_022,4379,false,
129236,ECDC_AT18_980613,627,false,
129237,ECDC_AT18_980647,1122,false,
129238,ECDC_AT18_980751,3353,false,
129239,ECDC_AT18_980755,3353,false,
129240,ECDC_AT18_980752,4382,false,
129241,ECDC_AT18_980631,628,false,
129242,ECDC_AT18_980628,22,false,
129243,ECDC_AT18_980753,4382,false,
129244,ECDC_AT18_980754,654,false,
129245,ECDC_SE18_023,654,false,
129246,ECDC_AT18_980757,367,false,
129247,ECDC_AT18_980758,16,false,
129248,ECDC_AT18_980759,1122,false,
129249,ECDC_AT18_980659,3353,false,
129250,ECDC_AT18_980662,18,false,
129251,ECDC_AT18_980683,628,false,
129252,ECDC_AT18_980760,16,false,
129253,ECDC_AT18_980761,3353,false,
129254,ECDC_AT18_980762,3353,false,
129255,ECDC_AT18_980694,16,false,
129256,ECDC_AT18_980700,3353,false,
129257,ECDC_AT18_980703,367,false,
129258,ECDC_AT18_980763,1006,false,
129259,ECDC_AT18_980764,16,false,
129260,ECDC_AT18_980722,3353,false,
129261,ECDC_AT18_980729,367,false,
129262,ECDC_AT18_980805,373,false,
129263,ECDC_AT18_980806,3353,false,
129264,ECDC_AT18_980738,16,false,
129265,ECDC_AT18_980807,3353,false,
129266,ECDC_AT18_980808,3353,false,
129267,ECDC_AT18_980747,654,false,
129268,ECDC_AT18_980744,628,false,
129269,ECDC_AT18_980809,18,false,
129270,ECDC_AT18_980771,3353,false,
129271,ECDC_AT18_980810,3353,false,
129272,ECDC_AT18_980779,3353,false,
129273,ECDC_AT18_980811,367,false,
129274,ECDC_AT18_980024,16,false,
129275,ECDC_AT18_980791,367,false,
129276,ECDC_AT18_980788,627,false,
129277,ECDC_AT18_980025,18,false,
129278,ECDC_AT18_980026,627,false,
129279,ECDC_AT18_980027,654,false,
129280,ECDC_AT18_980028,3353,false,
129281,ECDC_AT18_980029,16,false,
129282,ECDC_AT18_980817,4383,false,
129283,ECDC_AT18_980813,18,false,
129284,ECDC_AT18_980030,367,false,
129285,ECDC_AT18_980823,627,false,
129286,ECDC_AT18_980031,16,false,
129287,ECDC_AT18_980038,3353,false,
129288,ECDC_AT18_980036,3353,false,
129289,ECDC_AT18_980037,4384,false,
129290,ECDC_AT18_980039,3353,false,
129291,ECDC_AT18_980035,18,false,
129292,ECDC_AT18_980040,18,false,
129293,ECDC_NL18_180918044101,1006,false,
129294,ECDC_NL18_180918045501,3353,false,
129295,ECDC_NL18_180906039901,654,false,
129296,ECDC_NL18_180924012805,654,false,
129297,ECDC_NL18_180925049202,16,false,
129298,ECDC_NL18_180903030901,367,false,
129299,ECDC_NL18_180918000501,367,false,
129300,ECDC_NL18_180915009201,22,false,
129301,ECDC_NL18_180918046501,373,false,
129302,ECDC_NL18_180906004801,654,false,
129303,ECDC_NL18_180904040201,18,false,
129304,ECDC_NL18_180904008706,1006,false,
129305,ECDC_NL18_180918010702,654,false,
129306,ECDC_NL18_180919006502,3357,false,
129307,ECDC_NL18_180915002901,636,false,
129308,ECDC_NL18_180919046201,654,false,
129309,ECDC_NL18_180919047201,367,false,
129310,ECDC_NL18_180906041501,367,false,
129311,ECDC_NL18_180906002605,373,false,
129312,ECDC_NL18_180904004001,846,false,
129313,ECDC_NL18_180920039201,654,false,
129314,ECDC_NL18_180918010401,22,false,
129315,ECDC_NL18_180914012501,636,false,
129316,ECDC_NL18_180925010302,654,false,
129317,ECDC_NL18_180924012801,654,false,
129318,ECDC_NL18_180907045601,16,false,
129319,ECDC_NL18_180927041807,3353,false,
129320,ECDC_NL18_180927046601,1006,false,
129321,ECDC_NL18_180927061902,367,false,
129322,ECDC_NL18_180906060901,373,false,
129323,ECDC_NL18_180905018901,367,false,
129324,ECDC_NL18_180905008207,367,false,
129325,ECDC_NL18_180903024601,16,false,
129326,ECDC_NL18_180917025201,654,false,
129327,ECDC_NL18_180914048702,16,false,
129328,ECDC_NL18_180928002602,3357,false,
129329,ECDC_NL18_180929003502,22,false,
129330,ECDC_NL18_180908007502,18,false,
129331,ECDC_NL18_180906042801,16,false,
129332,ECDC_NL18_180905016401,21,false,
129333,ECDC_NL18_180904001604,16,false,
129334,ECDC_NL18_180929000701,3449,false,
129335,ECDC_NL18_180918009201,654,false,
129336,ECDC_NL18_180914021002,367,false,
129337,ECDC_NL18_181002007601,16,false,
129338,ECDC_NL18_180912065901,654,false,
129339,ECDC_NL18_181003008701,373,false,
129340,ECDC_NL18_180913053502,373,false,
129341,ECDC_NL18_180911006101,3353,false,
129342,ECDC_NL18_180908009701,367,false,
129343,ECDC_NL18_181004004101,4385,false,
129344,ECDC_NL18_181024006601,654,false,
129345,ECDC_NL18_181025006202,16,false,
129346,ECDC_NL18_180917027401,373,false,
129347,ECDC_NL18_181025008001,1122,false,
129348,ECDC_NL18_180913041101,654,false,
129349,ECDC_NL18_181025005001,3353,false,
129350,ECDC_NL18_181025005601,373,false,
129351,ECDC_NL18_180906044201,367,false,
129352,ECDC_NL18_180905007101,654,false,
129353,ECDC_NL18_180904014001,367,false,
129354,ECDC_NL18_181025042401,367,false,
129355,ECDC_NL18_181025051402,1006,false,
129356,ECDC_NL18_181025059801,367,false,
129357,ECDC_NL18_181025059901,22,false,
129358,ECDC_NL18_180910027102,3353,false,
129359,ECDC_NL18_180908006601,367,false,
129360,ECDC_NL18_180906040601,367,false,
129361,ECDC_NL18_180904014002,367,false,
129362,ECDC_NL18_181026002901,1006,false,
129363,ECDC_NL18_181026029401,22,false,
129364,ECDC_NL18_181026040401,367,false,
129365,ECDC_MT18_020,1006,false,
129366,ECDC_NL18_181026054601,378,false,
129367,ECDC_NL18_181003045201,666,false,
129368,ECDC_NL18_181005003102,1006,false,
129369,ECDC_NL18_181004039001,1122,false,
129370,ECDC_NL18_180919008802,367,false,
129371,ECDC_NL18_181005005601,22,false,
129372,ECDC_NL18_180919049701,367,false,
129373,ECDC_NL18_181005006501,16,false,
129374,ECDC_NL18_180920042204,373,false,
129375,ECDC_NL18_181005011402,1006,false,
129376,ECDC_NL18_180921012201,3353,false,
129377,ECDC_NL18_180925025002,16,false,
129378,ECDC_NL18_181005047201,22,false,
129379,ECDC_NL18_180926006001,636,false,
129380,ECDC_NL18_181006005301,22,false,
129381,ECDC_NL18_181006009501,3357,false,
129382,ECDC_NL18_180926013402,367,false,
129383,ECDC_NL18_181005010705,367,false,
129384,ECDC_NL18_180926013404,367,false,
129385,ECDC_NL18_181005048801,1006,false,
129386,ECDC_NL18_181003003601,367,false,
129387,ECDC_NL18_181009009106,1006,false,
129388,ECDC_NL18_181009025402,16,false,
129389,ECDC_NL18_181009033403,367,false,
129390,ECDC_NL18_181024007201,18,false,
129391,ECDC_NL18_181027006701,22,false,
129392,ECDC_NL18_181027002904,1122,false,
129393,ECDC_NL18_181010013701,367,false,
129394,ECDC_NL18_181010050901,22,false,
129395,ECDC_NL18_181029013402,22,false,
129396,ECDC_NL18_181010053801,636,false,
129397,ECDC_NL18_181009046801,636,false,
129398,ECDC_NL18_181010007801,1006,false,
129399,ECDC_NL18_181010048801,16,false,
129400,ECDC_NL18_181029038801,16,false,
129401,ECDC_NL18_181030043201,367,false,
129402,ECDC_NL18_181011013601,22,false,
129403,ECDC_NL18_181011024801,636,false,
129404,ECDC_NL18_181011045401,367,false,
129405,ECDC_NL18_181031028001,1006,false,
129406,ECDC_NL18_181012012103,1006,false,
129407,ECDC_NL18_181031045001,3353,false,
129408,ECDC_NL18_181101009401,367,false,
129409,ECDC_NL18_181102004002,627,false,
129410,ECDC_NL18_181101012501,367,false,
129411,ECDC_NL18_181012047701,16,false,
129412,ECDC_NL18_181101040301,3353,false,
129413,ECDC_NL18_181013007101,3360,false,
129414,ECDC_NL18_181013008301,22,false,
129415,ECDC_NL18_181101012902,367,false,
129416,ECDC_NL18_181101040101,3357,false,
129417,ECDC_NL18_181029020401,367,false,
129418,ECDC_NL18_181017045901,1006,false,
129419,ECDC_NL18_181016010001,4386,false,
129420,ECDC_NL18_181015029001,367,false,
129421,ECDC_NL18_181016003401,1006,false,
129422,ECDC_NL18_181102010201,367,false,
129423,ECDC_NL18_181101061001,22,false,
129424,ECDC_NL18_181017000401,367,false,
129425,ECDC_NL18_181017012102,367,false,
129426,ECDC_NL18_181017013001,1006,false,
129427,ECDC_NL18_181101061601,22,false,
129428,ECDC_NL18_181018003201,18,false,
129429,ECDC_NL18_181102017402,654,false,
129430,ECDC_NL18_181030019402,367,false,
129431,ECDC_NL18_181030042701,1006,false,
129432,ECDC_NL18_181031012002,1006,false,
129433,ECDC_NL18_181030056201,16,false,
129434,ECDC_NL18_181103017501,16,false,
129435,ECDC_NL18_181101013602,657,false,
129436,ECDC_NL18_181102013601,3353,false,
129437,ECDC_NL18_181018042901,3353,false,
129438,ECDC_NL18_181019003902,3353,false,
129439,ECDC_NL18_181019005401,373,false,
129440,ECDC_NL18_181019013101,367,false,
129441,ECDC_NL18_181023034102,16,false,
129442,ECDC_NL18_181020008301,657,false,
129443,ECDC_NL18_181022008901,367,false,
129444,ECDC_NL18_181022028201,3353,false,
129445,ECDC_NL18_181022032702,373,false,
129446,ECDC_NL18_181023008901,636,false,
129447,ECDC_NL18_181023002401,3353,false,
129448,ECDC_SE18_039,666,false,
129449,ECDC_SE18_040,18,false,
129450,ECDC_SE18_041,1122,false,
129451,ECDC_SE18_042,1122,false,
129452,ECDC_SE18_043,16,false,
129453,ECDC_SE18_044,1122,false,
129454,ECDC_SE18_046,3353,false,
129455,ECDC_SE18_047,16,false,
129456,ECDC_SE18_048,18,false,
129457,ECDC_SE18_049,18,false,
129458,ECDC_SE18_050,654,false,
129459,ECDC_SE18_051,1006,false,
129460,ECDC_SE18_052,657,false,
129461,ECDC_SE18_053,367,false,
129462,ECDC_SE18_054,367,false,
129463,ECDC_SE18_055,23,false,
129464,ECDC_SE18_056,3353,false,
129465,ECDC_SE18_057,367,false,
129466,ECDC_SE18_058,627,false,
129467,ECDC_SE18_059,16,false,
129468,ECDC_SE18_060,666,false,
129469,ECDC_SE18_061,1006,false,
129470,ECDC_SE18_062,666,false,
129471,ECDC_SE18_063,632,false,
129472,ECDC_SE18_064,1122,false,
129473,ECDC_SE18_065,367,false,
129474,ECDC_SE18_066,3812,false,
129475,ECDC_SE18_067,367,false,
129476,ECDC_SE18_068,367,false,
129477,ECDC_SE18_069,1122,false,
129478,ECDC_SE18_070,3812,false,
129479,ECDC_SE18_166,378,false,
129480,ECDC_SE18_171,373,false,
129481,ECDC_SE18_172,373,false,
129482,ECDC_SE18_173,657,false,
129483,ECDC_SE18_174,378,false,
129484,ECDC_SE18_175,22,false,
129485,ECDC_SE18_176,16,false,
129486,ECDC_SE18_177,18,false,
129487,ECDC_SE18_178,654,false,
129488,ECDC_SE18_179,657,false,
129489,ECDC_SE18_180,367,false,
129490,ECDC_SE18_181,373,false,
129491,ECDC_SE18_182,1122,false,
129492,ECDC_SE18_183,367,false,
129493,ECDC_SE18_184,16,false,
129494,ECDC_SE18_185,18,false,
129495,ECDC_SE18_186,18,false,
129496,ECDC_SE18_187,367,false,
129497,ECDC_SE18_188,654,false,
129498,ECDC_SE18_189,1122,false,
129499,ECDC_SE18_190,373,false,
129500,ECDC_SE18_191,22,false,
129501,ECDC_SE18_192,18,false,
129502,ECDC_SE18_193,16,false,
129503,ECDC_SE18_194,4387,false,
129504,ECDC_SE18_195,1122,false,
129505,ECDC_SE18_196,18,false,
129506,ECDC_SE18_197,16,false,
129507,ECDC_SE18_198,21,false,
129508,ECDC_SE18_199,21,false,
129509,ECDC_SE18_200,16,false,
129510,ECDC_DK18_820,367,false,
129511,ECDC_DK18_821,3353,false,
129512,ECDC_NL18_181102013201,373,false,
129513,ECDC_NL18_181102039302,367,false,
129514,ECDC_NL18_181105027301,367,false,
129515,ECDC_NL18_181106013302,1006,false,
129516,ECDC_NL18_181106013601,373,false,
129517,ECDC_NL18_181106042401,367,false,
129518,ECDC_NL18_181107005501,367,false,
129519,ECDC_NL18_181107031502,18,false,
129520,ECDC_NL18_181107037302,22,false,
129521,ECDC_NL18_181108032701,16,false,
129522,ECDC_NL18_181110000301,636,false,
129523,ECDC_NL18_181110003102,367,false,
129524,ECDC_NL18_181110006807,18,false,
129525,ECDC_NL18_181113007701,654,false,
129526,ECDC_NL18_181113008902,1122,false,
129527,ECDC_NL18_181113037801,654,false,
129528,ECDC_NL18_181113006301,654,false,
129529,ECDC_SE18_079,16,false,
129530,ECDC_SE18_081,1122,false,
129531,ECDC_SE18_085,367,false,
129532,ECDC_SE18_072,632,false,
129533,ECDC_NL18_181114046401,654,false,
129534,ECDC_NL18_181114046402,654,false,
129535,ECDC_NL18_181115034301,367,false,
129536,ECDC_NL18_181115038101,1006,false,
129537,ECDC_NL18_181115040801,841,false,
129538,ECDC_NL18_181115040802,841,false,
129539,ECDC_NL18_181115041301,373,false,
129540,ECDC_NL18_181116013901,367,false,
129541,ECDC_SE18_073,1946,false,
129542,ECDC_SE18_074,367,false,
129543,ECDC_SE18_071,1122,false,
129544,ECDC_SE18_077,367,false,
129545,ECDC_SE18_075,3353,false,
129546,ECDC_SE18_076,367,false,
129547,ECDC_SE18_078,367,false,
129548,ECDC_SE18_080,367,false,
129549,ECDC_SE18_082,4388,false,
129550,ECDC_SE18_090,16,false,
129551,ECDC_SE18_091,654,false,
129552,ECDC_SE18_092,16,false,
129553,ECDC_SE18_088,4389,false,
129554,ECDC_SE18_084,367,false,
129555,ECDC_SE18_100,636,false,
129556,ECDC_SE18_096,3357,false,
129557,ECDC_SE18_104,367,false,
129558,ECDC_SE18_095,16,false,
129559,ECDC_SE18_097,378,false,
129560,ECDC_SE18_098,16,false,
129561,ECDC_SE18_094,1946,false,
129562,ECDC_SE18_101,367,false,
129563,ECDC_SE18_102,636,false,
129564,ECDC_SE18_099,16,false,
129565,ECDC_SE18_105,16,false,
129566,ECDC_SE18_106,16,false,
129567,ECDC_SE18_115,18,false,
129568,ECDC_SE18_107,1122,false,
129569,ECDC_SE18_110,1006,false,
129570,ECDC_SE18_109,367,false,
129571,ECDC_SE18_108,3353,false,
129572,ECDC_SE18_111,378,false,
129573,ECDC_SE18_112,378,false,
129574,ECDC_SE18_113,3353,false,
129575,ECDC_SE18_117,654,false,
129576,ECDC_SE18_114,16,false,
129577,ECDC_SE18_120,367,false,
129578,ECDC_SE18_118,367,false,
129579,ECDC_SE18_121,16,false,
129580,ECDC_SE18_119,3353,false,
129581,ECDC_SE18_116,367,false,
129582,ECDC_SE18_103,4390,false,
129583,ECDC_SE18_125,18,false,
129584,ECDC_SE18_123,378,false,
129585,ECDC_SE18_130,367,false,
129586,ECDC_SE18_134,378,false,
129587,ECDC_SE18_126,378,false,
129588,ECDC_SE18_136,378,false,
129589,ECDC_SE18_138,3353,false,
129590,ECDC_SE18_129,1122,false,
129591,ECDC_SE18_127,3353,false,
129592,ECDC_SE18_133,367,false,
129593,ECDC_SE18_137,3353,false,
129594,ECDC_SE18_131,18,false,
129595,ECDC_SE18_146,1122,false,
129596,ECDC_SE18_145,1122,false,
129597,ECDC_SE18_147,3353,false,
129598,ECDC_SE18_141,373,false,
129599,ECDC_SE18_148,1122,false,
129600,ECDC_SE18_144,1122,false,
129601,ECDC_SE18_143,22,false,
129602,ECDC_SE18_154,654,false,
129603,ECDC_SE18_140,367,false,
129604,ECDC_SE18_149,654,false,
129605,ECDC_SE18_139,16,false,
129606,ECDC_SE18_132,1122,false,
129607,ECDC_SE18_142,3353,false,
129608,ECDC_SE18_135,16,false,
129609,ECDC_SE18_150,654,false,
129610,ECDC_SE18_152,22,false,
129611,ECDC_SE18_151,627,false,
129612,ECDC_SE18_157,18,false,
129613,ECDC_SE18_158,378,false,
129614,ECDC_SE18_153,16,false,
129615,ECDC_SE18_155,1122,false,
129616,ECDC_SE18_156,3353,false,
129617,ECDC_SE18_159,16,false,
129618,ECDC_SE18_161,654,false,
129619,ECDC_SE18_160,367,false,
129620,ECDC_SE18_162,367,false,
129621,ECDC_SE18_163,378,false,
129622,ECDC_SE18_165,16,false,
129623,ECDC_SE18_164,16,false,
129624,ECDC_HU18_001,18,false,
129625,ECDC_HU18_002,22,false,
129626,ECDC_HU18_003,367,false,
129627,ECDC_HU18_004,373,false,
129628,ECDC_HU18_005,367,false,
129629,ECDC_HU18_006,367,false,
129630,ECDC_HU18_011,654,false,
129631,ECDC_SE18_032,16,false,
129632,ECDC_HU18_013,367,false,
129633,ECDC_HU18_014,18,false,
129634,ECDC_HU18_015,22,false,
129635,ECDC_HU18_016,654,false,
129636,ECDC_HU18_017,654,false,
129637,ECDC_HU18_018,627,false,
129638,ECDC_HU18_019,16,false,
129639,ECDC_HU18_020,367,false,
129640,ECDC_HU18_021,367,false,
129641,ECDC_HU18_022,654,false,
129642,ECDC_HU18_023,636,false,
129643,ECDC_HU18_024,18,false,
129644,ECDC_HU18_025,22,false,
129645,ECDC_HU18_026,18,false,
129646,ECDC_HU18_027,367,false,
129647,ECDC_HU18_028,18,false,
129648,ECDC_HU18_029,1122,false,
129649,ECDC_HU18_030,367,false,
129650,ECDC_HU18_031,654,false,
129651,ECDC_HU18_032,18,false,
129652,ECDC_HU18_033,1006,false,
129653,ECDC_HU18_034,1122,false,
129654,ECDC_HU18_035,16,false,
129655,ECDC_HU18_036,1006,false,
129656,ECDC_HU18_037,1006,false,
129657,ECDC_HU18_038,1006,false,
129658,ECDC_HU18_039,627,false,
129659,ECDC_HU18_040,367,false,
129660,ECDC_HU18_041,367,false,
129661,ECDC_HU18_042,627,false,
129662,ECDC_HU18_043,367,false,
129663,ECDC_HU18_044,367,false,
129664,ECDC_HU18_045,367,false,
129665,ECDC_HU18_046,16,false,
129666,ECDC_HU18_047,16,false,
129667,ECDC_HU18_048,627,false,
129668,ECDC_HU18_049,1006,false,
129669,ECDC_HU18_050,627,false,
129670,ECDC_SE18_033,373,false,
129671,ECDC_HU18_056,654,false,
129672,ECDC_HU18_057,16,false,
129673,ECDC_HU18_058,1006,false,
129674,ECDC_HU18_059,627,false,
129675,ECDC_HU18_060,16,false,
129676,ECDC_PL18_065,367,false,
129677,ECDC_PL18_066,373,false,
129678,ECDC_PL18_067,373,false,
129679,ECDC_PL18_068,367,false,
129680,ECDC_PL18_069,373,false,
129681,ECDC_PL18_070,373,false,
129682,ECDC_SE18_035,16,false,
129683,ECDC_PL18_072,373,false,
129684,ECDC_PL18_073,627,false,
129685,ECDC_HR18_1_3089,16,false,
129686,ECDC_HR18_2_9627,3353,false,
129687,ECDC_SE18_038,18,false,
129688,ECDC_HR18_5_2362,3353,false,
129689,ECDC_HR18_6_14484,3353,false,
129690,ECDC_HR18_7_17725,654,false,
129691,ECDC_HR18_8_9971,3353,false,
129692,ECDC_HR18_9_20138,3353,false,
129693,ECDC_SE18_037,367,false,
129694,ECDC_HR18_11_2206,627,false,
129695,ECDC_EE18_005,630,false,
129696,ECDC_EE18_006,627,false,
129697,ECDC_EE18_007,630,false,
129698,ECDC_EE18_008,18,false,
129699,ECDC_SE18_034,22,false,
129700,ECDC_HU18_061,654,false,
129701,ECDC_HU18_062,367,false,
129702,ECDC_HU18_063,373,false,
129703,ECDC_HU18_064,1006,false,
129704,ECDC_HU18_065,1006,false,
129705,ECDC_HU18_066,627,false,
129706,ECDC_HU18_067,18,false,
129707,ECDC_HU18_068,16,false,
129708,ECDC_HU18_069,3359,false,
129709,ECDC_HU18_070,367,false,
129710,ECDC_HU18_071,1122,false,
129711,ECDC_HU18_072,627,false,
129712,ECDC_HU18_073,18,false,
129713,ECDC_HU18_074,16,false,
129714,ECDC_HU18_075,16,false,
129715,ECDC_HU18_076,16,false,
129716,ECDC_HU18_077,367,false,
129717,ECDC_HU18_078,367,false,
129718,ECDC_HU18_079,16,false,
129719,ECDC_HU18_082,367,false,
129720,ECDC_HU18_083,627,false,
129721,ECDC_HU18_084,16,false,
129722,ECDC_HU18_089,18,false,
129723,ECDC_HU18_090,3353,false,
129724,ECDC_HU18_091,18,false,
129725,ECDC_HU18_092,367,false,
129726,ECDC_HU18_093,627,false,
129727,ECDC_PL18_001,373,false,
129728,ECDC_PL18_002,654,false,
129729,ECDC_PL18_003,3353,false,
129730,ECDC_PL18_004,16,false,
129731,ECDC_PL18_005,367,false,
129732,ECDC_PL18_006,1805,false,
129733,ECDC_PL18_007,16,false,
129734,ECDC_PL18_008,367,false,
129735,ECDC_PL18_009,18,false,
129736,ECDC_PL18_010,373,false,
129737,ECDC_PL18_011,656,false,
129738,ECDC_PL18_016,367,false,
129739,ECDC_PL18_017,367,false,
129740,ECDC_SE18_025,666,false,
129741,ECDC_PL18_019,4314,false,
129742,ECDC_PL18_020,367,false,
129743,ECDC_SE18_026,18,false,
129744,ECDC_PL18_022,373,false,
129745,ECDC_SE18_027,16,false,
129746,ECDC_SE18_028,16,false,
129747,ECDC_PL18_025,16,false,
129748,ECDC_PL18_026,16,false,
129749,ECDC_PL18_027,373,false,
129750,ECDC_PL18_028,367,false,
129751,ECDC_PL18_029,373,false,
129752,ECDC_SE18_020,1122,false,
129753,ECDC_PL18_031,373,false,
129754,ECDC_PL18_032,367,false,
129755,ECDC_PL18_033,16,false,
129756,ECDC_PL18_034,373,false,
129757,ECDC_PL18_035,16,false,
129758,ECDC_PL18_036,627,false,
129759,ECDC_PL18_037,367,false,
129760,ECDC_PL18_038,627,false,
129761,ECDC_PL18_039,367,false,
129762,ECDC_PL18_040,16,false,
129763,ECDC_PL18_041,373,false,
129764,ECDC_PL18_042,367,false,
129765,ECDC_PL18_043,367,false,
129766,ECDC_PL18_049,367,false,
129767,ECDC_PL18_050,367,false,
129768,ECDC_PL18_051,16,false,
129769,ECDC_PL18_052,367,false,
129770,ECDC_PL18_053,16,false,
129771,ECDC_SE18_029,627,false,
129772,ECDC_PL18_055,16,false,
129773,ECDC_PL18_056,367,false,
129774,ECDC_PL18_058,367,false,
129775,ECDC_PL18_059,1122,false,
129776,ECDC_PL18_060,1006,false,
129777,ECDC_PL18_061,373,false,
129778,ECDC_PL18_062,367,false,
129779,ECDC_PL18_063,367,false,
129780,ECDC_PL18_064,367,false,
129781,ECDC_IT18_4145,369,false,
129782,ECDC_IT18_4146,367,false,
129783,ECDC_PL18_044,666,false,
129784,ECDC_IT18_4148,367,false,
129785,ECDC_IT18_4149,21,false,
129786,ECDC_IT18_4150,21,false,
129787,ECDC_IT18_4151,16,false,
129788,ECDC_IT18_4152,16,false,
129789,ECDC_IT18_4153,16,false,
129790,ECDC_IT18_4154,3353,false,
129791,ECDC_IT18_4155,367,false,
129792,ECDC_IT18_4156,367,false,
129793,ECDC_IT18_4157,16,false,
129794,ECDC_IT18_4158,22,false,
129795,ECDC_IT18_4163,1006,false,
129796,ECDC_IT18_4164,16,false,
129797,ECDC_IT18_4165,16,false,
129798,ECDC_IT18_4166,16,false,
129799,ECDC_IT18_4167,18,false,
129800,ECDC_IT18_4168,16,false,
129801,ECDC_IT18_4169,367,false,
129802,ECDC_IT18_4171,16,false,
129803,ECDC_IT18_4173,367,false,
129804,ECDC_IT18_4182,18,false,
129805,ECDC_IT18_4184,22,false,
129806,ECDC_IT18_4194,1006,false,
129807,ECDC_IT18_4195,367,false,
129808,ECDC_IT18_4196,367,false,
129809,ECDC_IT18_4197,367,false,
129810,ECDC_IT18_4198A,23,false,
129811,ECDC_IT18_4198B,1006,false,
129812,ECDC_IT18_4199,367,false,
129813,ECDC_IT18_4200,16,false,
129814,ECDC_IT18_4201,4391,false,
129815,ECDC_IT18_4202,3353,false,
129816,ECDC_IT18_4203,16,false,
129817,ECDC_IT18_4204,1006,false,
129818,ECDC_IT18_4205,18,false,
129819,ECDC_IT18_4206,16,false,
129820,ECDC_IT18_4207,4392,false,
129821,ECDC_IT18_4208,627,false,
129822,ECDC_IT18_4219,367,false,
129823,ECDC_IT18_4220,627,false,
129824,ECDC_IT18_4224,666,false,
129825,ECDC_IT18_4225,1006,false,
129826,ECDC_IT18_4226,16,false,
129827,ECDC_IT18_4228,16,false,
129828,ECDC_IT18_4244,367,false,
129829,ECDC_IT18_4249,367,false,
129830,ECDC_IT18_4250,16,false,
129831,ECDC_IT18_4251,654,false,
129832,ECDC_IT18_4254,841,false,
129833,ECDC_IT18_4258,16,false,
129834,ECDC_IT18_4259,16,false,
129835,ECDC_IT18_4260,16,false,
129836,ECDC_IT18_4261,18,false,
129837,ECDC_IT18_4262,16,false,
129838,ECDC_IT18_4267,367,false,
129839,ECDC_IT18_4268,16,false,
129840,ECDC_IT18_4269,367,false,
129841,ECDC_IT18_4270,16,false,
129842,ECDC_IT18_4271,367,false,
129843,ECDC_IT18_4272,1006,false,
129844,ECDC_IT18_4273,16,false,
129845,ECDC_IT18_4274,3353,false,
129846,ECDC_IT18_4276,16,false,
129847,ECDC_IT18_4278,4393,false,
129848,ECDC_IT18_4279,1006,false,
129849,ECDC_IT18_4284,1006,false,
129850,ECDC_IT18_4287,4392,false,
129851,ECDC_IT18_4288,23,false,
129852,ECDC_IT18_4291,367,false,
129853,ECDC_IT18_4292,23,false,
129854,ECDC_IT18_4293,1006,false,
129855,ECDC_IT18_4294,367,false,
129856,ECDC_IT18_4295,18,false,
129857,ECDC_IT18_4296,367,false,
129858,ECDC_IT18_4302,16,false,
129859,ECDC_IT18_4303,367,false,
129860,ECDC_IT18_4306,1006,false,
129861,ECDC_IT18_4307,367,false,
129862,ECDC_IT18_4308,18,false,
129863,ECDC_CZ18_001,3353,false,
129864,ECDC_CZ18_002,654,false,
129865,ECDC_CZ18_003,3353,false,
129866,ECDC_CZ18_004,3353,false,
129867,ECDC_CZ18_005,3353,false,
129868,ECDC_CZ18_006,16,false,
129869,ECDC_CZ18_007,3353,false,
129870,ECDC_CZ18_008,3353,false,
129871,ECDC_CZ18_009,21,false,
129872,ECDC_CZ18_010,21,false,
129873,ECDC_CZ18_015,18,false,
129874,ECDC_CZ18_016,627,false,
129875,ECDC_CZ18_017,16,false,
129876,ECDC_CZ18_018,16,false,
129877,ECDC_CZ18_019,16,false,
129878,ECDC_CZ18_020,16,false,
129879,ECDC_CZ18_021,627,false,
129880,ECDC_CZ18_022,16,false,
129881,ECDC_CZ18_025,16,false,
129882,ECDC_CZ18_026,16,false,
129883,ECDC_CZ18_027,4314,false,
129884,ECDC_CZ18_028,1006,false,
129885,ECDC_CZ18_029,16,false,
129886,ECDC_CZ18_030,627,false,
129887,ECDC_CZ18_032,4385,false,
129888,ECDC_CZ18_033,627,false,
129889,ECDC_CZ18_034,627,false,
129890,ECDC_CZ18_035,16,false,
129891,ECDC_CZ18_036,627,false,
129892,ECDC_CZ18_037,4003,false,
129893,ECDC_CZ18_038,4003,false,
129894,ECDC_CZ18_039,16,false,
129895,ECDC_CZ18_040,654,false,
129896,ECDC_CZ18_041,,false,
129897,ECDC_CZ18_046,666,false,
129898,ECDC_CZ18_048,16,false,
129899,ECDC_CZ18_049,1006,false,
129900,ECDC_CZ18_051,3353,false,
129901,ECDC_CZ18_052,367,false,
129902,ECDC_CZ18_053,16,false,
129903,ECDC_CZ18_054,1006,false,
129904,ECDC_CZ18_055,654,false,
129905,ECDC_CZ18_056,367,false,
129906,ECDC_CZ18_057,16,false,
129907,ECDC_CZ18_058,3353,false,
129908,ECDC_CZ18_059,16,false,
129909,ECDC_CZ18_060,1006,false,
129910,ECDC_CZ18_061,627,false,
129911,ECDC_CZ18_062,654,false,
129912,ECDC_CZ18_063,654,false,
129913,ECDC_CZ18_064,18,false,
129914,ECDC_CZ18_066,1006,false,
129915,ECDC_CZ18_068,367,false,
129916,ECDC_CZ18_069,367,false,
129917,ECDC_CZ18_070,654,false,
129918,ECDC_CZ18_071,367,false,
129919,ECDC_CZ18_072,1006,false,
129920,ECDC_CZ18_073,367,false,
129921,ECDC_CZ18_074,654,false,
129922,ECDC_CZ18_079,627,false,
129923,ECDC_CZ18_080,1006,false,
129924,ECDC_CZ18_081,16,false,
129925,ECDC_CZ18_082,367,false,
129926,ECDC_CZ18_083,1006,false,
129927,ECDC_CZ18_084,367,false,
129928,ECDC_CZ18_085,367,false,
129929,ECDC_CZ18_086,18,false,
129930,ECDC_CZ18_087,1006,false,
129931,ECDC_CZ18_088,367,false,
129932,ECDC_CZ18_089,18,false,
129933,ECDC_CZ18_090,4394,false,
129934,ECDC_CZ18_091,627,false,
129935,ECDC_CZ18_092,627,false,
129936,ECDC_CZ18_093,627,false,
129937,ECDC_CZ18_094,627,false,
129938,ECDC_CZ18_095,627,false,
129939,ECDC_IT18_4312,1006,false,
129940,ECDC_IT18_4313,16,false,
129941,ECDC_MT18_002,3353,false,
129942,ECDC_MT18_004,373,false,
129943,ECDC_MT18_006,373,false,
129944,ECDC_MT18_009,18,false,
129945,ECDC_MT18_011,367,false,
129946,ECDC_ES18_8229,3353,false,
129947,ECDC_ES18_8230,1122,false,
129948,ECDC_ES18_8231,16,false,
129949,ECDC_ES18_8266,18,false,
129950,ECDC_ES18_8267,16,false,
129951,ECDC_ES18_8268,18,false,
129952,ECDC_ES18_8309,627,false,
129953,ECDC_ES18_8310,18,false,
129954,ECDC_ES18_8311,16,false,
129955,ECDC_ES18_8312,367,false,
129956,ECDC_ES18_8362,18,false,
129957,ECDC_ES18_8363,654,false,
129958,ECDC_ES18_8364,22,false,
129959,ECDC_ES18_8365,3353,false,
129960,ECDC_ES18_8400,1122,false,
129961,ECDC_ES18_8401,3353,false,
129962,ECDC_SE18_005,16,false,
129963,ECDC_ES18_8403,3479,false,
129964,ECDC_PT18_394,22,false,
129965,ECDC_ES18_8444,3353,false,
129966,ECDC_ES18_8446,3353,false,
129967,ECDC_PT18_444,367,false,
129968,ECDC_PT18_446,367,false,
129969,ECDC_PT18_445,367,false,
129970,ECDC_PT18_447,367,false,
129971,ECDC_GR18_011,666,false,
129972,ECDC_GR18_013,16,false,
129973,ECDC_GR18_012,367,false,
129974,ECDC_GR18_014,16,false,
129975,ECDC_GR18_057,21,false,
129976,ECDC_GR18_055,1006,false,
129977,ECDC_GR18_056,378,false,
129978,ECDC_GR18_059,16,false,
129979,ECDC_DK18_731,367,false,
129980,ECDC_DK18_732,632,false,
129981,ECDC_DK18_733,632,false,
129982,ECDC_DK18_734,3353,false,
129983,ECDC_DK18_775,636,false,
129984,ECDC_DK18_777,367,false,
129985,ECDC_DK18_776,632,false,
129986,ECDC_DK18_779,367,false,
129987,ECDC_AT18_980325,16,false,
129988,ECDC_AT18_980326,367,false,
129989,ECDC_AT18_980327,628,false,
129990,ECDC_AT18_980330,367,false,
129991,ECDC_AT18_980463,1122,false,
129992,ECDC_AT18_980458,656,false,
129993,ECDC_AT18_980465,18,false,
129994,ECDC_AT18_980464,367,false,
129995,ECDC_AT18_980644,367,false,
129996,ECDC_AT18_980643,3353,false,
129997,ECDC_AT18_980602,3353,false,
129998,ECDC_AT18_980645,3353,false,
129999,ECDC_SE18_036,367,false,
130000,ECDC_AT18_980842,18,false,
130001,ECDC_AT18_980835,367,false,
130002,ECDC_AT18_980034,367,false,
130003,ECDC_NL18_180908008002,22,false,
130004,ECDC_NL18_181002006501,3357,false,
130005,ECDC_NL18_180905012801,1006,false,
130006,ECDC_NL18_180904056401,16,false,
130007,ECDC_NL18_181006004507,3353,false,
130008,ECDC_NL18_180927062301,628,false,
130009,ECDC_NL18_181008001902,3353,false,
130010,ECDC_NL18_180929004602,367,false,
130011,ECDC_NL18_181030045201,367,false,
130012,ECDC_NL18_181030061301,367,false,
130013,ECDC_NL18_181102059301,654,false,
130014,ECDC_SE18_167,367,false,
130015,ECDC_SE18_169,654,false,
130016,ECDC_SE18_168,18,false,
130017,ECDC_SE18_170,378,false,
130018,ECDC_SE18_087,1946,false,
130019,ECDC_SE18_083,16,false,
130020,ECDC_SE18_086,367,false,
130021,ECDC_SE18_089,367,false,
130022,ECDC_SE18_128,367,false,
130023,ECDC_SE18_124,373,false,
130024,ECDC_SE18_122,16,false,
130025,ECDC_SE18_093,18,false,
130026,ECDC_HU18_007,1006,false,
130027,ECDC_HU18_008,627,false,
130028,ECDC_HU18_010,627,false,
130029,ECDC_HU18_009,1122,false,
130030,ECDC_HU18_051,18,false,
130031,ECDC_HU18_052,1006,false,
130032,ECDC_HU18_053,367,false,
130033,ECDC_HU18_054,22,false,
130034,ECDC_HR18_12_11847,367,false,
130035,ECDC_EE18_002,1122,false,
130036,ECDC_EE18_001,3353,false,
130037,ECDC_EE18_003,18,false,
130038,ECDC_HU18_085,367,false,
130039,ECDC_HU18_086,367,false,
130040,ECDC_HU18_087,1006,false,
130041,ECDC_HU18_088,627,false,
130042,ECDC_PL18_012,367,false,
130043,ECDC_PL18_013,18,false,
130044,ECDC_SE18_024,3353,false,
130045,ECDC_PL18_015,367,false,
130046,ECDC_PL18_045,16,false,
130047,ECDC_PL18_046,367,false,
130048,ECDC_PL18_047,367,false,
130049,ECDC_PL18_048,367,false,
130050,ECDC_IT18_4159,1006,false,
130051,ECDC_IT18_4160,18,false,
130052,ECDC_IT18_4161,1122,false,
130053,ECDC_IT18_4162,16,false,
130054,ECDC_IT18_4212,367,false,
130055,ECDC_IT18_4213,3353,false,
130056,ECDC_IT18_4214,367,false,
130057,ECDC_IT18_4218,18,false,
130058,ECDC_IT18_4280,3353,false,
130059,ECDC_IT18_4281,16,false,
130060,ECDC_IT18_4283,1122,false,
130061,ECDC_IT18_4282,654,false,
130062,ECDC_CZ18_011,666,false,
130063,ECDC_CZ18_012,16,false,
130064,ECDC_CZ18_013,16,false,
130065,ECDC_CZ18_014,3353,false,
130066,ECDC_CZ18_043,16,false,
130067,ECDC_CZ18_044,367,false,
130068,ECDC_CZ18_042,367,false,
130069,ECDC_CZ18_075,367,false,
130070,ECDC_CZ18_076,16,false,
130071,ECDC_CZ18_077,367,false,
130072,ECDC_CZ18_078,1006,false,
130073,ECDC_IT18_4310,3353,false,
130074,ECDC_IT18_4309,16,false,
130075,ECDC_CZ18_096,627,false,
130076,ECDC_IT18_4311,3353,false,
130077,ECDC_IE18_121,367,false,
130078,ECDC_IE18_144,1006,false,
130079,ECDC_IE18_140,1006,false,
130080,ECDC_IE18_145,16,false,
130081,ECDC_IE18_143,16,false,
130082,ECDC_IE18_141,367,false,
130083,ECDC_IE18_149,373,false,
130084,ECDC_IE18_150,16,false,
130085,ECDC_IE18_151,16,false,
130086,ECDC_IE18_153,367,false,
130087,ECDC_IE18_155,1006,false,
130088,ECDC_IE18_158,367,false,
130089,ECDC_IE18_154,654,false,
130090,ECDC_IE18_156,16,false,
130091,ECDC_IE18_162,373,false,
130092,ECDC_IE18_160,22,false,
130093,ECDC_IE18_161,16,false,
130094,ECDC_IE18_164,22,false,
130095,ECDC_IE18_168,16,false,
130096,ECDC_IE18_167,373,false,
130097,ECDC_IE18_170,373,false,
130098,ECDC_IE18_171,16,false,
130099,ECDC_IE18_166,367,false,
130100,ECDC_IE18_169,373,false,
130101,ECDC_IE18_173,367,false,
130102,ECDC_IE18_174,654,false,
130103,ECDC_IE18_176,16,false,
130104,ECDC_IE18_175,367,false,
130105,ECDC_IE18_178,16,false,
130106,ECDC_IE18_177,654,false,
130107,ECDC_IE18_180,16,false,
130108,ECDC_IE18_181,654,false,
130109,ECDC_IE18_182,367,false,
130110,ECDC_IE18_183,367,false,
130111,ECDC_IE18_187,367,false,
130112,ECDC_IE18_188,373,false,
130113,ECDC_IE18_189,18,false,
130114,ECDC_IE18_191,373,false,
130115,ECDC_IE18_190,373,false,
130116,ECDC_IE18_193,367,false,
130117,ECDC_IE18_192,367,false,
130118,ECDC_IE18_194,367,false,
130119,ECDC_IE18_197,16,false,
130120,ECDC_IE18_196,1006,false,
130121,ECDC_IE18_200,373,false,
130122,ECDC_IE18_201,16,false,
130123,ECDC_IE18_203,367,false,
130124,ECDC_IE18_100,16,false,
130125,ECDC_UK18_18LI066,22,false,
130126,ECDC_UK18_18NH018,636,false,
130127,ECDC_UK18_18MA194,636,false,
130128,ECDC_UK18_18NO042,367,false,
130129,ECDC_SI18_14389,373,false,
130130,ECDC_SI18_12381,367,false,
130131,ECDC_UK18_18SH068,627,false,
130132,ECDC_IE18_206,373,false,
130133,ECDC_UK18_18WW059,373,false,
130134,ECDC_SI18_8271,367,false,
130135,ECDC_SI18_8938,367,false,
130136,ECDC_SI18_11560,3353,false,
130137,ECDC_IE18_099,3353,false,
130138,ECDC_GE18_200,367,false,
130139,ECDC_SI18_11345,3353,false,
130140,ECDC_IS18_S1806140188,3775,false,
130141,ECDC_IS18_S1809280261,3353,false,
130142,ECDC_UK18_SCOT-03,1006,false,
130143,ECDC_UK18_SCOT-17,654,false,
130144,ECDC_GE18_007,18,false,
130145,ECDC_UK18_18NE017,373,false,
130146,ECDC_NO18_639450,1006,false,
130147,ECDC_IE18_039,367,false,
130148,ECDC_NO18_641157,367,false,
130149,ECDC_UK18_18BI188,22,false,
130150,ECDC_NO18_643139,375,false,
130151,ECDC_NO18_643385,627,false,
130152,ECDC_UK18_18CC256,16,false,
130153,ECDC_UK18_18CC258,16,false,
130154,ECDC_UK18_18CC260,1006,false,
130155,ECDC_UK18_18CC262,367,false,
130156,ECDC_UK18_18CC261,373,false,
130157,ECDC_UK18_18CC265,1006,false,
130158,ECDC_UK18_18CC964,632,false,
130159,ECDC_UK18_18CC829,373,false,
130160,ECDC_UK18_18CC915,3353,false,
130161,ECDC_IE18_018,16,false,
130162,ECDC_IE18_022,18,false,
130163,ECDC_IE18_020,627,false,
130164,ECDC_IE18_031,16,false,
130165,ECDC_IE18_034,1011,false,
130166,ECDC_IE18_037,373,false,
130167,ECDC_IE18_041,4395,false,
130168,ECDC_IE18_052,18,false,
130169,ECDC_IE18_056,3359,false,
130170,ECDC_IE18_058,16,false,
130171,ECDC_IE18_057,3353,false,
130172,ECDC_IE18_059,367,false,
130173,ECDC_IE18_060,16,false,
130174,ECDC_IE18_062,16,false,
130175,ECDC_IE18_064,373,false,
130176,ECDC_IE18_063,654,false,
130177,ECDC_IE18_065,373,false,
130178,ECDC_IE18_066,654,false,
130179,ECDC_IE18_067,367,false,
130180,ECDC_IE18_068,1006,false,
130181,ECDC_IE18_070,373,false,
130182,ECDC_IE18_071,16,false,
130183,ECDC_IE18_072,16,false,
130184,ECDC_IE18_073,16,false,
130185,ECDC_IE18_074,654,false,
130186,ECDC_IE18_075,654,false,
130187,ECDC_IE18_079,3353,false,
130188,ECDC_IE18_082,22,false,
130189,ECDC_IE18_076,16,false,
130190,ECDC_IE18_083,654,false,
130191,ECDC_IE18_085,4396,false,
130192,ECDC_IE18_086,1006,false,
130193,ECDC_IE18_088,16,false,
130194,ECDC_IE18_087,1006,false,
130195,ECDC_IE18_089,373,false,
130196,ECDC_IE18_090,373,false,
130197,ECDC_IE18_092,16,false,
130198,ECDC_IE18_091,373,false,
130199,ECDC_IE18_094,18,false,
130200,ECDC_IE18_095,373,false,
130201,ECDC_NO18_641803,666,false,
130202,ECDC_NO18_641888,367,false,
130203,ECDC_IE18_077,1006,false,
130204,ECDC_NO18_641892,367,false,
130205,ECDC_NO18_641895,657,false,
130206,ECDC_NO18_641992,654,false,
130207,ECDC_NO18_642223,3353,false,
130208,ECDC_NO18_642299,1006,false,
130209,ECDC_NO18_642327,367,false,
130210,ECDC_NO18_642301,16,false,
130211,ECDC_NO18_641396,4397,false,
130212,ECDC_NO18_642366,367,false,
130213,ECDC_NO18_642412,16,false,
130214,ECDC_NO18_642409,16,false,
130215,ECDC_NO18_642414,16,false,
130216,ECDC_NO18_642416,16,false,
130217,ECDC_NO18_642421,367,false,
130218,ECDC_NO18_642423,18,false,
130219,ECDC_NO18_642427,367,false,
130220,ECDC_NO18_642531,654,false,
130221,ECDC_NO18_642539,657,false,
130222,ECDC_NO18_642541,23,false,
130223,ECDC_NO18_642536,1122,false,
130224,ECDC_NO18_642597,16,false,
130225,ECDC_NO18_642599,1006,false,
130226,ECDC_NO18_642710,22,false,
130227,ECDC_NO18_642713,1122,false,
130228,ECDC_NO18_642715,367,false,
130229,ECDC_NO18_642723,16,false,
130230,ECDC_NO18_642976,1122,false,
130231,ECDC_NO18_643088,367,false,
130232,ECDC_NO18_643144,22,false,
130233,ECDC_NO18_641428,16,false,
130234,ECDC_NO18_643387,18,false,
130235,ECDC_LV18_003,627,false,
130236,ECDC_LV18_004,1006,false,
130237,ECDC_LV18_005,367,false,
130238,ECDC_GE18_002,18,false,
130239,ECDC_GE18_010,373,false,
130240,ECDC_GE18_012,367,false,
130241,ECDC_GE18_015,373,false,
130242,ECDC_GE18_017,16,false,
130243,ECDC_GE18_018,367,false,
130244,ECDC_GE18_020,3886,false,
130245,ECDC_GE18_019,23,false,
130246,ECDC_GE18_023,18,false,
130247,ECDC_GE18_024,16,false,
130248,ECDC_GE18_022,18,false,
130249,ECDC_GE18_026,18,false,
130250,ECDC_GE18_028,373,false,
130251,ECDC_GE18_030,367,false,
130252,ECDC_GE18_031,4398,false,
130253,ECDC_GE18_025,378,false,
130254,ECDC_GE18_033,654,false,
130255,ECDC_GE18_035,367,false,
130256,ECDC_GE18_032,1006,false,
130257,ECDC_GE18_036,18,false,
130258,ECDC_GE18_038,367,false,
130259,ECDC_GE18_042,3353,false,
130260,ECDC_GE18_045,373,false,
130261,ECDC_GE18_046,16,false,
130262,ECDC_GE18_047,16,false,
130263,ECDC_GE18_049,18,false,
130264,ECDC_GE18_051,373,false,
130265,ECDC_GE18_052,16,false,
130266,ECDC_GE18_053,18,false,
130267,ECDC_GE18_054,16,false,
130268,ECDC_GE18_056,18,false,
130269,ECDC_GE18_057,367,false,
130270,ECDC_GE18_060,367,false,
130271,ECDC_GE18_061,23,false,
130272,ECDC_GE18_062,1122,false,
130273,ECDC_GE18_064,1122,false,
130274,ECDC_GE18_066,4009,false,
130275,ECDC_GE18_065,367,false,
130276,ECDC_GE18_067,367,false,
130277,ECDC_GE18_069,367,false,
130278,ECDC_GE18_073,16,false,
130279,ECDC_GE18_074,18,false,
130280,ECDC_GE18_076,16,false,
130281,ECDC_GE18_077,16,false,
130282,ECDC_GE18_079,367,false,
130283,ECDC_UK18_18LI068,636,false,
130284,ECDC_UK18_NI18023,367,false,
130285,ECDC_UK18_18BR075,654,false,
130286,ECDC_BE18_546,1122,false,
130287,ECDC_UK18_18CA031,367,false,
130288,ECDC_UK18_18BR078,3448,false,
130289,ECDC_UK18_18BR080,367,false,
130290,ECDC_UK18_18BR082,167,false,
130291,ECDC_UK18_18BR081,18,false,
130292,ECDC_UK18_18CA030,18,false,
130293,ECDC_BE18_513,18,false,
130294,ECDC_BE18_528,3353,false,
130295,ECDC_UK18_18WW060,18,false,
130296,ECDC_BE18_579,367,false,
130297,ECDC_UK18_18WW061,18,false,
130298,ECDC_UK18_18WW062,636,false,
130299,ECDC_FI18_18GC01327,367,false,
130300,ECDC_FI18_18GC01369,16,false,
130301,ECDC_FI18_18GC01377,367,false,
130302,ECDC_FI18_18GC01381,367,false,
130303,ECDC_FI18_18GC01382,654,false,
130304,ECDC_FI18_18GC01390,16,false,
130305,ECDC_FI18_18GC01391,373,false,
130306,ECDC_FI18_18GC01396,18,false,
130307,ECDC_FI18_18GC01404,16,false,
130308,ECDC_FI18_18GC01409,373,false,
130309,ECDC_FI18_18GC01408,18,false,
130310,ECDC_FI18_18GC01417,4330,false,
130311,ECDC_FI18_18GC01431,654,false,
130312,ECDC_FI18_18GC01422,18,false,
130313,ECDC_FI18_18GC01434,367,false,
130314,ECDC_FI18_18GC01443,4008,false,
130315,ECDC_FI18_18GC01438,367,false,
130316,ECDC_FI18_18GC01446,367,false,
130317,ECDC_FI18_18GC01452,3353,false,
130318,ECDC_FI18_18GC01458,367,false,
130319,ECDC_FI18_18GC01454,367,false,
130320,ECDC_FI18_18GC01461,18,false,
130321,ECDC_FI18_18GC01477,367,false,
130322,ECDC_FI18_18GC01480,654,false,
130323,ECDC_FI18_18GC01481,367,false,
130324,ECDC_FI18_18GC01483,16,false,
130325,ECDC_FI18_18GC01493,16,false,
130326,ECDC_FI18_18GC01507,22,false,
130327,ECDC_FI18_18GC01524,3353,false,
130328,ECDC_FI18_18GC01529,18,false,
130329,ECDC_FI18_18GC01536,367,false,
130330,ECDC_FI18_18GC01537,367,false,
130331,ECDC_FI18_18GC01545,367,false,
130332,ECDC_FI18_18GC01543,654,false,
130333,ECDC_FI18_18GC01550,16,false,
130334,ECDC_FI18_18GC01546,22,false,
130335,ECDC_FI18_18GC01559,16,false,
130336,ECDC_FI18_18GC01560,18,false,
130337,ECDC_FI18_18GC01562,367,false,
130338,ECDC_FI18_18GC01569,18,false,
130339,ECDC_FI18_18GC01564,16,false,
130340,ECDC_FI18_18GC01574,16,false,
130341,ECDC_FI18_18GC01570,367,false,
130342,ECDC_FI18_18GC01585,367,false,
130343,ECDC_FI18_18GC01587,367,false,
130344,ECDC_FI18_18GC01575,367,false,
130345,ECDC_FR18_58,644,false,
130346,ECDC_UK18_SCOT-07,18,false,
130347,ECDC_SK18_061,16,false,
130348,ECDC_SK18_064,16,false,
130349,ECDC_SK18_063,628,false,
130350,ECDC_SK18_065,3353,false,
130351,ECDC_IE18_101,373,false,
130352,ECDC_SK18_068,367,false,
130353,ECDC_SK18_067,628,false,
130354,ECDC_SK18_069,1006,false,
130355,ECDC_SK18_070,16,false,
130356,ECDC_SK18_071,628,false,
130357,ECDC_SK18_072,367,false,
130358,ECDC_SK18_074,627,false,
130359,ECDC_SK18_073,628,false,
130360,ECDC_SK18_076,378,false,
130361,ECDC_SK18_077,628,false,
130362,ECDC_SK18_075,628,false,
130363,ECDC_NO18_638011,3353,false,
130364,ECDC_NO18_638013,3353,false,
130365,ECDC_NO18_638015,3353,false,
130366,ECDC_NO18_638017,367,false,
130367,ECDC_NO18_638131,3353,false,
130368,ECDC_NO18_638135,16,false,
130369,ECDC_NO18_638138,367,false,
130370,ECDC_NO18_638473,18,false,
130371,ECDC_NO18_638468,3353,false,
130372,ECDC_NO18_638658,16,false,
130373,ECDC_NO18_638660,16,false,
130374,ECDC_NO18_638793,167,false,
130375,ECDC_NO18_638809,3353,false,
130376,ECDC_NO18_638508,1122,false,
130377,ECDC_NO18_638746,4399,false,
130378,ECDC_NO18_638142,16,false,
130379,ECDC_FI18_18GC01577,18,false,
130380,ECDC_FI18_18GC01579,18,false,
130381,ECDC_FI18_18GC01582,367,false,
130382,ECDC_NO18_638185,18,false,
130383,ECDC_NO18_638181,367,false,
130384,ECDC_NO18_638274,1006,false,
130385,ECDC_NO18_638328,4400,false,
130386,ECDC_NO18_638345,16,false,
130387,ECDC_NO18_638464,3353,false,
130388,ECDC_IS18_S1801100275,18,false,
130389,ECDC_IS18_S1801190054,367,false,
130390,ECDC_IS18_S1802190208,666,false,
130391,ECDC_IS18_S1802190190,654,false,
130392,ECDC_IS18_S1802200099,3353,false,
130393,ECDC_IS18_S1802220362,3353,false,
130394,ECDC_IS18_S1803050175,654,false,
130395,ECDC_IS18_S1803020061,654,false,
130396,ECDC_IS18_S1803120149,367,false,
130397,ECDC_IS18_S1803130132,654,false,
130398,ECDC_IS18_S1803210361,367,false,
130399,ECDC_IS18_S1803210362,654,false,
130400,ECDC_IS18_S1803220157,367,false,
130401,ECDC_IS18_S1803230140,367,false,
130402,ECDC_IS18_S1803280271,367,false,
130403,ECDC_IS18_S1804060274,18,false,
130404,ECDC_IS18_S1804120249,666,false,
130405,ECDC_IE18_109,367,false,
130406,ECDC_IS18_S1805110322,18,false,
130407,ECDC_IS18_S1805150259,18,false,
130408,ECDC_IE18_110,367,false,
130409,ECDC_IS18_S1806180220,367,false,
130410,ECDC_IS18_S1806200287,18,false,
130411,ECDC_IS18_S1807030239,367,false,
130412,ECDC_IE18_111,367,false,
130413,ECDC_IS18_S1808210154,3353,false,
130414,ECDC_IS18_S1809070049,3353,false,
130415,ECDC_BE18_564,367,false,
130416,ECDC_IS18_S1809210286,16,false,
130417,ECDC_IS18_S1809260338,367,false,
130418,ECDC_BE18_548,367,false,
130419,ECDC_IS18_S1810080264,3353,false,
130420,ECDC_IS18_S1810110281,18,false,
130421,ECDC_IS18_S1810120232,16,false,
130422,ECDC_IS18_S1811230291,18,false,
130423,ECDC_IS18_S1811290219,3353,false,
130424,ECDC_IS18_S1811270141,367,false,
130425,ECDC_IS18_S1812140324,1006,false,
130426,ECDC_IS18_S1812180098,16,false,
130427,ECDC_IS18_S1812200339,378,false,
130428,ECDC_UK18_SCOT-01,373,false,
130429,ECDC_BE18_584,367,false,
130430,ECDC_IS18_S1810030240,16,false,
130431,ECDC_UK18_SCOT-04,3353,false,
130432,ECDC_UK18_SCOT-05,373,false,
130433,ECDC_UK18_SCOT-06,373,false,
130434,ECDC_BE18_583,1122,false,
130435,ECDC_UK18_SCOT-09,16,false,
130436,ECDC_UK18_SCOT-12,654,false,
130437,ECDC_UK18_SCOT-08,18,false,
130438,ECDC_UK18_SCOT-10,18,false,
130439,ECDC_UK18_SCOT-11,1006,false,
130440,ECDC_BE18_567,3357,false,
130441,ECDC_BE18_551,373,false,
130442,ECDC_UK18_SCOT-19,18,false,
130443,ECDC_UK18_SCOT-18,367,false,
130444,ECDC_BE18_552,16,false,
130445,ECDC_NO18_641307,3353,false,
130446,ECDC_BE18_496,22,false,
130447,ECDC_BE18_500,654,false,
130448,ECDC_BE18_502,18,false,
130449,ECDC_BE18_503,18,false,
130450,ECDC_BE18_506,373,false,
130451,ECDC_BE18_508,18,false,
130452,ECDC_UK18_NI18008,3449,false,
130453,ECDC_UK18_NI18009,18,false,
130454,ECDC_UK18_NI18011,16,false,
130455,ECDC_UK18_NI18012,367,false,
130456,ECDC_UK18_NI18013,367,false,
130457,ECDC_BE18_516,16,false,
130458,ECDC_UK18_18NH019,367,false,
130459,ECDC_UK18_18BS031,16,false,
130460,ECDC_UK18_18BS034,1006,false,
130461,ECDC_UK18_18NP012,654,false,
130462,ECDC_BE18_545,3923,false,
130463,ECDC_UK18_18LE100,636,false,
130464,ECDC_UK18_18NP016,18,false,
130465,ECDC_BE18_544,1006,false,
130466,ECDC_UK18_18LE102,367,false,
130467,ECDC_UK18_18LE103,18,false,
130468,ECDC_UK18_18LE105,1006,false,
130469,ECDC_UK18_18LE106,367,false,
130470,ECDC_UK18_18LE108,628,false,
130471,ECDC_UK18_18LE112,367,false,
130472,ECDC_UK18_18LE110,1006,false,
130473,ECDC_UK18_18LE114,367,false,
130474,ECDC_UK18_18KI031,367,false,
130475,ECDC_UK18_18KI029,18,false,
130476,ECDC_UK18_18KI030,,false,
130477,ECDC_UK18_18MA187,654,false,
130478,ECDC_UK18_18MA188,367,false,
130479,ECDC_UK18_18MA191,3353,false,
130480,ECDC_IE18_103,16,false,
130481,ECDC_BE18_578,16,false,
130482,ECDC_UK18_18MA199,3353,false,
130483,ECDC_UK18_18MA200,367,false,
130484,ECDC_UK18_18MA203,657,false,
130485,ECDC_UK18_18MA204,367,false,
130486,ECDC_UK18_18MA206,373,false,
130487,ECDC_UK18_NI18001,16,false,
130488,ECDC_UK18_NI18003,373,false,
130489,ECDC_UK18_NI18002,23,false,
130490,ECDC_UK18_NI18004,23,false,
130491,ECDC_UK18_NI18006,373,false,
130492,ECDC_UK18_NI18007,367,false,
130493,ECDC_SI18_11733,367,false,
130494,ECDC_SI18_11855,654,false,
130495,ECDC_SI18_12103,373,false,
130496,ECDC_SI18_3632,373,false,
130497,ECDC_SI18_12101,367,false,
130498,ECDC_SI18_3639,3353,false,
130499,ECDC_SI18_3933,18,false,
130500,ECDC_SI18_4009,654,false,
130501,ECDC_SI18_4191,373,false,
130502,ECDC_SI18_4606,18,false,
130503,ECDC_SI18_4753,373,false,
130504,ECDC_SI18_4605,18,false,
130505,ECDC_SI18_4613,367,false,
130506,ECDC_SI18_5252,18,false,
130507,ECDC_SI18_5425,3353,false,
130508,ECDC_SI18_5432,367,false,
130509,ECDC_SI18_5439,373,false,
130510,ECDC_SI18_5646,373,false,
130511,ECDC_SI18_5813,373,false,
130512,ECDC_SI18_11498,18,false,
130513,ECDC_SI18_6418,373,false,
130514,ECDC_SI18_6704,367,false,
130515,ECDC_SI18_6703,367,false,
130516,ECDC_SI18_6291,367,false,
130517,ECDC_SI18_12203,373,false,
130518,ECDC_SI18_5734,373,false,
130519,ECDC_SI18_14375,18,false,
130520,ECDC_SI18_6642,18,false,
130521,ECDC_SI18_7682,373,false,
130522,ECDC_SI18_7680,373,false,
130523,ECDC_SI18_7360,373,false,
130524,ECDC_SI18_7501,367,false,
130525,ECDC_SI18_7881,373,false,
130526,ECDC_SI18_7898,373,false,
130527,ECDC_SI18_8294,367,false,
130528,ECDC_SI18_13209,627,false,
130529,ECDC_SI18_8866,373,false,
130530,ECDC_SI18_13567,367,false,
130531,ECDC_SI18_8939,373,false,
130532,ECDC_SI18_9191,16,false,
130533,ECDC_SI18_9593,367,false,
130534,ECDC_SI18_9848,18,false,
130535,ECDC_SI18_9617,1006,false,
130536,ECDC_SI18_10132,3353,false,
130537,ECDC_SI18_10203,373,false,
130538,ECDC_SI18_10209,373,false,
130539,ECDC_UK18_18CC828,367,false,
130540,ECDC_UK18_18CC830,16,false,
130541,ECDC_SI18_10913,627,false,
130542,ECDC_UK18_18CC832,627,false,
130543,ECDC_UK18_18CC859,367,false,
130544,ECDC_UK18_18CC858,654,false,
130545,ECDC_UK18_18CC860,654,false,
130546,ECDC_UK18_18CC862,16,false,
130547,ECDC_UK18_18CC861,373,false,
130548,ECDC_UK18_18CC864,16,false,
130549,ECDC_UK18_18CC863,16,false,
130550,ECDC_UK18_18CC867,1122,false,
130551,ECDC_UK18_18CC868,367,false,
130552,ECDC_UK18_18CC869,367,false,
130553,ECDC_UK18_18CC870,1006,false,
130554,ECDC_UK18_18CC871,373,false,
130555,ECDC_UK18_18CC872,1006,false,
130556,ECDC_UK18_18CC876,367,false,
130557,ECDC_UK18_18CC875,373,false,
130558,ECDC_UK18_18CC873,16,false,
130559,ECDC_UK18_18CC877,1006,false,
130560,ECDC_UK18_18CC880,367,false,
130561,ECDC_UK18_18CC833,367,false,
130562,ECDC_UK18_18CC882,3353,false,
130563,ECDC_UK18_18CC836,373,false,
130564,ECDC_UK18_18CC838,21,false,
130565,ECDC_UK18_18CC839,16,false,
130566,ECDC_UK18_18CC835,367,false,
130567,ECDC_UK18_18CC843,1122,false,
130568,ECDC_UK18_18CC840,4386,false,
130569,ECDC_UK18_18CC841,367,false,
130570,ECDC_UK18_18CC846,654,false,
130571,ECDC_UK18_18CC845,373,false,
130572,ECDC_UK18_18CC848,3353,false,
130573,ECDC_UK18_18CC849,3353,false,
130574,ECDC_UK18_18CC850,3353,false,
130575,ECDC_UK18_18CC851,367,false,
130576,ECDC_UK18_18CC852,4401,false,
130577,ECDC_UK18_18CC853,3353,false,
130578,ECDC_UK18_18CC854,367,false,
130579,ECDC_UK18_18CC855,18,false,
130580,ECDC_UK18_18CC857,16,false,
130581,ECDC_UK18_18CC886,666,false,
130582,ECDC_UK18_18CC887,654,false,
130583,ECDC_UK18_18CC889,1006,false,
130584,ECDC_UK18_18CC897,3353,false,
130585,ECDC_UK18_18CC912,373,false,
130586,ECDC_UK18_18CC903,16,false,
130587,ECDC_UK18_18CC919,657,false,
130588,ECDC_UK18_18CC911,16,false,
130589,ECDC_UK18_18CC916,1006,false,
130590,ECDC_UK18_18CC900,18,false,
130591,ECDC_UK18_18CC914,373,false,
130592,ECDC_UK18_18CC958,16,false,
130593,ECDC_UK18_18CC962,3353,false,
130594,ECDC_UK18_18CC960,3353,false,
130595,ECDC_UK18_18CC966,367,false,
130596,ECDC_UK18_18CC965,632,false,
130597,ECDC_UK18_18HO061,22,false,
130598,ECDC_UK18_18HO067,657,false,
130599,ECDC_UK18_18HO065,367,false,
130600,ECDC_BE18_575,636,false,
130601,ECDC_UK18_18LI071,367,false,
130602,ECDC_UK18_18LI073,1006,false,
130603,ECDC_UK18_18LI074,1006,false,
130604,ECDC_BE18_587,636,false,
130605,ECDC_UK18_18SH065,367,false,
130606,ECDC_UK18_18SH066,654,false,
130607,ECDC_IE18_105,367,false,
130608,ECDC_NO18_641487,367,false,
130609,ECDC_UK18_NI18016,654,false,
130610,ECDC_UK18_NI18018,627,false,
130611,ECDC_UK18_NI18019,18,false,
130612,ECDC_UK18_NI18021,16,false,
130613,ECDC_UK18_NI18020,367,false,
130614,ECDC_UK18_NI18025,3353,false,
130615,ECDC_UK18_NI18024,367,false,
130616,ECDC_UK18_18GL015,1006,false,
130617,ECDC_UK18_18CM016,18,false,
130618,ECDC_UK18_18RE017,1006,false,
130619,ECDC_UK18_18RE019,373,false,
130620,ECDC_UK18_18NP036,657,false,
130621,ECDC_UK18_18NP035,636,false,
130622,ECDC_SK18_001,654,false,
130623,ECDC_SK18_002,367,false,
130624,ECDC_SK18_003,18,false,
130625,ECDC_SK18_007,628,false,
130626,ECDC_SK18_006,367,false,
130627,ECDC_SK18_008,628,false,
130628,ECDC_SK18_009,628,false,
130629,ECDC_SK18_010,1006,false,
130630,ECDC_SK18_011,367,false,
130631,ECDC_SK18_012,16,false,
130632,ECDC_SK18_013,628,false,
130633,ECDC_SK18_016,367,false,
130634,ECDC_SK18_015,16,false,
130635,ECDC_SK18_014,367,false,
130636,ECDC_SK18_017,628,false,
130637,ECDC_SK18_018,16,false,
130638,ECDC_SK18_019,367,false,
130639,ECDC_SK18_021,628,false,
130640,ECDC_SK18_020,367,false,
130641,ECDC_SK18_022,21,false,
130642,ECDC_SK18_024,367,false,
130643,ECDC_SK18_023,16,false,
130644,ECDC_SK18_025,21,false,
130645,ECDC_SK18_026,22,false,
130646,ECDC_SK18_027,367,false,
130647,ECDC_SK18_028,367,false,
130648,ECDC_SK18_029,628,false,
130649,ECDC_SK18_031,367,false,
130650,ECDC_SK18_030,628,false,
130651,ECDC_SK18_032,16,false,
130652,ECDC_SK18_033,16,false,
130653,ECDC_SK18_034,367,false,
130654,ECDC_SK18_036,367,false,
130655,ECDC_SK18_037,628,false,
130656,ECDC_SK18_038,16,false,
130657,ECDC_SK18_039,367,false,
130658,ECDC_SK18_040,628,false,
130659,ECDC_SK18_041,628,false,
130660,ECDC_SK18_042,21,false,
130661,ECDC_SK18_043,654,false,
130662,ECDC_SK18_035,654,false,
130663,ECDC_SK18_045,628,false,
130664,ECDC_SK18_046,627,false,
130665,ECDC_SK18_047,1006,false,
130666,ECDC_SK18_044,666,false,
130667,ECDC_SK18_048,21,false,
130668,ECDC_SK18_049,628,false,
130669,ECDC_SK18_050,367,false,
130670,ECDC_SK18_051,628,false,
130671,ECDC_SK18_052,627,false,
130672,ECDC_SK18_053,628,false,
130673,ECDC_SK18_054,367,false,
130674,ECDC_SK18_055,367,false,
130675,ECDC_SK18_056,4385,false,
130676,ECDC_SK18_057,3965,false,
130677,ECDC_SK18_058,628,false,
130678,ECDC_SK18_059,367,false,
130679,ECDC_SK18_060,628,false,
130680,ECDC_FR18_22,22,false,
130681,ECDC_FI18_18GC01504,367,false,
130682,ECDC_FR18_50,367,false,
130683,ECDC_IE18_008,367,false,
130684,ECDC_FR18_03,367,false,
130685,ECDC_UK18_NI18022,22,false,
130686,ECDC_SI18_10113,16,false,
130687,ECDC_IE18_102,373,false,
130688,ECDC_UK18_18CC893,16,false,
130689,ECDC_IS18_S1807050310,367,false,
130690,ECDC_UK18_SCOT-13,636,false,
130691,ECDC_BE18_580,1006,false,
130692,ECDC_BE18_581,1006,false,
130693,ECDC_GE18_139,367,false,
130694,ECDC_SI18_14625,367,false,
130695,ECDC_IE18_113,373,false,
130696,ECDC_SI18_6937,16,false,
130697,ECDC_UK18_18CA033,367,false,
130698,ECDC_UK18_18LU016,16,false,
130699,ECDC_IS18_S1807290046,378,false,
130700,ECDC_UK18_NI18017,1006,false,
130701,ECDC_UK18_18BR076,367,false,
130702,ECDC_IE18_106,1006,false,
130703,ECDC_UK18_SCOT-14,367,false,
130704,ECDC_GE18_084,3353,false,
130705,ECDC_UK18_18BR083,367,false,
130706,ECDC_GE18_086,367,false,
130707,ECDC_GE18_087,22,false,
130708,ECDC_GE18_088,16,false,
130709,ECDC_GE18_090,3353,false,
130710,ECDC_GE18_092,654,false,
130711,ECDC_GE18_091,367,false,
130712,ECDC_GE18_094,3359,false,
130713,ECDC_GE18_095,3353,false,
130714,ECDC_GE18_097,16,false,
130715,ECDC_GE18_099,16,false,
130716,ECDC_GE18_102,654,false,
130717,ECDC_GE18_104,18,false,
130718,ECDC_GE18_103,654,false,
130719,ECDC_GE18_105,16,false,
130720,ECDC_GE18_107,654,false,
130721,ECDC_GE18_109,16,false,
130722,ECDC_GE18_116,367,false,
130723,ECDC_GE18_114,367,false,
130724,ECDC_GE18_113,367,false,
130725,ECDC_GE18_118,367,false,
130726,ECDC_GE18_119,1006,false,
130727,ECDC_GE18_122,654,false,
130728,ECDC_GE18_128,18,false,
130729,ECDC_GE18_129,654,false,
130730,ECDC_GE18_130,16,false,
130731,ECDC_GE18_131,373,false,
130732,ECDC_GE18_132,16,false,
130733,ECDC_GE18_133,627,false,
130734,ECDC_GE18_136,18,false,
130735,ECDC_NO18_641797,16,false,
130736,ECDC_GE18_134,3353,false,
130737,ECDC_GE18_137,3353,false,
130738,ECDC_BE18_597,367,false,
130739,ECDC_GE18_140,1006,false,
130740,ECDC_GE18_143,367,false,
130741,ECDC_BE18_520,627,false,
130742,ECDC_BE18_519,628,false,
130743,ECDC_BE18_521,18,false,
130744,ECDC_BE18_522,1006,false,
130745,ECDC_BE18_523,23,false,
130746,ECDC_BE18_524,378,false,
130747,ECDC_BE18_525,18,false,
130748,ECDC_BE18_553,367,false,
130749,ECDC_BE18_526,654,false,
130750,ECDC_BE18_556,3353,false,
130751,ECDC_BE18_554,367,false,
130752,ECDC_BE18_558,3923,false,
130753,ECDC_BE18_557,3353,false,
130754,ECDC_BE18_559,367,false,
130755,ECDC_BE18_561,367,false,
130756,ECDC_BE18_560,367,false,
130757,ECDC_BE18_589,3353,false,
130758,ECDC_BE18_591,16,false,
130759,ECDC_BE18_590,367,false,
130760,ECDC_BE18_592,367,false,
130761,ECDC_BE18_593,16,false,
130762,ECDC_BE18_594,16,false,
130763,ECDC_BE18_596,367,false,
130764,ECDC_BE18_529,1006,false,
130765,ECDC_BE18_588,657,false,
130766,ECDC_BE18_532,367,false,
130767,ECDC_BE18_530,16,false,
130768,ECDC_BE18_533,18,false,
130769,ECDC_BE18_534,16,false,
130770,ECDC_GE18_147,18,false,
130771,ECDC_GE18_149,654,false,
130772,ECDC_GE18_151,16,false,
130773,ECDC_GE18_155,627,false,
130774,ECDC_GE18_156,373,false,
130775,ECDC_GE18_157,367,false,
130776,ECDC_GE18_158,373,false,
130777,ECDC_GE18_159,367,false,
130778,ECDC_GE18_161,627,false,
130779,ECDC_GE18_162,3353,false,
130780,ECDC_GE18_164,3359,false,
130781,ECDC_GE18_167,16,false,
130782,ECDC_GE18_169,627,false,
130783,ECDC_GE18_170,367,false,
130784,ECDC_GE18_173,627,false,
130785,ECDC_GE18_175,16,false,
130786,ECDC_NO18_640474,16,false,
130787,ECDC_GE18_178,373,false,
130788,ECDC_GE18_176,16,false,
130789,ECDC_BE18_527,1006,false,
130790,ECDC_GE18_179,3353,false,
130791,ECDC_GE18_180,16,false,
130792,ECDC_GE18_181,16,false,
130793,ECDC_GE18_182,16,false,
130794,ECDC_GE18_183,654,false,
130795,ECDC_GE18_184,18,false,
130796,ECDC_GE18_185,373,false,
130797,ECDC_GE18_186,367,false,
130798,ECDC_GE18_189,373,false,
130799,ECDC_GE18_190,16,false,
130800,ECDC_GE18_192,627,false,
130801,ECDC_GE18_196,16,false,
130802,ECDC_GE18_197,16,false,
130803,ECDC_GE18_198,3923,false,
130804,ECDC_NO18_640476,367,false,
130805,ECDC_BE18_531,22,false,
130806,ECDC_BE18_536,16,false,
130807,ECDC_BE18_535,378,false,
130808,ECDC_BE18_541,4391,false,
130809,ECDC_BE18_543,367,false,
130810,ECDC_BE18_547,3354,false,
130811,ECDC_BE18_562,1006,false,
130812,ECDC_BE18_550,3353,false,
130813,ECDC_BE18_585,22,false,
130814,ECDC_BE18_570,367,false,
130815,ECDC_BE18_572,627,false,
130816,ECDC_BE18_586,1006,false,
130817,ECDC_NO18_641799,1006,false,
130818,ECDC_IE18_096,373,false,
130819,ECDC_IE18_115,18,false,
130820,ECDC_IE18_098,373,false,
130821,ECDC_IE18_114,373,false,
130822,ECDC_IE18_117,367,false,
130823,ECDC_IE18_116,3353,false,
130824,ECDC_IE18_118,373,false,
130825,ECDC_IE18_119,373,false,
130826,ECDC_IE18_120,3353,false,
130827,ECDC_IE18_124,1006,false,
130828,ECDC_IE18_126,16,false,
130829,ECDC_IE18_127,1006,false,
130830,ECDC_IE18_128,1006,false,
130831,ECDC_IE18_129,367,false,
130832,ECDC_IE18_130,373,false,
130833,ECDC_IE18_132,367,false,
130834,ECDC_IE18_133,3353,false,
130835,ECDC_IE18_134,16,false,
130836,ECDC_IE18_136,654,false,
130837,ECDC_IE18_137,373,false,
130838,ECDC_IE18_139,1006,false,
130839,ECDC_SK18_005,628,false,
130840,ECDC_IE18_138,1006,false,
130841,ECDC_SK18_062,628,false,
130842,ECDC_IE18_185,18,false,
130843,ECDC_SK18_066,367,false,
130844,ECDC_NO18_638812,16,false,
130845,ECDC_NO18_639351,18,false,
130846,ECDC_NO18_639353,16,false,
130847,ECDC_IE18_123,367,false,
130848,ECDC_NO18_639361,3353,false,
130849,ECDC_NO18_639357,367,false,
130850,ECDC_NO18_639355,367,false,
130851,ECDC_NO18_639365,1122,false,
130852,ECDC_NO18_639363,3353,false,
130853,ECDC_NO18_639367,654,false,
130854,ECDC_NO18_639369,18,false,
130855,ECDC_IE18_198,16,false,
130856,ECDC_NO18_639454,367,false,
130857,ECDC_NO18_639452,644,false,
130858,ECDC_NO18_640302,16,false,
130859,ECDC_NO18_640299,3353,false,
130860,ECDC_NO18_640322,644,false,
130861,ECDC_NO18_640307,22,false,
130862,ECDC_NO18_640324,3353,false,
130863,ECDC_NO18_640326,3353,false,
130864,ECDC_NO18_640376,3353,false,
130865,ECDC_NO18_640384,367,false,
130866,ECDC_NO18_640468,3353,false,
130867,ECDC_NO18_640455,1122,false,
130868,ECDC_NO18_640480,1122,false,
130869,ECDC_UK18_NI18015,636,false,
130870,ECDC_NO18_640493,22,false,
130871,ECDC_NO18_640579,16,false,
130872,ECDC_NO18_640712,367,false,
130873,ECDC_NO18_640715,16,false,
130874,ECDC_NO18_640718,3353,false,
130875,ECDC_NO18_640720,367,false,
130876,ECDC_NO18_640723,1122,false,
130877,ECDC_NO18_640489,3353,false,
130878,ECDC_NO18_640813,16,false,
130879,ECDC_NO18_640660,3353,false,
130880,ECDC_NO18_641085,3353,false,
130881,ECDC_NO18_641430,3353,false,
130882,ECDC_NO18_641162,16,false,
130883,ECDC_NO18_641165,16,false,
130884,ECDC_NO18_641152,18,false,
130885,ECDC_NO18_641159,16,false,
130886,ECDC_NO18_641155,1122,false,
130887,ECDC_NO18_641179,367,false,
130888,ECDC_NO18_641181,3353,false,
130889,ECDC_NO18_641183,367,false,
130890,ECDC_NO18_641187,4399,false,
130891,ECDC_NO18_641189,16,false,
130892,ECDC_NO18_641192,16,false,
130893,ECDC_UK18_NI18026,1006,false,
130894,ECDC_UK18_NI18028,3353,false,
130895,ECDC_UK18_NI18027,4402,false,
130896,ECDC_IE18_146,22,false,
130897,ECDC_UK18_NI18030,1006,false,
130898,ECDC_IE18_147,22,false,
130899,ECDC_IE18_152,654,false,
130900,ECDC_IE18_157,3353,false,
130901,ECDC_IE18_163,22,false,
130902,ECDC_IE18_172,654,false,
130903,ECDC_IE18_179,373,false,
130904,ECDC_UK18_18BI166,367,false,
130905,ECDC_UK18_18BI168,22,false,
130906,ECDC_UK18_18BI167,367,false,
130907,ECDC_UK18_18BI169,3353,false,
130908,ECDC_UK18_18BI178,22,false,
130909,ECDC_UK18_18BI180,16,false,
130910,ECDC_UK18_18BI179,1122,false,
130911,ECDC_UK18_18BI182,3353,false,
130912,ECDC_UK18_18BI183,367,false,
130913,ECDC_UK18_18BI184,3353,false,
130914,ECDC_UK18_18BI185,3353,false,
130915,ECDC_UK18_18BI186,4403,false,
130916,ECDC_UK18_18CC994,4404,false,
130917,ECDC_UK18_18WO029,22,false,
130918,ECDC_FR18_11,16,false,
130919,ECDC_SI18_16075,654,false,
130920,ECDC_UK18_18WO028,3841,false,
130921,ECDC_FR18_12,373,false,
130922,ECDC_FR18_13,636,false,
130923,ECDC_FR18_14,373,false,
130924,ECDC_FR18_16,654,false,
130925,ECDC_FR18_15,3353,false,
130926,ECDC_FR18_21,636,false,
130927,ECDC_FR18_26,654,false,
130928,ECDC_FR18_27,654,false,
130929,ECDC_FR18_29,367,false,
130930,ECDC_FR18_28,367,false,
130931,ECDC_FR18_34,636,false,
130932,ECDC_FR18_38,373,false,
130933,ECDC_FR18_33,367,false,
130934,ECDC_FR18_35,627,false,
130935,ECDC_FR18_37,373,false,
130936,ECDC_FR18_41,367,false,
130937,ECDC_FR18_40,636,false,
130938,ECDC_FR18_46,18,false,
130939,ECDC_FR18_44,373,false,
130940,ECDC_FR18_45,16,false,
130941,ECDC_FR18_48,373,false,
130942,ECDC_FR18_53,378,false,
130943,ECDC_FR18_55,373,false,
130944,ECDC_FR18_56,1006,false,
130945,ECDC_IS18_S1809170333,16,false,
130946,ECDC_SI18_16306,367,false,
130947,ECDC_SI18_16287,22,false,
130948,ECDC_SI18_16442,373,false,
130949,ECDC_SI18_16781,367,false,
130950,ECDC_SI18_16600,373,false,
130951,ECDC_SI18_17038,373,false,
130952,ECDC_SI18_17034,373,false,
130953,ECDC_SI18_17131,367,false,
130954,ECDC_SI18_17205,367,false,
130955,ECDC_SI18_17283,18,false,
130956,ECDC_SI18_17208,373,false,
130957,ECDC_SI18_17754,367,false,
130958,ECDC_SI18_18045,373,false,
130959,ECDC_SI18_18099,373,false,
130960,ECDC_SI18_18104,654,false,
130961,ECDC_SI18_18408,654,false,
130962,ECDC_SI18_19018,367,false,
130963,ECDC_SI18_19177,654,false,
130964,ECDC_SI18_19028,3353,false,
130965,ECDC_SI18_19280,22,false,
130966,ECDC_SI18_19395,1006,false,
130967,ECDC_FR18_61,373,false,
130968,ECDC_UK18_18CC894,22,false,
130969,ECDC_UK18_18CC896,373,false,
130970,ECDC_UK18_18LU017,627,false,
130971,ECDC_SI18_14643,666,false,
130972,ECDC_SI18_14486,373,false,
130973,ECDC_SI18_14740,373,false,
130974,ECDC_SI18_14888,1006,false,
130975,ECDC_SI18_15055,367,false,
130976,ECDC_SI18_15018,367,false,
130977,ECDC_SI18_15111,654,false,
130978,ECDC_SI18_15310,367,false,
130979,ECDC_SI18_15258,367,false,
130980,ECDC_SI18_15448,367,false,
130981,ECDC_SI18_16084,654,false,
130982,ECDC_SI18_19482,16,false,
130983,ECDC_SI18_16128,373,false,
130984,ECDC_SI18_19483,367,false,
130985,ECDC_SI18_19535,654,false,
130986,ECDC_SI18_19566,654,false,
130987,ECDC_FR18_04,373,false,
130988,ECDC_FR18_06,18,false,
130989,ECDC_FR18_05,373,false,
130990,ECDC_FR18_08,654,false,
130991,ECDC_FR18_07,367,false,
130992,ECDC_FR18_09,3353,false,
130993,ECDC_FR18_10,666,false,
130994,ECDC_NO18_638462,3353,false,
130995,ECDC_NO18_643141,16,false,
130996,ECDC_SI18_7222,367,false,
130997,ECDC_SI18_7237,367,false,
130998,ECDC_UK18_18HO069,367,false,
130999,ECDC_SI18_12218,18,false,
131000,ECDC_UK18_18BI189,22,false,
131001,ECDC_UK18_18CA032,22,false,
131002,ECDC_UK18_18CC831,367,false,
131003,ECDC_UK18_18CC879,22,false,
131004,ECDC_UK18_18CC883,3353,false,
131005,ECDC_UK18_18CC895,16,false,
131006,ECDC_UK18_18HO058,636,false,
131007,ECDC_UK18_18NO043,373,false,
131008,ECDC_UK18_18NO045,367,false,
131009,ECDC_UK18_18NO044,18,false,
131010,ECDC_IE18_107,373,false,
131011,ECDC_UK18_18NO050,373,false,
131012,ECDC_UK18_18SH063,22,false,
131013,ECDC_UK18_18SH067,22,false,
131014,ECDC_UK18_18WW063,3353,false,
131015,ECDC_IE18_001,367,false,
131016,ECDC_IE18_002,3353,false,
131017,ECDC_IE18_003,16,false,
131018,ECDC_IE18_004,367,false,
131019,ECDC_IE18_005,1006,false,
131020,ECDC_IE18_007,3353,false,
131021,ECDC_IE18_006,3353,false,
131022,ECDC_IE18_010,373,false,
131023,ECDC_IE18_011,373,false,
131024,ECDC_IE18_014,373,false,
131025,ECDC_IE18_013,367,false,
131026,ECDC_IE18_017,16,false,
131027,ECDC_IE18_015,1122,false,
131028,ECDC_IE18_019,4396,false,
131029,ECDC_IE18_012,22,false,
131030,ECDC_IE18_021,22,false,
131031,ECDC_IE18_025,22,false,
131032,ECDC_IE18_023,373,false,
131033,ECDC_IE18_024,841,false,
131034,ECDC_IE18_026,373,false,
131035,ECDC_IE18_029,18,false,
131036,ECDC_IE18_030,367,false,
131037,ECDC_IE18_032,3353,false,
131038,ECDC_IE18_036,1006,false,
131039,ECDC_IE18_043,373,false,
131040,ECDC_IE18_042,367,false,
131041,ECDC_IE18_047,373,false,
131042,ECDC_IE18_046,367,false,
131043,ECDC_IE18_045,3353,false,
131044,ECDC_IE18_051,4396,false,
131045,ECDC_IE18_050,373,false,
131046,ECDC_IE18_053,18,false,
131047,ECDC_IE18_054,367,false,
131048,ECDC_UK18_18CC996,1006,false,
131049,ECDC_UK18_18NE014,18,false,
131050,ECDC_UK18_18CC997,367,false,
131051,ECDC_SI18_12664,373,false,
131052,ECDC_IE18_108,373,false,
131053,ECDC_SI18_12969,18,false,
131054,ECDC_SI18_12872,654,false,
131055,ECDC_SI18_12970,367,false,
131056,ECDC_SI18_12962,654,false,
131057,ECDC_SI18_13445,367,false,
131058,ECDC_SI18_13137,367,false,
131059,ECDC_BE18_573,4405,false,
131060,ECDC_BE18_576,3923,false,
131061,ECDC_BE18_537,627,false,
131062,ECDC_BE18_538,367,false,
131063,ECDC_BE18_539,367,false,
131064,ECDC_BE18_540,373,false,
131065,ECDC_BE18_577,16,false,
131066,ECDC_BE18_497,367,false,
131094,12525,3276,false,
131095,GP-12-MUS-048,21,true,"Anastasia Unitt, University of Oxford"
131096,GP-12-MUS-049,367,true,"Anastasia Unitt, University of Oxford"
131097,GP-12-MUS-052,367,true,"Anastasia Unitt, University of Oxford"
131098,GP-12-MUS-069,4408,true,"Anastasia Unitt, University of Oxford"
131099,GP-12-MUS-071,18,true,"Anastasia Unitt, University of Oxford"
131100,GP-12-MUS-086,367,true,"Anastasia Unitt, University of Oxford"
131101,GP-12-MUS-088,18,true,"Anastasia Unitt, University of Oxford"
131102,GP-12-MUS-092,367,true,"Anastasia Unitt, University of Oxford"
131103,GP-12-MUS-093,367,true,"Anastasia Unitt, University of Oxford"
131104,GP-12-MUS-096,367,true,"Anastasia Unitt, University of Oxford"
131105,GP-12-MUS-099,378,true,"Anastasia Unitt, University of Oxford"
131106,GP-12-MUS-102,367,true,"Anastasia Unitt, University of Oxford"
131107,GP-12-MUS-107,16,true,"Anastasia Unitt, University of Oxford"
131108,GP-12-MUS-109,367,true,"Anastasia Unitt, University of Oxford"
131109,GP-12-MUS-110,18,true,"Anastasia Unitt, University of Oxford"
131110,GP-12-MUS-115,367,true,"Anastasia Unitt, University of Oxford"
131111,GP-12-MUS-116,4409,true,"Anastasia Unitt, University of Oxford"
131112,GP-12-MUS-117,825,true,"Anastasia Unitt, University of Oxford"
131113,GP-12-MUS-124,18,true,"Anastasia Unitt, University of Oxford"
131114,GP-12-MUS-137,367,true,"Anastasia Unitt, University of Oxford"
131115,GP-12-MUS-163,18,true,"Anastasia Unitt, University of Oxford"
131116,GP-12-MUS-166,18,true,"Anastasia Unitt, University of Oxford"
131117,GP-12-MUS-170,18,true,"Anastasia Unitt, University of Oxford"
131118,GP-12-MUS-180,657,true,"Anastasia Unitt, University of Oxford"
131119,GP-12-MUS-190,657,true,"Anastasia Unitt, University of Oxford"
131120,GP-12-MUS-199,367,true,"Anastasia Unitt, University of Oxford"
131121,GP-12-MUS-205,18,true,"Anastasia Unitt, University of Oxford"
131122,GP-12-MUS-208,18,true,"Anastasia Unitt, University of Oxford"
131123,GP-12-MUS-211,657,true,"Anastasia Unitt, University of Oxford"
131124,GP-12-MUS-214,367,true,"Anastasia Unitt, University of Oxford"
131125,GP-12-MUS-220,657,true,"Anastasia Unitt, University of Oxford"
131126,GP-12-MUS-242,,true,"Anastasia Unitt, University of Oxford"
131127,GP-12-MUS-250,367,true,"Anastasia Unitt, University of Oxford"
131128,GP-12-MUS-251,18,true,"Anastasia Unitt, University of Oxford"
131129,GP-12-MUS-252,4410,true,"Anastasia Unitt, University of Oxford"
131130,GP-12-MUS-264,18,true,"Anastasia Unitt, University of Oxford"
131131,GP-12-MUS-273,18,true,"Anastasia Unitt, University of Oxford"
131132,GP-12-MUS-276,18,true,"Anastasia Unitt, University of Oxford"
131133,GP-12-MUS-283,18,true,"Anastasia Unitt, University of Oxford"
131134,GP-12-MUS-289,18,true,"Anastasia Unitt, University of Oxford"
131135,GP-12-MUS-291,18,true,"Anastasia Unitt, University of Oxford"
131136,GP-12-MUS-297,2199,true,"Anastasia Unitt, University of Oxford"
131137,GP-12-MUS-303,2199,true,"Anastasia Unitt, University of Oxford"
131138,GP-12-MUS-307,18,true,"Anastasia Unitt, University of Oxford"
131139,GP-12-MUS-311,21,true,"Anastasia Unitt, University of Oxford"
131140,GP-12-MUS-312,18,true,"Anastasia Unitt, University of Oxford"
131141,GP-12-MUS-317,4411,true,"Anastasia Unitt, University of Oxford"
131142,GP-12-MUS-319,367,true,"Anastasia Unitt, University of Oxford"
131143,GP-12-MUS-324,18,true,"Anastasia Unitt, University of Oxford"
131144,GP-12-MUS-325,367,true,"Anastasia Unitt, University of Oxford"
131145,GP-12-MUS-331,18,true,"Anastasia Unitt, University of Oxford"
131146,GP-12-MUS-333,367,true,"Anastasia Unitt, University of Oxford"
131147,GP-12-MUS-337,18,true,"Anastasia Unitt, University of Oxford"
131148,GP-12-MUS-339,18,true,"Anastasia Unitt, University of Oxford"
131149,GP-12-MUS-356,18,true,"Anastasia Unitt, University of Oxford"
131150,GP-12-MUS-358,18,true,"Anastasia Unitt, University of Oxford"
131151,GP-12-MUS-361,18,true,"Anastasia Unitt, University of Oxford"
131152,GP-12-MUS-363,367,true,"Anastasia Unitt, University of Oxford"
131153,GP-12-MUS-368,18,true,"Anastasia Unitt, University of Oxford"
131154,GP-12-MUS-371,18,true,"Anastasia Unitt, University of Oxford"
131155,GP-13-MUS-001,825,true,"Anastasia Unitt, University of Oxford"
131156,GP-13-MUS-015,683,true,"Anastasia Unitt, University of Oxford"
131157,GP-13-MUS-032,18,true,"Anastasia Unitt, University of Oxford"
131158,GP-13-MUS-044,23,true,"Anastasia Unitt, University of Oxford"
131159,GP-13-MUS-047,18,true,"Anastasia Unitt, University of Oxford"
131160,GP-13-MUS-051,683,true,"Anastasia Unitt, University of Oxford"
131161,GP-13-MUS-052,683,true,"Anastasia Unitt, University of Oxford"
131162,GP-13-MUS-053,18,true,"Anastasia Unitt, University of Oxford"
131163,GP-13-MUS-067,18,true,"Anastasia Unitt, University of Oxford"
131164,GP-13-MUS-068,2199,true,"Anastasia Unitt, University of Oxford"
131165,GP-13-MUS-070,18,true,"Anastasia Unitt, University of Oxford"
131166,GP-13-MUS-073,367,true,"Anastasia Unitt, University of Oxford"
131167,GP-13-MUS-076,367,true,"Anastasia Unitt, University of Oxford"
131168,GP-13-MUS-077,18,true,"Anastasia Unitt, University of Oxford"
131169,GP-13-MUS-080,367,true,"Anastasia Unitt, University of Oxford"
131170,GP-13-MUS-081,657,true,"Anastasia Unitt, University of Oxford"
131171,GP-13-MUS-083,,true,"Anastasia Unitt, University of Oxford"
131172,GP13-MUS-085,18,true,"Anastasia Unitt, University of Oxford"
131173,GP13-MUS-086,2199,true,"Anastasia Unitt, University of Oxford"
131174,GP13-MUS-088,18,true,"Anastasia Unitt, University of Oxford"
131175,GP-13-MUS-096,367,true,"Anastasia Unitt, University of Oxford"
131176,GP-13-MUS-099,18,true,"Anastasia Unitt, University of Oxford"
131177,GP-13-MUS-103,367,true,"Anastasia Unitt, University of Oxford"
131178,GP-13-MUS-105,367,true,"Anastasia Unitt, University of Oxford"
131179,GP-13-MUS-107,367,true,"Anastasia Unitt, University of Oxford"
131180,GP-13-MUS-109,657,true,"Anastasia Unitt, University of Oxford"
131181,GP-13-MUS-116,367,true,"Anastasia Unitt, University of Oxford"
131182,GP-13-MUS-120,367,true,"Anastasia Unitt, University of Oxford"
131183,GP-13-MUS-121,18,true,"Anastasia Unitt, University of Oxford"
131184,GP-13-MUS-129,367,true,"Anastasia Unitt, University of Oxford"
131185,GP-13-MUS-132,367,true,"Anastasia Unitt, University of Oxford"
131186,GP-13-MUS-133,18,true,"Anastasia Unitt, University of Oxford"
131187,GP-13-MUS-134,4412,true,"Anastasia Unitt, University of Oxford"
131188,GP13-MUS-144,4306,true,"Anastasia Unitt, University of Oxford"
131189,GP13-MUS-145,2199,true,"Anastasia Unitt, University of Oxford"
131190,GP13-MUS-152,21,true,"Anastasia Unitt, University of Oxford"
131191,GP13-MUS-177,367,true,"Anastasia Unitt, University of Oxford"
131192,GP13-MUS-179,18,true,"Anastasia Unitt, University of Oxford"
131193,GP13-MUS-187,18,true,"Anastasia Unitt, University of Oxford"
131194,GP13-MUS-189,657,true,"Anastasia Unitt, University of Oxford"
131195,GP13-MUS-190,2199,true,"Anastasia Unitt, University of Oxford"
131196,GP13-MUS-195,18,true,"Anastasia Unitt, University of Oxford"
131197,GP13-MUS-196,18,true,"Anastasia Unitt, University of Oxford"
131198,GP13-MUS-203,367,true,"Anastasia Unitt, University of Oxford"
131199,GP13-MUS-206,18,true,"Anastasia Unitt, University of Oxford"
131200,GP13-MUS-208,16,true,"Anastasia Unitt, University of Oxford"
131201,GP13-MUS-210,18,true,"Anastasia Unitt, University of Oxford"
131202,GP13-MUS-213,18,true,"Anastasia Unitt, University of Oxford"
131203,GP13-MUS-215,367,true,"Anastasia Unitt, University of Oxford"
131204,GP13-MUS-218,367,true,"Anastasia Unitt, University of Oxford"
131205,GP13-MUS-225,367,true,"Anastasia Unitt, University of Oxford"
131206,GP13-MUS-231,378,true,"Anastasia Unitt, University of Oxford"
131207,GP-13-MUS-235,378,true,"Anastasia Unitt, University of Oxford"
131208,GP-13-MUS-236,378,true,"Anastasia Unitt, University of Oxford"
131209,GP-13-MUS-243,18,true,"Anastasia Unitt, University of Oxford"
131210,GP-13-MUS-244,367,true,"Anastasia Unitt, University of Oxford"
131211,GP-13-MUS-247,4305,true,"Anastasia Unitt, University of Oxford"
131212,GP-13-MUS-253,367,true,"Anastasia Unitt, University of Oxford"
131213,GP-13-MUS-256,18,true,"Anastasia Unitt, University of Oxford"
131214,GP-13-MUS-257,18,true,"Anastasia Unitt, University of Oxford"
131215,GP-13-MUS-258,18,true,"Anastasia Unitt, University of Oxford"
131216,GP-13-MUS-269,18,true,"Anastasia Unitt, University of Oxford"
131217,GP-13-MUS-271,2199,true,"Anastasia Unitt, University of Oxford"
131218,GP-13-MUS-272,378,true,"Anastasia Unitt, University of Oxford"
131219,GP-13-MUS-275,367,true,"Anastasia Unitt, University of Oxford"
131220,GP-13-MUS-276,18,true,"Anastasia Unitt, University of Oxford"
131221,GP-14-MUS-017,18,true,"Anastasia Unitt, University of Oxford"
131222,GP-14-MUS-032,18,true,"Anastasia Unitt, University of Oxford"
131223,GP-14-MUS-033,16,true,"Anastasia Unitt, University of Oxford"
131224,GP-14-MUS-034,18,true,"Anastasia Unitt, University of Oxford"
131225,GP-14-MUS-042,18,true,"Anastasia Unitt, University of Oxford"
131226,GP-14-MUS-052,378,true,"Anastasia Unitt, University of Oxford"
131227,GP-14-MUS-054,367,true,"Anastasia Unitt, University of Oxford"
131228,GP-14-MUS-057,18,true,"Anastasia Unitt, University of Oxford"
131229,GP-14-MUS-063,4306,true,"Anastasia Unitt, University of Oxford"
131230,GP-14-MUS-064,657,true,"Anastasia Unitt, University of Oxford"
131231,GP-14-MUS-069,18,true,"Anastasia Unitt, University of Oxford"
131232,GP-14-MUS-081,367,true,"Anastasia Unitt, University of Oxford"
131233,GP-14-MUS-082,367,true,"Anastasia Unitt, University of Oxford"
131234,GP-14-MUS-088,367,true,"Anastasia Unitt, University of Oxford"
131235,GP-14-MUS-092,2199,true,"Anastasia Unitt, University of Oxford"
131236,GP-14-MUS-094,18,true,"Anastasia Unitt, University of Oxford"
131237,GP-14-MUS-095,16,true,"Anastasia Unitt, University of Oxford"
131238,GP-14-MUS-099,18,true,"Anastasia Unitt, University of Oxford"
131239,GP-14-MUS-103,18,true,"Anastasia Unitt, University of Oxford"
131240,GP-14-MUS-105,18,true,"Anastasia Unitt, University of Oxford"
131241,GP-14-MUS-107,367,true,"Anastasia Unitt, University of Oxford"
131242,GP-14-MUS-110,18,true,"Anastasia Unitt, University of Oxford"
131243,GP-14-MUS-114,372,true,"Anastasia Unitt, University of Oxford"
131244,GP-14-MUS-117,18,true,"Anastasia Unitt, University of Oxford"
131245,GP-14-MUS-121,18,true,"Anastasia Unitt, University of Oxford"
131246,GP-14-MUS-139,18,true,"Anastasia Unitt, University of Oxford"
131247,GP-14-MUS-143,18,true,"Anastasia Unitt, University of Oxford"
131248,GP-14-MUS-147,632,true,"Anastasia Unitt, University of Oxford"
131249,GP-14-MUS-150,18,true,"Anastasia Unitt, University of Oxford"
131250,GP-14-MUS-151,18,true,"Anastasia Unitt, University of Oxford"
131251,GP-14-MUS-154,18,true,"Anastasia Unitt, University of Oxford"
131252,GP-14-MUS-156,18,true,"Anastasia Unitt, University of Oxford"
131253,GP-14-MUS-165,18,true,"Anastasia Unitt, University of Oxford"
131254,GP-14-MUS-183,18,true,"Anastasia Unitt, University of Oxford"
131255,GP-14-MUS-189,367,true,"Anastasia Unitt, University of Oxford"
131256,GP-14-MUS-194,683,true,"Anastasia Unitt, University of Oxford"
131257,GP-14-MUS-211,21,true,"Anastasia Unitt, University of Oxford"
131258,GP-14-MUS-212,21,true,"Anastasia Unitt, University of Oxford"
131259,GP-14-MUS-213,18,true,"Anastasia Unitt, University of Oxford"
131260,GP-14-MUS-214,18,true,"Anastasia Unitt, University of Oxford"
131261,GP-14-MUS-218,18,true,"Anastasia Unitt, University of Oxford"
131262,GP-14-MUS-219,18,true,"Anastasia Unitt, University of Oxford"
131263,GP-14-MUS-221,18,true,"Anastasia Unitt, University of Oxford"
131264,GP-14-MUS-224,367,true,"Anastasia Unitt, University of Oxford"
131265,GP-14-MUS-232,683,true,"Anastasia Unitt, University of Oxford"
131266,GP-14-MUS-238,18,true,"Anastasia Unitt, University of Oxford"
131267,GP-14-MUS-243,18,true,"Anastasia Unitt, University of Oxford"
131268,GP-14-MUS-244,18,true,"Anastasia Unitt, University of Oxford"
131269,GP-14-MUS-246,18,true,"Anastasia Unitt, University of Oxford"
131270,GP-14-MUS-247,4417,true,"Anastasia Unitt, University of Oxford"
131271,GP-14-MUS-250,18,true,"Anastasia Unitt, University of Oxford"
131272,GP-14-MUS-251,378,true,"Anastasia Unitt, University of Oxford"
131273,GP-14-MUS-252,18,true,"Anastasia Unitt, University of Oxford"
131274,15MUS-AH001,4413,true,"Anastasia Unitt, University of Oxford"
131275,15MUS-AH007,4306,true,"Anastasia Unitt, University of Oxford"
131276,15MUS-AH008,4413,true,"Anastasia Unitt, University of Oxford"
131277,15MUS-AH009,18,true,"Anastasia Unitt, University of Oxford"
131278,15MUS-AH021,18,true,"Anastasia Unitt, University of Oxford"
131279,15MUS-AH029,367,true,"Anastasia Unitt, University of Oxford"
131280,15MUS-AH030,18,true,"Anastasia Unitt, University of Oxford"
131281,15MUS-AH041,18,true,"Anastasia Unitt, University of Oxford"
131282,15MUS-AH042,367,true,"Anastasia Unitt, University of Oxford"
131283,15MUS-AH060,367,true,"Anastasia Unitt, University of Oxford"
131284,15MUS-AH061,683,true,"Anastasia Unitt, University of Oxford"
131285,15MUS-AH063,18,true,"Anastasia Unitt, University of Oxford"
131286,15MUS-AH064,367,true,"Anastasia Unitt, University of Oxford"
131287,15MUS-AH068,18,true,"Anastasia Unitt, University of Oxford"
131288,15MUS-AH077,4306,true,"Anastasia Unitt, University of Oxford"
131289,15MUS-AH078,18,true,"Anastasia Unitt, University of Oxford"
131290,15MUS-AH079,18,true,"Anastasia Unitt, University of Oxford"
131291,15MUS-AH083,23,true,"Anastasia Unitt, University of Oxford"
131292,15MUS-AH084,18,true,"Anastasia Unitt, University of Oxford"
131293,15MUS-AH085,367,true,"Anastasia Unitt, University of Oxford"
131294,15MUS-AH086,367,true,"Anastasia Unitt, University of Oxford"
131295,15MUS-AH087,18,true,"Anastasia Unitt, University of Oxford"
131296,15MUS-AH088,657,true,"Anastasia Unitt, University of Oxford"
131297,15MUS-AH089,18,true,"Anastasia Unitt, University of Oxford"
131298,15MUS-AH092,378,true,"Anastasia Unitt, University of Oxford"
131299,15MUS-AH093,683,true,"Anastasia Unitt, University of Oxford"
131300,15MUS-AH094,367,true,"Anastasia Unitt, University of Oxford"
131301,15MUS-AH096,644,true,"Anastasia Unitt, University of Oxford"
131302,15MUS-AH101,683,true,"Anastasia Unitt, University of Oxford"
131303,15MUS-AH103,4413,true,"Anastasia Unitt, University of Oxford"
131304,15MUS-AH106,367,true,"Anastasia Unitt, University of Oxford"
131305,15MUS-AH108,18,true,"Anastasia Unitt, University of Oxford"
131306,15MUS-AH112,18,true,"Anastasia Unitt, University of Oxford"
131307,15MUS-AH113,367,true,"Anastasia Unitt, University of Oxford"
131308,15MUS-AH117,683,true,"Anastasia Unitt, University of Oxford"
131309,15MUS-AH119,378,true,"Anastasia Unitt, University of Oxford"
131310,15MUS-AH121,2391,true,"Anastasia Unitt, University of Oxford"
131311,15MUS-AH122,367,true,"Anastasia Unitt, University of Oxford"
131312,15MUS-AH130,18,true,"Anastasia Unitt, University of Oxford"
131313,15MUS-AH131,367,true,"Anastasia Unitt, University of Oxford"
131314,15MUS-AH133,367,true,"Anastasia Unitt, University of Oxford"
131315,15MUS-AH135,367,true,"Anastasia Unitt, University of Oxford"
131316,15MUS-AH138,18,true,"Anastasia Unitt, University of Oxford"
131317,15MUS-AH140,18,true,"Anastasia Unitt, University of Oxford"
131318,15MUS-AH143,18,true,"Anastasia Unitt, University of Oxford"
131319,15MUS-AH146,18,true,"Anastasia Unitt, University of Oxford"
131320,15MUS-AH148,18,true,"Anastasia Unitt, University of Oxford"
131321,15MUS-AH149,657,true,"Anastasia Unitt, University of Oxford"
131322,15MUS-AH150,367,true,"Anastasia Unitt, University of Oxford"
131323,15MUS-AH152,18,true,"Anastasia Unitt, University of Oxford"
131324,15MUS-AH153,4414,true,"Anastasia Unitt, University of Oxford"
131325,15MUS-AH154,18,true,"Anastasia Unitt, University of Oxford"
131326,15MUS-AH160,378,true,"Anastasia Unitt, University of Oxford"
131327,15MUS-AH165,18,true,"Anastasia Unitt, University of Oxford"
131328,15MUS-AH166,18,true,"Anastasia Unitt, University of Oxford"
131329,16MUS-AH007,18,true,"Anastasia Unitt, University of Oxford"
131330,16MUS-AH009,16,true,"Anastasia Unitt, University of Oxford"
131331,16MUS-AH010,2199,true,"Anastasia Unitt, University of Oxford"
131332,16MUS-AH011,636,true,"Anastasia Unitt, University of Oxford"
131333,16MUS-AH012,367,true,"Anastasia Unitt, University of Oxford"
131334,16MUS-AH017,18,true,"Anastasia Unitt, University of Oxford"
131335,16MUS-AH019,657,true,"Anastasia Unitt, University of Oxford"
131336,16MUS-AH023,18,true,"Anastasia Unitt, University of Oxford"
131337,16MUS-AH026,18,true,"Anastasia Unitt, University of Oxford"
131338,16MUS-AH029,18,true,"Anastasia Unitt, University of Oxford"
131339,16MUS-AH030,18,true,"Anastasia Unitt, University of Oxford"
131340,16MUS-AH034,16,true,"Anastasia Unitt, University of Oxford"
131341,16MUS-AH057,18,true,"Anastasia Unitt, University of Oxford"
131342,16MUS-AH060,18,true,"Anastasia Unitt, University of Oxford"
131343,16MUS-AH062,18,true,"Anastasia Unitt, University of Oxford"
131344,16MUS-AH063,367,true,"Anastasia Unitt, University of Oxford"
131345,16MUS-AH064,636,true,"Anastasia Unitt, University of Oxford"
131346,16MUS-AH067,18,true,"Anastasia Unitt, University of Oxford"
131347,16MUS-AH068,18,true,"Anastasia Unitt, University of Oxford"
131348,16MUS-aH070,367,true,"Anastasia Unitt, University of Oxford"
131349,16MUS-AH082,367,true,"Anastasia Unitt, University of Oxford"
131350,16MUS-AH085,18,true,"Anastasia Unitt, University of Oxford"
131351,16MUS-AH087,367,true,"Anastasia Unitt, University of Oxford"
131352,16MUS-AH088,18,true,"Anastasia Unitt, University of Oxford"
131353,16MUS-AH089,18,true,"Anastasia Unitt, University of Oxford"
131354,16MUS-AH091,657,true,"Anastasia Unitt, University of Oxford"
131355,16MUS-AH093,373,true,"Anastasia Unitt, University of Oxford"
131356,16MUS-AH094,367,true,"Anastasia Unitt, University of Oxford"
131357,16MUS-AH097,18,true,"Anastasia Unitt, University of Oxford"
131358,16MUS-AH100,18,true,"Anastasia Unitt, University of Oxford"
131359,16MUS-AH101,367,true,"Anastasia Unitt, University of Oxford"
131360,16MUS-AH109,18,true,"Anastasia Unitt, University of Oxford"
131361,16MUS-AH113,18,true,"Anastasia Unitt, University of Oxford"
131362,16MUS-AH116,18,true,"Anastasia Unitt, University of Oxford"
131363,16MUS-AH118,18,true,"Anastasia Unitt, University of Oxford"
131364,16MUS-AH119,18,true,"Anastasia Unitt, University of Oxford"
131365,16MUS-AH121,378,true,"Anastasia Unitt, University of Oxford"
131366,16MUS-AH124,18,true,"Anastasia Unitt, University of Oxford"
131367,16MUS-AH126,18,true,"Anastasia Unitt, University of Oxford"
131368,16MUS-AH131,3387,true,"Anastasia Unitt, University of Oxford"
131369,16MUS-AH140,4414,true,"Anastasia Unitt, University of Oxford"
131370,16MUS-AH142,657,true,"Anastasia Unitt, University of Oxford"
131371,16MUS-AH146,367,true,"Anastasia Unitt, University of Oxford"
131372,16MUS-AH147,18,true,"Anastasia Unitt, University of Oxford"
131373,16MUS-AH152,657,true,"Anastasia Unitt, University of Oxford"
131374,17MUS-AH002,367,true,"Anastasia Unitt, University of Oxford"
131375,17MUS-AH004,18,true,"Anastasia Unitt, University of Oxford"
131376,17MUS-AH007,18,true,"Anastasia Unitt, University of Oxford"
131377,17MUS-AH009,367,true,"Anastasia Unitt, University of Oxford"
131378,17MUS-AH011,367,true,"Anastasia Unitt, University of Oxford"
131379,17MUS-AH012,18,true,"Anastasia Unitt, University of Oxford"
131380,17MUS-AH014,18,true,"Anastasia Unitt, University of Oxford"
131381,17MUS-AH015,18,true,"Anastasia Unitt, University of Oxford"
131382,17MUS-AH018,18,true,"Anastasia Unitt, University of Oxford"
131383,BT00623V3C,211,false,
131384,BT6015V3C,722,false,
131385,BT6040V3C,95,false,
131386,BT6041V3C,95,false,
131387,BT6063V3C,87,false,
131388,BT6073V3C,345,false,
131389,BT6077V3C,104,false,
131390,BT6089V3C,97,false,
131391,BT6101V3C,1,false,
131392,BT6134V3C,66,false,
131393,BT6154V3C,45,false,
131394,BT6183V3C,106,false,
131395,BT6185V3C,45,false,
131396,BT6187V3C,57,false,
131397,BT6195V3C,87,false,
131398,BT6205V3C,57,false,
131399,BT6212V3C,2492,false,
131400,BT6215V3C,97,false,
131401,BT6216V3C,57,false,
131402,BT6250V3C,57,false,
131403,BT6252V3C,791,false,
131404,BT6254V3C,65,false,
131405,BT6265V3C,259,false,
131406,BT6323V3C,4424,false,
131407,BT6346V3C,4425,false,
131408,BT6353V3C,2516,false,
131409,BT6355V3C,97,false,
131410,BT6357V3C,95,false,
131411,BT6375V3C,345,false,
131412,BT6388V3C,349,false,
131413,BT6397V3C,97,false,
131414,BT6398V3C,259,false,
131415,BT6399V3C,259,false,
131416,BT6404V3C,259,false,
131417,BT6405V3C,97,false,
131418,BT6407V3C,97,false,
131419,BT6413V3C,120,false,
131420,BT6414V3C,95,false,
131421,BT6436V3C,259,false,
131422,BT6465V3C,97,false,
131423,BT6471V3C,62,false,
131424,BT6480V3C,259,false,
131425,BT6506V3C,62,false,
131426,BT6507V3C,97,false,
131427,BT6509V3C,87,false,
131428,BT6517V3C,4426,false,
131429,BT6722V3C,65,false,
131430,BT6723V3C,259,false,
131431,BT6741V3C,62,false,
131432,BT6770V3C,262,false,
131433,BT6774V3C,65,false,
131434,BT6786V3C,103,false,
131435,BT6787V3C,4063,false,
131436,BT6810V3C,97,false,
131437,BT6843V3C,62,false,
131438,BT6844V3C,259,false,
131439,BT6861V3C,4063,false,
131440,BT6869V3C,65,false,
131441,BT6935V3C,45,false,
131442,BT6987V3C,1,false,
131444,BT07045V3C,4427,false,
131445,BT07238V3C,259,false,
131446,BT07245V3C,4428,false,
131447,BT15018V3C,4429,false,
131448,BT15031V3C,97,false,
131449,BT15048V3C,288,false,
131450,BT15104V3C,77,false,
131451,BT15121V3C,65,false,
131452,BT15126V3C,65,false,
131453,BT15147V3C,77,false,
131454,BT15159V3C,77,false,
131455,BT15182V3C,77,false,
131456,BT15203V3C,45,false,
131457,BT15282V3C,65,false,
131458,BT15351V3C,24,false,
131459,BT15359V3C,104,false,
131460,BT15364V3C,791,false,
131461,BT15368V3C,87,false,
131462,BT15395V3C,65,false,
131463,BT15396V3C,104,false,
131464,BT15445V3C,62,false,
131465,BT15471V3C,65,false,
131466,BT15485V3C,4430,false,
131467,BT15494V3C,3,false,
131468,BT15523V3C,3,false,
131469,BT15597V3C,822,false,
131470,BT15616V3C,1481,false,
131471,BT16933V3C,404,false,
131472,BT16940V3C,66,false,
131473,BT16995V3C,4063,false,
131474,BT17020V3C,1166,false,
131475,BT17025V3C,4431,false,
131476,BT17048V3C,288,false,
131477,BT17049V3C,65,false,
131478,BT17050V3C2,4432,false,
131479,BT17061V3C,345,false,
131480,BT17080V3C,4431,false,
131481,BT17094V3C,62,false,
131482,BT17103V3C,45,false,
131483,BT17130V3C,345,false,
131484,BT17133V3C,4431,false,
131485,BT17165V3C,4431,false,
131486,BT17167V3C,65,false,
131487,BT24007V3C,1204,false,
131488,BT24012V3C,2882,false,
131489,BT24066V3C,97,false,
131490,BT24101V3C,65,false,
131491,BT24108V3C,65,false,
131492,BT24117V3C,65,false,
131493,BT24141V3C,65,false,
131494,BT24194V3C,97,false,
131495,BT24198V3C,4433,false,
131496,BT24200V3C,150,false,
131497,BT24293V3C,62,false,
131498,BT24336V3C,49,false,
131499,BT24342V3C,262,false,
131500,BT24351V3C,262,false,
131501,BT24451V3C,1484,false,
131502,BT24521V3C,9,false,
131503,BT24536V3C,462,false,
131504,BT24581V3C,5409,false,
131505,BT24588V3C,97,false,
131506,BT24742V3C,57,false,
131507,BT24852V3C,791,false,
131508,BT24899V3C,97,false,
131509,BT24912V3C,3,false,
131510,BT24920V3C,97,false,
131511,BT24941V3C,262,false,
131512,BT25048V3C,65,false,
131513,BT25131V3C,403,false,
131514,BT25151V3C,65,false,
131515,BT25223V3C,1204,false,
131516,BT25279V3C,65,false,
131517,BT30165V3C,4434,false,
131518,BT30179V3C,69,false,
131519,BT30180V3C,49,false,
131520,BT33166V3C,4257,false,
131521,BT33394V3C,67,false,
131522,BT33404V3C,66,false,
131524,BT07193V1C,4435,false,
131525,BT07245V1C,4428,false,
131526,BT07257V1C,4436,false,
131527,BT16920V1C,4437,false,
131528,BT16974V1C,65,false,
131529,BT17020V1C,1166,false,
131530,BT17076V1C,2456,false,
131531,BT17094V1C,1166,false,
131532,BT17133V1C,259,false,
131533,BT25284V1C,318,false,
131534,BT25418V1C,1178,false,
131535,BT25459V1C,4099,false,
131538,0069/15,610,false,
131539,0081/15,87,false,
131540,0057/19,1,false,
131541,0009/22,3,false,
131542,0028/22,67,false,
131543,0041/22,4418,false,
131544,0044/22,97,false,
131545,NMFJ201601,4419,false,
131546,NMFJ201701,407,false,
131547,NMFJ201702,407,false,
131548,NMFJ201801,407,false,
131549,NMFJ201901,407,false,
131550,NMFJ201902,4294,false,
131551,NMFJ201903,1,false,
131552,NMFJ202101,407,false,
131553,NMFJ202201,2431,false,
131554,NMFJ202202,2431,false,
131555,NMFJ202203,2431,false,
131556,NMFJ202204,1,false,
131557,NMFJ202205,62,false,
131558,NMFJ202206,407,false,
131559,NML2017-005,857,false,
131560,NML2017-177,4789,false,
131561,NML2019-046,77,false,
131562,NML2019-125,4789,false,
131563,NML2019-171,4789,false,
131564,NML2021-031,4420,false,
131565,NML2021-045,4789,false,
131566,NML2021-047,4789,false,
131567,NML2021-049,1,false,
131568,NML2021-052,4108,false,
131569,NML2021-063,77,false,
131570,NML2021-066,77,false,
131571,NML2021-067,77,false,
131572,NML2021-068,4789,false,
131573,NML2021-072,1,false,
131574,NML2022-105,4789,false,
131575,NML2022-106,4789,false,
131576,NML2023-032,4789,false,
131577,NML2023-037,4421,false,
131578,202252238,,false,
131579,10817,,false,
131580,10818,,false,
131581,10829,,false,
131582,10830,,false,
131583,10824,,false,
131584,10838,,false,
131585,10848,,false,
131586,10869,,false,
131587,10856,,false,
131588,10858,,false,
131589,10870,,false,
131590,202254808,,false,
131591,10884,,false,
131592,10886,,false,
131593,202255583,,false,
131594,10888,,false,
131595,10891,,false,
131596,N21-0094,,false,
131597,N21-0102,,false,
131598,N21-0112,,false,
131599,N21-0113,,false,
131600,12487,23,false,
131601,12546,16,false,
131602,13069,378,false,
131603,13342,16,false,
131604,13779,2375,false,
131605,13914,378,false,
131606,14089,378,false,
131607,14303,16,false,
131608,14309,378,false,
131609,14335,841,false,
131610,01MO1,1489,false,
131611,01MO1,1489,false,
131612,06MO1,,false,
131613,06MO1,,false,
131614,11MO1,207,false,
131615,11MO1,207,false,
131616,02MO3,96,false,
131617,04MO3,96,false,
131618,04MO3,96,false,
131619,04MO3,96,false,
131620,17MO1,1489,false,
131621,17MO1,1489,false,
131622,07MO3,96,false,
131623,07MO3,96,false,
131624,07MO3,96,false,
131625,04MO4,96,false,
131626,04MO4,96,false,
131627,04MO4,96,false,
131628,13MO3,96,false,
131629,13MO3,96,false,
131630,13MO3,96,false,
131631,03MO3,96,false,
131632,03MO3,96,false,
131633,06MO5,,false,
131634,06MO5,,false,
131635,06MO5,,false,
131636,10MO3,96,false,
131637,10MO3,96,false,
131638,10MO3,96,false,
131639,12MO3,96,false,
131640,12MO3,96,false,
131641,12MO3,96,false,
131642,10IS3,96,false,
131643,10IS3,96,false,
131644,10IS3,96,false,
131645,04MO5,96,false,
131646,04MO5,96,false,
131647,04MO5,96,false,
131648,11IS5,207,false,
131649,11IS5,207,false,
131650,11IS5,207,false,
131651,07MO5,96,false,
131652,07MO5,96,false,
131653,07MO5,96,false,
131654,14MO3,96,false,
131655,14MO3,96,false,
131656,14MO3,96,false,
131657,01MO5,1489,false,
131658,01MO5,1489,false,
131659,01MO5,1489,false,
131660,09MO5,96,false,
131661,09MO5,96,false,
131662,09MO5,96,false,
131663,13MO5,96,false,
131664,13MO5,96,false,
131665,13MO5,96,false,
131666,10MO5,96,false,
131667,10MO5,96,false,
131668,10MO5,96,false,
131669,12MO5,96,false,
131670,12MO5,96,false,
131671,12MO5,96,false,
131672,17MO5,1489,false,
131673,17MO5,1489,false,
131674,17MO5,1489,false,
131675,18MO3,96,false,
131676,18MO3,96,false,
131677,18MO3,96,false,
131678,14MO5,96,false,
131679,14MO5,96,false,
131680,14MO5,96,false,
131681,08MO3,96,false,
131682,21MO3,96,false,
131683,18MO4,96,false,
131684,18MO4,96,false,
131685,18MO4,96,false,
131686,24MO1,1489,false,
131687,24MO1,1489,false,
131688,28MO1,2484,false,
131689,28MO1,2484,false,
131690,27MO1,1489,false,
131691,27MO1,1489,false,
131692,20MO3,96,false,
131693,20MO3,96,false,
131694,20MO3,96,false,
131695,18MO5,96,false,
131696,18MO5,96,false,
131697,18MO5,96,false,
131698,11IS6,207,false,
131699,11IS6,207,false,
131700,11IS6,207,false,
131701,20MO5,96,false,
131702,20MO5,96,false,
131703,20MO5,96,false,
131704,07MO6,96,false,
131705,07MO6,96,false,
131706,07MO6,96,false,
131707,28MO4,2484,false,
131708,28MO4,2484,false,
131709,28MO4,2484,false,
131710,26MO3,96,false,
131711,26MO3,96,false,
131712,26MO3,96,false,
131713,13MO6,96,false,
131714,13MO6,96,false,
131715,13MO6,96,false,
131716,01MO6,1489,false,
131717,01MO6,1489,false,
131718,01MO6,1489,false,
131719,01CS6,4422,false,
131720,01CS6,4422,false,
131721,01CS6,4422,false,
131722,27MO3,1489,false,
131723,27MO3,1489,false,
131724,27MO3,1489,false,
131725,09MO6,96,false,
131726,09MO6,96,false,
131727,09MO6,96,false,
131728,03MO6,96,false,
131729,03MO6,96,false,
131730,03MO6,96,false,
131731,24MO4,1489,false,
131732,24MO4,1489,false,
131733,24MO4,1489,false,
131734,06MO6,,false,
131735,06MO6,,false,
131736,06MO6,,false,
131737,06CS6,2481,false,
131738,06CS6,2481,false,
131739,06CS6,2481,false,
131740,10CS6,4423,false,
131741,10CS6,4423,false,
131742,10CS6,4423,false,
131743,27MO4,1489,false,
131744,27MO4,1489,false,
131745,27MO4,1489,false,
131746,10MO6,96,false,
131747,10MO6,96,false,
131748,10MO6,96,false,
131749,29MO3,96,false,
131750,29MO3,96,false,
131751,29MO3,96,false,
131752,12MO6,96,false,
131753,12MO6,96,false,
131754,12MO6,96,false,
131755,17MO6,1489,false,
131756,17MO6,1489,false,
131757,17MO6,1489,false,
131758,26MO5,96,false,
131759,26MO5,96,false,
131760,26MO5,96,false,
131761,14MO6,96,false,
131762,14MO6,96,false,
131763,14MO6,96,false,
131764,29MO5,96,false,
131765,29MO5,96,false,
131766,29MO5,96,false,
131767,20MO6,96,false,
131768,20MO6,96,false,
131769,20MO6,96,false,
131770,28CS6,2484,false,
131771,28CS6,2484,false,
131772,28CS6,2484,false,
131773,26MO6,96,false,
131774,26MO6,96,false,
131775,26MO6,96,false,
131776,29MO6,96,false,
131777,29MO6,96,false,
131778,29MO6,96,false,
131779,24MO6,1489,false,
131780,24MO6,1489,false,
131781,24MO6,1489,false,
131782,24CS6,1489,false,
131783,24CS6,1489,false,
131784,24CS6,1489,false,
131785,901MO,1489,false,
131786,906MO,,false,
131787,911MO,207,false,
131788,917MO,1489,false,
131789,924MO,1489,false,
131790,928MO,2484,false,
131791,927MO,1489,false,
131792,LyoN127,96,false,
131793,NM185,,false,
131799,202249894,,false,
131800,65445,,false,
131801,65447,,false,
131802,65454,,false,
131803,65461,,false,
131804,65485,,false,
131805,66048,,false,
131806,65367,,false,
131807,65370,,false,
131808,65398,,false,
131809,65412,,false,
131810,65418,,false,
131811,65522,,false,
131812,65526,,false,
131813,65543,,false,
131814,65567,,false,
131815,65571,,false,
131816,65573,,false,
131817,66073,,false,
131818,SMG-23-1005,1484,false,
131838,N22-0503,,false,
131839,N22-0541,,false,
131840,65595,,false,
131841,66082,,false,
131842,12909,3276,false,
131843,M21 240171 ShSp P2b,127,false,
131844,M21 240177 ShSp P2b,65,false,
131845,M21 240179 ShSp P2b,3,false,
131846,M21 240181 ShSp P2b,106,false,
131847,M21 240183 ShSp P2b,396,false,
131848,M21 240184 ShSp P2b,45,false,
131849,M21 240185 ShSp P2b,3,false,
131850,M21 240188 ShSp P2b,93,false,
131851,M21 240190 ShSp P2b,250,false,
131852,M21 240191 ShSp P2b,45,false,
131853,M21 240205 ShSp P2b,49,false,
131854,M21 240208 ShSp P2b,49,false,
131855,M21 240211 ShSp P2b,857,false,
131856,M21 240215 ShSp P2b,1543,false,
131857,M21 240216 ShSp P2b,45,false,
131858,M21 240220 ShSp P2b,424,false,
131859,M21 240221 ShSp P2b,3,false,
131860,M21 240232 ShSp P2b,1534,false,
131861,M21 240235 ShSp P2b,45,false,
131862,M21 240236 ShSp P2b,87,false,
131863,M21 240237 ShSp P2b,3953,false,
131864,M22 240007 ShSp P2b,1,false,
131865,M22 240021 ShSp P2b,45,false,
131866,M22 240023 ShSp P2b,45,false,
131867,M22 240024 ShSp P2b,45,false,
131868,M22 240025 ShSp P2b,57,false,
131869,M22 240029 ShSp P2b,57,false,
131870,M22 240030 ShSp P2b,1,false,
131871,M22 240033 ShSp P2b,1,false,
131872,M21 240196 ShSp P2b,3,false,
131873,23-305,,false,
131874,Nm_20-21,150,false,
131875,Nm_22-21,604,false,
131876,Nm_27-21,67,false,
131877,Nm_1-22,1,false,
131878,Nm_6-22,150,false,
131879,Nm_8-22,4440,false,
131880,Nm_9-22,87,false,
131881,Nm_25-22,,false,
131882,Nm_26-22,62,false,
131883,Nm_27-22,87,false,
131884,Nm_29-22,62,false,
131885,23748,,false,
131886,65612,,false,
131887,66089,,false,
131900,N23-0282,,false,
131901,N23-0291,,false,
131902,N23-0294,,false,
131903,N23-0360,,false,
131904,0001/23,345,false,
131905,0003/23,67,false,
131906,0020/23,67,false,
131910,N23-0358,,false,
131920,N23-0433,,false,
131921,20GRASP1110,,false,
131922,20GRASP1099,,false,
131923,20GRASP1096,,false,
131924,20GRASP1086,,false,
131925,22GRASP0481,,false,
131926,22GRASP0485,,false,
131927,22GRASP0488,,false,
131928,22GRASP0500,,false,
131929,22GRASP0502,,false,
131930,22GRASP0503,,false,
131931,20GRASP1080,,false,
131932,20GRASP1076,,false,
131933,20GRASP1072,,false,
131934,20GRASP1065,,false,
131935,20GRASP1055,,false,
131936,20GRASP1049,,false,
131937,20GRASP1045,,false,
131938,20GRASP1039,,false,
131939,20GRASP1029,,false,
131940,20GRASP1025,,false,
131941,20GRASP1010,,false,
131942,20GRASP0991,,false,
131943,20GRASP0990,,false,
131944,20GRASP0987,,false,
131945,20GRASP0983,,false,
131946,20GRASP0977,,false,
131947,20GRASP0973,,false,
131948,20GRASP0955,,false,
131949,20GRASP0954,,false,
131950,20GRASP0949,,false,
131951,20GRASP0935,,false,
131952,20GRASP0913,,false,
131953,20GRASP0909,,false,
131954,20GRASP0903,,false,
131955,20GRASP0902,,false,
131956,20GRASP0897,,false,
131957,20GRASP0890,,false,
131958,20GRASP0889,,false,
131959,20GRASP0877,,false,
131960,20GRASP0858,,false,
131961,20GRASP0846,,false,
131962,20GRASP0836,,false,
131963,20GRASP0771,,false,
131964,20GRASP0747,,false,
131965,20GRASP0739,,false,
131966,20GRASP0736,,false,
131967,20GRASP0732,,false,
131968,20GRASP0731,,false,
131969,20GRASP0674,,false,
131970,20GRASP0672,,false,
131971,20GRASP0666,,false,
131972,20GRASP0648,,false,
131973,20GRASP0645,,false,
131974,20GRASP0644,,false,
131975,20GRASP0609,,false,
131976,20GRASP0592,,false,
131977,20GRASP0576,,false,
131978,20GRASP0529,,false,
131979,20GRASP0522,,false,
131980,20GRASP0491,,false,
131981,20GRASP0490,,false,
131982,20GRASP0483,,false,
131983,20GRASP0480,,false,
131984,20GRASP0471,,false,
131985,20GRASP0466,,false,
131986,20GRASP0446,,false,
131987,20GRASP0437,,false,
131988,20GRASP0429,,false,
131989,20GRASP0424,,false,
131990,20GRASP0378,,false,
131991,20GRASP0360,,false,
131992,20GRASP0359,,false,
131993,20GRASP0351,,false,
131994,20GRASP0346,,false,
131995,20GRASP0277,,false,
131996,20GRASP0272,,false,
131997,20GRASP0262,,false,
131998,20GRASP0258,,false,
131999,20GRASP0239,,false,
132000,20GRASP0227,,false,
132001,20GRASP0201,,false,
132002,20GRASP0196,,false,
132003,20GRASP0169,,false,
132004,20GRASP0157,,false,
132005,20GRASP0154,,false,
132006,20GRASP0147,,false,
132007,20GRASP0130,,false,
132008,20GRASP0129,,false,
132009,20GRASP0127,,false,
132010,20GRASP0124,,false,
132011,20GRASP0115,,false,
132012,20GRASP0110,,false,
132013,20GRASP0076,,false,
132014,20GRASP0063,,false,
132015,20GRASP0059,,false,
132016,20GRASP0057,,false,
132017,20GRASP0055,,false,
132018,20GRASP0048,,false,
132019,20GRASP0044,,false,
132020,20GRASP0019,,false,
132021,20GRASP0017,,false,
132022,20GRASP0002,,false,
132023,22GRASP0001,,false,
132024,22GRASP0004,,false,
132025,22GRASP0007,,false,
132026,22GRASP0010,,false,
132027,22GRASP0022,,false,
132028,22GRASP0025,,false,
132029,22GRASP0029,,false,
132030,22GRASP0034,,false,
132031,22GRASP0041,,false,
132032,22GRASP0042,,false,
132033,22GRASP0050,,false,
132034,22GRASP0062,,false,
132035,22GRASP0084,,false,
132036,22GRASP0090,,false,
132037,22GRASP0092,,false,
132038,22GRASP0096,,false,
132039,22GRASP0106,,false,
132040,22GRASP0107,,false,
132041,22GRASP0113,,false,
132042,22GRASP0121,,false,
132043,22GRASP0128,,false,
132044,22GRASP0129,,false,
132045,22GRASP0131,,false,
132046,22GRASP0134,,false,
132047,22GRASP0135,,false,
132048,22GRASP0153,,false,
132049,22GRASP0182,,false,
132050,22GRASP0186,,false,
132051,22GRASP0192,,false,
132052,22GRASP0195,,false,
132053,22GRASP0197,,false,
132054,22GRASP0198,,false,
132055,22GRASP0202,,false,
132056,22GRASP0212,,false,
132057,22GRASP0214,,false,
132058,22GRASP0224,,false,
132059,22GRASP0227,,false,
132060,22GRASP0246,,false,
132061,22GRASP0249,,false,
132062,22GRASP0251,,false,
132063,22GRASP0254,,false,
132064,22GRASP0255,,false,
132065,22GRASP0256,,false,
132066,22GRASP0265,,false,
132067,22GRASP0266,,false,
132068,22GRASP0291,,false,
132069,22GRASP0302,,false,
132070,22GRASP0304,,false,
132071,22GRASP0308,,false,
132072,22GRASP0310,,false,
132073,22GRASP0311,,false,
132074,22GRASP0316,,false,
132075,22GRASP0318,,false,
132076,22GRASP0329,,false,
132077,22GRASP0350,,false,
132078,22GRASP0351,,false,
132079,22GRASP0355,,false,
132080,22GRASP0358,,false,
132081,22GRASP0359,,false,
132082,22GRASP0362,,false,
132083,22GRASP0374,,false,
132084,22GRASP0379,,false,
132085,22GRASP0380,,false,
132086,22GRASP0381,,false,
132087,22GRASP0383,,false,
132088,22GRASP0392,,false,
132089,22GRASP0403,,false,
132090,22GRASP0405,,false,
132091,22GRASP0417,,false,
132092,22GRASP0422,,false,
132093,22GRASP0424,,false,
132094,22GRASP0425,,false,
132095,22GRASP0427,,false,
132096,22GRASP0431,,false,
132097,22GRASP0433,,false,
132098,22GRASP0434,,false,
132099,22GRASP0449,,false,
132100,22GRASP0450,,false,
132101,22GRASP0454,,false,
132102,22GRASP0473,,false,
132103,19GRASP0014,,false,
132104,19GRASP0023,,false,
132105,19GRASP0052,,false,
132106,19GRASP0059,,false,
132107,19GRASP0060,,false,
132108,19GRASP0069,,false,
132109,19GRASP0089,,false,
132110,19GRASP0090,,false,
132111,19GRASP0098,,false,
132112,19GRASP0100,,false,
132113,19GRASP0106,,false,
132114,19GRASP0117,,false,
132115,19GRASP0137,,false,
132116,19GRASP0141,,false,
132117,19GRASP0144,,false,
132118,19GRASP0152,,false,
132119,19GRASP0178,,false,
132120,AJOU1,,false,
132121,AJOU2,,false,
132122,AJOU3,,false,
132123,M21 240215 ShSp P2b2,1543,false,
132124,M21 240216 ShSp P2b2,45,false,
132125,23GB000957,636,false,
132126,65691,,false,
132127,65706,,false,
132128,65715,,false,
132129,65717,,false,
132130,65727,,false,
132131,66104,,false,
132135,M59730,,false,
132136,M59641,,false,
132137,M59435,,false,
132138,10897,,false,
132139,10924,,false,
132140,10938,,false,
132141,10952,,false,
132142,10959,,false,
132143,10973,,false,
132144,10986,,false,
132145,10993,,false,
132146,10999,,false,
132147,10996,,false,
132148,202305970,,false,
132149,11008,,false,
132150,11034,,false,
132151,11042,,false,
132152,11038,,false,
132153,Ng_ISS_5249,,false,
132154,N23-0230,,false,
132155,N23-0273,,false,
132156,N23-0308,,false,
132163,10898,,false,
132164,11095,,false,
132165,11103,,false,
132166,M21 240171 ShSp P2a3,127,false,
132167,M21 240177 ShSp P2a3,65,false,
132168,M21 240179 ShSp P2a3,3,false,
132169,M21 240181 ShSp P2a3,106,false,
132170,M21 240183 ShSp P2a3,396,false,
132171,M21 240184 ShSp P2a3,45,false,
132172,M21 240185 ShSp P2a3,3,false,
132173,M21 240188 ShSp P2a3,93,false,
132174,M21 240190 ShSp P2a3,250,false,
132175,M21 240191 ShSp P2a3,45,false,
132176,M21 240205 ShSp P2a3,49,false,
132177,M21 240208 ShSp P2a3,49,false,
132178,M21 240211 ShSp P2a3,857,false,
132179,M21 240215 ShSp P2a3,1543,false,
132180,M21 240216 ShSp P2a3,45,false,
132181,M21 240220 ShSp P2a3,424,false,
132182,M21 240221 ShSp P2a3,3,false,
132183,M21 240232 ShSp P2a3,1534,false,
132184,M21 240235 ShSp P2a3,45,false,
132185,M21 240236 ShSp P2a3,87,false,
132186,M21 240237 ShSp P2a3,3953,false,
132187,M22 240007 ShSp P2a3,1,false,
132188,M22 240021 ShSp P2a3,45,false,
132189,M22 240023 ShSp P2a3,45,false,
132190,M22 240024 ShSp P2a3,45,false,
132191,M22 240025 ShSp P2a3,57,false,
132192,M22 240029 ShSp P2a3,57,false,
132193,M22 240030 ShSp P2a3,1,false,
132194,M22 240033 ShSp P2a3,1,false,
132195,23-15677,18,false,
132217,11043,,false,
132218,11041,,false,
132219,11047,,false,
132220,11049,,false,
132221,11052,,false,
132222,11077,,false,
132223,11084,,false,
132224,11093,,false,
132225,11100,,false,
132226,11106,,false,
132227,202312365,,false,
132228,11116,,false,
132229,11121,,false,
132230,11123,,false,
132231,11154,,false,
132232,11152,,false,
132233,65631,,false,
132234,65765,,false,
132235,65786,,false,
132236,65792,,false,
132237,65793,,false,
132238,65795,,false,
132239,65799,,false,
132240,65809,,false,
132241,66111,,false,
132263,DE15032,151,false,
132280,ACC11886A23,1006,false,
132281,M14652,3,false,
132282,M14653,3,false,
132283,M14656,3532,false,
132284,M14787,3,false,
132285,M14815,3,false,
132286,M14828,57,false,
132287,M14879,97,false,
132288,M14881,45,false,
132289,M14882,3570,false,
132290,M14899,3,false,
132291,M14901,3,false,
132292,M14933,3,false,
132293,M14935,3,false,
132294,M14982,3,false,
132295,M14988,62,false,
132296,M14990,3,false,
132297,M15009,49,false,
132298,M15041,2154,false,
132299,M15085,66,false,
132300,M15162,3575,false,
132301,M15163,45,false,
132302,M15165,3,false,
132303,M15276,3,false,
132304,M15295,3,false,
132305,M15395,3,false,
132306,M15534,49,false,
132307,M15563,2155,false,
132308,M15564,3,false,
132309,M15668,1859,false,
132310,M15669,3575,false,
132311,M15671,1859,false,
132312,M15873,2259,false,
132313,M15875,9,false,
132314,M15876,3,false,
132315,M15943,3,false,
132316,M15946,9,false,
132317,M15947,3,false,
132318,M15963,62,false,
132319,M15977,3,false,
132320,M15999,45,false,
132321,M16019,3,false,
132322,M16046,3,false,
132323,M16086,3,false,
132324,M16107,3,false,
132325,M16135,3,false,
132326,M16137,2139,false,
132327,M16140,3,false,
132328,M16403,4472,false,
132329,M16409,3,false,
132330,M16453,49,false,
132331,M16471,9,false,
132332,M16511,3,false,
132333,M16564,4473,false,
132334,M16600,3,false,
132335,M16601,3,false,
132336,M16683,49,false,
132337,M16684,57,false,
132338,M16686,1618,false,
132339,M16694,3,false,
132340,M16715,57,false,
132341,M16746,3,false,
132342,M16748,66,false,
132343,M16822,288,false,
132344,M17004,3,false,
132345,M17008,3,false,
132346,M17140,9,false,
132347,M17144,3,false,
132348,M17146,9,false,
132349,M17147,3,false,
132350,M17190,93,false,
132351,M17463,3,false,
132352,M17484,3,false,
132353,M17487,3,false,
132354,M17498,3,false,
132355,M17502,3,false,
132356,M17503,3,false,
132357,M17606,3,false,
132358,M17631,4474,false,
132359,M17632,49,false,
132360,M17672,3,false,
132361,M17673,3,false,
132362,M17674,3,false,
132363,M17687,1812,false,
132364,M17841,3,false,
132365,M17844,3,false,
132366,M17911,3,false,
132367,M17913,3,false,
132368,M17958,3,false,
132369,M17999,4475,false,
132370,M18013,2150,false,
132371,M18014,3,false,
132372,M18017,3,false,
132373,M18044,3,false,
132374,M18045,3,false,
132375,M18050,4475,false,
132376,M18052,3,false,
132377,M18070,9,false,
132378,M18133,45,false,
132379,M18134,3532,false,
132380,M18200,87,false,
132381,M18201,49,false,
132382,M18226,3,false,
132383,M18300,3,false,
132384,M18302,3532,false,
132385,M18303,141,false,
132386,M18338,,false,
132387,M18339,97,false,
132388,M18356,3,false,
132389,M18374,3,false,
132390,M18405,65,false,
132391,M18467,3,false,
132392,M18483,4476,false,
132393,M18709,97,false,
132394,M18711,57,false,
132395,M18714,9,false,
132396,M18816,45,false,
132397,M19314,9,false,
132398,M19315,97,false,
132399,M21134,65,false,
132400,NZ22MD0001,,false,
132401,NZ22MD0003,,false,
132402,NZ22MD0004,,false,
132403,NZ22MD0005,,false,
132404,NZ22MD0006,,false,
132405,NZ22MD0007,,false,
132406,NZ22MD0008,,false,
132407,NZ22MD0010,,false,
132408,NZ22MD0011,,false,
132409,NZ22MD0014,,false,
132410,NZ22MD0017,,false,
132411,NZ22MD0021,,false,
132412,NZ22MD0022,,false,
132413,NZ22MI0001,318,false,
132414,NZ22MI0002,396,false,
132415,NZ22MI0005,77,false,
132416,NZ22MI0006,2727,false,
132417,NZ22MI0009,2291,false,
132418,NZ22MI0010,97,false,
132419,NZ22MI0011,2727,false,
132420,NZ22MI0012,396,false,
132421,NZ22MI0013,396,false,
132422,NZ22MI0014,396,false,
132423,NZ22MI0016,396,false,
132424,NZ22MI0018,4508,false,
132425,NZ22MI0019,396,false,
132426,NZ22MI0020,62,false,
132427,NZ22MI0021,62,false,
132428,NZ22MI0022,77,false,
132429,NZ22MI0023,396,false,
132430,NZ22MI0024,4509,false,
132431,NZ22MI0025,396,false,
132432,NZ22MI0026,2727,false,
132433,NZ22MI0027,396,false,
132434,NZ22MI0028,2727,false,
132435,NZ22MI0031,396,false,
132436,NZ22MI0032,396,false,
132437,NZ22MI0033,396,false,
132438,NZ22MI0034,77,false,
132439,NZ22MI0035,77,false,
132440,NZ22MI0036,87,false,
132441,NZ22MI0037,396,false,
132442,NZ22MI0038,2727,false,
132443,NZ22MI0039,396,false,
132444,NZ22MI0040,396,false,
132445,NZ22MI0042,62,false,
132446,NZ22MI0043,62,false,
132447,NZ22MI0044,396,false,
132448,NZ22MI0053,2727,false,
132449,NZ22MI0054,77,false,
132450,NZ22MI0055,4510,false,
132451,NZ22MI0056,57,false,
132452,NZ22MI0057,62,false,
132453,NZ22MI0058,57,false,
132454,NZ22MI0059,45,false,
132455,NZ22MI0060,2727,false,
132456,NZ22MI0061,2727,false,
132457,NZ22MI0062,2727,false,
132458,NZ22MI0063,87,false,
132459,NZ22MI0064,130,false,
132460,M06724,3,false,
132461,M06725,3,false,
132462,M06727,3,false,
132463,M06747,76,false,
132464,M06779,3,false,
132465,M06968,93,false,
132466,M06970,4477,false,
132467,M07003,3,false,
132468,M07004,3,false,
132469,M07010,3,false,
132470,M07042,68,false,
132471,M07043,4478,false,
132472,M07099,4479,false,
132473,M07111,3,false,
132474,M07180,4480,false,
132475,M07182,9,false,
132476,M07191,239,false,
132477,M07193,3,false,
132478,M07231,49,false,
132479,M07245,49,false,
132480,M07252,49,false,
132481,M07253,45,false,
132482,M07268,198,false,
132483,M07273,3,false,
132484,M07327,3,false,
132485,M07328,3,false,
132486,M07329,3,false,
132487,M07330,3,false,
132488,M07333,3,false,
132489,M07336,3,false,
132490,M07356,,false,
132491,M07385,141,false,
132492,M07389,4481,false,
132493,M07435,4482,false,
132494,M07439,9,false,
132495,M07449,45,false,
132496,M07450,3,false,
132497,M07452,3555,false,
132498,M07463,49,false,
132499,M07490,2759,false,
132500,M07499,4787,false,
132501,M07500,3,false,
132502,M07508,9,false,
132503,M07537,2650,false,
132504,M07541,3,false,
132505,M07574,3,false,
132506,65787,,false,
132507,M07620,3,false,
132508,M07621,3,false,
132509,M07622,3,false,
132510,M07624,57,false,
132511,M07639,239,false,
132512,M07655,1618,false,
132513,M07676,3,false,
132514,M07677,3,false,
132515,M07678,3,false,
132516,M07679,3,false,
132517,M07681,45,false,
132518,M07684,3,false,
132519,M07686,3,false,
132520,M07687,3,false,
132521,M07688,3,false,
132522,M07764,39,false,
132523,M07773,3,false,
132524,M07778,3,false,
132525,M07779,3,false,
132526,M07780,3,false,
132527,M07781,3,false,
132528,M07782,3,false,
132529,M07784,3,false,
132530,M07785,3,false,
132531,M07791,3,false,
132532,M07818,65,false,
132533,M07839,45,false,
132534,M07846,2,false,
132535,M07956,3,false,
132536,M07959,3,false,
132537,M07960,3,false,
132538,M07961,49,false,
132539,M07962,1,false,
132540,M07963,3,false,
132541,M07965,3,false,
132542,M07966,3,false,
132543,M07968,3,false,
132544,M07969,4483,false,
132545,M07972,3,false,
132546,M07973,3,false,
132547,M07974,3,false,
132548,M07975,3,false,
132549,M07976,3,false,
132550,M07989,45,false,
132551,M07992,93,false,
132552,M07994,40,false,
132553,M07995,3,false,
132554,M08079,45,false,
132555,M08080,45,false,
132556,M08117,4484,false,
132557,M08124,3,false,
132558,M08127,3,false,
132559,M08129,49,false,
132560,M08130,3,false,
132561,M08152,4485,false,
132562,M08255,9,false,
132563,M08320,4486,false,
132564,M08367,,false,
132565,M08370,9,false,
132566,M08378,49,false,
132567,M08383,3,false,
132568,M08386,49,false,
132569,M08389,9,false,
132570,M08420,3,false,
132571,M08436,9,false,
132572,M08437,198,false,
132573,M08447,3,false,
132574,M08449,93,false,
132575,M08451,45,false,
132576,M08454,45,false,
132577,M08459,3,false,
132578,M08460,3,false,
132579,M08461,3,false,
132580,M08462,3,false,
132581,M08463,3,false,
132582,M08464,3,false,
132583,M08487,49,false,
132584,M08540,3,false,
132585,M08640,49,false,
132586,M08641,239,false,
132587,M08664,2650,false,
132588,M08717,1623,false,
132589,M08747,87,false,
132590,M08763,49,false,
132591,M08780,3,false,
132592,M08781,45,false,
132593,M08785,45,false,
132594,M08853,49,false,
132595,M08858,57,false,
132596,M08859,3,false,
132597,M08865,4472,false,
132598,M08869,3,false,
132599,M08872,3,false,
132600,M08873,3,false,
132601,M08877,3,false,
132602,M08883,568,false,
132603,M08912,49,false,
132604,M08916,239,false,
132605,M08959,3,false,
132606,M08966,1938,false,
132607,M08983,49,false,
132608,M08984,87,false,
132609,M08994,4487,false,
132610,M09004,3,false,
132611,M09044,57,false,
132612,M09051,3,false,
132613,M09052,3,false,
132614,M09053,3,false,
132615,M09054,9,false,
132616,M09055,3,false,
132617,M09057,3,false,
132618,M09110,3,false,
132619,M09150,9,false,
132620,M09151,3,false,
132621,M09152,3,false,
132622,M09154,13,false,
132623,M09155,3,false,
132624,M09161,3,false,
132625,M09162,3,false,
132626,M09163,3,false,
132627,M09165,3,false,
132628,M09170,4472,false,
132629,M09171,3,false,
132630,M09173,3,false,
132631,M09174,3,false,
132632,M09179,3,false,
132633,M09181,3,false,
132634,M09182,3,false,
132635,M09183,3,false,
132636,M09318,45,false,
132637,M09331,57,false,
132638,M09345,49,false,
132639,M09354,3,false,
132640,M09383,9,false,
132641,M09385,49,false,
132642,M09399,93,false,
132643,M09400,3,false,
132644,M09401,4488,false,
132645,M09660,49,false,
132646,M09661,50,false,
132647,M09662,68,false,
132648,M09669,49,false,
132649,M09681,3,false,
132650,M09687,3,false,
132651,M09701,45,false,
132652,M09702,45,false,
132653,M09785,45,false,
132654,M09823,4489,false,
132655,M09831,9,false,
132656,M09833,4486,false,
132657,M09903,3,false,
132658,M09904,4480,false,
132659,M09909,87,false,
132660,M09910,3,false,
132661,M09914,45,false,
132662,M09926,3,false,
132663,M09927,3,false,
132664,M09928,3,false,
132665,M09929,1859,false,
132666,M09932,3,false,
132667,M09945,3,false,
132668,M09947,3,false,
132669,M09960,3570,false,
132670,M09973,49,false,
132671,M09989,3,false,
132672,M09992,3,false,
132673,M09994,3,false,
132674,M09995,3,false,
132675,M09997,4490,false,
132676,M09998,3,false,
132677,M10010,3,false,
132678,M10013,3,false,
132679,M10014,3,false,
132680,M10015,3,false,
132681,M10016,3,false,
132682,M10020,3,false,
132683,M10032,4472,false,
132684,M10036,3,false,
132685,M10037,3,false,
132686,M10039,3,false,
132687,M10087,3,false,
132688,M10090,3,false,
132689,M10101,3,false,
132690,M10104,77,false,
132691,M10135,3,false,
132692,M10136,43,false,
132693,M10182,57,false,
132694,M10282,45,false,
132695,M10327,4491,false,
132696,M10370,3,false,
132697,M10372,49,false,
132698,M10373,49,false,
132699,M10374,3,false,
132700,M10375,3,false,
132701,M10376,3,false,
132702,M10491,49,false,
132703,M10496,133,false,
132704,M10498,3,false,
132705,M10525,133,false,
132706,M10536,9,false,
132707,M10546,3,false,
132708,M10548,9,false,
132709,M10549,57,false,
132710,M10566,49,false,
132711,M10573,45,false,
132712,M10574,568,false,
132713,M10576,9,false,
132714,M10591,4492,false,
132715,M10605,57,false,
132716,M10606,3,false,
132717,M10608,3,false,
132718,M10610,3,false,
132719,M10661,4493,false,
132720,M10697,3,false,
132721,M10698,3,false,
132722,M10701,3,false,
132723,M10702,3,false,
132724,M10704,93,false,
132725,M10705,3,false,
132726,M10706,49,false,
132727,M10708,3,false,
132728,M10710,3,false,
132729,M10713,49,false,
132730,M10790,45,false,
132731,M10792,1,false,
132732,M10837,77,false,
132733,M10855,4494,false,
132734,M10858,3570,false,
132735,M10900,3,false,
132736,M10916,3,false,
132737,M10918,3,false,
132738,M10919,3,false,
132739,M10920,49,false,
132740,M10923,3,false,
132741,M10925,3,false,
132742,M10926,3,false,
132743,M10934,3,false,
132744,M10935,2597,false,
132745,M10994,49,false,
132746,M10995,49,false,
132747,M11003,45,false,
132748,M11022,3,false,
132749,M11042,9,false,
132750,M11048,2863,false,
132751,M11051,13,false,
132752,M11053,93,false,
132753,M11061,2139,false,
132754,M11072,4495,false,
132755,M11095,49,false,
132756,M11113,4496,false,
132757,M11149,239,false,
132758,M11163,3,false,
132759,M11205,198,false,
132760,M11280,3,false,
132761,M11281,3,false,
132762,M11282,3,false,
132763,M11283,3,false,
132764,M11285,3,false,
132765,M11286,3,false,
132766,M11287,3,false,
132767,M11288,3,false,
132768,M11289,3,false,
132769,M11290,689,false,
132770,M11291,3,false,
132771,M11295,65,false,
132772,M11586,4497,false,
132773,M11587,3,false,
132774,M11646,3,false,
132775,M11689,3,false,
132776,M11690,3,false,
132777,M11694,45,false,
132778,M11719,9,false,
132779,M11790,9,false,
132780,M11822,4498,false,
132781,M11834,45,false,
132782,M11835,3,false,
132783,M11838,3,false,
132784,M11839,3,false,
132785,M11906,49,false,
132786,M11926,9,false,
132787,M11971,2139,false,
132788,M11985,45,false,
132789,M12010,3,false,
132790,M12013,3,false,
132791,M12014,3,false,
132792,M12015,3,false,
132793,M12016,3,false,
132794,M12017,3,false,
132795,M12018,3,false,
132796,M12028,3,false,
132797,M12098,9,false,
132798,M12140,9,false,
132799,M12159,3,false,
132800,M12160,3,false,
132801,M12185,3,false,
132802,M12186,3,false,
132803,M12223,3,false,
132804,M12270,3,false,
132805,M12303,3,false,
132806,M12329,4499,false,
132807,M12376,45,false,
132808,M12408,49,false,
132809,M12424,3,false,
132810,M12425,4500,false,
132811,M12458,45,false,
132812,M12459,45,false,
132813,M12500,3,false,
132814,M12502,9,false,
132815,M12550,198,false,
132816,M12558,3,false,
132817,M12560,3,false,
132818,M12561,3532,false,
132819,M12562,3,false,
132820,M12568,49,false,
132821,M12604,49,false,
132822,M12622,4501,false,
132823,M12630,3,false,
132824,M12647,3,false,
132825,M12690,3,false,
132826,M12867,3,false,
132827,M12869,3,false,
132828,M12885,49,false,
132829,M12898,57,false,
132830,M12984,3,false,
132831,M13006,49,false,
132832,M13032,9,false,
132833,M13084,77,false,
132834,M13085,9,false,
132835,M13176,65,false,
132836,M13202,127,false,
132837,M13203,4502,false,
132838,M13252,45,false,
132839,M13257,3,false,
132840,M13262,49,false,
132841,M13263,3,false,
132842,M13266,3,false,
132843,M13267,3,false,
132844,M13347,49,false,
132845,M13348,9,false,
132846,M13361,3,false,
132847,M13362,3,false,
132848,M13399,239,false,
132849,M13400,3,false,
132850,M13438,4489,false,
132851,M13458,757,false,
132852,M13507,3,false,
132853,M13520,45,false,
132854,M13546,49,false,
132855,M13547,49,false,
132856,M13567,45,false,
132857,M13569,65,false,
132858,M13902,49,false,
132859,M13956,65,false,
132860,M13957,65,false,
132861,M14025,65,false,
132862,M14028,3,false,
132863,M14073,575,false,
132864,M14101,3,false,
132865,M14102,3,false,
132866,M14106,3,false,
132867,M14130,4503,false,
132868,M14181,3,false,
132869,M14223,3,false,
132870,M14224,3,false,
132871,M14285,45,false,
132872,M14290,57,false,
132873,M14293,9,false,
132874,M14294,3,false,
132875,M14295,3,false,
132876,M14296,9,false,
132877,M14302,9,false,
132878,M14375,3,false,
132879,M14376,3,false,
132880,M14385,9,false,
132881,M14401,45,false,
132882,M14451,3,false,
132883,M14452,49,false,
132884,M14514,3,false,
132885,M14516,3,false,
132886,M14530,128,false,
132887,M14532,93,false,
132888,M14536,3,false,
132889,M14547,65,false,
132890,M14548,65,false,
132891,M14549,67,false,
132892,M14569,57,false,
132893,M14572,65,false,
132894,M14594,93,false,
132895,M14595,93,false,
132896,M14613,9,false,
132897,M14848,3,false,
132898,M15352,57,false,
133034,23-361,,false,
133035,23-376,,false,
133036,23-377,62,false,
133037,23-378,,false,
133038,23-386,,false,
133039,23ME000013,,false,
133040,114794,118,false,
133041,NML2017-022,275,false,
133042,NML2017-027,79,false,
133043,NML2017-032,217,false,
133044,NML2017-038,898,false,
133045,NML2017-039,3,false,
133046,NML2017-054,2170,false,
133047,NML2017-059,2170,false,
133048,NML2017-076,87,false,
133049,NML2017-077,45,false,
133050,NML2017-099,97,false,
133051,NML2017-108,217,false,
133052,NML2017-118,13,false,
133053,NML2017-120,45,false,
133054,NML2017-126,3,false,
133055,NML2017-129,93,false,
133056,NML2017-134,980,false,
133057,NML2017-144,45,false,
133058,NML2017-150,45,false,
133059,NML2017-158,93,false,
133060,NML2017-163,45,false,
133061,NML2017-178,3,false,
133062,NML2018-002,87,false,
133063,NML2018-004,45,false,
133064,NML2018-009,4514,false,
133065,NML2018-023,127,false,
133066,NML2018-028,2059,false,
133067,NML2018-034,87,false,
133068,NML2018-038,103,false,
133069,NML2018-042,2170,false,
133070,NML2018-047,120,false,
133071,NML2018-063,4515,false,
133072,NML2018-094,93,false,
133073,NML2018-133,4516,false,
133074,NML2018-134,120,false,
133075,NML2018-144,93,false,
133076,NML2018-146,3,false,
133077,NML2018-149,93,false,
133078,NML2018-169,2170,false,
133079,NML2018-170,103,false,
133080,NML2018-175,49,false,
133081,NML2018-185,4517,false,
133082,NML2018-193,2060,false,
133083,NML2019-012,2170,false,
133084,NML2019-022,93,false,
133085,NML2019-024,93,false,
133086,NML2019-027,87,false,
133087,NML2019-047,45,false,
133088,NML2019-053,217,false,
133089,NML2019-054,45,false,
133090,NML2019-055,93,false,
133091,NML2019-096,2170,false,
133092,NML2019-105,2607,false,
133093,NML2019-119,93,false,
133094,NML2019-128,66,false,
133095,NML2019-134,2170,false,
133096,NML2019-137,4518,false,
133097,NML2019-138,9,false,
133098,NML2019-141,45,false,
133099,NML2019-147,87,false,
133100,NML2019-168,93,false,
133101,NML2019-176,2059,false,
133102,NML2019-188,104,false,
133103,NML2020-010,3,false,
133104,NML2020-027,45,false,
133105,NML2020-032,57,false,
133106,NML2020-037,396,false,
133107,NML2020-047,93,false,
133108,NML2020-055,9,false,
133109,NML2020-059,2170,false,
133110,NML2020-061,87,false,
133111,NML2020-066,4519,false,
133112,NML2020-068,3,false,
133113,NML2020-073,4788,false,
133114,NML2020-079,93,false,
133115,NML2020-097,104,false,
133116,NML2020-098,45,false,
133117,NML2020-101,77,false,
133118,NML2020-102,4480,false,
133119,NML2021-002,93,false,
133120,NML2021-009,87,false,
133121,NML2021-016,2170,false,
133122,NML2021-020,262,false,
133123,NML2021-022,3,false,
133124,NML2021-025,66,false,
133125,NML2021-027,2170,false,
133126,NML2021-033,259,false,
133127,NML2021-035,45,false,
133128,NML2021-036,57,false,
133129,NML2021-040,2170,false,
133130,NML2021-043,120,false,
133131,NML2021-044,4520,false,
133132,NML2021-051,66,false,
133133,NML2021-055,4518,false,
133134,NML2021-056,4521,false,
133135,NML2021-057,66,false,
133136,NML2021-060,93,false,
133137,NML2021-061,93,false,
133138,NML2021-071,3,false,
133139,NML2022-004,9,false,
133140,NML2022-006,3,false,
133141,NML2022-012,93,false,
133142,NML2022-013a,66,false,
133143,NML2022-015,45,false,
133144,NML2022-017,45,false,
133145,NML2022-018,57,false,
133146,NML2022-023,87,false,
133147,NML2022-025,49,false,
133148,NML2022-028,66,false,
133149,NML2022-030,45,false,
133150,NML2022-045,97,false,
133151,NML2022-048,4522,false,
133152,NML2022-058,93,false,
133153,NML2022-059,120,false,
133154,NML2022-060,45,false,
133155,NML2022-063,2059,false,
133156,NML2022-067,87,false,
133157,NML2022-069,141,false,
133158,NML2022-074,2059,false,
133159,NML2022-075,2059,false,
133160,NML2022-092,93,false,
133161,2313909824,97,false,
133182,6324,,false,
133183,6333,,false,
133184,8975,,false,
133185,9224,,false,
133186,9311,,false,
133187,9671,,false,
133188,9721,,false,
133189,11071,,false,
133190,11147,,false,
133191,11531,,false,
133192,11549,,false,
133193,11741,,false,
133194,11742,,false,
133195,11882,,false,
133196,11977,,false,
133197,12258,,false,
133198,12309,,false,
133199,12439,,false,
133200,12441,,false,
133201,12642,,false,
133202,12644,,false,
133203,12907,,false,
133204,13049,,false,
133205,13128,,false,
133206,13206,,false,
133207,13286,,false,
133208,13414,,false,
133209,13415,,false,
133210,13768,,false,
133211,13780,,false,
133212,13843,,false,
133213,13878,,false,
133214,13926,,false,
133215,13968,,false,
133216,13987,,false,
133217,14031,,false,
133218,14141,,false,
133219,14291,,false,
133220,14298,,false,
133221,14305,,false,
133222,14306,,false,
133223,14308,,false,
133224,14311,,false,
133225,14327,,false,
133226,14329,,false,
133227,14330,,false,
133228,14338,,false,
133229,14339,,false,
133230,14341,,false,
133231,N23-0479,,false,
133232,N23-0480,,false,
133233,N23-0491,,false,
133234,N23-0504,,false,
133235,N23-0507,,false,
133236,N23-0511,,false,
133237,N23-0525,,false,
133380,65845,,false,
133381,65868,,false,
133382,65875,,false,
133383,66125,,false,
133384,66130,,false,
133385,NML2019-109,67,false,
133386,NML2020-007,104,false,
133387,NML2020-038,45,false,
133388,NML2017-008,62,false,
133389,NML2017-012,292,false,
133390,NML2017-025,4536,false,
133391,NML2017-028,62,false,
133392,NML2017-034,62,false,
133393,NML2017-036,67,false,
133394,NML2017-047,1995,false,
133395,NML2017-051,292,false,
133396,NML2017-052,62,false,
133397,NML2017-055,62,false,
133398,NML2017-056a,1876,false,
133399,NML2017-062,4537,false,
133400,NML2017-068,211,false,
133401,NML2017-098,62,false,
133402,NML2017-101,4538,false,
133403,NML2017-102,292,false,
133404,NML2017-121,62,false,
133405,NML2017-128,141,false,
133406,NML2017-138,141,false,
133407,NML2017-176,1,false,
133408,NML2018-011,1730,false,
133409,NML2018-015,292,false,
133410,NML2018-018,141,false,
133411,NML2018-029,62,false,
133412,NML2018-031,62,false,
133413,NML2018-046,62,false,
133414,NML2018-053,4536,false,
133415,NML2018-054,4539,false,
133416,NML2018-059,157,false,
133417,NML2018-065,62,false,
133418,NML2018-074,4540,false,
133419,NML2018-087,62,false,
133420,NML2018-088,62,false,
133421,NML2018-122,62,false,
133422,NML2018-142,102,false,
133423,NML2018-160,62,false,
133424,NML2018-174,93,false,
133425,NML2018-178,4537,false,
133426,NML2018-179,105,false,
133427,NML2018-182,49,false,
133428,NML2018-191,67,false,
133429,NML2019-003,62,false,
133430,NML2019-006,62,false,
133431,NML2019-011,62,false,
133432,NML2019-015,65,false,
133433,NML2019-020,62,false,
133434,NML2019-040,62,false,
133435,NML2019-052,292,false,
133436,NML2019-058,292,false,
133437,NML2019-082,62,false,
133438,NML2019-084,49,false,
133439,NML2019-093,141,false,
133440,NML2019-112,141,false,
133441,NML2019-117,62,false,
133442,NML2019-126,4537,false,
133443,NML2019-132,345,false,
133444,NML2019-155,292,false,
133445,NML2019-163,4321,false,
133446,NML2019-167,62,false,
133447,NML2019-174,4541,false,
133448,NML2019-175,62,false,
133449,NML2020-002,62,false,
133450,NML2020-021,62,false,
133451,NML2020-030b,1,false,
133452,NML2020-039,4539,false,
133453,NML2020-042,105,false,
133454,NML2020-049,62,false,
133455,NML2020-058,141,false,
133456,NML2020-093,62,false,
133457,NML2021-011,4789,false,
133458,NML2021-012,4789,false,
133459,NML2021-015,4789,false,
133460,NML2022-050,568,false,
133461,NML2022-077,141,false,
133462,NML2022-103,141,false,
133463,22-6-MEN,586,false,
133464,22-18-MEN,2117,false,
133465,22-22-MEN,87,false,
133466,22-56-MEN,1862,false,
133467,22-116-MEN,9,false,
133468,22-139-MEN,586,false,
133469,22-180-MEN,93,false,
133470,22-199-MEN,4542,false,
133471,22-293-MEN,2117,false,
133472,22-320-MEN,9,false,
133473,22-465-MEN,220,false,
133474,22-477-MEN,220,false,
133475,22-517-MEN,220,false,
133476,22-560-MEN,97,false,
133477,22-441-MEN,2117,false,
133478,65887,,false,
133479,AJOU4,,false,
133480,AJOU5,,false,
133481,N23-0534,,false,
133482,N23-0540,,false,
133540,DK-MGK-2023-016,,false,
133541,NML2017-017,4544,false,
133542,NML2017-088,67,false,
133543,NML2017-091,949,false,
133544,NML2017-145,45,false,
133545,NML2018-016,49,false,
133546,NML2018-033,97,false,
133547,NML2018-062,49,false,
133548,NML2019-030,45,false,
133549,NML2019-073,4545,false,
133550,NML2019-104,49,false,
133551,NML2019-131,460,false,
133552,NML2019-133,93,false,
133553,NML2020-003,66,false,
133554,NML2020-012,217,false,
133555,NML2020-031,3,false,
133556,NML2020-041,49,false,
133557,NML2020-043,892,false,
133558,NML2020-103,49,false,
133559,LN20,407,false,
133560,LN21,407,false,
133561,LN22,407,false,
133562,LN23,1440,false,
133563,LN24,9,false,
133564,LN25,9,false,
133565,LN26,407,false,
133566,LN27,407,false,
133567,SMG-23-1249,49,false,
133632,M21 240171 ShSp P1a2,127,false,
133633,M21 240177 ShSp P1a2,65,false,
133634,M21 240179 ShSp P1a2,3,false,
133635,M21 240181 ShSp P1a2,106,false,
133636,M21 240183 ShSp P1a2,396,false,
133637,M21 240184 ShSp P1a2,45,false,
133638,M21 240185 ShSp P1a2,3,false,
133639,M21 240188 ShSp P1a2,93,false,
133640,M21 240190 ShSp P1a2,250,false,
133641,M21 240191 ShSp P1a2,45,false,
133642,M21 240205 ShSp P1a2,49,false,
133643,M21 240208 ShSp P1a2,49,false,
133644,M21 240211 ShSp P1a2,857,false,
133645,M21 240215 ShSp P1a2,1543,false,
133646,M21 240216 ShSp P1a2,45,false,
133647,M21 240220 ShSp P1a2,424,false,
133648,M21 240221 ShSp P1a2,3,false,
133649,M21 240232 ShSp P1a2,1534,false,
133650,M21 240235 ShSp P1a2,45,false,
133651,M21 240236 ShSp P1a2,87,false,
133652,M21 240237 ShSp P1a2,3953,false,
133653,M22 240007 ShSp P1a2,1,false,
133654,M22 240021 ShSp P1a2,45,false,
133655,M22 240023 ShSp P1a2,45,false,
133656,M22 240024 ShSp P1a2,45,false,
133657,M22 240025 ShSp P1a2,57,false,
133658,M22 240029 ShSp P1a2,57,false,
133659,M22 240030 ShSp P1a2,1,false,
133660,M22 240033 ShSp P1a2,1,false,
133661,M21 240196 ShSp P1a2,3,false,
133664,23-395,,false,
133686,65897,,false,
133687,65919,,false,
133688,65921,,false,
133689,65958,,false,
133690,66140,,false,
133691,SMG-23-1286,87,false,
133692,M04315,,false,
133693,NML2023-049,4548,false,
133694,65965,,false,
133695,65975,,false,
133696,65998,,false,
133697,66006,,false,
133698,66033,,false,
133699,66037,,false,
133700,66162,,false,
133701,23.8703218,,false,
133735,23-431,,false,
133736,62992,,false,
133737,64626,,false,
133738,65442,,false,
133739,66175,,false,
133843,2021NG01694,,false,
133844,2021NG01785,,false,
133845,2021NG02040,,false,
133846,2021NG02087,,false,
133847,2021NG02115,,false,
133848,2021NG02119,,false,
133849,2021NG02121,,false,
133850,2021NG02123,,false,
133851,2021NG02128,,false,
133852,2021NG02131,,false,
133853,2021NG02134,,false,
133854,2021NG02141,,false,
133855,2021NG02161,,false,
133856,2021NG02165,,false,
133857,2021NG02168,,false,
133858,2021NG02172,,false,
133859,2021NG02177,,false,
133860,2021NG02178,,false,
133861,2021NG02197,,false,
133862,2021NG02203,,false,
133863,2021NG02207,,false,
133864,2021NG02211,,false,
133865,2021NG02215,,false,
133866,2021NG02225,,false,
133867,2021NG02233,,false,
133868,2021NG02235,,false,
133869,2021NG02246,,false,
133870,2021NG02273,,false,
133871,2021NG02373,,false,
133872,AJ_1,,false,
133873,AJ_2,,false,
133874,M10 240072,759,false,
133875,M10 240538,141,false,
133876,M10 240635,259,false,
133877,M10 240654,45,false,
133878,22MN0064,18,false,
133879,23MN0053,4553,false,
133883,23MN0055,255,false,
133884,23MN0058,45,false,
133885,23MN0060,275,false,
133886,23MN0063,120,false,
133887,23MN0064,57,false,
133888,23MN0076,198,false,
133889,23MN0077,87,false,
133890,23MN0082,45,false,
133891,23MN0088,262,false,
133892,23MN0089,45,false,
133893,23MN0090,45,false,
133894,23MN0098,2361,false,
133895,23MN0110,3,false,
133896,23MN0114,57,false,
133897,23MN0134,45,false,
133898,22MN0062,4272,false,
133899,22MN0063,200,false,
133900,22MN0070,104,false,
133901,22MN0072,1694,false,
133902,22MN0074,2638,false,
133903,22MN0079,45,false,
133904,22MN0081,120,false,
133905,22MN0086,45,false,
133906,22MN0088,45,false,
133907,22MN0091,45,false,
133908,22MN0093,120,false,
133909,22MN0095,150,false,
133910,22MN0097,93,false,
133911,22MN0100,2208,false,
133912,22MN0102,62,false,
133913,22MN0104,4108,false,
133914,22MN0107,93,false,
133915,22MN0108,4300,false,
133916,22MN0109,45,false,
133917,22MN0110,45,false,
133918,22MN0111,97,false,
133919,22MN0114,4554,false,
133920,23MN0002,127,false,
133921,23MN0003,120,false,
133922,23MN0004,120,false,
133923,23MN0008,45,false,
133924,23MN0005,87,false,
133925,23MN0006,104,false,
133926,23MN0011,4153,false,
133927,23MN0013,262,false,
133928,23MN0014,120,false,
133929,23MN0015,288,false,
133930,23MN0017,4555,false,
133931,23MN0020,45,false,
133932,23MN0023,198,false,
133933,23MN0025,4153,false,
133934,23MN0026,4272,false,
133935,23MN0027,45,false,
133936,23MN0028,45,false,
133937,23MN0029,87,false,
133938,23MN0031,199,false,
133939,23MN0032,9,false,
133940,23MN0033,45,false,
133941,23MN0034,120,false,
133942,23MN0035,87,false,
133943,23MN0039,2727,false,
133944,23MN0041,120,false,
133945,23MN0043,58,false,
133946,23MN0046,45,false,
133947,23MN0047,318,false,
133948,23MN0048,318,false,
133949,23MN0150,45,false,
133950,23MN0010,141,false,
133951,2021NG02127,,false,
133952,2021NG02133,,false,
133953,2021NG02160,,false,
133954,2021NG02304,,false,
133955,2021NG02316,,false,
133956,2021NG01594,,false,
133957,2021NG01619,,false,
133958,2021NG01654,,false,
133959,2021NG01656,,false,
133960,2021NG01662,,false,
133961,2021NG01672,,false,
133962,2021NG01679,,false,
133963,2021NG01685,,false,
133964,2021NG01690,,false,
133965,2021NG01701,,false,
133966,2021NG01718,,false,
133967,2021NG01748,,false,
133968,2021NG01789,,false,
133969,2021NG01809,,false,
133970,2021NG01813,,false,
133971,2021NG02042,,false,
133972,2021NG02220,,false,
133973,2021NG02569,,false,
133974,2022NG00527,,false,
133975,2022NG00761,,false,
133976,2022NG00783,,false,
133977,2022NG00800,,false,
133978,2022NG00830,,false,
133979,2022NG00858,,false,
133980,2022NG00881,,false,
133981,2022NG00889,,false,
133982,2022NG00905,,false,
133983,2022NG00931,,false,
133984,2022NG00963,,false,
133985,2022NG01091,,false,
133986,2022NG01101,,false,
133987,2022NG00028,,false,
133988,2022NG00498,,false,
133989,2022NG00506,,false,
133990,2022NG00545,,false,
133991,2022NG00551,,false,
133992,2022NG00560,,false,
133993,2022NG00596,,false,
133994,2022NG00597,,false,
133995,2022NG00616,,false,
133996,2022NG00623,,false,
133997,2022NG00632,,false,
133998,2022NG00639,,false,
133999,2022NG00643,,false,
134000,2022NG00651,,false,
134001,2022NG00663,,false,
134002,2022NG00724,,false,
134003,2022NG00846,,false,
134700,2022NG00123,,false,
134701,2022NG00154,,false,
134702,2022NG00171,,false,
134703,2022NG00191,,false,
134704,2022NG00199,,false,
134705,2022NG00219,,false,
134706,2022NG00235,,false,
134707,2022NG00269,,false,
134708,2022NG00279,,false,
134709,2022NG00306,,false,
134710,2022NG00317,,false,
134711,2022NG00358,,false,
134712,2022NG00360,,false,
134713,2022NG00382,,false,
134714,2022NG00389,,false,
134715,2022NG00413,,false,
134716,2022NG00414,,false,
134717,2022NG00729,,false,
134718,2022NG00740,,false,
134719,2022NG00764,,false,
134720,2022NG00788,,false,
134721,11174,,false,
134722,11173,,false,
134723,202317915,,false,
134724,11190,,false,
134725,202318838,,false,
134726,11193,,false,
134727,11203,,false,
134728,11213,,false,
134729,11219,,false,
134730,11297,,false,
134731,2022NG01379,,false,
134732,2022NG01390,,false,
134733,2022NG01412,,false,
134734,2022NG01620,,false,
134735,2022NG01458,,false,
134736,2022NG01459,,false,
134737,2022NG01480,,false,
134738,2022NG01492,,false,
134739,2022NG01495,,false,
134740,2022NG01512,,false,
134741,2022NG01531,,false,
134742,2022NG01538,,false,
134743,2022NG01548,,false,
134744,2022NG01555,,false,
134745,2022NG01591,,false,
134746,2022NG01659,,false,
134747,2022NG01765,,false,
134748,2022NG01889,,false,
134749,2022NG01892,,false,
134750,11171,,false,
134751,202318101,,false,
134752,11192,,false,
134753,11197,,false,
134754,11214,,false,
134755,11222,,false,
134756,11227,,false,
134757,11236,,false,
134758,11247,,false,
134759,11284,,false,
134760,11289,,false,
134766,73264,350,false,
134767,73361,350,false,
134768,73863,68,false,
134769,NML2017-002,62,false,
134770,M04798,,false,
134780,66185,,false,
134781,66207,,false,
134782,66219,,false,
134783,66220,,false,
134784,66227,,false,
134785,66253,,false,
134786,66271,,false,
134787,NML2019-077,65,false,
134788,2,,false,
134789,3,,false,
134790,4,,false,
134791,5,,false,
134792,6,,false,
134793,8,,false,
134794,9,,false,
134795,11,,false,
134796,13,,false,
134797,14,,false,
134798,18,,false,
134799,19,,false,
134800,20,,false,
134801,21,,false,
134802,22,,false,
134803,24,,false,
134804,25,,false,
134805,27,,false,
134806,29,,false,
134807,30,,false,
134808,33,,false,
134809,36,,false,
134810,38,,false,
134811,40,,false,
134812,43,,false,
134813,44,,false,
134814,45,,false,
134815,47,,false,
134816,48,,false,
134817,66183,,false,
134818,H01-GEN-001,4108,false,
134819,H03-RESP-019,150,false,
134820,H03-RESP-020,259,false,
134821,H04-RESP-010,3943,false,
134822,H04-RESP-011,407,false,
134823,H04-RESP-012,150,false,
134824,H07-RESP-024,69,false,
134825,H07-RESP-025,4639,false,
134826,H07-RESP-026,62,false,
134827,H15-EMI-027,87,false,
134828,H15-EMI-028,87,false,
134829,H15-EMI-029,4640,false,
134830,H15-EMI-030,62,false,
134831,H15-EMI-031,257,false,
134832,H15-EMI-032,62,false,
134833,H15-EMI-033,150,false,
134834,H15-EMI-034,87,false,
134835,H15-EMI-035,45,false,
134836,H15-EMI-036,87,false,
134837,H15-EMI-037,2751,false,
134838,H15-EMI-038,4641,false,
134839,H15-EMI-039,1250,false,
134840,H15-EMI-040,1,false,
134841,H15-RESP-018,1250,false,
134842,23-447,,false,
134843,AJ_3,,false,
134844,AJ_4,,false,
134845,AJ_5,,false,
134846,AJ_6,,false,
134847,AJ_7,,false,
134848,AJ_8,,false,
134849,AJ_9,,false,
134850,AJ_10,,false,
134851,AJ_11,,false,
134852,AJ_12,,false,
134853,AJ_13,,false,
134854,AJ_14,,false,
134855,AJ_15,,false,
134856,AJ_16,,false,
134857,AJ_17,,false,
134858,AJ_18,,false,
134859,AJ_19,,false,
134860,AJ_20,,false,
134861,AJ_21,,false,
134862,AJ_22,,false,
134863,AJ_23,,false,
134864,AJ_24,,false,
134865,AJ_25,,false,
134866,AJ_26,,false,
134867,AJ_27,,false,
134868,AJ_28,,false,
134869,AJ_29,,false,
134870,AJ_30,,false,
134871,AJ_31,,false,
134872,AJ_32,,false,
134873,AJ_33,,false,
134874,AJ_34,,false,
134875,AJ_35,,false,
134876,AJ_36,,false,
134877,AJ_37,,false,
134878,AJ_38,,false,
134879,AJ_39,,false,
134880,AJ_40,,false,
134881,AJ_41,,false,
134882,AJ_42,,false,
134883,AJ_43,,false,
134884,AJ_44,,false,
134885,AJ_45,,false,
134886,AJ_46,,false,
134887,AJ_47,,false,
134888,AJ_48,,false,
134889,AJ_49,,false,
134890,AJ_50,,false,
134891,AJ_51,,false,
134892,AJ_52,,false,
134893,AJ_53,,false,
134894,AJ_54,,false,
134895,AJ_55,,false,
134896,AJ_56,,false,
134897,AJ_57,,false,
134898,AJ_58,,false,
134899,AJ_59,,false,
134900,AJ_60,,false,
134901,AJ_61,,false,
134902,AJ_62,,false,
134903,AJ_63,,false,
134904,AJ_64,,false,
134905,AJ_65,,false,
134906,AJ_66,,false,
134907,AJ_67,,false,
134908,AJ_68,,false,
134909,AJ_69,,false,
134910,AJ_70,,false,
134911,AJ_71,,false,
134912,AJ_72,,false,
134913,AJ_73,,false,
134914,AJ_74,,false,
134915,AJ_75,,false,
134916,AJ_76,,false,
134917,AJ_77,,false,
134918,AJ_78,,false,
134919,AJ_79,,false,
134920,AJ_80,,false,
134921,AJ_81,,false,
134922,AJ_82,,false,
134923,AJ_83,,false,
134924,AJ_84,,false,
134925,AJ_85,,false,
134926,AJ_86,,false,
134927,AJ_87,,false,
134928,AJ_88,,false,
134929,AJ_89,,false,
134930,AJ_90,,false,
134931,AJ_91,,false,
134932,AJ_92,,false,
134933,AJ_93,,false,
134934,AJ_94,,false,
134935,H15-GEN-002,57,false,
134936,H15-RESP-014,65,false,
134937,H15-RESP-015,65,false,
134938,H15-EMI-024,1,false,
134939,H15-EMI-025,9,false,
134940,H15-EMI-026,1,false,
134950,2022NG01583,,false,
134951,2022NG01586,,false,
134952,2022NG01671,,false,
134953,2022NG01673,,false,
134954,2022NG01680,,false,
134955,2022NG01682,,false,
134956,2022NG01717,,false,
134957,2022NG01725,,false,
134958,2022NG01730,,false,
134959,2022NG01752,,false,
134960,2022NG01758,,false,
134961,2022NG01762,,false,
134962,2022NG01777,,false,
134963,2022NG01831,,false,
134964,2022NG01849,,false,
134965,2022NG01855,,false,
134966,2022NG02036,,false,
134967,2022NG02122,,false,
134968,2022NG02138,,false,
134987,SMG-23-1523,1781,false,
134988,N23-0561,,false,
134989,N23-0583,,false,
134990,M28052,3,false,
134991,M25874,2,false,
134992,M25120,3,false,
134993,M24671,3,false,
134994,M23948,257,false,
134995,M23804,1,false,
134996,M23757,3664,false,
134997,M23739,49,false,
134998,M23599,1,false,
134999,M23598,1,false,
135000,M23192,9,false,
135001,M23005,1,false,
135002,M22962,759,false,
135003,M21920,150,false,
135004,11296,,false,
135005,11314,,false,
135006,64661,,false,
135007,66279,,false,
135008,66280,,false,
135009,66282,,false,
135010,66300,,false,
135011,66505,,false,
135013,3953,,false,
135014,3999,,false,
135015,4001,,false,
135016,4082,,false,
135017,4087,,false,
135018,4151,,false,
135019,4165,,false,
135020,4195,,false,
135021,4309,,false,
135022,4315,,false,
135023,4425,,false,
135024,4441,,false,
135030,20GRASP1302,,false,
135031,20GRASP1430,,false,
135032,20GRASP1205,,false,
135033,22GRASP0918,,false,
135034,20GRASP1465,,false,
135035,22GRASP1008,,false,
135036,20GRASP1464,,false,
135037,22GRASP0783,,false,
135038,22GRASP1057,,false,
135039,22GRASP1344,,false,
135040,22GRASP0509,,false,
135041,20GRASP1478,,false,
135042,20GRASP1215,,false,
135043,NML2023-005,66,false,
135044,NML2023-006,66,false,
135045,NML2023-012,93,false,
135046,NML2023-017,898,false,
135047,NML2023-019,87,false,
135048,NML2023-021,62,false,
135049,NML2023-024,4648,false,
135050,NML2023-026,62,false,
135051,NML2023-027,62,false,
135052,NML2023-028,262,false,
135053,NML2023-030,4649,false,
135054,NML2023-036,262,false,
135055,NML2023-038,45,false,
135056,NML2023-040,87,false,
135057,NML2023-042,857,false,
135058,NML2023-043,146,false,
135059,NML2023-046,45,false,
135060,NML2023-047,4650,false,
135061,NML2023-050,4321,false,
135062,NML2023-052,4651,false,
135063,NML2023-054,62,false,
135064,NML2023-055,62,false,
135065,NML2023-056,62,false,
135066,NML2023-057,976,false,
135067,NML2023-059,4651,false,
135068,NML2023-060,,false,
135069,NML2023-061,857,false,
135070,NML2023-062,62,false,
135071,NML2023-063,4108,false,
135072,NML2023-064,4108,false,
135073,NML2023-066,949,false,
135074,NML2023-068,77,false,
135075,NML2023-069,,false,
135076,NML2023-070,,false,
135077,NML2023-071,105,false,
135090,SMG-23-1536,396,false,
135091,SMG-23-1539,1781,false,
135092,SMG-23-1544,588,false,
135093,SMG-23-1545,97,false,
135094,SMG-23-1552,3949,false,
135095,23MN0133,45,false,
135096,NM184,,false,
135097,2022NG01860,,false,
135098,2022NG01863,,false,
135099,2022NG01927,,false,
135100,2022NG01944,,false,
135101,2022NG01991,,false,
135102,2022NG02018,,false,
135103,2022NG02019,,false,
135104,2022NG02021,,false,
135105,2022NG02033,,false,
135106,2022NG02241,,false,
135107,2022NG02065,,false,
135108,2022NG02076,,false,
135109,2022NG02090,,false,
135110,2022NG02092,,false,
135111,2022NG02111,,false,
135112,2022NG02114,,false,
135116,11301,,false,
135117,11308,,false,
135118,11326,,false,
135119,11330,,false,
135120,11359,,false,
135121,202327652,,false,
135122,11370,,false,
135123,11384,,false,
135124,11396,,false,
135125,11427,,false,
135126,NM195,,false,
135135,11304,,false,
135136,11317,,false,
135137,11319,,false,
135138,202324832,,false,
135139,11363,,false,
135140,11360,,false,
135141,202327518,,false,
135142,11398,,false,
135143,11428,,false,
135163,3975,,false,
135164,3998,,false,
135165,4014,,false,
135166,4077,,false,
135167,4097,,false,
135168,4306,,false,
135169,4317,,false,
135170,4318,,false,
135171,4379,,false,
135172,4386,,false,
135173,4392,,false,
135174,4402,,false,
135175,4422,,false,
135176,2022NG02189,,false,
135177,2022NG02207,,false,
135178,2022NG02231,,false,
135179,2022NG02232,,false,
135180,2022NG02236,,false,
135181,2022NG02297,,false,
135182,2022NG02306,,false,
135183,2022NG02311,,false,
135184,2022NG02333,,false,
135185,2022NG02346,,false,
135186,2022NG02416,,false,
135187,2022NG02427,,false,
135188,2022NG02442,,false,
135189,2022NG02447,,false,
135190,66307,,false,
135191,66314,,false,
135192,66317,,false,
135193,66341,,false,
135194,66342,,false,
135195,66367,,false,
135196,66368,,false,
135197,66380,,false,
135198,66499,,false,
135375,H02-EMI-002,3880,false,
135376,H02-EMI-003,120,false,
135377,H02-EMI-004,45,false,
135378,H02-EMI-005,9,false,
135379,H02-EMI-006,257,false,
135380,H02-EMI-007,3880,false,
135381,H02-EMI-008,87,false,
135382,H02-EMI-009,87,false,
135383,H02-EMI-010,87,false,
135384,0031/23,93,false,
135385,0036/23,67,false,
135386,0039/23,428,false,
135388,PMB3693,,false,
135389,0056/02,141,false,
135390,0059/02,141,false,
135391,0015/03,2,false,
135392,0016/03,2,false,
135393,0019/03,2,false,
135394,0022/03,2,false,
135395,0030/03,4360,false,
135396,0049/03,586,false,
135397,0059/03,428,false,
135398,0107/03,2,false,
135399,0108/03,2,false,
135400,0117/03,3724,false,
135401,0119/03,3724,false,
135402,0126/03,3724,false,
135403,0173/03,460,false,
135404,0058/04,67,false,
135405,0061/04,2,false,
135406,0068/04,57,false,
135407,0075/04,2,false,
135408,0168/04,24,false,
135409,0177/04,428,false,
135410,0199/04,,false,
135411,0206/04,2,false,
135412,0278/04,2,false,
135413,0006/05,3,false,
135421,W-8808,887,false,
135423,W-8912,738,false,
135424,BM-1462,45,false,
135425,W-8949,87,false,
135426,W-8956,62,false,
135427,W-8989,1,false,
135428,W-7762,93,false,
135429,SMG-23-1705,120,false,
135430,NIID835,24,false,
135431,NIID836,24,false,
135432,NIID838,24,false,
135433,M37532,33,false,
135434,M37533,33,false,
135435,M37534,33,false,
135436,M37535,33,false,
135437,M37536,888,false,
135438,M37537,33,false,
135439,M37538,33,false,
135440,M37539,33,false,
135441,M37540,33,false,
135442,M37541,33,false,
135443,M37542,33,false,
135444,M37543,33,false,
135445,M37544,33,false,
135446,M37545,33,false,
135447,M37546,33,false,
135448,M37547,33,false,
135449,M37548,33,false,
135450,M37549,33,false,
135451,M37550,33,false,
135452,M37551,33,false,
135453,M37552,33,false,
135454,M37553,33,false,
135455,M37554,33,false,
135456,M37555,33,false,
135457,M37556,33,false,
135458,M37557,33,false,
135459,M37558,33,false,
135460,M37559,33,false,
135461,M37560,33,false,
135462,M37561,33,false,
135463,M37562,33,false,
135464,M37563,33,false,
135465,M37564,33,false,
135466,M37565,33,false,
135467,M37566,33,false,
135468,M37567,33,false,
135469,M37568,33,false,
135470,M37569,33,false,
135471,M37570,33,false,
135472,M37571,888,false,
135473,M37572,33,false,
135474,M37573,33,false,
135475,M37574,888,false,
135476,M37575,33,false,
135477,M37576,33,false,
135478,M37577,33,false,
135479,M37578,33,false,
135480,M37579,33,false,
135481,M37580,33,false,
135482,M37581,33,false,
135483,M37582,33,false,
135484,M37583,33,false,
135485,M37584,33,false,
135486,M37585,33,false,
135487,M37586,33,false,
135488,M37587,33,false,
135489,M37589,33,false,
135490,M37590,33,false,
135491,M37591,33,false,
135492,M37592,33,false,
135493,M37593,33,false,
135494,M37594,33,false,
135495,M37595,33,false,
135496,M37596,33,false,
135497,M37597,33,false,
135498,M37598,33,false,
135499,M37599,33,false,
135500,M37600,33,false,
135501,M37601,33,false,
135502,M37602,33,false,
135503,M37603,33,false,
135504,M37604,33,false,
135505,M37605,33,false,
135506,M37606,33,false,
135507,M37607,33,false,
135508,M37608,33,false,
135509,M48223,33,false,
135510,M48224,33,false,
135511,M48226,33,false,
135512,M48232,33,false,
135513,M48233,33,false,
135514,M48234,33,false,
135515,M48235,33,false,
135516,M48237,33,false,
135517,M48238,33,false,
135518,M48239,33,false,
135519,M48241,33,false,
135520,M48242,33,false,
135521,M48243,33,false,
135522,M48244,33,false,
135523,M48245,33,false,
135524,M48246,33,false,
135525,M48247,33,false,
135526,M48248,33,false,
135527,M48249,33,false,
135528,M48250,33,false,
135529,M48251,33,false,
135530,M48254,33,false,
135531,M48255,33,false,
135532,M48257,33,false,
135533,M48258,33,false,
135534,M48260,33,false,
135535,M48262,33,false,
135536,M48263,33,false,
135537,M48264,33,false,
135538,M48265,33,false,
135539,M48267,33,false,
135540,M48268,33,false,
135541,M48270,33,false,
135542,M48271,33,false,
135543,M48273,33,false,
135544,M48274,33,false,
135545,M48275,33,false,
135546,M48276,33,false,
135547,M48278,33,false,
135548,M48279,33,false,
135549,M48281,33,false,
135550,M48284,33,false,
135551,M48286,33,false,
135552,M48287,33,false,
135553,M48288,33,false,
135554,M48289,33,false,
135555,M48290,33,false,
135556,M48291,33,false,
135557,M48293,33,false,
135558,M48294,33,false,
135559,M48295,33,false,
135560,M48296,33,false,
135561,M48298,33,false,
135562,M48299,33,false,
135563,M48300,33,false,
135564,M48301,33,false,
135565,ACC12393A46,1006,false,
135572,66609,,false,
135573,H01-RESP-001,65,false,
135574,H01-RESP-002,454,false,
135575,H01-RESP-003,1166,false,
135576,H01-RESP-004,1781,false,
135577,H01-RESP-005,759,false,
135578,H01-RESP-006,4108,false,
135579,H01-RESP-007,396,false,
135580,H01-RESP-008,4674,false,
135581,SMG-23-1731,4682,false,
135582,23-514,,false,
135583,M52546,33,false,
135584,PMB1486,,false,
135585,SMG-23-1643,95,false,
135586,SMG-23-1647,69,false,
135587,SMG-23-1627,1781,false,
135588,SMG-23-1638,5160,false,
135589,SMG-23-1710,50,false,
135590,SMG-23-1714,1,false,
135591,SMG-23-1696,1781,false,
135592,SMG-23-1704,4683,false,
135593,SMG-23-1729,4679,false,
135594,SMG-23-1713,1781,false,
135595,SMG-23-1720,1482,false,
135596,SMG-23-1716,1781,false,
135597,SMG-23-1734,69,false,
135598,66138,,false,
135599,66400,,false,
135600,66421,,false,
135601,66424,,false,
135602,66425,,false,
135603,66629,,false,
135604,DE15069,,false,
135605,1415,,false,
135606,3120,,false,
135607,4408,,false,
135608,8539,,false,
135609,15610,,false,
135610,16441,,false,
135611,3579,,false,
135612,30841,,false,
135753,20GRASP1339,,false,
135754,20GRASP1293,,false,
135755,20GRASP1314,,false,
135756,20GRASP1484,,false,
135757,20GRASP1438,,false,
135758,20GRASP1205,,false,
135759,20GRASP1542,,false,
135760,20GRASP1302,,false,
135761,20GRASP1225,,false,
135762,20GRASP1433,,false,
135763,20GRASP1471,,false,
135764,20GRASP1167,,false,
135765,20GRASP1283,,false,
135766,20GRASP1296,,false,
135767,20GRASP1298,,false,
135768,20GRASP1291,,false,
135769,20GRASP1343,,false,
135770,20GRASP1487,,false,
135771,20GRASP1354,,false,
135772,20GRASP1402,,false,
135773,20GRASP1543,,false,
135774,20GRASP1478,,false,
135775,20GRASP1331,,false,
135776,20GRASP1415,,false,
135777,20GRASP1447,,false,
135778,20GRASP1541,,false,
135779,20GRASP1362,,false,
135780,20GRASP1322,,false,
135781,20GRASP1227,,false,
135782,20GRASP1169,,false,
135798,66429,,false,
135799,66432,,false,
135800,66462,,false,
135801,66480,,false,
135802,66481,,false,
135803,66483,,false,
135804,66488,,false,
135805,66509,,false,
135806,66634,,false,
135807,66636,,false,
135808,Isolate_1,,false,
135809,Isolate_2,,false,
135810,Isolate_3,,false,
135811,Isolate_4,,false,
135812,Isolate_5,,false,
135813,Isolate_6,,false,
135814,Isolate_7,,false,
135815,Isolate_8,,false,
135816,Isolate_9,,false,
135817,Isolate_10,,false,
135818,Isolate_11,,false,
135819,Isolate_12,,false,
135820,Isolate_13,,false,
135821,Isolate_14,,false,
135822,Isolate_15,,false,
135823,Isolate_16,,false,
135824,Isolate_17,,false,
135825,Isolate_18,,false,
135826,Isolate_19,,false,
135827,Isolate_20,,false,
135828,Isolate_21,,false,
135829,Isolate_22,,false,
135830,Isolate_23,,false,
135831,Isolate_24,,false,
135832,Isolate_25,,false,
135833,Isolate_26,,false,
135834,Isolate_27,,false,
135835,Isolate_28,,false,
135836,Isolate_29,,false,
135837,Isolate_30,,false,
135838,Isolate_31,,false,
135839,Isolate_32,,false,
135840,Isolate_33,,false,
135841,Isolate_34,,false,
135842,Isolate_35,,false,
135843,22GRASP0675,,false,
135844,22GRASP1129,,false,
135845,22GRASP1311,,false,
135846,22GRASP0774,,false,
135847,22GRASP1159,,false,
135848,22GRASP0920,,false,
135849,22GRASP1406,,false,
135850,22GRASP0854,,false,
135851,22GRASP1441,,false,
135852,22GRASP0851,,false,
135853,22GRASP0519,,false,
135854,22GRASP1102,,false,
135855,22GRASP0571,,false,
135856,22GRASP0711,,false,
135857,22GRASP0621,,false,
135858,22GRASP0692,,false,
135859,22GRASP0886,,false,
135860,22GRASP1418,,false,
135861,22GRASP0890,,false,
135862,22GRASP0933,,false,
135863,22GRASP1039,,false,
135864,22GRASP0614,,false,
135865,22GRASP1218,,false,
135866,22GRASP1373,,false,
135867,22GRASP1127,,false,
135868,22GRASP1184,,false,
135869,22GRASP0578,,false,
135870,22GRASP1150,,false,
135871,22GRASP0925,,false,
135872,22GRASP1092,,false,
135873,22GRASP0902,,false,
135874,22GRASP0843,,false,
135875,22GRASP0514,,false,
135876,22GRASP1086,,false,
135877,22GRASP1305,,false,
135878,22GRASP1241,,false,
135879,22GRASP0992,,false,
135880,22GRASP1009,,false,
135881,22GRASP0560,,false,
135882,22GRASP0765,,false,
135883,22GRASP0924,,false,
135884,22GRASP1197,,false,
135885,22GRASP1001,,false,
135886,22GRASP0861,,false,
135887,22GRASP1261,,false,
135888,22GRASP0954,,false,
135889,22GRASP1341,,false,
135890,22GRASP1432,,false,
135891,22GRASP1036,,false,
135892,22GRASP1155,,false,
135893,22GRASP1053,,false,
135894,22GRASP1307,,false,
135895,22GRASP0589,,false,
135896,22GRASP0634,,false,
135897,22GRASP1192,,false,
135898,22GRASP1056,,false,
135899,22GRASP1072,,false,
135900,22GRASP1308,,false,
135901,22GRASP1363,,false,
135902,22GRASP0622,,false,
135903,22GRASP1027,,false,
135904,22GRASP1165,,false,
135905,22GRASP1143,,false,
135906,22GRASP1222,,false,
135907,22GRASP1410,,false,
135908,22GRASP1266,,false,
135909,22GRASP0885,,false,
135910,22GRASP1346,,false,
135911,22GRASP0793,,false,
135912,22GRASP0594,,false,
135913,22GRASP0964,,false,
135914,22GRASP1007,,false,
135915,22GRASP1359,,false,
135916,22GRASP1117,,false,
135917,22GRASP0509,,false,
135918,22GRASP0648,,false,
135919,22GRASP0688,,false,
135920,22GRASP0904,,false,
135921,22GRASP1044,,false,
135922,22GRASP1082,,false,
135923,22GRASP1384,,false,
135924,22GRASP0618,,false,
135925,22GRASP1133,,false,
135926,22GRASP1181,,false,
135927,22GRASP0753,,false,
135928,22GRASP0719,,false,
135929,22GRASP1017,,false,
135930,22GRASP1097,,false,
135931,22GRASP1162,,false,
135932,22GRASP0887,,false,
135933,22GRASP0728,,false,
135934,22GRASP0536,,false,
135935,22GRASP1412,,false,
135936,22GRASP1024,,false,
135937,22GRASP1405,,false,
135938,22GRASP0914,,false,
135939,22GRASP1091,,false,
135940,22GRASP0788,,false,
135941,22GRASP1457,,false,
135942,22GRASP1454,,false,
135943,22GRASP1458,,false,
135944,22GRASP0525,,false,
135945,22GRASP1223,,false,
135946,22GRASP0951,,false,
135947,22GRASP0830,,false,
135948,22GRASP1137,,false,
135949,22GRASP0930,,false,
135950,22GRASP1057,,false,
135951,22GRASP1420,,false,
135952,22GRASP0584,,false,
135953,22GRASP0595,,false,
135954,22GRASP1459,,false,
135955,22GRASP1290,,false,
135956,22GRASP0671,,false,
135957,22GRASP0568,,false,
135958,22GRASP0826,,false,
135959,22GRASP1115,,false,
135960,22GRASP0772,,false,
135961,22GRASP0963,,false,
135962,22GRASP0884,,false,
135963,22GRASP0647,,false,
135964,22GRASP1279,,false,
135965,22GRASP1190,,false,
135966,C311,3,false,
136048,66532,,false,
136049,66548,,false,
136050,66564,,false,
136051,66582,,false,
136052,66741,,false,
136053,66751,,false,
136054,GE-156,4689,false,
136055,SMG-23-1859,1781,false,
136057,N23-0674,,false,
136058,N23-0675,,false,
136062,NM192,,false,
136063,SMG-23-1917,,false,
136064,N23-0665,,false,
136065,66661,,false,
136066,66685,,false,
136067,66758,,false,
136068,66759,,false,
136069,66760,,false,
136070,67039,,false,
136226,3953,,false,
136227,M5850,,false,
136228,SMG-23-1927,4697,false,
136229,22GRASP0944,,false,
136230,23ME000019,,false,
136231,23-585,4108,false,
136232,0042/23,1,false,
136239,N23-0700,,false,
136240,N23-0746,,false,
136241,N23-0751,,false,
136242,N23-0766,,false,
136263,114795,396,false,
136264,66721,,false,
136265,66725,,false,
136266,67061,,false,
136267,UG001,937,false,
136268,UG002,18,false,
136269,UG003,824,false,
136270,UG004,18,false,
136271,UG005,3813,false,
136272,UG006,18,false,
136273,UG008,3813,false,
136274,UG011,378,false,
136275,UG012,683,false,
136276,UG013,18,false,
136277,UG014,18,false,
136278,UG016,16,false,
136279,UG017,683,false,
136280,UG018,3813,false,
136281,UG019,18,false,
136282,UG020,3813,false,
136283,UG021,683,false,
136284,UG022,683,false,
136285,UG023,937,false,
136286,UG026,683,false,
136287,UG027,937,false,
136288,UG028,937,false,
136289,UG030,3813,false,
136290,UG032,18,false,
136291,UG033,18,false,
136292,UG035,3813,false,
136293,UG037,683,false,
136294,UG038,378,false,
136295,UG039,18,false,
136296,UG041,937,false,
136297,UG042,683,false,
136298,UG043,18,false,
136299,UG044,937,false,
136300,UG045,18,false,
136301,UG047,18,false,
136302,UG048,367,false,
136303,UG049,18,false,
136304,UG050,18,false,
136305,UG053,683,false,
136306,UG054,378,false,
136307,UG056,18,false,
136308,UG057,18,false,
136309,UG058,18,false,
136310,UG060,378,false,
136311,UG061,378,false,
136312,UG062,5003,false,
136313,UG063,16,false,
136314,UG064,18,false,
136315,UG065,657,false,
136316,UG066,18,false,
136317,UG067,18,false,
136318,UG068,683,false,
136319,UG069,825,false,
136320,UG070,654,false,
136321,UG071,18,false,
136322,UG072,654,false,
136323,UG073,683,false,
136324,UG074,824,false,
136325,UG076,660,false,
136326,UG077,824,false,
136327,UG078,669,false,
136328,UG079,3813,false,
136329,UG080,18,false,
136330,UG081,3813,false,
136331,UG082,18,false,
136332,UG083,824,false,
136333,UG085,18,false,
136334,UG086,18,false,
136335,UG087,18,false,
136336,UG088,657,false,
136337,UG089,18,false,
136338,UG090,18,false,
136339,UG091,18,false,
136340,UG092,683,false,
136341,UG094,4728,false,
136342,UG095,3813,false,
136343,UG097,18,false,
136344,UG099,367,false,
136345,UG100,937,false,
136346,UG101,683,false,
136347,UG102,3813,false,
136348,UG103,18,false,
136349,UG104,683,false,
136350,UG105,378,false,
136351,UG106,378,false,
136352,UG107,18,false,
136353,UG108,18,false,
136354,UG109,3813,false,
136355,UG110,824,false,
136356,UG112,683,false,
136357,UG113,18,false,
136358,UG114,657,false,
136359,UG115,18,false,
136360,UG116,657,false,
136361,UG118,18,false,
136362,UG119,367,false,
136363,UG120,4719,false,
136364,UG122,824,false,
136365,UG124,18,false,
136366,UG125,683,false,
136367,UG126,18,false,
136368,UG127,18,false,
136369,UG128,18,false,
136370,UG129,3813,false,
136371,UG130,18,false,
136372,UG132,18,false,
136373,UG134,683,false,
136374,UG135,378,false,
136375,UG136,18,false,
136376,UG137,18,false,
136377,UG138,378,false,
136378,UG139,16,false,
136379,UG140,683,false,
136380,UG141,683,false,
136381,UG142,18,false,
136382,UG143,378,false,
136383,UG144,18,false,
136384,UG145,18,false,
136385,UG147,16,false,
136386,UG148,683,false,
136387,UG149,16,false,
136388,UG150,18,false,
136389,UG151,683,false,
136390,UG152,18,false,
136391,UG153,18,false,
136392,UG154,825,false,
136393,UG155,18,false,
136394,UG156,378,false,
136395,UG157,4717,false,
136396,UG158,824,false,
136397,UG159,3813,false,
136398,UG160,367,false,
136399,UG161,683,false,
136400,UG164,683,false,
136401,UG165,18,false,
136402,UG168,657,false,
136403,UG169,18,false,
136404,UG170,683,false,
136405,UG171,378,false,
136406,UG172,18,false,
136407,UG173,378,false,
136408,UG174,18,false,
136409,UG176,18,false,
136410,UG177,16,false,
136411,UG178,18,false,
136412,UG179,3813,false,
136413,UG180,18,false,
136414,UG181,378,false,
136415,UG183,378,false,
136416,UG184,18,false,
136417,UG185,824,false,
136418,UG186,378,false,
136419,UG187,4717,false,
136420,UG188,18,false,
136421,UG190,18,false,
136422,UG191,18,false,
136423,UG192,824,false,
136424,UG193,825,false,
136425,UG194,18,false,
136426,UG196,18,false,
136427,UG199,3813,false,
136428,UG200,378,false,
136429,UG201,18,false,
136430,UG202,18,false,
136431,UG203,18,false,
136432,UG204,23,false,
136433,UG205,683,false,
136434,UG208,18,false,
136435,UG209,3813,false,
136436,UG210,367,false,
136437,UG211,367,false,
136438,UG212,4730,false,
136439,UG213,683,false,
136440,UG214,18,false,
136441,UG215,18,false,
136442,UG216,18,false,
136443,UG217,378,false,
136444,UG218,18,false,
136445,UG219,824,false,
136446,UG220,18,false,
136447,UG223,683,false,
136448,UG225,3813,false,
136449,UG226,824,false,
136450,UG227,824,false,
136451,UG228,18,false,
136452,UG229,18,false,
136453,UG230,683,false,
136454,UG231,937,false,
136455,UG233,824,false,
136456,UG234,18,false,
136457,UG235,683,false,
136458,UG236,18,false,
136459,UG237,683,false,
136460,UG238,683,false,
136461,UG239,367,false,
136462,UG240,18,false,
136463,UG241,18,false,
136464,UG243,683,false,
136465,UG244,18,false,
136466,UG246,683,false,
136467,UG247,683,false,
136468,UG248,937,false,
136469,UG249,824,false,
136470,UG250,683,false,
136471,UG251,824,false,
136472,UG253,683,false,
136473,UG256,367,false,
136474,UG257,683,false,
136475,UG258,18,false,
136476,UG259,367,false,
136477,UG260,3813,false,
136478,UG261,18,false,
136479,UG262,18,false,
136480,UG263,367,false,
136481,UG264,683,false,
136482,UG265,18,false,
136483,UG266,683,false,
136484,UG267,367,false,
136485,UG268,18,false,
136486,UG269,824,false,
136487,UG270,367,false,
136488,UG271,18,false,
136489,UG273,660,false,
136490,UG274,683,false,
136491,UG275,18,false,
136492,UG276,18,false,
136493,UG277,3813,false,
136494,UG279,18,false,
136495,UG280,18,false,
136496,UG281,18,false,
136497,UG283,18,false,
136498,UG284,367,false,
136499,UG285,824,false,
136500,UG286,18,false,
136501,UG287,18,false,
136502,UG289,937,false,
136503,UG293,4729,false,
136504,UG294,683,false,
136505,UG295,18,false,
136506,UG297,18,false,
136507,UG298,367,false,
136508,UG299,18,false,
136509,UG300,937,false,
136510,UG301,18,false,
136511,UG302,378,false,
136512,UG303,18,false,
136513,UG304,18,false,
136514,UG305,18,false,
136515,UG306,683,false,
136516,UG308,18,false,
136517,UG309,18,false,
136518,UG310,18,false,
136519,UG311,683,false,
136520,UG312,378,false,
136521,UG313,18,false,
136522,UG314,683,false,
136523,UG315,683,false,
136524,UG316,367,false,
136525,UG318,18,false,
136526,UG319,18,false,
136527,UG320,18,false,
136528,UG321,367,false,
136529,UG322,378,false,
136530,UG324,18,false,
136531,UG325,18,false,
136532,UG326,4720,false,
136533,UG327,18,false,
136534,UG328,18,false,
136535,UG329,683,false,
136536,UG331,683,false,
136537,UG332,18,false,
136538,UG333,16,false,
136539,UG334,18,false,
136540,UG335,378,false,
136541,UG336,4720,false,
136542,UG338,16,false,
136543,UG339,18,false,
136544,UG340,18,false,
136545,UG341,18,false,
136546,UG342,683,false,
136547,UG344,683,false,
136548,UG346,18,false,
136549,UG347,18,false,
136550,UG349,824,false,
136551,UG350,683,false,
136552,UG351,18,false,
136553,UG352,18,false,
136554,UG353,683,false,
136555,UG354,824,false,
136556,UG355,683,false,
136557,UG357,683,false,
136558,UG359,367,false,
136559,UG360,18,false,
136560,UG361,3813,false,
136561,UG362,16,false,
136562,UG363,683,false,
136563,UG364,683,false,
136564,UG365,18,false,
136565,UG367,18,false,
136566,UG368,683,false,
136567,UG369,18,false,
136568,UG370,18,false,
136569,UG371,4721,false,
136570,UG372,18,false,
136571,UG373,683,false,
136572,UG375,367,false,
136573,UG376,654,false,
136574,UG378,683,false,
136575,UG379,683,false,
136576,UG380,18,false,
136577,UG381,18,false,
136578,UG382,18,false,
136579,UG383,18,false,
136580,UG384,18,false,
136581,UG385,18,false,
136582,UG386,683,false,
136583,UG387,825,false,
136584,UG388,378,false,
136585,UG389,18,false,
136586,UG390,18,false,
136587,UG394,18,false,
136588,UG395,683,false,
136589,UG396,937,false,
136590,UG398,18,false,
136591,UG400,683,false,
136592,UG405,18,false,
136593,UG406,18,false,
136594,UG407,18,false,
136595,UG408,18,false,
136596,UG409,18,false,
136597,UG412,683,false,
136598,UG414,18,false,
136599,UG416,18,false,
136600,UG417,18,false,
136601,UG418,683,false,
136602,UG419,683,false,
136603,UG420,18,false,
136604,UG421,18,false,
136605,UG422,367,false,
136606,UG423,18,false,
136607,UG424,18,false,
136608,UG425,18,false,
136609,UG427,18,false,
136610,UG428,683,false,
136611,UG429,825,false,
136612,UG430,18,false,
136613,UG432,18,false,
136614,UG433,367,false,
136615,UG434,367,false,
136616,UG437,18,false,
136617,UG438,683,false,
136618,UG439,367,false,
136619,UG442,367,false,
136620,UG443,18,false,
136621,UG444,18,false,
136622,UG445,683,false,
136623,UG446,18,false,
136624,UG447,18,false,
136625,UG448,683,false,
136626,UG449,683,false,
136627,UG450,18,false,
136628,UG451,825,false,
136629,UG453,,false,
136630,UG454,18,false,
136631,UG456,378,false,
136632,UG457,937,false,
136633,UG458,378,false,
136634,UG459,18,false,
136635,UG460,18,false,
136636,UG462,,false,
136637,UG463,18,false,
136638,UG464,18,false,
136639,UG466,937,false,
136640,UG467,378,false,
136641,UG468,18,false,
136642,UG469,378,false,
136643,UG471,18,false,
136644,UG472,825,false,
136645,UG473,367,false,
136646,UG476,378,false,
136647,UG477,18,false,
136648,UG478,18,false,
136649,UG479,683,false,
136650,UG481,683,false,
136651,UG482,367,false,
136652,UG483,367,false,
136653,UG484,5004,false,
136654,UG486,937,false,
136655,UG487,683,false,
136656,UG488,683,false,
136657,UG489,18,false,
136658,UG491,367,false,
136659,UG492,683,false,
136660,UG493,824,false,
136661,UG494,683,false,
136662,UG496,937,false,
136663,UG497,937,false,
136664,UG498,937,false,
136665,UG499,18,false,
136666,UG502,378,false,
136667,UG504,18,false,
136668,N23-0777,,false,
136669,N23-0802,,false,
138602,1758620,825,false,
138603,1789338,18,false,
138604,1793605,,false,
138605,1794397,,false,
138606,1796110,,false,
138607,1797304,,false,
138608,1797700,18,false,
138609,1798962,3485,false,
138610,1799082,644,false,
138611,1803769,18,false,
138612,1811823,,false,
138613,1812526,669,false,
138614,1812711,,false,
138615,1815140,669,false,
138616,1815512,16,false,
138617,1817348,,false,
138618,1817488,644,false,
138619,1820787,18,false,
138620,1824480,657,false,
138621,1833686,18,false,
138622,1835253,,false,
138623,1836371,657,false,
138624,1837880,644,false,
138625,1851157,18,false,
138626,1852877,18,false,
138627,1860352,654,false,
138628,1862007,18,false,
138629,1863509,,false,
138630,1863706,18,false,
138631,1868695,18,false,
138632,1869574,367,false,
138633,B33,669,false,
138634,OAAS100,657,false,
138635,OAAS14,,false,
138636,OAAS19,657,false,
138637,OAAS36,18,false,
138638,OAAS39,18,false,
138639,OAAS46,,false,
138640,OAAS51,18,false,
138641,OAAS69,21,false,
138642,OAAS74,18,false,
138643,OAAS76,16,false,
138644,OAAS77,,false,
138645,OAAS79,16,false,
138646,OAAS80,,false,
138647,OAAS85,,false,
138648,OAAS86,18,false,
138649,OAAS87,,false,
138650,OAAS92,,false,
138651,OAAS94,657,false,
138652,OAAS96,,false,
138653,OAAS97,657,false,
138654,SMG-23-2058,2003,false,
138655,SMG-23-2063,1781,false,
138656,SMG-23-2045,6,false,
138657,SMG-23-2068,97,false,
138664,4110,,false,
138676,SMG-23-2111,1482,false,
138679,SMG-23-2128,,false,
138680,SMG-23-2129,65,false,
138684,23-648,,false,
138686,N23-0767,,false,
138687,N23-0796,,false,
138688,N23-0798,,false,
138689,N23-0799,,false,
138690,N23-0805,,false,
138744,SMG-23-2158,3,false,
138745,SMG-23-2166,4709,false,
138746,SMG-23-2147,4710,false,
138752,Nm_01-023,424,false,
138753,Nm_04-023,1,false,
138754,Nm_12-023,262,false,
138755,Nm_13-023,150,false,
138756,Nm_15-023,62,false,
138757,Nm_16-023,87,false,
138758,Nm_17-023,1,false,
138759,Nm_19-023,62,false,
138760,Nm_20-023,137,false,
138761,Nm_22-023,87,false,
138762,Nm_23-023,62,false,
138763,Nm_24-023,805,false,
138764,Nm_26-023,9,false,
138765,Nm_28-023,9,false,
138766,Nm_30-023,87,false,
138767,Nm_31-023,1,false,
138768,121Mo,62,false,
138769,178M,49,false,
138770,179M,93,false,
138771,SMG-23-2190,3,false,
138772,2322712196a,,false,
138773,SMG-23-2112,65,false,
138774,SMG-23-2125,455,false,
138775,47275611,77,false,
138776,47275811,80,false,
138777,SMG-23-2175,4722,false,
138778,SMG-23-2182,1781,false,
138779,SMG-23-2174,2703,false,
138780,N23-0827,,false,
138781,N23-0829,,false,
138782,N23-0844,,false,
138783,N23-0866,,false,
138784,N23-0900,,false,
138785,N23-0903,,false,
138786,N23-0904,,false,
138787,7092,,false,
138788,66761,,false,
138789,66792,,false,
138790,M24752,29,false,
138791,M24746,29,false,
138792,M22655,29,false,
138799,66761,,false,
138800,66767,,false,
138801,66770,,false,
138802,66780,,false,
138803,66781,,false,
138804,66785,,false,
138805,66786,,false,
138806,66787,,false,
138807,66788,,false,
138808,66790,,false,
138809,66792,,false,
138810,66796,,false,
138811,66800,,false,
138812,66802,,false,
138813,66806,,false,
138814,66808,,false,
138815,66814,,false,
138816,66818,,false,
138817,66821,,false,
138818,N23-0917,,false,
138819,22MN0004,3,false,
138820,22MN0045,1781,false,
138821,22MN0059,95,false,
138822,22MN0078,104,false,
138823,23MN0139,260,false,
138824,23MN0144,45,false,
138825,23MN0146,62,false,
138826,M17 240271,150,false,
138827,M17 240712,288,false,
138828,M17 240831,45,false,
138829,M18 240323,4723,false,
138830,M18 240409,97,false,
138831,M18 240496,97,false,
138832,M18 240614,97,false,
138833,M19 240026,1,false,
138834,M19 240028,45,false,
138835,M19 240089,57,false,
138836,M19 240264,45,false,
138837,M19 240271,138,false,
138838,M19 240394,424,false,
138839,M19 240652,97,false,
138840,M20 240279,45,false,
138841,M20 240307,137,false,
138842,M21 240076,288,false,
138843,M21 240087,2003,false,
138844,M21 240234,318,false,
138845,22MN0060,4724,false,
138846,23MN0117,45,false,
138847,23MN0128,424,false,
138848,23MN0132,45,false,
138849,23MN0142,45,false,
138850,M17 240189,1,false,
138851,M17 240205,250,false,
138852,M17 240274,65,false,
138853,M17 240373,65,false,
138854,M17 240567,595,false,
138855,M17 240716,3,false,
138856,M18 240158,3,false,
138857,M18 240327,62,false,
138858,M18 240393,138,false,
138859,M18 240432,45,false,
138860,M18 240439,462,false,
138861,M19 240206,3,false,
138862,M19 240458,3675,false,
138863,M19 240634,738,false,
138864,M20 240140,45,false,
138865,M20 240239,87,false,
138866,M20 240280,65,false,
138867,M21 240020,65,false,
138868,M21 240123,28,false,
138869,M21 240168,45,false,
138870,M21 240186,1307,false,
138871,M21 240219,288,false,
138872,M22 240022,4725,false,
138873,M22 240049,95,false,
138874,M22 240122,45,false,
138875,22MN0003,288,false,
138876,22MN0087,4726,false,
138877,23MN0010S,141,false,
138878,23MN0059,45,false,
138879,23MN0066,104,false,
138880,23MN0099,57,false,
138881,23MN0123,1,false,
138882,23MN0125,93,false,
138883,23MN0130,87,false,
138884,M06 241076,93,false,
138885,M18 240354,65,false,
138886,M18 240369,148,false,
138887,M18 240392,77,false,
138888,M19 240093,1,false,
138889,M19 240115,65,false,
138890,M19 240488,65,false,
138891,M19 240492,1,false,
138892,M21 240016,,false,
138893,M21 240058,77,false,
138894,M21 240092,45,false,
138895,M21 240154,288,false,
138896,M21 240157,77,false,
138897,M21 240163,348,false,
138898,M21 240173,288,false,
138899,M22 240164,45,false,
138900,23MN0248L,4727,false,
138901,22MN0077,97,false,
138902,23MN0140,45,false,
138903,23MN0152,3,false,
138904,23MN0248S,4727,false,
138905,M17 240191,97,false,
138906,M17 240573,259,false,
138907,M18 240385,62,false,
138908,M18 240617,62,false,
138909,M18 240626,87,false,
138910,M19 240165,3,false,
138911,M19 240265,586,false,
138912,M19 240325,97,false,
138913,M19 240463,3,false,
138914,M19 240570,104,false,
138915,M19 240648,87,false,
138916,M20 240173,131,false,
138917,M20 240187,87,false,
138918,M20 240263,97,false,
138919,M20 240325,1,false,
138920,M21 240062,97,false,
138921,M21 240180,65,false,
138922,M21 240204,1,false,
138923,M21 240222,65,false,
138924,M22 240031,9,false,
138925,M22 240111,65,false,
138926,M22 240137,4063,false,
138927,M22 240154,1166,false,
138928,70992,65,false,
138929,71015,349,false,
138930,71111,62,false,
138931,71121,49,false,
138932,71315,2175,false,
138933,71394,141,false,
138934,71482,141,false,
138935,71677,3881,false,
138936,73708,58,false,
138937,74182,332,false,
138938,74293,137,false,
138939,74294,87,false,
138940,74295,446,false,
138941,74417,137,false,
138942,74576,137,false,
138943,74580,137,false,
138944,74591,68,false,
138945,74637,2168,false,
138946,74638,137,false,
138947,74685,68,false,
138948,74733,2174,false,
138949,74887,58,false,
138950,SMG-23-2228,104,false,
138951,114796,62,false,
138952,Nmiss3393,,false,
138953,Nmiss3401,,false,
138954,Nmiss3403,,false,
138955,Nmiss3448,,false,
138972,SMG-23-2206,262,false,
138973,SMG-23-2220,65,false,
138974,SMG-23-2204,1781,false,
138975,SMG-23-2215,1781,false,
138976,66834,,false,
138977,66838,,false,
138978,66841,,false,
138979,66853,,false,
138980,66859,,false,
138981,66879,,false,
138982,66890,,false,
138983,66898,,false,
138984,67083,,false,
138985,67090,,false,
138986,67100,,false,
138988,N23-0974,,false,
138989,2022035006,,false,
138993,SMG-23-2251,280,false,
138994,SMG-23-2254,4737,false,
138995,Nmiss2912,1250,false,
138996,Nmiss2991,87,false,
138997,Nmiss2996,93,false,
138998,Nmiss3000,93,false,
138999,Nmiss3072,9,false,
139000,Nmiss3110,87,false,
139001,Nmiss3120,87,false,
139002,Nmiss3128,9,false,
139003,Nmiss3129,49,false,
139004,Nmiss3130,127,false,
139005,Nmiss3131,45,false,
139006,Nmiss3132,262,false,
139007,Nm_03-023,1,false,
139008,Nm_32-023,424,false,
139009,Nm_33-023,68,false,
139010,2022035023,,false,
139011,11291,,false,
139012,11435,,false,
139013,11457,,false,
139014,N23-0991,,false,
139015,N23-0999,,false,
139016,N23-1000,,false,
139017,M21 240171 Mi Sk,127,false,
139018,M21 240177 Mi Sk,65,false,
139019,M21 240179 Mi Sk,3,false,
139020,M21 240181 Mi Sk,106,false,
139021,M21 240183 Mi Sk,396,false,
139022,M21 240184 Mi Sk,45,false,
139023,M21 240185 Mi Sk,3,false,
139024,M21 240188 Mi Sk,93,false,
139025,M21 240190 Mi Sk,250,false,
139026,M21 240191 Mi Sk,45,false,
139027,M21 240196 Mi Sk,3,false,
139028,M21 240205 Mi Sk,49,false,
139029,M21 240208 Mi Sk,49,false,
139030,M21 240211 Mi Sk,857,false,
139031,M21 240215 Mi Sk,1543,false,
139032,M21 240216 Mi Sk,45,false,
139033,M21 240220 Mi Sk,424,false,
139034,M21 240221 Mi Sk,3,false,
139035,M21 240232 Mi Sk,1534,false,
139036,M21 240235 Mi Sk,45,false,
139037,M21 240236 Mi Sk,87,false,
139038,M21 240237 Mi Sk,3953,false,
139039,M22 240007 Mi Sk,1,false,
139040,M22 240021 Mi Sk,45,false,
139041,M22 240023 Mi Sk,45,false,
139042,M22 240024 Mi Sk,45,false,
139043,M22 240025 Mi Sk,57,false,
139044,M22 240029 Mi Sk,57,false,
139045,M22 240030 Mi Sk,1,false,
139046,M22 240033 Mi Sk,1,false,
139047,M22 240046 Mi Sk,65,false,
139048,22MN0014 Mi Sk,150,false,
139049,M21 240171 Mi Sp,127,false,
139050,M21 240177 Mi Sp,65,false,
139051,M21 240179 Mi Sp,3,false,
139052,M21 240181 Mi Sp,106,false,
139053,M21 240183 Mi Sp,396,false,
139054,M21 240184 Mi Sp,45,false,
139055,M21 240185 Mi Sp,3,false,
139056,M21 240188 Mi Sp,93,false,
139057,M21 240190 Mi Sp,250,false,
139058,M21 240191 Mi Sp,45,false,
139059,M21 240196 Mi Sp,3,false,
139060,M21 240205 Mi Sp,49,false,
139061,M21 240208 Mi Sp,49,false,
139062,M21 240211 Mi Sp,857,false,
139063,M21 240215 Mi Sp,1543,false,
139064,M21 240216 Mi Sp,45,false,
139065,M21 240220 Mi Sp,424,false,
139066,M21 240221 Mi Sp,3,false,
139067,M21 240232 Mi Sp,1534,false,
139068,M21 240235 Mi Sp,45,false,
139069,M21 240236 Mi Sp,87,false,
139070,M21 240237 Mi Sp,3953,false,
139071,M22 240007 Mi Sp,1,false,
139072,M22 240021 Mi Sp,45,false,
139073,M22 240023 Mi Sp,45,false,
139074,M22 240024 Mi Sp,45,false,
139075,M22 240025 Mi Sp,57,false,
139076,M22 240029 Mi Sp,57,false,
139077,M22 240030 Mi Sp,1,false,
139078,M22 240033 Mi Sp,1,false,
139079,M22 240046 Mi Sp,65,false,
139080,22MN0014 Mi Sp,150,false,
139081,M21 240171 Mi Sp i,127,false,
139082,M21 240177 Mi Sp i,65,false,
139083,M21 240179 Mi Sp i,3,false,
139084,M21 240181 Mi Sp i,106,false,
139085,M21 240183 Mi Sp i,396,false,
139086,M21 240184 Mi Sp i,45,false,
139087,M21 240185 Mi Sp i,3,false,
139088,M21 240188 Mi Sp i,93,false,
139089,M21 240190 Mi Sp i,250,false,
139090,M21 240191 Mi Sp i,45,false,
139091,M21 240196 Mi Sp i,3,false,
139092,M21 240205 Mi Sp i,49,false,
139093,M21 240208 Mi Sp i,49,false,
139094,M21 240211 Mi Sp i,857,false,
139095,M21 240215 Mi Sp i,1543,false,
139096,M21 240216 Mi Sp i,45,false,
139097,M21 240220 Mi Sp i,424,false,
139098,M21 240221 Mi Sp i,3,false,
139099,M21 240232 Mi Sp i,1534,false,
139100,M21 240235 Mi Sp i,45,false,
139101,M21 240236 Mi Sp i,87,false,
139102,M21 240237 Mi Sp i,3953,false,
139103,M22 240007 Mi Sp i,1,false,
139104,M22 240021 Mi Sp i,45,false,
139105,M22 240023 Mi Sp i,45,false,
139106,M22 240024 Mi Sp i,45,false,
139107,M22 240025 Mi Sp i,57,false,
139108,M22 240029 Mi Sp i,57,false,
139109,M22 240030 Mi Sp i,1,false,
139110,M22 240033 Mi Sp i,1,false,
139111,M22 240046 Mi Sp i,65,false,
139112,22MN0014 Mi Sp i,150,false,
139113,M21 240171 Ne Sk,127,false,
139114,M21 240177 Ne Sk,65,false,
139115,M21 240179 Ne Sk,3,false,
139116,M21 240181 Ne Sk,106,false,
139117,M21 240183 Ne Sk,396,false,
139118,M21 240184 Ne Sk,45,false,
139119,M21 240185 Ne Sk,3,false,
139120,M21 240188 Ne Sk,93,false,
139121,M21 240190 Ne Sk,250,false,
139122,M21 240191 Ne Sk,45,false,
139123,M21 240196 Ne Sk,3,false,
139124,M21 240205 Ne Sk,49,false,
139125,M21 240208 Ne Sk,49,false,
139126,M21 240211 Ne Sk,857,false,
139127,M21 240215 Ne Sk,1543,false,
139128,M21 240216 Ne Sk,45,false,
139129,M21 240220 Ne Sk,424,false,
139130,M21 240221 Ne Sk,3,false,
139131,M21 240232 Ne Sk,1534,false,
139132,M21 240235 Ne Sk,45,false,
139133,M21 240236 Ne Sk,87,false,
139134,M21 240237 Ne Sk,3953,false,
139135,M22 240007 Ne Sk,1,false,
139136,M22 240021 Ne Sk,45,false,
139137,M22 240023 Ne Sk,45,false,
139138,M22 240024 Ne Sk,45,false,
139139,M22 240025 Ne Sk,57,false,
139140,M22 240029 Ne Sk,57,false,
139141,M22 240030 Ne Sk,1,false,
139142,M22 240033 Ne Sk,1,false,
139143,M21 240171 Ne Sp,127,false,
139144,M21 240177 Ne Sp,65,false,
139145,M21 240179 Ne Sp,3,false,
139146,M21 240181 Ne Sp,106,false,
139147,M21 240183 Ne Sp,396,false,
139148,M21 240184 Ne Sp,45,false,
139149,M21 240185 Ne Sp,3,false,
139150,M21 240188 Ne Sp,93,false,
139151,M21 240190 Ne Sp,250,false,
139152,M21 240191 Ne Sp,45,false,
139153,M21 240196 Ne Sp,3,false,
139154,M21 240205 Ne Sp,49,false,
139155,M21 240208 Ne Sp,49,false,
139156,M21 240211 Ne Sp,857,false,
139157,M21 240215 Ne Sp,1543,false,
139158,M21 240216 Ne Sp,45,false,
139159,M21 240220 Ne Sp,424,false,
139160,M21 240221 Ne Sp,3,false,
139161,M21 240232 Ne Sp,1534,false,
139162,M21 240235 Ne Sp,45,false,
139163,M21 240236 Ne Sp,87,false,
139164,M21 240237 Ne Sp,3953,false,
139165,M22 240007 Ne Sp,1,false,
139166,M22 240021 Ne Sp,45,false,
139167,M22 240023 Ne Sp,45,false,
139168,M22 240024 Ne Sp,45,false,
139169,M22 240025 Ne Sp,57,false,
139170,M22 240029 Ne Sp,57,false,
139171,M22 240030 Ne Sp,1,false,
139172,M22 240033 Ne Sp,1,false,
139173,M21 240171 Ne Sp i,127,false,
139174,M21 240177 Ne Sp i,65,false,
139175,M21 240179 Ne Sp i,3,false,
139176,M21 240181 Ne Sp i,106,false,
139177,M21 240183 Ne Sp i,396,false,
139178,M21 240184 Ne Sp i,45,false,
139179,M21 240185 Ne Sp i,3,false,
139180,M21 240188 Ne Sp i,93,false,
139181,M21 240190 Ne Sp i,250,false,
139182,M21 240191 Ne Sp i,45,false,
139183,M21 240196 Ne Sp i,3,false,
139184,M21 240205 Ne Sp i,49,false,
139185,M21 240208 Ne Sp i,49,false,
139186,M21 240211 Ne Sp i,857,false,
139187,M21 240215 Ne Sp i,1543,false,
139188,M21 240216 Ne Sp i,45,false,
139189,M21 240220 Ne Sp i,424,false,
139190,M21 240221 Ne Sp i,3,false,
139191,M21 240232 Ne Sp i,1534,false,
139192,M21 240235 Ne Sp i,45,false,
139193,M21 240236 Ne Sp i,87,false,
139194,M21 240237 Ne Sp i,3953,false,
139195,M22 240007 Ne Sp i,1,false,
139196,M22 240021 Ne Sp i,45,false,
139197,M22 240023 Ne Sp i,45,false,
139198,M22 240024 Ne Sp i,45,false,
139199,M22 240025 Ne Sp i,57,false,
139200,M22 240029 Ne Sp i,57,false,
139201,M22 240030 Ne Sp i,1,false,
139202,M22 240033 Ne Sp i,1,false,
139213,Nmiss3036,3,false,
139214,Nmiss2962,407,false,
139215,Nmiss2969,87,false,
139216,Nmiss2971,49,false,
139217,Nmiss2992,2321,false,
139218,DE13557,49,false,
139219,DE13558,80,false,
139220,DE13560,67,false,
139221,DE13561,1,false,
139222,DE13569,62,false,
139223,DE13573,1,false,
139224,DE13578,62,false,
139225,DE13583,104,false,
139226,DE13599,424,false,
139227,DE13600,67,false,
139228,DE13611,424,false,
139229,DE13615,257,false,
139230,DE13619,1,false,
139231,DE13622,3,false,
139232,DE13637,407,false,
139233,DE13638,484,false,
139234,DE13640,424,false,
139235,DE13662,424,false,
139236,DE13663,424,false,
139237,DE13667,424,false,
139238,DE13669,67,false,
139239,DE13672,62,false,
139240,DE13673,97,false,
139241,DE13674,62,false,
139242,DE13682,62,false,
139243,DE13690,257,false,
139244,DE13691,64,false,
139245,DE13693,67,false,
139246,DE13697,424,false,
139247,DE13698,67,false,
139248,DE13699,62,false,
139249,DE13700,68,false,
139250,DE13705,257,false,
139251,DE13712,67,false,
139252,DE13714,62,false,
139253,DE13720,49,false,
139254,DE13725,288,false,
139255,DE13726,141,false,
139256,DE13729,62,false,
139257,DE13734,62,false,
139258,DE13737,311,false,
139259,DE13739,67,false,
139260,DE13745,67,false,
139261,DE13754,141,false,
139262,DE13755,2,false,
139263,DE13758,65,false,
139264,DE13761,141,false,
139265,DE13765,62,false,
139266,DE13766,424,false,
139267,DE13767,67,false,
139268,DE13773,257,false,
139269,DE13775,1,false,
139270,DE13777,1,false,
139271,DE13779,62,false,
139272,DE13780,62,false,
139273,DE13787,2,false,
139274,DE13789,288,false,
139275,DE13794,93,false,
139276,DE13797,424,false,
139277,DE13813,3880,false,
139278,DE13814,3880,false,
139279,DE13815,1,false,
139280,DE13818,1,false,
139281,DE13820,62,false,
139282,DE13823,1653,false,
139283,DE13825,49,false,
139284,DE13831,87,false,
139285,DE13833,257,false,
139286,DE13838,141,false,
139287,DE13840,141,false,
139288,DE13843,601,false,
139289,DE13845,4739,false,
139290,DE13855,62,false,
139291,DE13882,791,false,
139292,DE13909,67,false,
139293,DE13910,67,false,
139294,DE13911,67,false,
139295,DE13912,1,false,
139296,DE13915,141,false,
139297,DE13916,67,false,
139298,DE13920,45,false,
139299,DE13922,3585,false,
139300,DE13924,564,false,
139301,DE13926,141,false,
139302,DE13929,45,false,
139303,DE13930,93,false,
139304,DE13931,62,false,
139305,DE13933,49,false,
139306,DE13934,570,false,
139307,DE13935,570,false,
139308,DE13939,217,false,
139309,DE13942,257,false,
139310,DE13945,67,false,
139311,DE13948,67,false,
139312,DE13949,68,false,
139313,DE13950,45,false,
139314,DE13951,141,false,
139315,DE13952,49,false,
139316,DE13954,1,false,
139317,DE13955,2,false,
139318,DE13956,64,false,
139319,DE13958,87,false,
139320,DE13962,93,false,
139321,DE13964,93,false,
139322,DE13967,274,false,
139323,DE13968,2,false,
139324,DE13969,1,false,
139325,DE13970,93,false,
139326,DE13971,4740,false,
139327,DE13972,141,false,
139328,DE13976,4741,false,
139329,DE13977,1,false,
139330,DE13981,87,false,
139331,DE13982,141,false,
139332,DE13983,45,false,
139333,DE13985,4742,false,
139334,DE13986,87,false,
139335,DE13987,211,false,
139336,DE13988,3,false,
139337,DE13991,2,false,
139338,DE13993,45,false,
139339,DE13994,49,false,
139340,DE13995,93,false,
139341,DE13998,87,false,
139342,DE13999,257,false,
139343,DE14000,120,false,
139344,DE14001,45,false,
139345,DE14003,2,false,
139346,DE14005,62,false,
139347,DE14006,3,false,
139348,DE14007,62,false,
139349,DE14010,150,false,
139350,DE14013,62,false,
139351,DE14016,127,false,
139352,DE14020,62,false,
139353,DE14021,67,false,
139354,DE14023,4743,false,
139355,DE14024,93,false,
139356,DE14027,9,false,
139357,DE14029,127,false,
139358,DE14030,274,false,
139359,DE14033,93,false,
139360,DE14034,39,false,
139361,DE14035,570,false,
139362,DE14037,93,false,
139363,DE14039,500,false,
139364,DE14040,141,false,
139365,DE14041,1,false,
139366,DE14042,434,false,
139367,DE14044,62,false,
139368,DE14045,4744,false,
139369,DE14046,45,false,
139370,DE14047,1,false,
139371,DE14048,4745,false,
139372,DE14049,3,false,
139373,DE14051,87,false,
139374,DE14053,127,false,
139375,DE14054,93,false,
139376,DE14055,738,false,
139377,DE14056,87,false,
139378,DE14057,1,false,
139379,DE14058,4746,false,
139380,DE14059,67,false,
139381,DE14060,62,false,
139382,DE14061,3,false,
139383,DE14063,45,false,
139384,DE14066,120,false,
139385,DE14067,62,false,
139386,DE14068,97,false,
139387,DE14070,62,false,
139388,DE14071,57,false,
139389,DE14072,1,false,
139390,DE14075,2448,false,
139391,DE14076,49,false,
139392,DE14077,68,false,
139393,DE14079,93,false,
139394,DE14082,257,false,
139395,DE14084,39,false,
139396,DE14085,570,false,
139397,DE14087,3,false,
139398,DE14089,9,false,
139399,DE14092,604,false,
139400,DE14093,93,false,
139401,DE14095,4747,false,
139402,DE14097,257,false,
139403,DE14100,4748,false,
139404,DE14103,141,false,
139405,66922,,false,
139406,66946,,false,
139407,66953,,false,
139408,66966,,false,
139409,66972,,false,
139410,66974,,false,
139411,66982,,false,
139412,67102,,false,
139413,N23-1120,,false,
139414,N23-1122,,false,
139415,N23-1142,,false,
139416,N23-1157,,false,
139417,N23-1159,,false,
139451,67561,241,false,
139452,SMG-23-2327,4737,false,
139453,7316,,false,
139454,8374,,false,
139455,8486,,false,
139456,MM1408,274,false,
139457,MM1413,1862,false,
139458,MM1414,1469,false,
139459,MM1418,49,false,
139460,MM1434,49,false,
139461,MM1475,42,false,
139462,MM1486,4752,false,
139463,MM1492,67,false,
139464,MM1504,49,false,
139465,MM1508,49,false,
139466,MM1511,49,false,
139467,MM1526,4753,false,
139468,MM1530,67,false,
139469,MM1534,1469,false,
139470,MM1553,2295,false,
139471,MM1671,5025,false,
139472,MM1789,49,false,
139473,MM1800,1,false,
139497,M21 240171 Mi Sp Ca,127,false,
139498,M21 240177 Mi Sp Ca,65,false,
139499,M21 240179 Mi Sp Ca,3,false,
139500,M21 240181 Mi Sp Ca,106,false,
139501,M21 240183 Mi Sp Ca,396,false,
139502,M21 240184 Mi Sp Ca,45,false,
139503,M21 240185 Mi Sp Ca,3,false,
139504,M21 240188 Mi Sp Ca,93,false,
139505,M21 240190 Mi Sp Ca,250,false,
139506,M21 240191 Mi Sp Ca,45,false,
139507,M21 240196 Mi Sp Ca,3,false,
139508,M21 240205 Mi Sp Ca,49,false,
139509,M21 240208 Mi Sp Ca,49,false,
139510,M21 240211 Mi Sp Ca,857,false,
139511,M21 240215 Mi Sp Ca,1543,false,
139512,M21 240216 Mi Sp Ca,45,false,
139513,M21 240220 Mi Sp Ca,424,false,
139514,M21 240221 Mi Sp Ca,3,false,
139515,M21 240232 Mi Sp Ca,1534,false,
139516,M21 240235 Mi Sp Ca,45,false,
139517,M21 240236 Mi Sp Ca,87,false,
139518,M21 240237 Mi Sp Ca,3953,false,
139519,M22 240007 Mi Sp Ca,1,false,
139520,M22 240021 Mi Sp Ca,45,false,
139521,M22 240023 Mi Sp Ca,45,false,
139522,M22 240024 Mi Sp Ca,45,false,
139523,M22 240025 Mi Sp Ca,57,false,
139524,M22 240029 Mi Sp Ca,57,false,
139525,M22 240030 Mi Sp Ca,1,false,
139526,M22 240033 Mi Sp Ca,1,false,
139527,M21 240171 Mi Sp Ca Co,127,false,
139528,M21 240177 Mi Sp Ca Co,65,false,
139529,M21 240179 Mi Sp Ca Co,3,false,
139530,M21 240181 Mi Sp Ca Co,106,false,
139531,M21 240183 Mi Sp Ca Co,396,false,
139532,M21 240184 Mi Sp Ca Co,45,false,
139533,M21 240185 Mi Sp Ca Co,3,false,
139534,M21 240188 Mi Sp Ca Co,93,false,
139535,M21 240190 Mi Sp Ca Co,250,false,
139536,M21 240191 Mi Sp Ca Co,45,false,
139537,M21 240196 Mi Sp Ca Co,3,false,
139538,M21 240205 Mi Sp Ca Co,49,false,
139539,M21 240208 Mi Sp Ca Co,49,false,
139540,M21 240211 Mi Sp Ca Co,857,false,
139541,M21 240215 Mi Sp Ca Co,1543,false,
139542,M21 240216 Mi Sp Ca Co,45,false,
139543,M21 240220 Mi Sp Ca Co,424,false,
139544,M21 240221 Mi Sp Ca Co,3,false,
139545,M21 240232 Mi Sp Ca Co,1534,false,
139546,M21 240235 Mi Sp Ca Co,45,false,
139547,M21 240236 Mi Sp Ca Co,87,false,
139548,M21 240237 Mi Sp Ca Co,3953,false,
139549,M22 240007 Mi Sp Ca Co,1,false,
139550,M22 240021 Mi Sp Ca Co,45,false,
139551,M22 240023 Mi Sp Ca Co,45,false,
139552,M22 240024 Mi Sp Ca Co,45,false,
139553,M22 240025 Mi Sp Ca Co,57,false,
139554,M22 240029 Mi Sp Ca Co,57,false,
139555,M22 240030 Mi Sp Ca Co,1,false,
139556,M22 240033 Mi Sp Ca Co,1,false,
139557,M21 240171 Mi Sp Co,127,false,
139558,M21 240177 Mi Sp Co,65,false,
139559,M21 240179 Mi Sp Co,3,false,
139560,M21 240181 Mi Sp Co,106,false,
139561,M21 240183 Mi Sp Co,396,false,
139562,M21 240184 Mi Sp Co,45,false,
139563,M21 240185 Mi Sp Co,3,false,
139564,M21 240188 Mi Sp Co,93,false,
139565,M21 240190 Mi Sp Co,250,false,
139566,M21 240191 Mi Sp Co,45,false,
139567,M21 240196 Mi Sp Co,3,false,
139568,M21 240205 Mi Sp Co,49,false,
139569,M21 240208 Mi Sp Co,49,false,
139570,M21 240211 Mi Sp Co,857,false,
139571,M21 240215 Mi Sp Co,1543,false,
139572,M21 240216 Mi Sp Co,45,false,
139573,M21 240220 Mi Sp Co,424,false,
139574,M21 240221 Mi Sp Co,3,false,
139575,M21 240232 Mi Sp Co,1534,false,
139576,M21 240235 Mi Sp Co,45,false,
139577,M21 240236 Mi Sp Co,87,false,
139578,M21 240237 Mi Sp Co,3953,false,
139579,M22 240007 Mi Sp Co,1,false,
139580,M22 240021 Mi Sp Co,45,false,
139581,M22 240023 Mi Sp Co,45,false,
139582,M22 240024 Mi Sp Co,45,false,
139583,M22 240025 Mi Sp Co,57,false,
139584,M22 240029 Mi Sp Co,57,false,
139585,M22 240030 Mi Sp Co,1,false,
139586,M22 240033 Mi Sp Co,1,false,
139587,M21 240171 Mi Sp i Co,127,false,
139588,M21 240177 Mi Sp i Co,65,false,
139589,M21 240179 Mi Sp i Co,3,false,
139590,M21 240181 Mi Sp i Co,106,false,
139591,M21 240183 Mi Sp i Co,396,false,
139592,M21 240184 Mi Sp i Co,45,false,
139593,M21 240185 Mi Sp i Co,3,false,
139594,M21 240188 Mi Sp i Co,93,false,
139595,M21 240190 Mi Sp i Co,250,false,
139596,M21 240191 Mi Sp i Co,45,false,
139597,M21 240196 Mi Sp i Co,3,false,
139598,M21 240205 Mi Sp i Co,49,false,
139599,M21 240208 Mi Sp i Co,49,false,
139600,M21 240211 Mi Sp i Co,857,false,
139601,M21 240215 Mi Sp i Co,1543,false,
139602,M21 240216 Mi Sp i Co,45,false,
139603,M21 240220 Mi Sp i Co,424,false,
139604,M21 240221 Mi Sp i Co,3,false,
139605,M21 240232 Mi Sp i Co,1534,false,
139606,M21 240235 Mi Sp i Co,45,false,
139607,M21 240236 Mi Sp i Co,87,false,
139608,M21 240237 Mi Sp i Co,3953,false,
139609,M22 240007 Mi Sp i Co,1,false,
139610,M22 240021 Mi Sp i Co,45,false,
139611,M22 240023 Mi Sp i Co,45,false,
139612,M22 240024 Mi Sp i Co,45,false,
139613,M22 240025 Mi Sp i Co,57,false,
139614,M22 240029 Mi Sp i Co,57,false,
139615,M22 240030 Mi Sp i Co,1,false,
139616,M22 240033 Mi Sp i Co,1,false,
139617,M21 240171 Mi Ve,127,false,
139618,M21 240177 Mi Ve,65,false,
139619,M21 240179 Mi Ve,3,false,
139620,M21 240181 Mi Ve,106,false,
139621,M21 240183 Mi Ve,396,false,
139622,M21 240184 Mi Ve,45,false,
139623,M21 240185 Mi Ve,3,false,
139624,M21 240188 Mi Ve,93,false,
139625,M21 240190 Mi Ve,250,false,
139626,M21 240191 Mi Ve,45,false,
139627,M21 240196 Mi Ve,3,false,
139628,M21 240205 Mi Ve,49,false,
139629,M21 240208 Mi Ve,49,false,
139630,M21 240211 Mi Ve,857,false,
139631,M21 240215 Mi Ve,1543,false,
139632,M21 240216 Mi Ve,45,false,
139633,M21 240220 Mi Ve,424,false,
139634,M21 240221 Mi Ve,3,false,
139635,M21 240232 Mi Ve,1534,false,
139636,M21 240235 Mi Ve,45,false,
139637,M21 240236 Mi Ve,87,false,
139638,M21 240237 Mi Ve,3953,false,
139639,M22 240007 Mi Ve,1,false,
139640,M22 240021 Mi Ve,45,false,
139641,M22 240023 Mi Ve,45,false,
139642,M22 240024 Mi Ve,45,false,
139643,M22 240025 Mi Ve,57,false,
139644,M22 240029 Mi Ve,57,false,
139645,M22 240030 Mi Ve,1,false,
139646,M22 240033 Mi Ve,1,false,
139647,M21 240171 Mi Ve Co,127,false,
139648,M21 240177 Mi Ve Co,65,false,
139649,M21 240179 Mi Ve Co,3,false,
139650,M21 240181 Mi Ve Co,106,false,
139651,M21 240183 Mi Ve Co,396,false,
139652,M21 240184 Mi Ve Co,45,false,
139653,M21 240185 Mi Ve Co,3,false,
139654,M21 240188 Mi Ve Co,93,false,
139655,M21 240190 Mi Ve Co,250,false,
139656,M21 240191 Mi Ve Co,45,false,
139657,M21 240196 Mi Ve Co,3,false,
139658,M21 240205 Mi Ve Co,49,false,
139659,M21 240208 Mi Ve Co,49,false,
139660,M21 240211 Mi Ve Co,857,false,
139661,M21 240215 Mi Ve Co,1543,false,
139662,M21 240216 Mi Ve Co,45,false,
139663,M21 240220 Mi Ve Co,424,false,
139664,M21 240221 Mi Ve Co,3,false,
139665,M21 240232 Mi Ve Co,1534,false,
139666,M21 240235 Mi Ve Co,45,false,
139667,M21 240236 Mi Ve Co,87,false,
139668,M21 240237 Mi Ve Co,3953,false,
139669,M22 240007 Mi Ve Co,1,false,
139670,M22 240021 Mi Ve Co,45,false,
139671,M22 240023 Mi Ve Co,45,false,
139672,M22 240024 Mi Ve Co,45,false,
139673,M22 240025 Mi Ve Co,57,false,
139674,M22 240029 Mi Ve Co,57,false,
139675,M22 240030 Mi Ve Co,1,false,
139676,M22 240033 Mi Ve Co,1,false,
139677,M21 240171 Ne Sp Ca,127,false,
139678,M21 240177 Ne Sp Ca,65,false,
139679,M21 240179 Ne Sp Ca,3,false,
139680,M21 240181 Ne Sp Ca,106,false,
139681,M21 240183 Ne Sp Ca,396,false,
139682,M21 240184 Ne Sp Ca,45,false,
139683,M21 240185 Ne Sp Ca,3,false,
139684,M21 240188 Ne Sp Ca,93,false,
139685,M21 240190 Ne Sp Ca,250,false,
139686,M21 240191 Ne Sp Ca,45,false,
139687,M21 240196 Ne Sp Ca,3,false,
139688,M21 240205 Ne Sp Ca,49,false,
139689,M21 240208 Ne Sp Ca,49,false,
139690,M21 240211 Ne Sp Ca,857,false,
139691,M21 240215 Ne Sp Ca,1543,false,
139692,M21 240216 Ne Sp Ca,45,false,
139693,M21 240220 Ne Sp Ca,424,false,
139694,M21 240221 Ne Sp Ca,3,false,
139695,M21 240232 Ne Sp Ca,1534,false,
139696,M21 240235 Ne Sp Ca,45,false,
139697,M21 240236 Ne Sp Ca,87,false,
139698,M21 240237 Ne Sp Ca,3953,false,
139699,M22 240007 Ne Sp Ca,1,false,
139700,M22 240021 Ne Sp Ca,45,false,
139701,M22 240023 Ne Sp Ca,45,false,
139702,M22 240024 Ne Sp Ca,45,false,
139703,M22 240025 Ne Sp Ca,57,false,
139704,M22 240029 Ne Sp Ca,57,false,
139705,M22 240030 Ne Sp Ca,1,false,
139706,M22 240033 Ne Sp Ca,1,false,
139707,M21 240171 Ne Sp Ca Co,127,false,
139708,M21 240177 Ne Sp Ca Co,65,false,
139709,M21 240179 Ne Sp Ca Co,3,false,
139710,M21 240181 Ne Sp Ca Co,106,false,
139711,M21 240183 Ne Sp Ca Co,396,false,
139712,M21 240184 Ne Sp Ca Co,45,false,
139713,M21 240185 Ne Sp Ca Co,3,false,
139714,M21 240188 Ne Sp Ca Co,93,false,
139715,M21 240190 Ne Sp Ca Co,250,false,
139716,M21 240191 Ne Sp Ca Co,45,false,
139717,M21 240196 Ne Sp Ca Co,3,false,
139718,M21 240205 Ne Sp Ca Co,49,false,
139719,M21 240208 Ne Sp Ca Co,49,false,
139720,M21 240211 Ne Sp Ca Co,857,false,
139721,M21 240215 Ne Sp Ca Co,1543,false,
139722,M21 240216 Ne Sp Ca Co,45,false,
139723,M21 240220 Ne Sp Ca Co,424,false,
139724,M21 240221 Ne Sp Ca Co,3,false,
139725,M21 240232 Ne Sp Ca Co,1534,false,
139726,M21 240235 Ne Sp Ca Co,45,false,
139727,M21 240236 Ne Sp Ca Co,87,false,
139728,M21 240237 Ne Sp Ca Co,3953,false,
139729,M22 240007 Ne Sp Ca Co,1,false,
139730,M22 240021 Ne Sp Ca Co,45,false,
139731,M22 240023 Ne Sp Ca Co,45,false,
139732,M22 240024 Ne Sp Ca Co,45,false,
139733,M22 240025 Ne Sp Ca Co,57,false,
139734,M22 240029 Ne Sp Ca Co,57,false,
139735,M22 240030 Ne Sp Ca Co,1,false,
139736,M22 240033 Ne Sp Ca Co,1,false,
139737,M21 240171 Ne Sp Co,127,false,
139738,M21 240177 Ne Sp Co,65,false,
139739,M21 240179 Ne Sp Co,3,false,
139740,M21 240181 Ne Sp Co,106,false,
139741,M21 240183 Ne Sp Co,396,false,
139742,M21 240184 Ne Sp Co,45,false,
139743,M21 240185 Ne Sp Co,3,false,
139744,M21 240188 Ne Sp Co,93,false,
139745,M21 240190 Ne Sp Co,250,false,
139746,M21 240191 Ne Sp Co,45,false,
139747,M21 240196 Ne Sp Co,3,false,
139748,M21 240205 Ne Sp Co,49,false,
139749,M21 240208 Ne Sp Co,49,false,
139750,M21 240211 Ne Sp Co,857,false,
139751,M21 240215 Ne Sp Co,1543,false,
139752,M21 240216 Ne Sp Co,45,false,
139753,M21 240220 Ne Sp Co,424,false,
139754,M21 240221 Ne Sp Co,3,false,
139755,M21 240232 Ne Sp Co,1534,false,
139756,M21 240235 Ne Sp Co,45,false,
139757,M21 240236 Ne Sp Co,87,false,
139758,M21 240237 Ne Sp Co,3953,false,
139759,M22 240007 Ne Sp Co,1,false,
139760,M22 240021 Ne Sp Co,45,false,
139761,M22 240023 Ne Sp Co,45,false,
139762,M22 240024 Ne Sp Co,45,false,
139763,M22 240025 Ne Sp Co,57,false,
139764,M22 240029 Ne Sp Co,57,false,
139765,M22 240030 Ne Sp Co,1,false,
139766,M22 240033 Ne Sp Co,1,false,
139767,M21 240171 Ne Sp i Co,127,false,
139768,M21 240177 Ne Sp i Co,65,false,
139769,M21 240179 Ne Sp i Co,3,false,
139770,M21 240181 Ne Sp i Co,106,false,
139771,M21 240183 Ne Sp i Co,396,false,
139772,M21 240184 Ne Sp i Co,45,false,
139773,M21 240185 Ne Sp i Co,3,false,
139774,M21 240188 Ne Sp i Co,93,false,
139775,M21 240190 Ne Sp i Co,250,false,
139776,M21 240191 Ne Sp i Co,45,false,
139777,M21 240196 Ne Sp i Co,3,false,
139778,M21 240205 Ne Sp i Co,49,false,
139779,M21 240208 Ne Sp i Co,49,false,
139780,M21 240211 Ne Sp i Co,857,false,
139781,M21 240215 Ne Sp i Co,1543,false,
139782,M21 240216 Ne Sp i Co,45,false,
139783,M21 240220 Ne Sp i Co,424,false,
139784,M21 240221 Ne Sp i Co,3,false,
139785,M21 240232 Ne Sp i Co,1534,false,
139786,M21 240235 Ne Sp i Co,45,false,
139787,M21 240236 Ne Sp i Co,87,false,
139788,M21 240237 Ne Sp i Co,3953,false,
139789,M22 240007 Ne Sp i Co,1,false,
139790,M22 240021 Ne Sp i Co,45,false,
139791,M22 240023 Ne Sp i Co,45,false,
139792,M22 240024 Ne Sp i Co,45,false,
139793,M22 240025 Ne Sp i Co,57,false,
139794,M22 240029 Ne Sp i Co,57,false,
139795,M22 240030 Ne Sp i Co,1,false,
139796,M22 240033 Ne Sp i Co,1,false,
139797,M21 240171 Ne Ve,127,false,
139798,M21 240177 Ne Ve,,false,
139799,M21 240179 Ne Ve,3,false,
139800,M21 240181 Ne Ve,106,false,
139801,M21 240183 Ne Ve,396,false,
139802,M21 240184 Ne Ve,45,false,
139803,M21 240185 Ne Ve,3,false,
139804,M21 240188 Ne Ve,93,false,
139805,M21 240190 Ne Ve,250,false,
139806,M21 240191 Ne Ve,45,false,
139807,M21 240196 Ne Ve,3,false,
139808,M21 240205 Ne Ve,,false,
139809,M21 240208 Ne Ve,49,false,
139810,M21 240211 Ne Ve,857,false,
139811,M21 240215 Ne Ve,1543,false,
139812,M21 240216 Ne Ve,45,false,
139813,M21 240220 Ne Ve,424,false,
139814,M21 240221 Ne Ve,3,false,
139815,M21 240232 Ne Ve,1534,false,
139816,M21 240235 Ne Ve,,false,
139817,M21 240236 Ne Ve,87,false,
139818,M21 240237 Ne Ve,3953,false,
139819,M22 240007 Ne Ve,1,false,
139820,M22 240021 Ne Ve,45,false,
139821,M22 240023 Ne Ve,,false,
139822,M22 240024 Ne Ve,,false,
139823,M22 240025 Ne Ve,57,false,
139824,M22 240029 Ne Ve,57,false,
139825,M22 240030 Ne Ve,,false,
139826,M22 240033 Ne Ve,1,false,
139827,M21 240171 Ne Ve Co,127,false,
139828,M21 240177 Ne Ve Co,,false,
139829,M21 240179 Ne Ve Co,3,false,
139830,M21 240181 Ne Ve Co,106,false,
139831,M21 240183 Ne Ve Co,396,false,
139832,M21 240184 Ne Ve Co,45,false,
139833,M21 240185 Ne Ve Co,3,false,
139834,M21 240188 Ne Ve Co,93,false,
139835,M21 240190 Ne Ve Co,250,false,
139836,M21 240191 Ne Ve Co,45,false,
139837,M21 240196 Ne Ve Co,3,false,
139838,M21 240205 Ne Ve Co,,false,
139839,M21 240208 Ne Ve Co,49,false,
139840,M21 240211 Ne Ve Co,857,false,
139841,M21 240215 Ne Ve Co,1543,false,
139842,M21 240216 Ne Ve Co,45,false,
139843,M21 240220 Ne Ve Co,424,false,
139844,M21 240221 Ne Ve Co,3,false,
139845,M21 240232 Ne Ve Co,1534,false,
139846,M21 240235 Ne Ve Co,,false,
139847,M21 240236 Ne Ve Co,87,false,
139848,M21 240237 Ne Ve Co,3953,false,
139849,M22 240007 Ne Ve Co,1,false,
139850,M22 240021 Ne Ve Co,45,false,
139851,M22 240023 Ne Ve Co,,false,
139852,M22 240024 Ne Ve Co,,false,
139853,M22 240025 Ne Ve Co,57,false,
139854,M22 240029 Ne Ve Co,57,false,
139855,M22 240030 Ne Ve Co,,false,
139856,M22 240033 Ne Ve Co,,false,
139857,SMG-23-2368,3,false,
139860,5232,,false,
139861,7493,,false,
139862,5412,,false,
139863,NMY1501,62,false,
139864,NMY1602,62,false,
139865,NMY1603,62,false,
139866,NMY1801,62,false,
139867,NMY1802,62,false,
139868,NMY1901,62,false,
139869,NMY1902,62,false,
139870,NMY1903,62,false,
139871,NMY1904,62,false,
139872,SMG-23-2329,4108,false,
139873,SMG-23-2331,,false,
139874,SMG-23-2336,5160,false,
139875,SMG-23-2338,455,false,
139876,SMG-23-2340,57,false,
139877,SMG-23-2350,1781,false,
139878,SMG-23-2355,5091,false,
139929,23GB002097,,false,
139930,M60781,,false,
139931,M60883,,false,
139979,N23-1049,,false,
139980,N23-1128,,false,
139991,MM1111,4758,false,
139992,MM1112,49,false,
139993,MM1124,2295,false,
139994,MM1139,4759,false,
139995,MM1148,41,false,
139996,MM1163,67,false,
139997,MM1166,49,false,
139998,MM1182,4760,false,
139999,MM1188,274,false,
140000,MM1236,49,false,
140001,MM1237,49,false,
140002,MM1253,67,false,
140003,MM1266,49,false,
140004,MM1268,49,false,
140005,MM1276,1,false,
140006,MM1307,4761,false,
140007,MM1312,120,false,
140008,MM1386,49,false,
140009,MM1388,618,false,
140010,MM1394,2295,false,
140011,MM1403,274,false,
140012,SMG-23-2440,4108,false,
140013,SMG-23-2444,4108,false,
140014,SMG-23-2445,4680,false,
140015,SMG-23-2447,1781,false,
140016,SMG-23-2449,349,false,
140017,SMG-23-2453,454,false,
140018,SMG-23-2455,4762,false,
140019,SMG-23-2464,349,false,
140020,SMG-23-2466,1781,false,
140103,67191,,false,
140118,11344,,false,
140119,11367,,false,
140120,11434,,false,
140121,11446,,false,
140122,11455,,false,
140123,11466,,false,
140124,11540,,false,
140125,11521,,false,
140126,11524,,false,
140127,202337466,,false,
140128,11551,,false,
140129,11554,,false,
140130,11586,,false,
140131,202334440,,false,
140132,202339299,,false,
140133,11487,,false,
140134,11526,,false,
140135,11530,,false,
140136,11519,,false,
140137,11542,,false,
140138,11546,,false,
140139,11533,,false,
140140,11550,,false,
140141,11565,,false,
140142,11573,,false,
140151,11543,,false,
140152,11627,,false,
140153,11647,,false,
140182,202334366,,false,
140183,202326566,,false,
140184,202335443,,false,
140185,23GB002271,,false,
140186,66892,,false,
140187,67125,,false,
140188,67131,,false,
140189,67134,,false,
140190,67147,,false,
140196,isolate504,,false,
140197,isolate519,,false,
140198,isolate521,,false,
140199,isolate522,,false,
140200,isolate530,,false,
140201,isolate542,,false,
140202,isolate543,,false,
140203,isolate547,,false,
140204,isolate550,,false,
140205,isolate560,,false,
140206,isolate565,,false,
140207,isolate576,,false,
140208,isolate580,,false,
140209,isolate585,,false,
140210,isolate588,,false,
140211,isolate590,,false,
140212,isolate598,,false,
140213,isolate611,,false,
140214,SS23M07145,,false,
140215,23-681,4769,false,
140226,SMG-23-2580,2417,false,
140227,SMG-23-2578,1781,false,
140544,23GB002323,,false,
140545,SMG-23-2642,4737,false,
140546,SMG-23-2660,396,false,
140547,SMG-23-2705,45,false,
140548,66996,,false,
140549,67170,,false,
140550,67192,,false,
140551,67201,,false,
140552,67205,,false,
140553,66985,,false,
140554,67004,,false,
140555,67188,,false,
140556,67206,,false,
140557,67231,,false,
140558,67239,,false,
140559,17MUS_AH099_S94,18,true,"Odile Harrison, University of Oxford, UK"
140560,17MUS_AH121_S96,18,true,"Odile Harrison, University of Oxford, UK"
140561,17MUS_AH117_S95,4718,true,"Odile Harrison, University of Oxford, UK"
140562,18MUS_AH145_S102,367,true,"Odile Harrison, University of Oxford, UK"
140563,18MUS_AH147_S103,18,true,"Odile Harrison, University of Oxford, UK"
140564,18MUS_KH083_S97,4777,true,"Odile Harrison, University of Oxford, UK"
140565,18MUS_KM012_S99,367,true,"Odile Harrison, University of Oxford, UK"
140566,18MUS_KM013_S80,367,true,"Odile Harrison, University of Oxford, UK"
140567,18MUS_KM016_S100,378,true,"Odile Harrison, University of Oxford, UK"
140568,18MUS_KM021_S81,367,true,"Odile Harrison, University of Oxford, UK"
140569,18MUS_KM070_S101,378,true,"Odile Harrison, University of Oxford, UK"
140570,18MUS_KM071_S82,378,true,"Odile Harrison, University of Oxford, UK"
140571,18MUS_ZW085_S98,18,true,"Odile Harrison, University of Oxford, UK"
140572,19MUS_AH073_S104,4778,true,"Odile Harrison, University of Oxford, UK"
140573,19MUS_AH108_S105,367,true,"Odile Harrison, University of Oxford, UK"
140574,19MUS_AH110_S83,367,true,"Odile Harrison, University of Oxford, UK"
140575,19MUS_AH122_S106,657,true,"Odile Harrison, University of Oxford, UK"
140576,19MUS_AH166_S107,18,true,"Odile Harrison, University of Oxford, UK"
140577,20MUS_AH027_S84,18,true,"Odile Harrison, University of Oxford, UK"
140578,20MUS_AH028_S108,18,true,"Odile Harrison, University of Oxford, UK"
140579,20MUS_AH030_S85,367,true,"Odile Harrison, University of Oxford, UK"
140580,20MUS_AH032_S109,367,true,"Odile Harrison, University of Oxford, UK"
140581,20MUS_AH0138_S110,18,true,"Odile Harrison, University of Oxford, UK"
140582,20MUS_CZ054_S86,367,true,"Odile Harrison, University of Oxford, UK"
140583,20MUS_CZ055_S111,367,true,"Odile Harrison, University of Oxford, UK"
140584,21MUS_AH020_S112,18,true,"Odile Harrison, University of Oxford, UK"
140586,21MUS_AH104_S114,378,true,"Odile Harrison, University of Oxford, UK"
140588,21MUS_AH110_S115,367,true,"Odile Harrison, University of Oxford, UK"
140589,21MUS_AH111_S88,367,true,"Odile Harrison, University of Oxford, UK"
140590,21MUS_AH124_S116,367,true,"Odile Harrison, University of Oxford, UK"
140592,21MUS_AH166_S117,18,true,"Odile Harrison, University of Oxford, UK"
140593,21MUS_AH237_S90,367,true,"Odile Harrison, University of Oxford, UK"
140594,21MUS_AH239_S118,378,true,"Odile Harrison, University of Oxford, UK"
140595,21MUS_CZ189_S91,378,true,"Odile Harrison, University of Oxford, UK"
140596,21MUS_CZ191_S119,2199,true,"Odile Harrison, University of Oxford, UK"
140597,21MUS_CZ197_S120,378,true,"Odile Harrison, University of Oxford, UK"
140598,21MUS_CZ198_S92,378,true,"Odile Harrison, University of Oxford, UK"
140599,21MUS_CZ201_S121,367,true,"Odile Harrison, University of Oxford, UK"
140601,17MUS_AH098,1006,true,"Odile Harrison, University of Oxford, UK"
140602,17MUS_AH118,367,true,"Odile Harrison, University of Oxford, UK"
140603,17MUS_AH120,367,true,"Odile Harrison, University of Oxford, UK"
140604,17MUS_KH085,1006,true,"Odile Harrison, University of Oxford, UK"
140605,17MUS_ZW084,4306,true,"Odile Harrison, University of Oxford, UK"
140611,19MUS_AH072,1006,true,"Odile Harrison, University of Oxford, UK"
140612,19MUS_AH119,1006,true,"Odile Harrison, University of Oxford, UK"
140613,19MUS_AH164,378,true,"Odile Harrison, University of Oxford, UK"
140617,20MUS_AH139,367,true,"Odile Harrison, University of Oxford, UK"
140619,21MUS_CZ202,367,true,"Odile Harrison, University of Oxford, UK"
140620,N23-1226,,false,
140621,N23-1236,,false,
140622,N23-1246,,false,
140623,N23-1257,,false,
140624,N23-1284,,false,
140625,N23-1299,,false,
140626,N23-1300,,false,
140627,N23-1301,,false,
140636,23ME000025,262,false,
140657,N23-1209,,false,
140658,N23-1309,,false,
140771,MM1884,1,false,
140772,MM1886,28,false,
140773,MM1890,618,false,
140774,MM1898,618,false,
140775,MM1900,618,false,
140776,MM1902,618,false,
140777,MM1905,618,false,
140778,MM1913,618,false,
140779,MM1917,67,false,
140780,MM1923,618,false,
140781,MM1924,618,false,
140782,MM1925,618,false,
140783,MM1928,618,false,
140784,MM1929,618,false,
140785,MM1931,274,false,
140786,MM1935,618,false,
140787,MM1946,618,false,
140788,MM1948,618,false,
140789,MM1951,618,false,
140790,MM1961,618,false,
140791,MM1970,618,false,
140792,MM1979,618,false,
140793,MM1981,4779,false,
140794,MM1982,618,false,
140795,MM1985,2295,false,
140796,MM1986,618,false,
140798,MM1990,4779,false,
140799,MM1991,618,false,
140800,MM1992,43,false,
140801,MM1993,1,false,
140802,MM1994,618,false,
140804,MM2003,2187,false,
140805,MM2017,618,false,
140806,H01-GEN-002,65,false,
140807,H01-GEN-003,3353,false,
140808,H01-GEN-004,4108,false,
140809,H01-RESP-009,65,false,
140810,H01-RESP-010,407,false,
140811,H01-RESP-012,1250,false,
140812,H01-RESP-013,345,false,
140813,H01-RESP-014,4268,false,
140814,H01-RESP-015,1781,false,
140815,H01-RESP-016,4108,false,
140816,H01-RESP-017,65,false,
140817,H01-RESP-018,4108,false,
140818,H01-RESP-019,4688,false,
140819,H01-RESP-020,766,false,
140820,H01-RESP-021,3,false,
140821,H01-RESP-022,9,false,
140822,H01-RESP-023,4108,false,
140823,H01-RESP-024,1781,false,
140824,H01-RESP-025,1781,false,
140825,H01-RESP-026,4108,false,
140826,H01-RESP-027,4780,false,
140827,H01-RESP-028,4108,false,
140828,H01-RESP-029,65,false,
140829,H01-RESP-030,1482,false,
140830,H01-RESP-031,5160,false,
140831,H01-RESP-032,1482,false,
140832,H01-RESP-033,4108,false,
140833,H01-RESP-034,765,false,
140834,H01-RESP-035,4781,false,
140835,H03-RESP-021,3,false,
140836,H03-RESP-022,102,false,
140837,H03-RESP-023,4457,false,
140838,H04-RESP-013,67,false,
140840,H04-RESP-015,3,false,
140841,H04-RESP-016,5092,false,
140842,H04-RESP-017,5327,false,
140843,H07-RESP-027,1730,false,
140844,H07-RESP-028,4782,false,
140845,H07-RESP-029,1482,false,
140846,H07-RESP-030,4783,false,
140847,H15-RESP-016,259,false,
140848,H15-RESP-017,95,false,
140849,H15-RESP-019,4784,false,
140850,H15-RESP-020,4785,false,
140851,H12-EMI-015,4786,false,
140852,H15-EMI-041,257,false,
140853,H15-EMI-042,87,false,
140854,114797,435,false,
140897,12159,,false,
140898,12160,,false,
140899,12161,,false,
140900,12162,,false,
140901,13360,,false,
140902,13568,,false,
140903,13576,,false,
140904,13578,,false,
140905,13581,,false,
140906,13748,,false,
140907,13750,,false,
140908,14112,,false,
140909,14131,,false,
140910,14132,,false,
140911,14133,,false,
140912,14140,,false,
140913,14141,,false,
140914,14142,,false,
140915,14145,,false,
140916,14162,,false,
140917,14164,,false,
140918,16530,,false,
140919,17161,,false,
140920,17456,,false,
140921,17498,,false,
140922,18597,,false,
140923,19035,,false,
140924,M2002 181,,false,
140974,202338704,,false,
140975,11624,,false,
140976,202334395,,false,
140977,11620,,false,
140978,11623,,false,
140979,11635,,false,
140980,11653,,false,
140981,11656,,false,
140990,SSWT1,,false,
140991,SRR22570615,,false,
140992,M58903,1730,false,
140993,M58886,1730,false,
140994,M58851,1730,false,
140995,M58496,1730,false,
140996,M58488,1730,false,
140997,M58434,1730,false,
140998,M58397,1730,false,
140999,M58393,1730,false,
141000,M58392,1730,false,
141001,M58368,1730,false,
141002,M58303,1730,false,
141003,M58295,1730,false,
141004,M58280,1730,false,
141005,M58248,1730,false,
141006,M58231,1730,false,
141007,M58173,1730,false,
141008,M58128,1730,false,
141009,M58127,1730,false,
141010,M58102,1730,false,
141011,M58101,1730,false,
141012,M58100,1730,false,
141013,M58095,1730,false,
141014,M58045,1730,false,
141015,M57649,1730,false,
141016,M57352,1730,false,
141017,11660,,false,
141018,202342383,,false,
141019,11665,,false,
141020,11671,,false,
141021,11672,,false,
141022,11713,,false,
141023,202345738,,false,
141030,67269,,false,
141031,67276,,false,
141032,67279,,false,
141033,67281,,false,
141034,67288,,false,
141035,67289,,false,
141036,67293,,false,
141037,67314,,false,
141038,67320,,false,
141039,SMG-23-2839,288,false,
141053,23-911,57,false,
141054,23-947,262,false,
141055,SS23M08492,,false,
141056,SS23M08340,,false,
141057,M57512,5037,false,
141058,M57637,1730,false,
141059,M58096,1730,false,
141060,M58126,1730,false,
141061,H01-EMI-002,262,false,
141062,H06-EMI-001,120,false,
141063,H15-EMI-043,45,false,
141064,H15-EMI-044,87,false,
141065,H15-EMI-045,45,false,
141066,H15-EMI-046,45,false,
141067,H15-EMI-047,93,false,
141068,H15-EMI-048,93,false,
141069,H15-EMI-049,68,false,
141070,H03-RESP-024,763,false,
141071,H03-RESP-025,65,false,
141072,H07-RESP-032,2703,false,
141073,H15-RESP-021,259,false,
141074,H15-RESP-022,87,false,
141075,2022NG02380,,false,
141076,2022NG02761,,false,
141077,2022NG02787,,false,
141078,2022NG02842,,false,
141079,2022NG02471,,false,
141080,2022NG02509,,false,
141081,2022NG02520,,false,
141082,2022NG02522,,false,
141083,2022NG02523,,false,
141084,2022NG02536,,false,
141085,2022NG02555,,false,
141086,2022NG02566,,false,
141087,2022NG02586,,false,
141088,2022NG02613,,false,
141089,2022NG02618,,false,
141090,2022NG02626,,false,
141091,2022NG02643,,false,
141092,2022NG02645,,false,
141093,2022NG02665,,false,
141094,2022NG02690,,false,
141095,2022NG02691,,false,
141096,2022NG02867,,false,
141097,2022NG02876,,false,
141098,2022NG02891,,false,
141099,67356,,false,
141109,67280,,false,
141110,114798,396,false,
141111,2022NG-0025,,false,
141112,2022NG-0065,,false,
141113,N23-1343,,false,
141114,N23-1347,,false,
141115,0010/01,2,false,
141116,0012/01,49,false,
141117,0013/01,119,false,
141118,0016/01,3,false,
141119,0017/01,3,false,
141120,0018/01,3,false,
141121,0020/01,3,false,
141122,0025/01,444,false,
141123,0030/01,2,false,
141124,0031/01,2,false,
141125,0034/01,2158,false,
141126,0035/01,2158,false,
141127,0036/01,444,false,
141128,0050/01,2,false,
141129,0052/01,41,false,
141130,0063/01,3,false,
141131,0064/01,3,false,
141132,0065/01,3,false,
141133,0066/01,3,false,
141134,0081/01,45,false,
141135,0082/01,45,false,
141136,0170/01,93,false,
141137,0171/01,93,false,
141138,0182/01,141,false,
141139,0252/01,62,false,
141140,0019/02,93,false,
141141,0020/02,93,false,
141142,0027/02,3,false,
141143,0029/02,2,false,
141144,0030/02,2,false,
141145,0031/02,62,false,
141146,0069/02,2299,false,
141147,0133/02,,false,
141148,0180/02,57,false,
141149,0183/02,431,false,
141150,0193/02,57,false,
141174,N.02-23,,false,
141175,N.03-23,,false,
141176,N.06-23,,false,
141177,N.13-23,,false,
141178,N.51-23,,false,
141179,N.60-23,,false,
141180,N.76-23,,false,
141181,NML2023-074,3983,false,
141182,NML2023-076,259,false,
141183,NML2023-077,5038,false,
141184,NML2023-079,5039,false,
141185,NML2023-082,141,false,
141186,NML2023-084,67,false,
141187,NML2023-085,4108,false,
141188,NML2023-086,45,false,
141189,NML2023-087,65,false,
141190,NML2023-088,62,false,
141191,NML2023-089,2059,false,
141192,NML2023-090,97,false,
141193,NML2023-091,4108,false,
141194,NML2023-092,976,false,
141195,NML2023-094,2170,false,
141196,NML2023-095,62,false,
141197,NML2023-096,857,false,
141198,NML2023-097,141,false,
141199,NML2023-098,,false,
141200,NML2023-099,57,false,
141201,NML2023-101,1,false,
141202,NML2023-102,3353,false,
141203,NML2023-103,288,false,
141204,NML2023-105,45,false,
141205,NML2023-106,5040,false,
141206,NML2023-107,45,false,
141207,NML2023-108,1730,false,
141208,NML2023-109,97,false,
141209,NML2023-111,349,false,
141210,NML2023-112,3,false,
141211,NML2023-113,65,false,
141212,NML2023-115,5041,false,
141213,NML2023-116,1730,false,
141214,NML2023-117,4651,false,
141215,NML2023-118,1,false,
141216,NML2023-120,62,false,
141217,NML2023-121,66,false,
141218,NML2023-123,,false,
141219,NML2023-124,857,false,
141220,NML2023-125,93,false,
141221,NML2023-127,45,false,
141222,NML2023-128,1,false,
141223,QAT6,,false,
141224,QAT431,,false,
141485,NG54u,,false,
141486,NG54t,,false,
141487,NG75u,,false,
141488,NG75a,,false,
141489,11688,,false,
141490,11691,,false,
141491,202345541,,false,
141492,11700,,false,
141493,11718,,false,
141494,202209684,,false,
141495,202209772,,false,
141496,11734,,false,
141497,11741,,false,
141498,11752,,false,
141499,11746,,false,
141500,11758,,false,
141501,11778,,false,
141502,SMG-23-2954,57,false,
141503,SMG-23-2960,45,false,
141504,SMG-23-2963,57,false,
141514,67221,,false,
141515,67225,,false,
141516,67234,,false,
141575,0061/23,62,false,
141576,SS23M08479,,false,
141595,11632,,false,
141596,202344222,,false,
141597,11720,,false,
141598,11730,,false,
141599,11724,,false,
141600,11750,,false,
141601,202344843,,false,
141602,11749,,false,
141603,202250194,,false,
141604,202345392,,false,
141605,11782,,false,
141606,23-1031,45,false,
141607,23-1032,45,false,
141608,M61293,,false,
141609,M61310,,false,
141634,SMG-23-3008,1,false,
141635,11772,,false,
141636,N23-1388,,false,
141637,N23-1398,,false,
141638,N23-1334,,false,
141639,67330,,false,
141640,67331,,false,
141641,67336,,false,
141642,67345,,false,
141643,67361,,false,
141644,67371,,false,
141648,GCWGS-10011,3353,false,
141661,GCWGS-10074,367,false,
141672,GCWGS-10123,654,false,
141679,GCWGS-10247,654,false,
141685,GCWGS-10263,3353,false,
141696,GCWGS-10305,654,false,
141697,GCWGS-10306,654,false,
141734,GCWGS-10539,3359,false,
141736,GCWGS-10544,1006,false,
141738,GCWGS-10626,654,false,
141810,GCWGS-11103,367,false,
141839,GCWGS-11342,367,false,
141859,GCWGS-11598,3353,false,
141869,GCWGS-11707,367,false,
141902,GCWGS-11952,654,false,
141909,GCWGS-11981,3966,false,
142618,GCWGS-5401,367,false,
142648,GCWGS-5537,367,false,
142656,GCWGS-5667,654,false,
142666,GCWGS-5698,3353,false,
142709,GCWGS-6099,18,false,
142720,GCWGS-6188,654,false,
142741,GCWGS-6349,654,false,
142763,GCWGS-6591,16,false,
142764,GCWGS-6595,654,false,
142794,GCWGS-6819,16,false,
142795,GCWGS-6820,3359,false,
142827,GCWGS-7133,367,false,
142828,GCWGS-7134,22,false,
142875,GCWGS-7533,654,false,
142997,GCWGS-8121,3479,false,
143090,GCWGS-8959,367,false,
143091,GCWGS-8961,1006,false,
143092,GCWGS-8962,18,false,
143110,GCWGS-9104,3359,false,
143130,GCWGS-9220,3966,false,
143138,GCWGS-9320,1006,false,
143139,GCWGS-9321,3353,false,
143140,GCWGS-9323,654,false,
143189,GCWGS-9512,16,false,
143191,GCWGS-9517,3353,false,
143203,GCWGS-9547,3353,false,
143240,GCWGS-9841,16,false,
143351,23-1047,1,false,
143352,23-1052,4108,false,
143353,23-1053,62,false,
143354,23-1078,1543,false,
143355,114799,62,false,
143356,assembled_contigs_560,97,false,
143357,719-2023,5078,false,
143358,751-2023,220,false,
143359,752-2023,49,false,
143360,758-2023,220,false,
143361,759-2023,220,false,
143362,760-2023,220,false,
143363,761-2023,220,false,
143364,762-2023,97,false,
143365,763-2023,220,false,
143366,764-2023,49,false,
143367,765-2023,220,false,
143368,2332610583,1730,false,
143369,2334610973,1730,false,
143370,766-2023,220,false,
143371,767-2023,220,false,
143372,768-2023,220,false,
143373,769-2023,220,false,
143374,770-2023,220,false,
143375,773-2023,220,false,
143376,774-2023,5079,false,
143377,775-2023,49,false,
143378,776-2023,722,false,
143379,777-2023,722,false,
143380,778-2023,220,false,
143381,779-2023,49,false,
143382,780-2023,220,false,
143383,781-2023,220,false,
143384,782-2023,722,false,
143385,783-2023,220,false,
143386,802-2023,49,false,
143387,20-2023,1,false,
143388,755-2023,,false,
143389,831-2023,220,false,
143390,837-2023,3,false,
143391,29-2023,220,false,
143392,48-2023,274,false,
143393,49-2023,3944,false,
143394,154-2023,57,false,
143395,177-2023,722,false,
143396,191-2023,87,false,
143397,198-2023,586,false,
143398,67016,,false,
143399,67107,,false,
143400,67163,,false,
143401,67418,,false,
143402,67432,,false,
143409,20-2023,1,false,
143410,29-2023,220,false,
143411,48-2023,274,false,
143412,49-2023,3944,false,
143413,154-2023,57,false,
143414,177-2023,722,false,
143415,191-2023,87,false,
143416,198-2023,586,false,
143417,831-2023,220,false,
143418,837-2023,3,false,
143421,SMG-23-3056,288,false,
143422,NML2021-058,1,false,
143423,NML2023-129,3,false,
143424,NML2023-130,62,false,
143425,NML2023-131,5081,false,
143426,NML2023-133,,false,
143427,NML2023-134,45,false,
143428,NML2023-135,1730,false,
143429,NML2023-136,62,false,
143430,NML2023-137,1,false,
143431,NML2023-138,,false,
143432,NML2023-140,,false,
143433,NML2023-141,259,false,
143434,NML2023-142,2170,false,
143435,N23-1410,,false,
143436,N23-1411,,false,
143437,M57981,,false,
143438,M61371,,false,
143439,SMG-23-3041,1,false,
143442,SMG-23-3088,45,false,
143443,SMG-23-3093,,false,
143449,M21 240171 L8DL3,127,false,
143450,M21 240177 L8DL3,65,false,
143451,M21 240179 L8DL3,3,false,
143452,M21 240181 L8DL3,106,false,
143453,M21 240183 L8DL3,396,false,
143454,M21 240184 L8DL3,45,false,
143455,M21 240185 L8DL3,3,false,
143456,M21 240188 L8DL3,93,false,
143457,M21 240190 L8DL3,250,false,
143458,M21 240191 L8DL3,45,false,
143459,M21 240196 L8DL3,3,false,
143460,M21 240205 L8DL3,49,false,
143461,M21 240208 L8DL3,49,false,
143462,M21 240211 L8DL3,857,false,
143463,M21 240215 L8DL3,1543,false,
143464,M21 240216 L8DL3,45,false,
143465,M21 240220 L8DL3,424,false,
143466,M21 240221 L8DL3,3,false,
143467,M21 240232 L8DL3,1534,false,
143468,M21 240235 L8DL3,45,false,
143469,M21 240236 L8DL3,87,false,
143470,M21 240237 L8DL3,3953,false,
143471,M22 240007 L8DL3,1,false,
143472,M22 240021 L8DL3,45,false,
143473,M22 240023 L8DL3,45,false,
143474,M22 240024 L8DL3,45,false,
143475,M22 240025 L8DL3,57,false,
143476,M22 240029 L8DL3,57,false,
143477,M22 240030 L8DL3,1,false,
143478,M22 240033 L8DL3,1,false,
143479,23-1139,1,false,
143480,SMG-23-3070,68,false,
143481,23.8706944,,false,
143490,S21BD01597_S15,,false,
143491,RRS16BD04978_S40,,false,
143492,S16BD00093_S7,,false,
143493,S16BD01034_S44,,false,
143494,s16bd01173R_S1,,false,
143495,S16BD01406_S9,,false,
143496,S16BD01537_S21,,false,
143497,S16BD02797_S25,,false,
143498,S16BD04182R_S13,,false,
143499,S16BD04315R_S14,,false,
143500,S17BD00245_S2,,false,
143501,S17BD01804_S17,,false,
143502,S17BD02552_S4,,false,
143503,S17BD03256_S2,,false,
143504,S18BD01479_S32,,false,
143505,S18BD04936_S27,,false,
143506,S18BD07986_S29,,false,
143507,S18BD09542_S14,,false,
143508,S19BD02789_S11,,false,
143509,S19BD03300_S7,,false,
143510,S19BD06938_S6,,false,
143511,S19BD07637_S27,,false,
143512,S19BD08137_S36,,false,
143513,S20BD00476_S21,,false,
143514,S20BD02344_S15,,false,
143515,S20BD03105_S18,,false,
143516,S20BD07378_S15,,false,
143517,S22BD01084_S21,,false,
143518,S22BD02787_S19,,false,
143519,S22BD03376_S16,,false,
143520,S22BD09727_S17,,false,
143521,SMG-24-30,257,false,
143522,SMG-24-32,3,false,
143523,S18BD00257_S40,,false,
143524,S19BD01198_S3,,false,
143525,S18BD01818_S42,,false,
143526,S16BD00960_S38,,false,
143527,S16BD01901_S10,,false,
143528,S16BD04686R_S16,,false,
143529,S16BD06697_S2,,false,
143530,S17BD01882_S45,,false,
143531,S17BD02772_S8,,false,
143532,S17BD03084_S7,,false,
143533,S17BD03928_S13,,false,
143534,S17BD04391_S20,,false,
143535,S17BD07421_S17,,false,
143536,S18BD02236_S30,,false,
143537,S18BD07988_S30,,false,
143538,S19BD02789_S11,,false,
143539,S19BD07237_S16,,false,
143540,S19BD07777_S32,,false,
143541,S19BD08041_S35,,false,
143542,S22BD08005_S20,,false,
143546,23.8706925,,false,
143547,EPD061,65,false,
143548,H15-EMI-050,262,false,
143549,H01-GEN-005,763,false,
143550,H01-GEN-006,5330,false,
143551,JIM612,,false,
143552,ET22-107,,false,
143553,ET22-023,,false,
143554,ET22-177,,false,
143555,ET22-180,,false,
143556,ET22-225,,false,
143557,KR22-046,,false,
143558,N23-1414,,false,
143559,N23-1457,,false,
143560,N23-1469,,false,
143561,N23-1497,,false,
143562,N23-1507,,false,
143563,N23-1509,,false,
143633,15-590-123,1,false,
143634,SMG-23-3035,5082,false,
143635,SMG-23-3032,3937,false,
143636,SMG-23-3048,199,false,
143637,S16BD00214_S25,,false,
143638,s16bd02474R_S4,,false,
143639,S16BD03827R_S9,,false,
143640,S16BD04167R_S11,,false,
143641,S16BD06815_S7,,false,
143642,S17BD00190_S1,,false,
143643,S17BD00716_S4,,false,
143644,S17BD04200_S15,,false,
143645,S17BD08132_S24,,false,
143646,S18BD00327_S41,,false,
143647,S18BD00353_S42,,false,
143648,S18BD01489_S34,,false,
143649,S18BD01583_S36,,false,
143650,S18BD07607_S25,,false,
143651,S19BD00230_S22,,false,
143652,S19BD00944_S3,,false,
143653,S19BD05703_S37,,false,
143654,S20BD01171_S30,,false,
143655,S20BD07909_S15,,false,
143656,S21BD02308_S15,,false,
143657,S21BD07114_S17,,false,
143658,S21BD08412_S16,,false,
143659,S21BD08464_S17,,false,
143660,S21BD09271_S2,,false,
143661,S22BD02919_S20,,false,
143662,S22BD07775_S19,,false,
143663,S22BD08485_S18,,false,
143664,S22BD08735_S22,,false,
143665,S18BD04144_S12,,false,
143666,S21BD09141_S1,,false,
143667,S17BD04218_S3,,false,
143668,S17BD07953_S21,,false,
143669,S18BD01520_S35,,false,
143670,M21 240171 LC2BK,127,false,
143671,M21 240177 LC2BK,65,false,
143672,M21 240179 LC2BK,3,false,
143673,M21 240181 LC2BK,106,false,
143674,M21 240183 LC2BK,396,false,
143675,M21 240184 LC2BK,45,false,
143676,M21 240185 LC2BK,3,false,
143677,M21 240188 LC2BK,93,false,
143678,M21 240190 LC2BK,250,false,
143679,M21 240191 LC2BK,45,false,
143680,M21 240196 LC2BK,3,false,
143681,M21 240205 LC2BK,49,false,
143682,M21 240208 LC2BK,49,false,
143683,M21 240211 LC2BK,857,false,
143684,M21 240215 LC2BK,1543,false,
143685,M21 240216 LC2BK,45,false,
143686,M21 240220 LC2BK,424,false,
143687,M21 240221 LC2BK,3,false,
143688,M21 240232 LC2BK,1534,false,
143689,M21 240235 LC2BK,45,false,
143690,M21 240236 LC2BK,87,false,
143691,M21 240237 LC2BK,3953,false,
143692,M22 240007 LC2BK,1,false,
143693,M22 240021 LC2BK,45,false,
143694,M22 240023 LC2BK,45,false,
143695,M22 240024 LC2BK,45,false,
143696,M22 240025 LC2BK,57,false,
143697,M22 240029 LC2BK,57,false,
143698,M22 240030 LC2BK,1,false,
143699,M22 240033 LC2BK,1,false,
143700,SMG-24-51,3,false,
143705,NEIS-22-SWEM24,,false,
143706,NEIS-22-SWEM371,,false,
143707,NEIS-22-SWEM373,,false,
143708,48358,3,false,
143709,50618,2164,false,
143710,51073,2261,false,
143711,56569,49,false,
143712,66559,2175,false,
143713,70861,150,false,
143718,N24-0001,,false,
143749,67487,,false,
143750,67496,,false,
143751,67536,,false,
143752,67545,,false,
143761,58605,,false,
143763,HSJ_456.fasta,5095,false,
143764,HSJ_470.fasta,5095,false,
143765,HSJ_519.fasta,5096,false,
143766,HGV_128.fasta,3353,false,
143767,HGV_132.fasta,3966,false,
143768,HGV_133.fasta,3353,false,
143769,HLR_070.fasta,654,false,
143770,HLP_106.fasta,1006,false,
143771,HGC_101.fasta,3359,false,
143772,HCV_553.fasta,3359,false,
143773,HGC_045.fasta,1006,false,
143774,HFB_028.fasta,644,false,
143775,HCV_541.fasta,3353,false,
143776,HCV_239.fasta,23,false,
143777,HAV_023.fasta,16,false,
143778,HLR_001.fasta,18,false,
143779,HCV_303.fasta,3359,false,
143780,HCV_172.fasta,16,false,
143781,HLR_053.fasta,16,false,
143782,HAV_011.fasta,16,false,
143783,HCV_314.fasta,18,false,
143784,HFB_030.fasta,16,false,
143785,HCV_547.fasta,3276,false,
143786,HCV_548.fasta,3353,false,
143787,HMA_010.fasta,636,false,
143788,HFB_002.fasta,18,false,
143789,HCV_075.fasta,1122,false,
143790,HFB_003.fasta,18,false,
143791,HGV_009.fasta,18,false,
143792,HCV_549.fasta,3353,false,
143793,HGV_010.fasta,16,false,
143794,HLR_047.fasta,18,false,
143795,HLA_025.fasta,3474,false,
143796,HLR_003.fasta,18,false,
143797,HCV_546.fasta,18,false,
143798,HAV_065.fasta,5097,false,
143799,HGV_051.fasta,3359,false,
143800,HCV_402.fasta,3474,false,
143801,HCV_068.fasta,16,false,
143802,HCV_496.fasta,3479,false,
143803,HGV_018.fasta,3359,false,
143804,HGV_033.fasta,16,false,
143805,HCV_519.fasta,3479,false,
143806,HAV_038.fasta,3359,false,
143807,HCV_457.fasta,16,false,
143808,HAV_019.fasta,3359,false,
143809,HLR_035.fasta,18,false,
143810,HFB_037.fasta,18,false,
143811,HLF_104.fasta,378,false,
143812,HLF_115.fasta,378,false,
143813,HLF_116.fasta,378,false,
143814,HLF_118.fasta,367,false,
143815,HLF_178.fasta,1006,false,
143816,HLF_145.fasta,16,false,
143817,HLF_185.fasta,367,false,
143818,HLF_152.fasta,16,false,
143819,HLF_259.fasta,21,false,
143820,HLF_218.fasta,18,false,
143821,HLF_233.fasta,18,false,
143822,HLF_261.fasta,18,false,
143823,HLF_208.fasta,22,false,
143824,HLF_262.fasta,1122,false,
143825,HLF_366.fasta,18,false,
143826,HLF_318.fasta,5098,false,
143827,HLF_398.fasta,373,false,
143828,HLF_395.fasta,3353,false,
143829,HLF_397.fasta,23,false,
143830,HLF_417.fasta,3359,false,
143831,HLF_431.fasta,23,false,
143832,HLF_444.fasta,367,false,
143833,HLF_454.fasta,3479,false,
143834,HLF_477.fasta,3353,false,
143835,HLF_511.fasta,3359,false,
143836,HLF_479.fasta,3479,false,
143837,HLF_481.fasta,18,false,
143838,HLF_508.fasta,367,false,
143839,HLF_535.fasta,636,false,
143840,HCV_311.fasta,18,false,
143841,HCV_422.fasta,3479,false,
143842,HCV_435.fasta,16,false,
143843,HCV_478.fasta,367,false,
143844,HFB_046.fasta,5096,false,
143845,HLR_024.fasta,16,false,
143846,HCV_298.fasta,18,false,
143847,HAV_027.fasta,3966,false,
143848,HCV_554.fasta,3353,false,
143849,HCV_290.fasta,3359,false,
143850,HCV_096.fasta,654,false,
143851,HCV_571.fasta,3353,false,
143852,HFB_001.fasta,16,false,
143853,HAV_076.fasta,3474,false,
143854,HAV_077.fasta,367,false,
143855,HGV_112.fasta,3353,false,
143856,HLR_021.fasta,1122,false,
143857,HCV_200.fasta,22,false,
143858,HCV_574.fasta,3353,false,
143859,HCV_301.fasta,5099,false,
143860,HFB_042.fasta,3474,false,
143861,HCV_179.fasta,18,false,
143862,HDP_002.fasta,3359,false,
143863,HDP_014.fasta,5100,false,
143864,HDP_035.fasta,5101,false,
143865,HDP_051.fasta,367,false,
143866,NG-LR-43.fasta,16,false,
143867,NG-LR-50.fasta,16,false,
143868,NG-LR-41.fasta,16,false,
143869,NG-LR-49.fasta,16,false,
143870,NG-LR-29.fasta,18,false,
143871,NG-LR-75.fasta,1006,false,
143872,NG-LR-69.fasta,1006,false,
143873,NG-LR-59.fasta,16,false,
143874,NG-LR-4.fasta,5102,false,
143875,NG-LR-142.fasta,367,false,
143876,NG-LR-73.fasta,18,false,
143877,SMG-24-112,5103,false,
143896,H23-281,,false,
143897,H22-408,,false,
143898,H21-741,,false,
143899,H19-271,,false,
143900,H23-343,,false,
143901,H23-313,,false,
143902,H23-303,,false,
143903,H23-664,,false,
143904,H21-696,,false,
143905,H23-612,,false,
143906,H22-722,,false,
143907,H22-742,,false,
143908,H22-495,,false,
143909,00/23/01,,false,
143910,09/23/03,,false,
143911,20/23/15,,false,
143912,20/23/28,,false,
143913,20/23/32,,false,
143914,14/23/01,,false,
143915,14/23/04,,false,
143916,719-2023,,false,
143917,719-2023,,false,
143918,N24-0022,,false,
143919,N24-0034,,false,
143920,N24-0036,,false,
143921,N24-0053,,false,
143922,N24-0054,,false,
143923,N24-0057,,false,
143924,N24-0058,,false,
143925,N24-0063,,false,
143926,N24-0065,,false,
143927,N24-0066,,false,
143928,N24-0068,,false,
143929,N24-0069,,false,
143930,N24-0070,,false,
143931,N23-1517,,false,
143933,24-12,5105,false,
144060,BT00737V1C,65,false,
144061,BT00843V1C,,false,
144062,BT00851V1C,50,false,
144063,BT00854V1C,65,false,
144064,BT00870V1C,5114,false,
144065,BT00876V1C,87,false,
144066,BT00885V1C,97,false,
144067,BT00905V1C,890,false,
144068,BT00910V1C,3699,false,
144069,BT00911V1C,95,false,
144070,BT00949V1C,93,false,
144071,BT00959V1C,93,false,
144072,BT00965V1C,5115,false,
144073,BT00983V1C,5116,false,
144074,BT00986V1C,65,false,
144075,BT01029V1C,345,false,
144076,BT01046V1C,24,false,
144077,BT01060V1C,5117,false,
144078,BT01068V1C,5118,false,
144079,BT01077V1C,5141,false,
144080,BT01083V1C,5119,false,
144081,BT01087V1C,97,false,
144082,BT01100V1C,65,false,
144083,BT01117V1C,5120,false,
144084,BT01137V1C,2484,false,
144085,BT01138V1C,5121,false,
144086,BT01175V1C,5122,false,
144087,BT01216V1C,4116,false,
144088,BT01276V1C,5123,false,
144089,BT01282V1C,5124,false,
144090,BT01284V1C,87,false,
144091,BT01297V1C,902,false,
144092,BT04503V1C,104,false,
144093,BT04504V1C,45,false,
144094,BT04522V1C,87,false,
144095,BT04522V1C2,87,false,
144096,BT04749V1C,5125,false,
144097,BT04830V1C,104,false,
144098,BT04836V1C,262,false,
144099,BT04863V1C,87,false,
144100,BT04867V1C,259,false,
144101,BT04870V1C,65,false,
144102,BT07077V1C,349,false,
144103,BT07083V1C,65,false,
144104,BT07097V1C,1194,false,
144105,BT07108V1C,262,false,
144106,BT07188V1C,,false,
144107,BT07201V1C,4128,false,
144108,BT07210V1C,5126,false,
144109,BT07250V1C,5126,false,
144110,BT07255V1C,259,false,
144111,BT07256V1C,259,false,
144112,BT07264V1C,49,false,
144113,BT07266V1C,1653,false,
144114,BT07282V1C,95,false,
144115,BT07289V1C,102,false,
144116,BT07295V1C,,false,
144117,BT07299V1C,95,false,
144118,BT07317V1C,288,false,
144119,BT07357V1C,1,false,
144120,BT07360V1C,2695,false,
144121,BT07364V1C,62,false,
144122,BT07365V1C,211,false,
144123,BT07365V1C2,211,false,
144124,BT07372V1C,349,false,
144125,BT07382V1C,97,false,
144126,BT07389V1C,97,false,
144127,BT07404V1C,211,false,
144128,BT07421V1C,45,false,
144129,BT07424V1C,5127,false,
144130,BT07463V1C,5128,false,
144131,BT07470V1C,1,false,
144132,BT07493V1C,65,false,
144133,BT07520V1C,87,false,
144134,BT07523V1C,1374,false,
144135,BT07548V1C,104,false,
144136,BT07551V1C,62,false,
144137,BT07559V1C,1194,false,
144138,BT07560V1C,49,false,
144139,BT07604V1C,1194,false,
144140,BT07606V1C,62,false,
144141,BT07628V1C,57,false,
144142,BT07630V1C,62,false,
144143,BT07636V1C,57,false,
144144,BT07637V1C,62,false,
144145,BT07640V1C,62,false,
144146,BT07689V1C,62,false,
144147,BT07701V1C,1280,false,
144148,BT07706V1C,5129,false,
144149,BT07708V1C,1484,false,
144150,BT07725V1C,106,false,
144151,BT07739V1C,62,false,
144152,BT07741V1C,5130,false,
144153,BT07746V1C,87,false,
144154,BT07749V1C,62,false,
144155,BT07752V1C,45,false,
144156,BT07759V1C,2168,false,
144157,BT07778V1C,65,false,
144158,BT07779V1C,62,false,
144159,BT07797V1C,65,false,
144160,BT07831V1C,65,false,
144161,BT07871V1C,65,false,
144162,BT07956V1C,259,false,
144163,BT13014V1C,890,false,
144164,BT13155V1C,97,false,
144165,BT13173V1C,97,false,
144166,BT13222V1C,87,false,
144167,BT17197V1C,65,false,
144168,BT17411V1C,4123,false,
144169,BT17442V1C,95,false,
144170,BT17448V1C,262,false,
144171,BT17462V1C,262,false,
144172,BT17474V1C,66,false,
144173,BT17489V1C,65,false,
144174,BT17533V1C,65,false,
144175,BT17697V1C,65,false,
144176,BT17737V1C,3,false,
144177,BT17744V1C,104,false,
144178,BT17749V1C,1481,false,
144179,BT17782V1C,57,false,
144180,BT17783V1C,104,false,
144181,BT17821V1C,65,false,
144182,BT17862V1C,65,false,
144183,BT17875V1C,65,false,
144184,BT17906V1C,339,false,
144185,BT17910V1C,5131,false,
144186,BT17912V1C,87,false,
144188,BT27395V1C,1482,false,
144189,BT27401V1C,,false,
144190,BT27429V1C,348,false,
144191,BT27447V1C,45,false,
144192,BT27478V1C,5132,false,
144193,BT27478V1C2,5132,false,
144194,BT27482V1C,837,false,
144195,BT27492V1C,62,false,
144196,BT27540V1C,62,false,
144197,BT27549V1C,137,false,
144198,BT27576V1C,5133,false,
144199,BT31063V1C,45,false,
144200,BT31067V1C,141,false,
144201,BT31075V1C,87,false,
144202,BT31083V1C,45,false,
144203,BT31110V1C,278,false,
144204,BT31195V1C,,false,
144205,BT31219V1C,5134,false,
144206,BT33607V1C,1768,false,
144207,BT33658V1C,65,false,
144208,BT38559V1C,2504,false,
144209,BT40037V1C,97,false,
144210,BT50567V1C,45,false,
144211,BT50570V1C,5135,false,
144212,BT50622V1C,87,false,
144213,BT50635V1C,97,false,
144214,BT50719V1C,97,false,
144215,BT50746V1C,4674,false,
144216,BT50767V1C,97,false,
144217,BT50802V1C,5136,false,
144219,BT50812V1C,5142,false,
144220,BT50832V1C,5137,false,
144221,BT50833V1C,262,false,
144222,BT50878V1C,,false,
144223,BT50886V1C,6,false,
144224,BT50902V1C,5138,false,
144225,BT50910V1C,5139,false,
144226,BT50911V1C,5140,false,
144227,BT50920V1C,1702,false,
144228,BT50922V1C,96,false,
144229,BT50957V1C,137,false,
144230,Ng_ISS_5502,,false,
144231,Ng_ISS_5504,,false,
144232,Ng_ISS_5507,,false,
144233,Ng_ISS_5554,,false,
144234,Ng_ISS_5560,,false,
144235,Ng_ISS_5562,,false,
144236,Ng_ISS_5565,,false,
144237,Ng_ISS_5555,,false,
144238,NML2023-143,93,false,
144239,NML2023-144,1730,false,
144240,NML2023-145,2059,false,
144241,NML2023-146,4321,false,
144242,NML2023-147,1,false,
144243,NML2023-148,1,false,
144244,NML2023-149,,false,
144245,NML2023-152,66,false,
144246,NML2024-001,3,false,
144247,NML2024-002,5111,false,
144248,NML2024-003,976,false,
144249,NML2024-004,1,false,
144250,NML2024-006,62,false,
144251,NML2024-007,77,false,
144252,NML2024-008,62,false,
144253,NML2024-009,62,false,
144254,NML2024-010,568,false,
144255,NML2024-011,5112,false,
144256,NML2024-012,1,false,
144257,NML2024-013,,false,
144258,915-2023,5113,false,
144259,919-2023,28,false,
144260,75024,2175,false,
144261,75058,58,false,
144262,75074,2175,false,
144263,75113,67,false,
144264,75144,68,false,
144271,915-2023,5113,false,
144272,919-2023,28,false,
144275,SMG-24-260,3,false,
144276,SMG-24-264,3,false,
144277,67564,,false,
144278,67670,,false,
144279,67718,,false,
144280,67720,,false,
144281,67723,,false,
144282,67732,,false,
144283,67750,,false,
144284,67759,,false,
144285,67616,,false,
144294,Nm22,,false,
144295,15-193,1,false,
144309,67607,,false,
144310,M21 240171 AAF5LWYM5_ISA,127,false,
144311,M21 240177 AAF5LWYM5_ISA,65,false,
144312,M21 240179 AAF5LWYM5_ISA,3,false,
144313,M21 240181 AAF5LWYM5_ISA,106,false,
144314,M21 240183 AAF5LWYM5_ISA,396,false,
144315,M21 240184 AAF5LWYM5_ISA,45,false,
144316,M21 240185 AAF5LWYM5_ISA,3,false,
144317,M21 240188 AAF5LWYM5_ISA,93,false,
144318,M21 240190 AAF5LWYM5_ISA,250,false,
144319,M21 240191 AAF5LWYM5_ISA,45,false,
144320,M21 240196 AAF5LWYM5_ISA,3,false,
144321,M21 240205 AAF5LWYM5_ISA,49,false,
144322,M21 240208 AAF5LWYM5_ISA,49,false,
144323,M21 240211 AAF5LWYM5_ISA,857,false,
144324,M21 240215 AAF5LWYM5_ISA,1543,false,
144325,M21 240216 AAF5LWYM5_ISA,45,false,
144326,M21 240220 AAF5LWYM5_ISA,424,false,
144327,M21 240221 AAF5LWYM5_ISA,3,false,
144328,M21 240232 AAF5LWYM5_ISA,1534,false,
144329,M21 240235 AAF5LWYM5_ISA,45,false,
144330,M21 240236 AAF5LWYM5_ISA,87,false,
144331,M21 240237 AAF5LWYM5_ISA,3953,false,
144332,M22 240007 AAF5LWYM5_ISA,1,false,
144333,M22 240021 AAF5LWYM5_ISA,45,false,
144334,M22 240023 AAF5LWYM5_ISA,45,false,
144335,M22 240024 AAF5LWYM5_ISA,45,false,
144336,M22 240025 AAF5LWYM5_ISA,57,false,
144337,M22 240029 AAF5LWYM5_ISA,57,false,
144338,M22 240030 AAF5LWYM5_ISA,1,false,
144339,M22 240033 AAF5LWYM5_ISA,1,false,
144340,M21 240171 AAF5LWYM5_ISB,127,false,
144341,M21 240177 AAF5LWYM5_ISB,65,false,
144342,M21 240179 AAF5LWYM5_ISB,3,false,
144343,M21 240181 AAF5LWYM5_ISB,106,false,
144344,M21 240183 AAF5LWYM5_ISB,396,false,
144345,M21 240184 AAF5LWYM5_ISB,45,false,
144346,M21 240185 AAF5LWYM5_ISB,3,false,
144347,M21 240188 AAF5LWYM5_ISB,93,false,
144348,M21 240190 AAF5LWYM5_ISB,250,false,
144349,M21 240191 AAF5LWYM5_ISB,45,false,
144350,M21 240196 AAF5LWYM5_ISB,3,false,
144351,M21 240205 AAF5LWYM5_ISB,49,false,
144352,M21 240208 AAF5LWYM5_ISB,49,false,
144353,M21 240211 AAF5LWYM5_ISB,857,false,
144354,M21 240215 AAF5LWYM5_ISB,1543,false,
144355,M21 240216 AAF5LWYM5_ISB,45,false,
144356,M21 240220 AAF5LWYM5_ISB,424,false,
144357,M21 240221 AAF5LWYM5_ISB,3,false,
144358,M21 240232 AAF5LWYM5_ISB,1534,false,
144359,M21 240235 AAF5LWYM5_ISB,45,false,
144360,M21 240236 AAF5LWYM5_ISB,87,false,
144361,M21 240237 AAF5LWYM5_ISB,3953,false,
144362,M22 240007 AAF5LWYM5_ISB,1,false,
144363,M22 240021 AAF5LWYM5_ISB,45,false,
144364,M22 240023 AAF5LWYM5_ISB,45,false,
144365,M22 240024 AAF5LWYM5_ISB,45,false,
144366,M22 240025 AAF5LWYM5_ISB,57,false,
144367,M22 240029 AAF5LWYM5_ISB,57,false,
144368,M22 240030 AAF5LWYM5_ISB,1,false,
144369,M22 240033 AAF5LWYM5_ISB,1,false,
144370,SMG-24-332,3,false,
144371,SMG-24-336,3,false,
144372,SMG-24-339,262,false,
144373,0076/23,400,false,
144374,F720004936,902,false,
144375,23GB002108.fasta,367,false,
144376,23GB002085.fasta,3966,false,
144377,23GB002235.fasta,18,false,
144378,23GB002066.fasta,632,false,
144379,23GB002331.fasta,3886,false,
144380,23GB002773.fasta,18,false,
144381,23GB002115.fasta,1554,false,
144382,23GB002747.fasta,23,false,
144383,23GB002327.fasta,18,false,
144384,23GB002581.fasta,5143,false,
144385,23GB002764.fasta,373,false,
144386,23GB002215.fasta,21,false,
144387,23GB002390.fasta,16,false,
144388,23GB001131.fasta,16,false,
144389,23GB002322.fasta,3966,false,
144390,23GB002878.fasta,3353,false,
144391,23GB002204.fasta,5144,false,
144392,23GB001323.fasta,23,false,
144393,23GB002153.fasta,5145,false,
144394,23GB002323.fasta,367,false,
144395,23GB002242.fasta,18,false,
144396,23GB002244.fasta,18,false,
144397,23GB002429.fasta,18,false,
144398,23GB002451.fasta,367,false,
144399,915-2023,5113,false,
144400,919-2023,28,false,
144401,73-2024,220,false,
144402,74-2024,220,false,
144403,75-2024,220,false,
144404,F009007437,318,false,
144405,SMG-24-390,2781,false,
144406,SMG-24-410,45,false,
144414,67876,,false,
144419,67886,,false,
144426,67917,,false,
144429,67923,,false,
144430,67924,,false,
144432,67933,,false,
144438,67947,,false,
144440,67956,,false,
144444,67965,,false,
144447,67970,,false,
144448,67974,,false,
144451,24-80,5151,false,
144492,67804,,false,
144493,67808,,false,
144494,67811,,false,
144495,67818,,false,
144496,67821,,false,
144497,67822,,false,
144498,67830,,false,
144499,67832,,false,
144500,67833,,false,
144501,67835,,false,
144502,67836,,false,
144503,67844,,false,
144504,67847,,false,
144505,67856,,false,
144506,67857,,false,
144507,67859,,false,
144508,67862,,false,
144509,M21 240171 AAFH2KVM5_ISA,127,false,
144510,M21 240177 AAFH2KVM5_ISA,65,false,
144511,M21 240179 AAFH2KVM5_ISA,3,false,
144512,M21 240181 AAFH2KVM5_ISA,106,false,
144513,M21 240183 AAFH2KVM5_ISA,396,false,
144514,M21 240184 AAFH2KVM5_ISA,45,false,
144515,M21 240185 AAFH2KVM5_ISA,3,false,
144516,M21 240188 AAFH2KVM5_ISA,93,false,
144517,M21 240190 AAFH2KVM5_ISA,250,false,
144518,M21 240191 AAFH2KVM5_ISA,45,false,
144519,M21 240196 AAFH2KVM5_ISA,3,false,
144520,M21 240205 AAFH2KVM5_ISA,49,false,
144521,M21 240208 AAFH2KVM5_ISA,49,false,
144522,M21 240211 AAFH2KVM5_ISA,857,false,
144523,M21 240215 AAFH2KVM5_ISA,1543,false,
144524,M21 240216 AAFH2KVM5_ISA,45,false,
144525,M21 240220 AAFH2KVM5_ISA,424,false,
144526,M21 240221 AAFH2KVM5_ISA,3,false,
144527,M21 240232 AAFH2KVM5_ISA,1534,false,
144528,M21 240235 AAFH2KVM5_ISA,45,false,
144529,M21 240236 AAFH2KVM5_ISA,87,false,
144530,M21 240237 AAFH2KVM5_ISA,3953,false,
144531,M22 240007 AAFH2KVM5_ISA,1,false,
144532,M22 240021 AAFH2KVM5_ISA,45,false,
144533,M22 240023 AAFH2KVM5_ISA,45,false,
144534,M22 240024 AAFH2KVM5_ISA,45,false,
144535,M22 240025 AAFH2KVM5_ISA,57,false,
144536,M22 240029 AAFH2KVM5_ISA,57,false,
144537,M22 240030 AAFH2KVM5_ISA,1,false,
144538,M22 240033 AAFH2KVM5_ISA,1,false,
144539,M21 240171 AAFH2KVM5_ISB,127,false,
144540,M21 240177 AAFH2KVM5_ISB,65,false,
144541,M21 240179 AAFH2KVM5_ISB,3,false,
144542,M21 240181 AAFH2KVM5_ISB,106,false,
144543,M21 240183 AAFH2KVM5_ISB,396,false,
144544,M21 240184 AAFH2KVM5_ISB,45,false,
144545,M21 240185 AAFH2KVM5_ISB,3,false,
144546,M21 240188 AAFH2KVM5_ISB,93,false,
144547,M21 240190 AAFH2KVM5_ISB,250,false,
144548,M21 240191 AAFH2KVM5_ISB,45,false,
144549,M21 240196 AAFH2KVM5_ISB,3,false,
144550,M21 240205 AAFH2KVM5_ISB,49,false,
144551,M21 240208 AAFH2KVM5_ISB,49,false,
144552,M21 240211 AAFH2KVM5_ISB,857,false,
144553,M21 240215 AAFH2KVM5_ISB,1543,false,
144554,M21 240216 AAFH2KVM5_ISB,45,false,
144555,M21 240220 AAFH2KVM5_ISB,424,false,
144556,M21 240221 AAFH2KVM5_ISB,3,false,
144557,M21 240232 AAFH2KVM5_ISB,1534,false,
144558,M21 240235 AAFH2KVM5_ISB,45,false,
144559,M21 240236 AAFH2KVM5_ISB,87,false,
144560,M21 240237 AAFH2KVM5_ISB,3953,false,
144561,M22 240007 AAFH2KVM5_ISB,1,false,
144562,M22 240021 AAFH2KVM5_ISB,45,false,
144563,M22 240023 AAFH2KVM5_ISB,45,false,
144564,M22 240024 AAFH2KVM5_ISB,45,false,
144565,M22 240025 AAFH2KVM5_ISB,57,false,
144566,M22 240029 AAFH2KVM5_ISB,57,false,
144567,M22 240030 AAFH2KVM5_ISB,1,false,
144568,M22 240033 AAFH2KVM5_ISB,1,false,
144569,HY2024LN001,5154,false,
144570,HY2024LN003,1440,false,
144571,HY2024LN006,1440,false,
144572,HY2024LN008,5154,false,
144573,HY2024LN009,1440,false,
144574,HY2024LN010,1440,false,
144575,NM202,,false,
144576,SMG-24-451,3,false,
144577,SMG-24-457,5160,false,
144578,SMG-24-471,1781,false,
144579,SMG-24-468,407,false,
144580,SMG-24-470,4108,false,
144581,SMG-24-462,,false,
144582,N24-0114,,false,
144583,N24-0118,,false,
144584,N24-0127,,false,
144585,N24-0144,,false,
144622,67865,,false,
144623,67887,,false,
144624,68014,,false,
144625,68034,,false,
144626,68035,,false,
144649,67994,,false,
144650,68026,,false,
144651,68054,,false,
144652,68006,,false,
144653,68014,,false,
144659,68011,,false,
144660,HLF_533,18,false,
144661,H06-EMI-002,1,false,
144662,H15-EMI-051,87,false,
144663,0008/24,28,false,
144664,SMG-24-520,97,false,
144665,Men_Wal_129,,false,
144666,Men_Wal_130,,false,
144667,Men_Wal_131,,false,
144668,Men_Wal_132,,false,
144669,Men_Wal_133,,false,
144670,Men_Wal_134,,false,
144671,Men_Wal_135,,false,
144672,Men_Wal_136,,false,
144673,Men_Wal_137,,false,
144674,Men_Wal_138,,false,
144675,Men_Wal_139,,false,
144676,N24-0179,,false,
144677,N24-0198,,false,
144678,N24-0205,,false,
144679,N24-0215,,false,
144680,N24-0216,,false,
144681,N24-0220,,false,
144682,N24-0234,,false,
144683,N24-0238,,false,
144684,114801,65,false,
144685,SMG-24-533,265,false,
144686,SMG-24-539,4737,false,
144687,SMG-24-528,454,false,
144865,H24-270,,false,
144866,166-2024,220,false,
144867,167-2024,220,false,
144868,M101,,false,
144869,M107,,false,
144870,M307,,false,
144871,M356,,false,
144872,M357,,false,
144873,M422,,false,
144874,M498,,false,
144875,143-2024,220,false,
144876,147-2024,220,false,
144877,155-2024,57,false,
144878,159-2024,57,false,
144879,N23-0123,,false,
144880,N24-0241,,false,
144881,N24-0249,,false,
144882,N24-0252,,false,
144883,N24-0269,,false,
144987,68091,,false,
144988,68092,,false,
144990,67967,,false,
144991,67973,,false,
144992,67980,,false,
144998,67990,,false,
145001,68001,,false,
145002,68067,,false,
145003,68076,,false,
145004,68086,,false,
145005,68102,,false,
145006,35209458,5331,false,
145007,89752242680,367,false,
145008,90135777700,3474,false,
145009,97822091943,259,false,
145010,97835243552,39,false,
145011,103022267654,3684,false,
147330,4489,,false,
147331,4494,,false,
147332,HFB_015,,false,
147333,NML2024-015a,42,false,
147334,NML2024-015b,42,false,
147335,NML2024-016,4651,false,
147336,NML2024-017,5111,false,
147337,NML2024-018a,141,false,
147338,NML2024-018b,141,false,
147339,NML2024-022,4321,false,
147340,NML2024-023,62,false,
147341,NML2024-024,62,false,
147342,NML2024-025,62,false,
147343,NML2024-026,9,false,
147344,NML2024-027,4321,false,
147345,NML2024-028,57,false,
147346,NML2024-029,2779,false,
147347,NML2024-031,49,false,
147348,NML2024-032,62,false,
147349,NML2024-035a,62,false,
147350,NML2024-037,1,false,
147351,23GRASP0266,,false,
147352,23GRASP0193,,false,
147353,23GRASP0490,,false,
147354,23GRASP0511,,false,
147355,23GRASP0287,,false,
147356,23GRASP0505,,false,
147357,23GRASP0339,,false,
147358,23GRASP0457,,false,
147359,23GRASP0244,,false,
147360,23GRASP0328,,false,
147361,23GRASP0481,,false,
147362,23GRASP0423,,false,
147363,23GRASP0374,,false,
147364,23GRASP0160,,false,
147365,23GRASP0135,,false,
147366,23GRASP0358,,false,
147367,23GRASP0295,,false,
147368,23GRASP0313,,false,
147369,23GRASP0130,,false,
147370,23GRASP0152,,false,
147371,23GRASP0116,,false,
147372,23GRASP0415,,false,
147373,23GRASP0479,,false,
147374,23GRASP0155,,false,
147375,23GRASP0166,,false,
147376,23GRASP0107,,false,
147377,23GRASP0483,,false,
147378,23GRASP0487,,false,
147379,23GRASP0194,,false,
147380,23GRASP0227,,false,
147381,23GRASP0267,,false,
147382,23GRASP0438,,false,
147383,23GRASP0125,,false,
147384,23GRASP0073,,false,
147385,23GRASP0002,,false,
147386,23GRASP0251,,false,
147387,23GRASP0111,,false,
147388,23GRASP0403,,false,
147389,23GRASP0255,,false,
147390,23GRASP0264,,false,
147391,23GRASP0019,,false,
147392,23GRASP0519,,false,
147393,23GRASP0025,,false,
147394,23GRASP0407,,false,
147395,23GRASP0216,,false,
147396,23GRASP0006,,false,
147397,23GRASP0513,,false,
147398,23GRASP0451,,false,
147399,23GRASP0468,,false,
147400,23GRASP0048,,false,
147401,23GRASP0364,,false,
147402,23GRASP0420,,false,
147403,23GRASP0121,,false,
147404,23GRASP0409,,false,
147405,23GRASP0394,,false,
147406,23GRASP0288,,false,
147407,23GRASP0283,,false,
147408,23GRASP0054,,false,
147409,23GRASP0222,,false,
147410,23GRASP0142,,false,
147411,23GRASP0233,,false,
147412,23GRASP0517,,false,
147413,23GRASP0301,,false,
147414,23GRASP0494,,false,
147415,23GRASP0254,,false,
147416,23GRASP0523,,false,
147417,23GRASP0210,,false,
147418,23GRASP0256,,false,
147419,23GRASP0378,,false,
147420,23GRASP0307,,false,
147421,23GRASP0112,,false,
147422,23GRASP0066,,false,
147423,23GRASP0493,,false,
147424,23GRASP0261,,false,
147425,23GRASP0272,,false,
147426,23GRASP0022,,false,
147427,23GRASP0026,,false,
147428,23GRASP0231,,false,
147429,23GRASP0383,,false,
147430,23GRASP0469,,false,
147431,23GRASP0243,,false,
147432,23GRASP0300,,false,
147433,H24-441,,false,
147434,F828006647,2291,false,
147435,SMG-24-782,62,false,
147436,SMG-24-777,280,false,
147437,SD24WH0038NM,5323,false,
147438,SD24WH0084NM,5323,false,
147439,SD24WH0085NM,5323,false,
147440,SD24WH0086NM,2676,false,
147528,Nm_35-023,1,false,
147529,Nm_36-023,1,false,
147530,Nm-37-023,67,false,
147531,Nm_38-023,87,false,
147532,Nm_40-023,4108,false,
147533,Nm_41-023,2701,false,
147534,HE23SJZcsf-Nm,62,false,
147535,HE23SJZ1240Nm,62,false,
147536,HE23SJZ1253Nm,62,false,
147537,24-163,141,false,
147538,24-166,62,false,
147539,24171,,false,
147540,24183,,false,
147541,24216,,false,
147542,202400543,,false,
147543,24232,,false,
147549,N20-0819,,false,
147550,N20-0856,,false,
147551,N20-0862,,false,
147552,Nm_42-023,5326,false,
147553,Nm_01-024,62,false,
147554,Nm_02-024,1,false,
147555,Nm_04-024,62,false,
147556,Nm_05-024,62,false,
147557,Nm_07-024,150,false,
147558,24185,,false,
147559,24229,,false,
147560,N24-0277,,false,
147561,N24-0280,,false,
147562,154-2024,57,false,
147563,219-2024,5386,false,
147564,259-2024,5387,false,
147574,LS-M338,,false,
147575,LS-M353,,false,
147576,LS-M355,,false,
147577,LS-M370,,false,
147578,LS-M376,,false,
147579,LS-M380,,false,
147580,LS-M382,,false,
147581,LS-M406,,false,
147582,LS-M417,,false,
147583,LS-M424,,false,
147584,LS-M433,,false,
147585,LS-M446,,false,
147586,LS-M468,,false,
147587,LS-M487,,false,
147588,LS-M495,,false,
147589,LS-M502,,false,
147590,LS-M503,,false,
147591,LS-M535,,false,
147592,LS-M540,,false,
147593,SMG-24-885,97,false,
147594,SMG-24-898,97,false,
147595,9436/23,,false,
147596,9755/23,,false,
147597,M00455,5389,false,
147598,M62104,,false,
147599,M62288,,false,
147600,M62316,,false,
147601,M62317,,false,
147602,M62454,,false,
147606,23958,,false,
147607,23968,,false,
147608,23978,,false,
147609,24000,,false,
147610,24015,,false,
147611,24027,,false,
147612,24052,,false,
147613,24088,,false,
147614,24095,,false,
147615,24097,,false,
147616,24098,,false,
147617,24102,,false,
147618,24109,,false,
147626,60993,,false,
147627,61019,,false,
147628,61090,,false,
147629,61298,,false,
147630,62892,,false,
147631,M21 240171 1352804,127,false,
147632,M21 240177 1352805,65,false,
147633,M21 240179 1352806,3,false,
147634,M21 240181 1352807,106,false,
147635,M21 240183 1352808,396,false,
147636,M21 240184 1352809,45,false,
147637,M21 240185 1352810,3,false,
147638,M21 240188 1352811,93,false,
147639,M21 240190 1352812,250,false,
147640,M21 240191 1352813,45,false,
147641,M21 240196 1352814,3,false,
147642,M21 240205 1352815,49,false,
147643,M21 240208 1352816,49,false,
147644,M21 240211 1352817,857,false,
147645,M21 240215 1352818,1543,false,
147646,M21 240216 1352819,45,false,
147647,M21 240220 1352820,424,false,
147648,M21 240221 1352821,3,false,
147649,M21 240232 1352822,1534,false,
147650,M21 240235 1352823,45,false,
147651,M21 240236 1352824,87,false,
147652,M21 240237 1352825,3953,false,
147653,M22 240007 1352826,1,false,
147654,M22 240021 1352827,45,false,
147655,M22 240023 1352828,45,false,
147656,M22 240024 1352829,45,false,
147657,M22 240025 1352830,57,false,
147658,M22 240029 1352831,57,false,
147659,M22 240030 1352832,1,false,
147660,M22 240033 1352833,1,false,
147661,M21 240171 1372864,127,false,
147662,M21 240177 1372865,65,false,
147663,M21 240179 1372866,3,false,
147664,M21 240181 1372867,106,false,
147665,M21 240183 1372868,396,false,
147666,M21 240184 1372869,45,false,
147667,M21 240185 1372870,3,false,
147668,M21 240188 1372871,93,false,
147669,M21 240190 1372872,250,false,
147670,M21 240191 1372873,45,false,
147671,M21 240196 1372874,3,false,
147672,M21 240205 1372875,49,false,
147673,M21 240208 1372876,49,false,
147674,M21 240211 1372877,857,false,
147675,M21 240215 1372878,1543,false,
147676,M21 240216 1372879,45,false,
147677,M21 240220 1372880,424,false,
147678,M21 240221 1372881,3,false,
147679,M21 240232 1372882,1534,false,
147680,M21 240235 1372883,45,false,
147681,M21 240236 1372884,87,false,
147682,M21 240237 1372885,3953,false,
147683,M22 240007 1372886,1,false,
147684,M22 240021 1372887,45,false,
147685,M22 240023 1372888,45,false,
147686,M22 240024 1372889,45,false,
147687,M22 240025 1372890,57,false,
147688,M22 240029 1372891,57,false,
147689,M22 240030 1372892,1,false,
147690,M22 240033 1372893,1,false,
147691,M21 240171 1386909,127,false,
147692,M21 240177 1386910,65,false,
147693,M21 240179 1386911,3,false,
147694,M21 240181 1386912,106,false,
147695,M21 240183 1386913,396,false,
147696,M21 240184 1386914,45,false,
147697,M21 240185 1386915,3,false,
147698,M21 240188 1386916,93,false,
147699,M21 240190 1386917,250,false,
147700,M21 240191 1386918,45,false,
147701,M21 240196 1386919,3,false,
147702,M21 240205 1386920,49,false,
147703,M21 240208 1386921,49,false,
147704,M21 240211 1386922,857,false,
147705,M21 240215 1386923,1543,false,
147706,M21 240216 1386924,45,false,
147707,M21 240220 1386925,424,false,
147708,M21 240221 1386926,3,false,
147709,M21 240232 1386927,1534,false,
147710,M21 240235 1386928,45,false,
147711,M21 240236 1386929,87,false,
147712,M21 240237 1386930,3953,false,
147713,M22 240007 1386931,1,false,
147714,M22 240021 1386932,45,false,
147715,M22 240023 1386933,45,false,
147716,M22 240024 1386934,45,false,
147717,M22 240025 1386935,57,false,
147718,M22 240029 1386936,57,false,
147719,M22 240030 1386937,1,false,
147720,M22 240033 1386938,1,false,
147721,M21 240171 1387007,127,false,
147722,M21 240177 1387008,65,false,
147723,M21 240179 1387009,3,false,
147724,M21 240181 1387010,106,false,
147725,M21 240183 1387011,396,false,
147726,M21 240184 1387012,45,false,
147727,M21 240185 1387013,3,false,
147728,M21 240188 1387014,93,false,
147729,M21 240190 1387015,250,false,
147730,M21 240191 1387016,45,false,
147731,M21 240196 1387017,3,false,
147732,M21 240205 1387018,49,false,
147733,M21 240208 1387019,49,false,
147734,M21 240211 1387020,857,false,
147735,M21 240215 1387021,1543,false,
147736,M21 240216 1387022,45,false,
147737,M21 240220 1387023,424,false,
147738,M21 240221 1387024,3,false,
147739,M21 240232 1387025,1534,false,
147740,M21 240235 1387026,45,false,
147741,M21 240236 1387027,87,false,
147742,M21 240237 1387028,3953,false,
147743,M22 240007 1387029,1,false,
147744,M22 240021 1387030,45,false,
147745,M22 240023 1387031,45,false,
147746,M22 240024 1387032,45,false,
147747,M22 240025 1387033,57,false,
147748,M22 240029 1387034,57,false,
147749,M22 240030 1387035,1,false,
147750,M22 240033 1387036,1,false,
147751,M21 240171 1412411,127,false,
147752,M21 240177 1412412,65,false,
147753,M21 240179 1412413,3,false,
147754,M21 240181 1412414,106,false,
147755,M21 240183 1412415,396,false,
147756,M21 240184 1412416,45,false,
147757,M21 240185 1412417,3,false,
147758,M21 240188 1412418,93,false,
147759,M21 240190 1412419,250,false,
147760,M21 240191 1412420,45,false,
147761,M21 240196 1412421,3,false,
147762,M21 240205 1412422,49,false,
147763,M21 240208 1412423,49,false,
147764,M21 240211 1412424,857,false,
147765,M21 240215 1412425,1543,false,
147766,M21 240216 1412426,45,false,
147767,M21 240220 1412427,424,false,
147768,M21 240221 1412428,3,false,
147769,M21 240232 1412429,1534,false,
147770,M21 240235 1412430,45,false,
147771,M21 240236 1412431,87,false,
147772,M21 240237 1412432,3953,false,
147773,M22 240007 1412433,1,false,
147774,M22 240021 1412434,45,false,
147775,M22 240023 1412435,45,false,
147776,M22 240024 1412436,45,false,
147777,M22 240025 1412437,57,false,
147778,M22 240029 1412438,57,false,
147779,M22 240030 1412439,1,false,
147780,M22 240033 1412440,1,false,
147781,M21 240171 1412510,127,false,
147782,M21 240177 1412511,65,false,
147783,M21 240179 1412512,3,false,
147784,M21 240181 1412513,106,false,
147785,M21 240183 1412514,396,false,
147786,M21 240184 1412515,45,false,
147787,M21 240185 1412516,3,false,
147788,M21 240188 1412517,93,false,
147789,M21 240190 1412518,250,false,
147790,M21 240191 1412519,45,false,
147791,M21 240196 1412520,3,false,
147792,M21 240205 1412521,49,false,
147793,M21 240208 1412522,49,false,
147794,M21 240211 1412523,857,false,
147795,M21 240215 1412524,1543,false,
147796,M21 240216 1412525,45,false,
147797,M21 240220 1412526,424,false,
147798,M21 240221 1412527,3,false,
147799,M21 240232 1412528,1534,false,
147800,M21 240235 1412529,45,false,
147801,M21 240236 1412530,87,false,
147802,M21 240237 1412531,3953,false,
147803,M22 240007 1412532,1,false,
147804,M22 240021 1412533,45,false,
147805,M22 240023 1412534,45,false,
147806,M22 240024 1412535,45,false,
147807,M22 240025 1412536,57,false,
147808,M22 240029 1412537,57,false,
147809,M22 240030 1412538,1,false,
147810,M22 240033 1412539,1,false,
147811,23986,,false,
147812,24009,,false,
147813,24026,,false,
147814,24032,,false,
147815,24084,,false,
147816,24110,,false,
147817,24132,,false,
147818,24153,,false,
147819,60611,,false,
147820,60613,,false,
147821,60615,,false,
147822,59382,,false,
147823,59829,,false,
147824,59833,,false,
147825,59837,,false,
147826,60088,,false,
147827,55128,,false,
147828,55181,,false,
147829,55213,,false,
147830,55241,,false,
147831,55275,,false,
147832,55286,,false,
147833,56667,,false,
147834,56673,,false,
147835,56747,,false,
147836,BT00863V1C,207,false,
147837,BT01007V1C,77,false,
147838,BT01065V1C,5115,false,
147839,BT01069V1C,,false,
147840,BT01115V1C,5396,false,
147841,BT01121V1C,5397,false,
147842,BT01178V1C,62,false,
147843,BT01180V1C,5390,false,
147844,BT01242V1C,97,false,
147845,BT01300V1C,45,false,
147846,BT01307V1C,33,false,
147847,BT04160V1C,822,false,
147848,BT04196V1C,738,false,
147849,BT04228V1C,5296,false,
147850,BT04230V1C,87,false,
147851,BT04231V1C,66,false,
147852,BT04236V1C,5296,false,
147853,BT04239V1C,57,false,
147854,BT04244V1C,5296,false,
147855,BT04245V1C,262,false,
147856,BT04250V1C,3,false,
147857,BT04252V1C,3699,false,
147858,BT04592V1C,2649,false,
147859,BT04655V1C,4253,false,
147860,BT07015V1C,,false,
147861,BT07037V1C,259,false,
147862,BT07061V1C,77,false,
147863,BT07066V1C,1,false,
147864,BT07078V1C,2204,false,
147865,BT07125V1C,65,false,
147866,BT07211V1C,4118,false,
147867,BT07219V1C,5297,false,
147868,BT07227V1C,1660,false,
147869,BT07229V1C,97,false,
147870,BT07327V1C,1,false,
147871,BT07430V1C,87,false,
147872,BT07448V1C,1389,false,
147873,BT07478V1C,141,false,
147874,BT07525V1C,62,false,
147875,BT07530V1C,62,false,
147876,BT07570V1C,1194,false,
147877,BT07687V1C,1401,false,
147879,BT07859V1C,1232,false,
147880,BT07860V1C,87,false,
147881,BT07864V1C,57,false,
147882,BT07914V1C,97,false,
147883,BT07935V1C,832,false,
147884,BT07942V1C,2514,false,
147885,BT07970V1C,62,false,
147886,BT07976V1C,97,false,
147887,BT09451V1C,5298,false,
147888,BT13017V1C,4065,false,
147889,BT13054V1C,5391,false,
147890,BT13092V1C,837,false,
147891,BT13145V1C,259,false,
147892,BT13146V1C,97,false,
147893,BT16882V1C,5299,false,
147894,BT16944V1C,1166,false,
147895,BT17418V1C,24,false,
147896,BT17423V1C,97,false,
147897,BT17440V1C,5302,false,
147898,BT17449V1C,97,false,
147899,BT17465V1C,97,false,
147900,BT17472V1C,224,false,
147901,BT17497V1C,779,false,
147902,BT17503V1C,97,false,
147903,BT17505V1C,97,false,
147904,BT17516V1C,87,false,
147905,BT17647V1C,345,false,
147906,BT17758V1C,1489,false,
147907,BT17759V1C,1489,false,
147908,BT17893V1C,835,false,
147909,BT17923V1C,407,false,
147910,BT17946V1C,4128,false,
147911,BT17959V1C,890,false,
147912,BT22331V1C,,false,
147913,BT22335V1C,1166,false,
147914,BT22356V1C,5305,false,
147915,BT22357V1C,5306,false,
147916,BT22370V1C,1401,false,
147917,BT22373V1C,65,false,
147918,BT22378V1C,65,false,
147919,BT22388V1C,45,false,
147920,BT22417V1C,65,false,
147921,BT22419V1C,45,false,
147922,BT22429V1C,45,false,
147923,BT22433V1C,62,false,
147924,BT22469V1C,62,false,
147925,BT22471V1C,65,false,
147926,BT22517V1C,49,false,
147927,BT22548V1C,1220,false,
147928,BT22560V1C,259,false,
147929,BT22565V1C,1220,false,
147930,BT22567V1C,1220,false,
147931,BT22569V1C,62,false,
147932,BT22577V1C,5392,false,
147933,BT22627V1C,65,false,
147934,BT22650V1C,87,false,
147935,BT22687V1C,65,false,
147936,BT22702V1C,2448,false,
147937,BT22711V1C,1638,false,
147938,BT22724V1C,199,false,
147939,BT22733V1C,262,false,
147940,BT22781V1C,41,false,
147941,BT22794V1C,348,false,
147942,BT25369V1C,104,false,
147943,BT25372V1C,4129,false,
147944,BT25382V1C,45,false,
147945,BT25412V1C,5398,false,
147946,BT25413V1C,45,false,
147947,BT25504V1C,211,false,
147948,BT25526V1C,5307,false,
147949,BT25539V1C,5308,false,
147950,BT25553V1C,5399,false,
147951,BT25554V1C,97,false,
147952,BT25562V1C,45,false,
147953,BT25566V1C,722,false,
147954,BT25576V1C,5308,false,
147955,BT25584V1C,3,false,
147956,BT25590V1C,259,false,
147957,BT25593V1C,1489,false,
147958,BT25602V1C,5400,false,
147959,BT25615V1C,5309,false,
147960,BT25618V1C,4147,false,
147961,BT25659V1C,5393,false,
147962,BT25666V1C,57,false,
147963,BT25670V1C,,false,
147964,BT25672V1C,1234,false,
147965,BT25678V1C,5401,false,
147966,BT25699V1C,5310,false,
147967,BT25714V1C,5311,false,
147968,BT25721V1C,,false,
147969,BT25731V1C,1234,false,
147970,BT25733V1C,57,false,
147971,BT25835V1C,50,false,
147972,BT25885V1C,5312,false,
147973,BT25899V1C,5313,false,
147974,BT25907V1C,93,false,
147975,BT25921V1C,97,false,
147976,BT25943V1C,5314,false,
147977,BT25944V1C,104,false,
147978,BT25947V1C,1204,false,
147979,BT25981V1C,95,false,
147980,BT25988V1C,5315,false,
147981,BT25990V1C,97,false,
147982,BT26020V1C,9,false,
147983,BT26029V1C,65,false,
147984,BT26036V1C,5402,false,
147985,BT26040V1C,5309,false,
147986,BT26041V1C,5316,false,
147987,BT27577V1C,1,false,
147988,BT27585V1C,97,false,
147989,BT27623V1C,104,false,
147990,BT27626V1C,97,false,
147991,BT27629V1C,97,false,
147992,BT27670V1C,5317,false,
147993,BT27678V1C,57,false,
147994,BT27704V1C,45,false,
147995,BT27718V1C,300,false,
147996,BT27722V1C,250,false,
147997,BT27724V1C,5394,false,
147998,BT27730V1C,5318,false,
147999,BT27747V1C,45,false,
148000,BT27834V1C,1400,false,
148001,BT30404V1C,207,false,
148002,BT38465V1C,832,false,
148003,BT38657V1C,104,false,
148004,BT38661V1C,104,false,
148005,BT38677V1C,2462,false,
148006,BT38679V1C,62,false,
148007,BT38695V1C,97,false,
148008,BT38733V1C,738,false,
148009,BT38740V1C,77,false,
148010,BT38755V1C,5319,false,
148011,BT38758V1C,5320,false,
148012,BT39986V1C,1691,false,
148013,BT39993V1C,77,false,
148014,BT40013V1C,1783,false,
148015,BT40036V1C,6,false,
148016,BT50556V1C,87,false,
148017,BT50828V1C,104,false,
148018,BT50870V1C,5321,false,
148019,BT50875V1C,5403,false,
148020,BT50891V1C,6,false,
148021,BT51610V1C,1,false,
148022,BT51610V1C2,1,false,
148023,BT51617V1C,1,false,
148024,BT51629V1C,49,false,
148025,BT51649V1C,1878,false,
148026,BT51652V1C,62,false,
148027,BT51678V1C,49,false,
148028,BT51694V1C,1204,false,
148029,BT51712V1C,1489,false,
148030,BT51739V1C,5395,false,
148031,BT04616V1C1,5322,false,
148032,N24-0335,,false,
148033,N24-0339,,false,
148034,SMG-24-1012,93,false,
148035,SMG-24-1010,1,false,
148039,H01-RESP-037,4108,false,
148040,H01-RESP-038,4108,false,
148041,H01-RESP-039,1781,false,
148042,H01-RESP-041,1781,false,
148043,H01-RESP-042,407,false,
148044,H01-RESP-043,485,false,
148045,H01-RESP-044,1781,false,
148046,H01-RESP-045,4108,false,
148047,H01-RESP-046,97,false,
148048,H01-RESP-047,759,false,
148049,H01-RESP-048,4108,false,
148050,H01-RESP-049,5404,false,
148051,H01-RESP-050,87,false,
148052,H01-RESP-051,3697,false,
148053,H01-RESP-052,4108,false,
148054,H01-RESP-053,5405,false,
148055,H01-RESP-054,4108,false,
148056,H01-RESP-055,6,false,
148057,H01-RESP-056,1781,false,
148058,H01-RESP-057,5406,false,
148059,H01-RESP-058,5407,false,
148060,H01-RESP-060,4108,false,
148061,H01-RESP-061,454,false,
148062,H01-RESP-072,4338,false,
148063,H01-RESP-073,1482,false,
148064,H01-RESP-074,1482,false,
148065,H01-RESP-085,9,false,
148066,H01-RESP-086,454,false,
148067,H01-RESP-087,262,false,
148068,H01-RESP-088,455,false,
148069,H01-RESP-089,1708,false,
148070,H03-RESP-027,2292,false,
148071,H03-RESP-029,97,false,
148072,H03-RESP-030,87,false,
148073,H03-RESP-031,62,false,
148074,H03-RESP-032,9,false,
148075,H03-RESP-033,150,false,
148076,H04-RESP-020,1250,false,
148077,H04-RESP-021,257,false,
148078,H07-RESP-034,4108,false,
148079,H15-RESP-023,262,false,
148080,H15-RESP-024,259,false,
148081,H15-RESP-025,77,false,
148082,H15-RESP-026,262,false,
148083,H15-RESP-027,3,false,
148084,H15-RESP-028,259,false,
148085,H15-RESP-029,262,false,
148086,H15-RESP-030,2480,false,
148087,H15-EMI-052,3353,false,
148088,H15-EMI-053,62,false,
148090,75025,40,false,
148100,SMG-24-967,257,false,
148103,23MN0386,424,false,
148104,23MN0387,424,false,
148105,23MN0397,424,false,
148106,23MN0398,424,false,
148107,23MN0399,3803,false,
148270,N.14-24,,false,
148271,N.162-23,,false,
148272,M62182,,false,
148273,M62183,,false,
148274,M62219,,false,
148578,SMG-24-1089,2448,false,
148579,N24-0432,,false,
148580,N24-0454,,false,
148581,N24-0457,,false,
148582,N24-0458,,false,
148583,122Mo,,false,
148584,2408110752,3,false,
148585,357423754,,false,
148586,SMG-24-1125,280,false,
148587,SMG-24-1141,1781,false,
148594,N24-0314,,false,
148595,N24-0476,,false,
148596,N24-0477,,false,
148597,N24-0478,,false,
148609,N.31-24,,false,
148610,24238,,false,
148611,NZ23MI0001,5586,false,
148612,NZ23MI0038,77,false,
148613,N.37-23,,false,
148614,N.38-23,,false,
148615,NZ23MI0018,5587,false,
148616,NZ23MI0046,262,false,
148617,BT07141V1C,5511,false,
148618,BT19199V1C,4142,false,
148619,BT19208V1C,65,false,
148620,BT19213V1C,4890,false,
148621,BT27753V1C,1843,false,
148622,BT27764V1C,259,false,
148623,BT27785V1C,97,false,
148624,BT27797V1C,49,false,
148625,BT27803V1C,50,false,
148626,BT27859V1C,,false,
148627,BT27911V1C,45,false,
148628,BT27945V1C,,false,
148629,BT27947V1C,57,false,
148630,BT27952V1C,120,false,
148631,BT27955V1C,5512,false,
148633,BT27975V1C,5513,false,
148634,BT27980V1C,24,false,
148635,BT27986V1C,4112,false,
148636,BT28006V1C,120,false,
148637,BT28032V1C,1166,false,
148638,BT28033V1C,97,false,
148640,BT28075V1C,,false,
148641,BT28128V1C,24,false,
148642,BT31180V1C,1400,false,
148643,BT31455V1C,,false,
148644,BT31456V1C,,false,
148645,BT31472V1C,,false,
148646,BT31475V1C,5514,false,
148647,BT31513V1C,,false,
148649,BT31528V1C,120,false,
148650,BT31554V1C,2885,false,
148651,BT31556V1C,97,false,
148652,BT31557V1C,499,false,
148653,BT31571V1C,97,false,
148654,BT31644V1C,57,false,
148655,BT31672V1C,97,false,
148656,BT31681V1C,5515,false,
148657,BT31721V1C,5516,false,
148658,BT31725V1C,5517,false,
148659,BT31829V1C,5518,false,
148660,BT31836V1C,207,false,
148662,BT31870V1C,5601,false,
148663,BT31876V1C,,false,
148664,BT31981V1C,5519,false,
148665,BT32007V1C,45,false,
148666,BT32028V1C,5313,false,
148667,BT32039V1C,5520,false,
148668,BT32063V1C,,false,
148669,BT32096V1C,5521,false,
148670,BT32106V1C,2885,false,
148671,BT32111V1C,5522,false,
148672,BT32130V1C,65,false,
148673,BT32139V1C,66,false,
148674,BT32147V1C,4063,false,
148675,BT33690V1C,5523,false,
148676,BT33692V1C,97,false,
148677,BT33731V1C,5524,false,
148678,BT33736V1C,262,false,
148679,BT33743V1C,832,false,
148680,BT33757V1C,5525,false,
148681,BT33822V1C,5526,false,
148682,BT33869V1C,45,false,
148683,BT33917V1C,87,false,
148684,BT33928V1C,,false,
148686,BT33935V1C,65,false,
148687,BT33975V1C,5527,false,
148688,BT34066V1C,5528,false,
148689,BT34072V1C,738,false,
148690,BT34075V1C,2481,false,
148691,BT34087V1C,,false,
148692,BT34091V1C,4142,false,
148693,BT38786V1C,,false,
148694,BT38833V1C,,false,
148695,BT38836V1C,97,false,
148696,BT38837V1C,45,false,
148697,BT38850V1C,5529,false,
148698,BT38894V1C,49,false,
148699,BT40080V1C,77,false,
148700,BT40088V1C,3603,false,
148701,BT51008V3C,87,false,
148702,BT51017V3C,2885,false,
148703,BT51026V3C,2885,false,
148704,BT51082V3C,5530,false,
148705,BT51156V3C,97,false,
148706,BT51337V3C,259,false,
148708,BT51446V3C,5531,false,
148710,BT51527V3C,262,false,
148711,BT51535V3C,5532,false,
148712,BT51540V3C,5533,false,
148713,BT51550V3C,87,false,
148714,BT51591V3C,2492,false,
148715,BT51606V3C,1989,false,
148716,BT51624V3C,1667,false,
148717,BT51628V3C,87,false,
148718,BT51810V1C,1489,false,
148719,BT51818V1C,1489,false,
148720,BT51853V1C,2498,false,
148721,BT51861V1C,890,false,
148722,BT51862V1C,5534,false,
148723,BT51863V1C,5412,false,
148724,BT51864V1C,5535,false,
148725,BT51869V1C,1214,false,
148726,BT51876V1C,,false,
148727,BT51885V1C,,false,
148728,BT51888V1C,5536,false,
148729,BT51899V1C,288,false,
148730,BT51916V1C,259,false,
148731,BT51919V1C,5537,false,
148732,BT51940V1C,5538,false,
148733,BT51947V1C,5477,false,
148735,BT51968V1C,1408,false,
148736,BT51982V1C,5539,false,
148737,275-2024,9,false,
148738,307-2024,944,false,
148739,309-2024,220,false,
148743,24243,,false,
148744,H03-GEN-001,5540,false,
148745,SMG-24-1172,45,false,
148746,23VD_HDV_020,,false,
148747,23VD_HDV_030,,false,
148748,23VD_HDV_074,,false,
148749,23VD_HDV_106,,false,
148750,23VD_NHDV_029,,false,
148751,23VD_NHDV_054,,false,
148752,23VD_NHDV_070,,false,
148753,23VD_NHDV_134,,false,
148759,H03-EMI-004,4302,false,
148760,H07-GEN-001,150,false,
148761,H15-GEN-003,141,false,
148762,EPP10-022,50,false,
148763,N24-0548,,false,
148764,N24-0571,,false,
148765,N24-0572,,false,
148766,N24-0576,,false,
148767,N24-0581,,false,
148768,N24-0586,,false,
148769,357571023,,false,
148770,335-2024,5541,false,
148771,2022NG02528,,false,
148772,2022NG02710,,false,
148773,2022NG02767,,false,
148774,2022NG02779,,false,
148775,2022NG02790,,false,
148776,2022NG02799,,false,
148777,2022NG02808,,false,
148778,2022NG02820,,false,
148779,2022NG02832,,false,
148780,2022NG02837,,false,
148781,2022NG02840,,false,
148782,2022NG02841,,false,
148783,2022NG02859,,false,
148784,2022NG02886,,false,
148785,2022NG02895,,false,
148786,2022NG02902,,false,
148787,2022NG02942,,false,
148788,2022NG02949,,false,
148789,2022NG02952,,false,
148790,2023NG00052,,false,
148791,2023NG00060,,false,
148792,2023NG00082,,false,
148793,2023NG00312,,false,
148794,2023NG00014,,false,
148795,2023NG00096,,false,
148796,2023NG00111,,false,
148797,2023NG00128,,false,
148798,2023NG00160,,false,
148799,2023NG00161,,false,
148800,2023NG00171,,false,
148801,2023NG00227,,false,
148802,2023NG00253,,false,
148803,2023NG00268,,false,
148804,2023NG00288,,false,
148805,2023NG00294,,false,
148806,2023NG00062,,false,
148807,2023NG00077,,false,
148808,2023NG00083,,false,
148809,2023NG00289,,false,
148810,2023NG00311,,false,
148811,2023NG00371,,false,
148812,2023NG00381,,false,
148813,2023NG00391,,false,
148814,2023NG00397,,false,
148815,2023NG00423,,false,
148816,2023NG00440,,false,
148817,2023NG00451,,false,
148818,2023NG00485,,false,
148819,2023NG00534,,false,
148820,2023NG00540,,false,
148821,2023NG00552,,false,
148822,2023NG00647,,false,
148823,2023NG00662,,false,
148824,2023NG00664,,false,
148825,2023NG00671,,false,
148826,2023NG00682,,false,
148827,2023NG00707,,false,
148828,2023NG00713,,false,
148829,2023NG00735,,false,
148830,2023NG00739,,false,
148831,2023NG00740,,false,
148832,2023NG00790,,false,
148833,2023NG00791,,false,
148834,N24-0572,,false,
148852,11691,,false,
148853,11788,,false,
148854,11792,,false,
148855,11791,,false,
148856,11804,,false,
148857,11795,,false,
148858,11819,,false,
148859,11843,,false,
148860,11798,,false,
148861,202351850,,false,
148862,11800,,false,
148863,11813,,false,
148864,202348429,,false,
148865,11817,,false,
148866,11834,,false,
148867,11838,,false,
148868,202357279,,false,
148869,11849,,false,
148870,11852,,false,
148871,11861,,false,
148872,11871,,false,
148873,11892,,false,
148874,11893,,false,
148875,11919,,false,
148876,11928,,false,
148877,202249446,,false,
148878,202405159,,false,
148879,202405173,,false,
148880,11938,,false,
148881,11939,,false,
148882,11944,,false,
148883,11971,,false,
148884,12002,,false,
148885,202407730,,false,
148886,2023NG00469,,false,
148887,2023NG00494,,false,
148888,2023NG00697,,false,
148889,2023NG00709,,false,
148890,2023NG00263,,false,
148891,2023NG00358,,false,
148892,2023NG00605,,false,
148893,2023NG00610,,false,
148894,2023NG00628,,false,
148895,2023NG00629,,false,
148896,2023NG00634,,false,
148897,2023NG00837,,false,
148898,2023NG00850,,false,
148899,2023NG00864,,false,
148900,2023NG00909,,false,
148901,2023NG00948,,false,
148902,2023NG00950,,false,
148903,2023NG00969,,false,
148904,2023NG01020,,false,
148905,2023NG00470,,false,
148906,2023NG00541,,false,
148907,2023NG00543,,false,
148908,2023NG00749,,false,
148909,2023NG00786,,false,
148910,2023NG00866,,false,
148911,2023NG00951,,false,
148912,2023NG01024,,false,
148913,2023NG01039,,false,
148922,56616,,false,
148923,60088,,false,
148924,2023NG00477,,false,
148925,2023NG00581,,false,
148926,2023NG00655,,false,
148927,2023NG00683,,false,
148928,2023NG00961,,false,
148929,2023NG01079,,false,
148930,2023NG01097,,false,
148931,2023NG01115,,false,
148932,2023NG01123,,false,
148933,2023NG01146,,false,
148934,2023NG01160,,false,
148935,2023NG01163,,false,
148936,2023NG01171,,false,
148937,2023NG01177,,false,
148938,2023NG01179,,false,
148939,2023NG01180,,false,
148940,2023NG01188,,false,
148941,2023NG01194,,false,
148942,2023NG01198,,false,
148943,2023NG01225,,false,
148944,2023NG01236,,false,
148945,2023NG01241,,false,
148946,2023NG01256,,false,
148947,2023NG01269,,false,
148948,2023NG01284,,false,
148949,2023NG01390,,false,
148950,2023NG01414,,false,
148951,2023NG01423,,false,
148952,2023NG01479,,false,
148953,2023NG01483,,false,
148954,2023NG01496,,false,
148955,2023NG01296,,false,
148956,2023NG01306,,false,
148957,2023NG01311,,false,
148958,2023NG01342,,false,
148959,2023NG01356,,false,
148960,2023NG01375,,false,
148961,2023NG01394,,false,
148962,2023NG01515,,false,
148963,2023NG01526,,false,
148964,2023NG01612,,false,
148965,2023NG01619,,false,
148966,2023NG01297,,false,
148967,2023NG01325,,false,
148968,2023NG01333,,false,
148969,2023NG01334,,false,
148970,2023NG01365,,false,
148971,2023NG01368,,false,
148972,2023NG01384,,false,
148973,2023NG01396,,false,
148974,2023NG01413,,false,
148975,2023NG01439,,false,
148976,2023NG01446,,false,
148977,2023NG01485,,false,
148978,SMG-24-1237,2727,false,
148979,SMG-24-1234,3,false,
148991,2023NG01531,,false,
148992,2023NG01535,,false,
148993,2023NG01545,,false,
148994,2023NG01548,,false,
148995,2023NG01559,,false,
148996,2023NG01562,,false,
148997,2023NG01599,,false,
148998,2023NG01601,,false,
148999,2023NG01613,,false,
149000,2023NG01641,,false,
149001,2023NG01659,,false,
149002,2023NG01667,,false,
149003,2023NG01682,,false,
149004,2023NG01686,,false,
149005,2023NG01693,,false,
149006,2023NG01699,,false,
149007,2023NG01709,,false,
149008,2023NG01721,,false,
149009,2023NG01730,,false,
149010,2023NG01780,,false,
149011,2023NG01795,,false,
149012,2023NG01806,,false,
149013,2023NG01816,,false,
149014,2023NG01908,,false,
149015,2023NG01865,,false,
149016,2023NG01870,,false,
149017,2023NG02009,,false,
149018,2023NG02087,,false,
149019,2023NG02108,,false,
149020,2023NG01763,,false,
149021,2023NG01810,,false,
149022,2023NG01859,,false,
149023,2023NG01886,,false,
149024,2023NG01890,,false,
149025,2023NG01891,,false,
149026,2023NG02002,,false,
149027,2023NG02026,,false,
149028,2023NG02132,,false,
149029,2023NG02158,,false,
149030,2023NG02172,,false,
149031,2023NG02234,,false,
149032,2023NG02280,,false,
149033,2023NG02282,,false,
149034,2023NG01190,,false,
149035,2023NG01944,,false,
149036,2023NG02066,,false,
149037,2023NG02072,,false,
149038,2023NG02123,,false,
149039,2023NG02134,,false,
149040,2023NG02166,,false,
149041,2023NG02195,,false,
149042,2023NG02224,,false,
149043,2023NG02240,,false,
149044,2023NG02242,,false,
149045,2023NG02264,,false,
149046,2023NG02267,,false,
149047,2023NG02271,,false,
149048,2023NG02309,,false,
149049,2023NG02413,,false,
149050,2023NG02457,,false,
149051,2023NG02525,,false,
149052,2023NG02599,,false,
149053,2023NG02703,,false,
149054,2023NG02711,,false,
149055,2023NG02811,,false,
149056,2023NG02822,,false,
149057,2023NG02832,,false,
149058,2023NG02834,,false,
149059,2023NG02869,,false,
149060,2023NG02871,,false,
149061,2023NG02875,,false,
149062,2023NG02887,,false,
149063,2023NG02891,,false,
149064,2023NG02915,,false,
149065,2023NG02919,,false,
149066,2023NG02920,,false,
149067,2023NG02923,,false,
149068,2023NG02942,,false,
149069,2023NG02944,,false,
149070,2023NG02956,,false,
149071,2023NG02982,,false,
149072,2023NG03067,,false,
149073,2023NG03072,,false,
149074,2023NG02383,,false,
149075,2023NG02412,,false,
149076,2023NG02440,,false,
149077,2023NG02454,,false,
149078,2023NG02478,,false,
149079,2023NG02482,,false,
149080,2023NG02489,,false,
149081,2023NG02492,,false,
149082,2023NG02518,,false,
149083,2023NG02524,,false,
149084,2023NG02559,,false,
149085,2023NG02561,,false,
149086,2023NG02568,,false,
149087,2023NG02603,,false,
149088,2023NG02673,,false,
149089,2023NG02682,,false,
149090,2023NG02695,,false,
149091,2023NG02719,,false,
149092,2023NG02785,,false,
149093,2023NG02787,,false,
149094,N24-0459,,false,
149095,N24-0568,,false,
149096,N24-0588,,false,
149097,N24-0591,,false,
149098,68154,,false,
149099,68169,,false,
149100,67826,,false,
149101,68122,,false,
149102,68129,,false,
149103,68152,,false,
149104,68157,,false,
149105,68159,,false,
149106,68165,,false,
149107,68166,,false,
149108,68167,,false,
149109,68170,,false,
149110,68172,,false,
149111,68177,,false,
149112,68182,,false,
149113,68191,,false,
149114,68208,,false,
149115,68231,,false,
149116,M62695,,false,
149117,M62668,,false,
149118,M62658,,false,
149119,M62459,,false,
149120,M62170,,false,
149121,M62130,,false,
149235,NML2024-035b,62,false,
149236,NML2024-036,141,false,
149237,NML2024-038,2170,false,
149238,NML2024-039,62,false,
149239,NML2024-040,4789,false,
149240,NML2024-042,,false,
149241,NML2024-044,4321,false,
149242,NML2024-045,62,false,
149243,NML2024-046,62,false,
149244,NML2024-047,62,false,
149245,NML2024-048,4108,false,
149246,NML2024-050a,,false,
149247,NML2024-050b,,false,
149248,NML2024-051,62,false,
149249,24-259,,false,
149250,24-265,,false,
149738,NZ23MD0002,,false,
149739,NZ23MD0003,,false,
149740,NZ23MD0005,,false,
149741,NZ23MD0006,,false,
149742,NZ23MD0009,,false,
149743,NZ23MD0016,,false,
149744,NZ23MD0017,,false,
149745,NZ23MD0021,,false,
149746,NZ23MD0022,,false,
149747,NZ23MD0025,,false,
149748,NZ23MD0026,,false,
149749,NZ23MD0027,,false,
149750,NZ23MI0004,318,false,
149751,NZ23MI0005,1,false,
149752,NZ23MI0006,2727,false,
149753,NZ23MI0007,2535,false,
149754,NZ23MI0008,396,false,
149755,NZ23MI0009,57,false,
149756,NZ23MI0010,348,false,
149757,NZ23MI0013,318,false,
149758,NZ23MI0014,396,false,
149759,NZ23MI0015,62,false,
149760,NZ23MI0016,2727,false,
149761,NZ23MI0019,57,false,
149762,NZ23MI0020,2727,false,
149763,NZ23MI0021,45,false,
149764,NZ23MI0022,5588,false,
149765,NZ23MI0023,77,false,
149766,NZ23MI0024,396,false,
149767,NZ23MI0025,396,false,
149768,NZ23MI0026,1,false,
149769,NZ23MI0027,2727,false,
149770,NZ23MI0030,3,false,
149771,NZ23MI0031,396,false,
149772,NZ23MI0032,87,false,
149773,NZ23MI0033,396,false,
149774,NZ23MI0034,396,false,
149775,NZ23MI0037,,false,
149776,NZ23MI0039,396,false,
149777,NZ23MI0040,62,false,
149778,NZ23MI0041,396,false,
149779,NZ23MI0043,407,false,
149780,NZ23MI0047,45,false,
149781,NZ24MI0003,57,false,
149783,DE13555,87,false,
149784,DE13556,49,false,
149785,DE13559,569,false,
149786,DE13563,93,false,
149787,DE13568,93,false,
149788,DE13570,9,false,
149789,DE13572,93,false,
149790,DE13574,3280,false,
149791,DE13576,45,false,
149792,DE13580,791,false,
149793,DE13584,45,false,
149794,DE13589,572,false,
149795,DE13591,599,false,
149796,DE13594,2447,false,
149797,DE13596,120,false,
149798,DE13608,45,false,
149799,DE13609,45,false,
149800,DE13612,118,false,
149801,DE13617,49,false,
149802,DE13618,93,false,
149803,DE13621,3,false,
149804,DE13625,3,false,
149805,DE13626,87,false,
149806,DE13630,87,false,
149807,DE13632,45,false,
149808,DE13635,45,false,
149809,DE13643,93,false,
149810,DE13644,9,false,
149811,DE13646,3,false,
149812,DE13647,1,false,
149813,DE13648,45,false,
149814,DE13649,5569,false,
149815,DE13651,5035,false,
149816,DE13652,87,false,
149817,DE13653,104,false,
149818,DE13655,127,false,
149819,DE13656,570,false,
149820,DE13657,127,false,
149821,DE13658,45,false,
149822,DE13659,87,false,
149823,DE13661,5570,false,
149824,DE13665,45,false,
149825,DE13668,3,false,
149826,DE13670,93,false,
149827,DE13671,87,false,
149828,DE13683,574,false,
149829,DE13684,93,false,
149830,DE13685,3,false,
149831,DE13686,45,false,
149832,DE13687,45,false,
149833,DE13694,49,false,
149834,DE13695,328,false,
149835,DE13701,45,false,
149836,DE13704,87,false,
149837,DE13706,9,false,
149838,DE13707,68,false,
149839,DE13709,45,false,
149840,DE13710,49,false,
149841,DE13713,5571,false,
149842,DE13715,791,false,
149843,DE13719,570,false,
149844,DE13727,3,false,
149845,DE13730,5572,false,
149846,DE13736,5573,false,
149847,DE13740,570,false,
149848,DE13741,5574,false,
149849,DE13744,791,false,
149850,DE13746,49,false,
149851,DE13747,87,false,
149852,DE13748,45,false,
149853,DE13749,45,false,
149854,DE13756,93,false,
149855,DE13757,87,false,
149856,DE13760,49,false,
149857,DE13763,45,false,
149858,DE13768,1061,false,
149859,DE13772,569,false,
149860,DE13778,570,false,
149861,DE13781,5575,false,
149862,DE13782,93,false,
149863,DE13783,93,false,
149864,DE13786,599,false,
149865,DE13788,2593,false,
149866,DE13790,87,false,
149867,DE13791,580,false,
149868,DE13793,45,false,
149869,DE13795,62,false,
149870,DE13796,5576,false,
149871,DE13798,93,false,
149872,DE13799,93,false,
149873,DE13800,569,false,
149874,DE13801,87,false,
149875,DE13802,475,false,
149876,DE13807,45,false,
149877,DE13808,87,false,
149878,DE13811,93,false,
149879,DE13812,49,false,
149880,DE13821,3,false,
149881,DE13827,87,false,
149882,DE13829,49,false,
149883,DE13830,5577,false,
149884,DE13832,62,false,
149885,DE13836,93,false,
149886,DE13839,57,false,
149887,DE13844,5578,false,
149888,DE13846,45,false,
149889,DE13850,570,false,
149890,DE13851,87,false,
149891,35584463,3474,false,
149892,202407395,,false,
149893,202409974,,false,
149894,24252,,false,
149895,24254,,false,
149896,24258,,false,
149897,24267,,false,
149900,LNP34415,1,false,
149901,LNP34426,1,false,
149902,LNP34427,1,false,
149903,SMG-24-1244,45,false,
149904,114802,62,false,
149905,114803,62,false,
149906,SMG-24-1271,4666,false,
149907,Nm3450,1,false,
149908,Nm3451,1,false,
149909,Nm3452,1,false,
149910,Nm3455,1,false,
149911,Nm3458,1,false,
149912,Nm3153,1,false,
149913,Nm3162,1,false,
149914,Nm3178,1,false,
149915,Nm3180,1,false,
149916,Nm3182,1,false,
149917,Nm3185,1,false,
149918,Nm3227,1,false,
149919,Nm3268,77,false,
149920,Nm3275,1,false,
149921,Nm3339,1,false,
149937,2023NG02821,,false,
149938,2023NG02911,,false,
149939,2023NG03074,,false,
149940,2023NG03105,,false,
149941,2023NG03129,,false,
149942,2023NG03156,,false,
149943,2023NG03160,,false,
149944,2023NG03166,,false,
149945,2023NG03195,,false,
149946,2023NG03211,,false,
149947,2023NG03215,,false,
149948,2023NG03233,,false,
149949,2023NG03240,,false,
149950,2023NG03245,,false,
149951,2023NG03255,,false,
149952,2023NG03261,,false,
149953,2023NG03269,,false,
149954,2023NG03276,,false,
149955,2023NG01666,,false,
149956,2023NG02247,,false,
149957,2023NG02491,,false,
149958,2023NG03298,,false,
149959,2023NG03301,,false,
149960,2024NG00059,,false,
149961,2024NG00072,,false,
149962,2024NG00120,,false,
149963,2024NG00174,,false,
149964,2024NG00175,,false,
149965,2024NG00176,,false,
149966,2024NG00191,,false,
149967,2024NG00200,,false,
149968,2024NG00205,,false,
149969,2024NG00224,,false,
149970,2024NG00272,,false,
149971,2024NG00280,,false,
149972,2024NG00328,,false,
149973,2024NG00344,,false,
149974,2024NG00367,,false,
149975,2024NG00384,,false,
149976,2024NG00392,,false,
149977,2024NG00416,,false,
149978,2024NG00464,,false,
149979,2024NG00480,,false,
149980,2024NG00488,,false,
149981,2024NG00504,,false,
149982,2024NG00520,,false,
149983,2024NG00528,,false,
149984,2024NG00560,,false,
149985,2024NG00663,,false,
149986,2024NG00712,,false,
149987,2024NG00720,,false,
149988,2024NG00744,,false,
149989,2024NG00749,,false,
149990,N24-0614,,false,
149999,68157,,false,
150000,68219,,false,
150001,68275,,false,
150002,68305,,false,
150003,68332,,false,
150004,68339,,false,
150005,68352,,false,
150006,24MN0165,1,false,
150007,24MN0155,1,false,
150008,24MN0160,1,false,
150009,24MN0152,1,false,
150011,H01-RESP-040,5591,false,
150012,H01-RESP-090,2003,false,
150013,H01-RESP-091,77,false,
150014,H01-RESP-092,5592,false,
150015,H01-RESP-093,5404,false,
150016,H01-RESP-094,979,false,
150017,H01-RESP-095,4338,false,
150018,H01-RESP-096,65,false,
150019,H01-RESP-097,1781,false,
150020,H01-RESP-098,5593,false,
150021,H01-RESP-099,4726,false,
150022,H01-RESP-100,4108,false,
150023,H01-RESP-101,5594,false,
150024,H01-RESP-102,407,false,
150025,H01-RESP-103,5595,false,
150026,H01-RESP-104,766,false,
150027,H01-RESP-105,4108,false,
150028,H01-RESP-107,455,false,
150029,H01-RESP-108,407,false,
150030,H01-RESP-109,1,false,
150031,H01-RESP-110,1440,false,
150032,H01-RESP-111,65,false,
150033,H03-RESP-034,3,false,
150034,H03-RESP-035,5330,false,
150035,H03-RESP-038,97,false,
150036,H03-RESP-039,5596,false,
150037,H03-RESP-041,97,false,
150038,H03-RESP-042,262,false,
150039,H03-RESP-043,5765,false,
150040,H03-RESP-044,993,false,
150041,H03-RESP-045,87,false,
150042,H03-RESP-046,62,false,
150043,H03-RESP-047,87,false,
150044,H04-RESP-022,4144,false,
150045,H07-RESP-035,1781,false,
150046,H07-RESP-036,4457,false,
150047,H15-EMI-054,87,false,
150048,H01-GEN-007,1730,false,
150049,H15-GEN-004,62,false,
150050,SMG-24-1276,49,false,
150051,123Mo,93,false,
150052,124Mo,45,false,
150053,125Mo,45,false,
150054,126Mo,141,false,
150055,127Mo,141,false,
150056,180M,141,false,
150057,24-244,,false,
150058,0017/24,5614,false,
150059,0020/24,,false,
150060,0021/24,,false,
150061,0026/24,2295,false,
150062,0030/24,87,false,
150063,0033/24,45,false,
150064,0036/24,67,false,
150065,NM000000145,1,false,
150066,M421,,false,
150067,M105,,false,
150068,M109,,false,
150069,M111,,false,
150070,M420,,false,
150071,M429,,false,
150072,M352,,false,
150073,M423,,false,
150074,GX20-332,,false,
150075,GX21-132,,false,
150076,HN16-056,,false,
150077,SC21-101,,false,
150078,SH21-PD51,,false,
150079,SX21-021,,false,
150080,ACC14472A34,367,false,
150081,202412218,,false,
150082,S17BD01804,,false,
150083,S18BD01479,,false,
150084,S20BD05139,,false,
150085,23MN0393,5597,false,
150086,23MN0394,5597,false,
150095,LNP34456,1,false,
150122,202354513,,false,
150123,11968,,false,
150124,11969,,false,
150125,11973,,false,
150126,11985,,false,
150127,12008,,false,
150134,202349852,,false,
150135,IE23Nm02,250,false,
150136,IE23Nm06,1675,false,
150137,IE23Nm08,62,false,
150138,IE23Nm12,137,false,
150139,IE23Nm13,259,false,
150140,IE23Nm17,5181,false,
150141,IE23Nm30,43,false,
150142,IE23Nm35,5600,false,
150143,IE23Nm41,5598,false,
150144,IE23Nm42,259,false,
150145,IE23Nm43,5599,false,
150146,S20BD02619,,false,
150147,S22BD01084,,false,
150149,428-2024,712,false,
150150,24-17144,16,false,
150151,68398,,false,
150152,68405,,false,
150153,68410,,false,
150154,68422,,false,
150155,68431,,false,
150156,68433,,false,
150157,68447,,false,
150158,68453,,false,
150159,S18BD00393,,false,
150160,S19BD05772,,false,
150163,SMG-24-1363,45,false,
150164,2021NG01614,,false,
150165,2021NG02348,,false,
150166,2021NG02365,,false,
150167,2021NG02402,,false,
150168,2021NG02412,,false,
150169,2021NG02435,,false,
150170,2021NG02440,,false,
150171,2021NG02458,,false,
150172,2021NG02481,,false,
150173,2021NG02491,,false,
150174,2021NG02500,,false,
150175,2021NG02508,,false,
150176,2021NG02522,,false,
150177,2021NG02529,,false,
150178,2021NG02535,,false,
150179,2021NG02562,,false,
150180,2021NG02574,,false,
150181,2021NG02581,,false,
150182,2021NG02598,,false,
150183,2021NG02602,,false,
150184,2021NG02607,,false,
150185,2021NG02612,,false,
150186,2021NG02625,,false,
150187,2021NG02758,,false,
150188,2021NG02765,,false,
150189,N24-0648,,false,
150190,N24-0652,,false,
150191,N24-0656,,false,
150192,N24-0661,,false,
150193,24-303,1,false,
150194,24-311,151,false,
150195,24-312,3,false,
150196,M62881,1,false,
150197,M62889,1,false,
150198,24MN0139,738,false,
150199,24MN0186,1,false,
150200,24MN0195,1,false,
150201,24MN0196,738,false,
150202,24MN0199,1,false,
150203,24MN0179,738,false,
150204,24MN0172,738,false,
150205,SPHGN-1-1,,false,
150206,SPHGN-1-4,,false,
150207,SPHGN-1-5,,false,
150208,SPHGN-1-6,,false,
150209,SPHGN-1-9,,false,
150210,SPHGN-2-1,,false,
150211,SPHGN-3-1,,false,
150212,SPHGN-3-2,,false,
150213,SPHGN-3-3,,false,
150214,SPHGN-3-5,,false,
150215,SPHGN-3-6,,false,
150216,SPHGN-3-9,,false,
150217,SPHGN-4-1,,false,
150218,SPHGN-4-6,,false,
150219,SPHGN-4-7,,false,
150220,2022NG00612,,false,
150221,2022NG00716,,false,
150222,2022NG00719,,false,
150223,2022NG00730,,false,
150224,2022NG00895,,false,
150225,2022NG00916,,false,
150226,2022NG00975,,false,
150227,2022NG00988,,false,
150228,2022NG00991,,false,
150229,2022NG00998,,false,
150230,2022NG01006,,false,
150231,2022NG01028,,false,
150232,2022NG01030,,false,
150233,2022NG01046,,false,
150234,2022NG01053,,false,
150235,2022NG01056,,false,
150236,2022NG01064,,false,
150237,2022NG01077,,false,
150238,2022NG01086,,false,
150239,2022NG01087,,false,
150240,2022NG01097,,false,
150241,2022NG01124,,false,
150242,2022NG01125,,false,
150243,2022NG01130,,false,
150244,2022NG01135,,false,
150245,2022NG01136,,false,
150246,2022NG01138,,false,
150247,2022NG01157,,false,
150248,2022NG01160,,false,
150249,2022NG01163,,false,
150250,2022NG01179,,false,
150251,2022NG01200,,false,
150252,2022NG01218,,false,
150253,2022NG01247,,false,
150254,2022NG01251,,false,
150255,2022NG01258,,false,
150256,2022NG01259,,false,
150257,2022NG01265,,false,
150258,2022NG01266,,false,
150259,2022NG01297,,false,
150260,2022NG01314,,false,
150261,2022NG01315,,false,
150262,2022NG01316,,false,
150263,2022NG01331,,false,
150264,2022NG01343,,false,
150265,2022NG01346,,false,
150266,2022NG01398,,false,
150267,2022NG02082-1,,false,
150268,2022NG02082-2,,false,
150269,2022NG02120,,false,
150270,2022NG02415,,false,
150271,2022NG02478,,false,
150272,2022NG02524,,false,
150273,2022NG02629,,false,
150274,2022NG02636,,false,
150275,2022NG02640,,false,
150276,2022NG02682,,false,
150277,2022NG02726,,false,
150278,2024NG00634,,false,
150279,2024NG00705,,false,
150280,2024NG00792,,false,
150281,2024NG00824,,false,
150282,2024NG00865,,false,
150283,2024NG00872,,false,
150284,2024NG00888,,false,
150285,2024NG00928,,false,
150286,2024NG01000,,false,
150287,2024NG01048,,false,
150288,2023NG00206,,false,
150289,2023NG00706,,false,
150290,2023NG01329,,false,
150291,2023NG01347,,false,
150292,2023NG01380,,false,
150293,2023NG02019,,false,
150294,2023NG02926,,false,
150295,2023NG03038,,false,
150296,2023NG03163,,false,
150297,2023NG03176,,false,
150298,2023NG03293,,false,
150300,LNP34471,1,false,
150302,M62720,,false,
150303,SMG-24-1372,62,false,
150305,BT17050V3C,4432,false,
150306,BT51706V1C,259,false,
150307,BT51523V1C,62,false,
150308,BT36325V3C,97,false,
150309,BT37650V3C,,false,
150310,BT07034V3C,,false,
150311,BT31518V1C,102,false,
150312,BT28044V1C,62,false,
150313,BT27961V1C,216,false,
150314,BT22353V1C,77,false,
150315,BT07834V1C,211,false,
150320,LNP34493,1,false,
150328,68571,,false,
150329,68575,,false,
150330,68586,,false,
150331,68587,,false,
150332,68593,,false,
150333,68607,,false,
150334,68613,,false,
150335,N24-0689,,false,
150336,N24-0693,,false,
150337,N24-0704,,false,
150338,N24-0726,,false,
150339,N24-0746,,false,
150340,N24-0755,,false,
150341,N24-0759,,false,
150349,SMG-24-1452,95,false,
150350,24277,,false,
150351,24279,,false,
150352,24281,,false,
150353,24284,,false,
150354,24289,,false,
150355,24303,,false,
150356,24307,,false,
150357,NM076,,false,
150358,0040/24,67,false,
150359,Nm3344,50,false,
150360,2409800061,,false,
150361,24273,,false,
150362,NML2024-052,1,false,
150363,NML2024-053,45,false,
150364,NML2024-054,1,false,
150365,NML2024-059,1730,false,
150366,NML2024-060,1,false,
150367,NML2024-061,1,false,
150368,NML2024-062a,,false,
150369,NML2024-062b,,false,
150370,NML2024-063,340,false,
150371,NML2024-064,4321,false,
150372,NML2024-067,104,false,
150373,NML2024-068,4507,false,
150374,NML2024-069,,false,
150375,NML2024-072,104,false,
150376,NML2024-074,1781,false,
150377,NML2024-075,4789,false,
150378,NML2024-078,1,false,
150379,NML2024-079,1,false,
150380,NML2024-080,93,false,
150381,NML2024-082,150,false,
150382,NML2024-086,1,false,
150383,NML2024-087,1,false,
150384,NML2024-088,1,false,
150385,68493,,false,
150386,68496,,false,
150387,68515,,false,
150388,68519,,false,
150389,68541,,false,
150390,68548,,false,
150412,SMG-24-1496,68,false,
150441,22GRASP1315,,false,
150442,20GRASP0801,,false,
150443,20GRASP0462,,false,
150444,20GRASP0897,,false,
150445,22GRASP1137,,false,
150446,22GRASP1163,,false,
150447,22GRASP0025,,false,
150448,22GRASP1459,,false,
150449,20GRASP0059,,false,
150450,22GRASP0823,,false,
150451,19GRASP0174,,false,
150452,20GRASP1322,,false,
150453,22GRASP0945,,false,
150454,20GRASP0124,,false,
150455,22GRASP1365,,false,
150456,19GRASP0171,,false,
150505,LNP34519,1,false,
150522,SMG-24-1500,69,false,
150523,24-321,262,false,
150524,24-324,1,false,
150525,24-326,1,false,
150526,24-353,,false,
150527,NML2024-070,62,false,
150528,NML2024-071,62,false,
150529,NML2024-076,1,false,
150530,NML2024-081,1,false,
150531,NML2024-083,4321,false,
150532,NML2024-084,857,false,
150533,NML2024-085,,false,
150534,NML2024-090,141,false,
150535,NML2024-091,1,false,
150536,NML2024-092,62,false,
150537,NML2024-093,62,false,
150538,NML2024-094,62,false,
150539,NML2024-096,1,false,
150540,M.230109.3003/1,,false,
150541,M.230301.3006/1,,false,
150542,M.230302.3002/1,,false,
150543,M.230311.3002/1,,false,
150544,M.230321.3007/1,,false,
150545,M.230328.3004/1,,false,
150546,M.230323.3002/1,,false,
150547,M.230328.3003/1,,false,
150548,M.230403.3007/1,,false,
150549,M.230404.3001/1,,false,
150550,M.230505.3002,,false,
150551,M.230420.3005/1,,false,
150552,M.230527.3001/1,,false,
150553,M.230613.3002/1,,false,
150554,M.230614.3006/1,,false,
150555,M.230706.3001/1,,false,
150556,M.230718.3001/1,,false,
150557,M.230620.3001/1,,false,
150558,M.230720.3001/1,,false,
150559,M.230717.3006/1,,false,
150560,M.230815.3001/1,,false,
150561,M.230823.3001/1,,false,
150562,M.230825.3003/1,,false,
150563,M.231003.3002/1,,false,
150564,M.231009.3008,,false,
150565,M.231019.3001/1,,false,
150566,M.231021.3001/1,,false,
150567,M.231116.3001/1,,false,
150568,M.231128.3002/1,,false,
150569,M.231204.3003/1,,false,
150570,M.240104.3003/1,,false,
150571,HLR_096,,false,
150572,HCV_621,,false,
150573,12057,,false,
150574,12051,,false,
150575,12060,,false,
150576,202414206,,false,
150577,12091,,false,
150578,12092,,false,
150579,12110,,false,
150580,12114,,false,
150581,12130,,false,
150582,202415894,,false,
150583,12181,,false,
150584,202416589,,false,
150585,68444,16,false,
150586,551-2024,3,false,
150587,H15-EMI-055,68,false,
150588,H01-EMI-003,4108,false,
150589,SMG-24-1552,97,false,
150590,SMG-24-1538,3689,false,
150591,SMG-24-1528,3689,false,
150592,SMG-24-1523,1730,false,
150593,SMG-24-268,280,false,
150594,SMG-24-275,45,false,
150595,23GRASP0933,,false,
150596,23GRASP0790,,false,
150597,23GRASP0751,,false,
150598,23GRASP1042,,false,
150599,23GRASP0840,,false,
150600,23GRASP1109,,false,
150601,23GRASP0637,,false,
150602,23GRASP1407,,false,
150603,23GRASP0836,,false,
150604,23GRASP0665,,false,
150605,23GRASP1072,,false,
150606,23GRASP0622,,false,
150607,23GRASP0716,,false,
150608,23GRASP0548,,false,
150609,23GRASP1140,,false,
150610,23GRASP0970,,false,
150611,23GRASP0590,,false,
150612,23GRASP0857,,false,
150613,23GRASP0807,,false,
150614,23GRASP0765,,false,
150615,23GRASP0457,,false,
150616,23GRASP0244,,false,
150617,23GRASP0328,,false,
150618,23GRASP0253,,false,
150619,23GRASP1209,,false,
150620,23GRASP0423,,false,
150621,23GRASP0374,,false,
150622,23GRASP0160,,false,
150623,23GRASP0135,,false,
150624,23GRASP0358,,false,
150625,23GRASP0295,,false,
150626,23GRASP0689,,false,
150627,23GRASP0130,,false,
150628,23GRASP0152,,false,
150629,23GRASP0116,,false,
150630,23GRASP0155,,false,
150631,23GRASP0166,,false,
150632,23GRASP0107,,false,
150633,23GRASP0483,,false,
150634,23GRASP0632,,false,
150635,23GRASP0194,,false,
150636,23GRASP0227,,false,
150637,23GRASP0267,,false,
150638,23GRASP0438,,false,
150639,23GRASP0125,,false,
150640,23GRASP0073,,false,
150641,23GRASP0002,,false,
150642,23GRASP0251,,false,
150643,23GRASP0111,,false,
150644,23GRASP0403,,false,
150645,23GRASP0255,,false,
150646,23GRASP0264,,false,
150647,23GRASP0019,,false,
150648,23GRASP0519,,false,
150649,23GRASP0025,,false,
150650,23GRASP0407,,false,
150651,23GRASP0216,,false,
150652,23GRASP0006,,false,
150653,23GRASP0513,,false,
150654,23GRASP0451,,false,
150655,23GRASP0468,,false,
150656,23GRASP0048,,false,
150657,23GRASP0620,,false,
150658,23GRASP0420,,false,
150659,23GRASP0121,,false,
150660,23GRASP0409,,false,
150661,23GRASP0394,,false,
150662,23GRASP0288,,false,
150663,23GRASP0283,,false,
150664,23GRASP0054,,false,
150665,23GRASP0586,,false,
150666,23GRASP0553,,false,
150667,23GRASP0233,,false,
150668,23GRASP0517,,false,
150669,23GRASP0492,,false,
150670,23GRASP0494,,false,
150671,23GRASP0254,,false,
150672,23GRASP0523,,false,
150673,23GRASP0210,,false,
150674,23GRASP0256,,false,
150675,23GRASP0578,,false,
150676,23GRASP0163,,false,
150677,23GRASP0200,,false,
150678,23GRASP0644,,false,
150679,23GRASP0650,,false,
150680,23GRASP0852,,false,
150681,23GRASP1237,,false,
150682,23GRASP1241,,false,
150683,23GRASP0971,,false,
150684,23GRASP1120,,false,
150685,23GRASP1151,,false,
150686,23GRASP1117,,false,
150687,23GRASP0702,,false,
150688,23GRASP1328,,false,
150689,23GRASP0627,,false,
150690,23GRASP0813,,false,
150691,23GRASP0950,,false,
150692,23GRASP1091,,false,
150693,23GRASP1190,,false,
150694,23GRASP0596,,false,
150695,23GRASP1098,,false,
150696,23GRASP1101,,false,
150697,23GRASP1122,,false,
150698,23GRASP1267,,false,
150699,23GRASP1298,,false,
150700,23GRASP0621,,false,
150701,23GRASP0645,,false,
150702,23GRASP0797,,false,
150703,23GRASP0886,,false,
150704,23GRASP1189,,false,
150705,23GRASP1211,,false,
150706,23GRASP0595,,false,
150707,23GRASP0653,,false,
150708,23GRASP0581,,false,
150709,23GRASP0658,,false,
150710,23GRASP0926,,false,
150711,23GRASP1313,,false,
150712,23GRASP0731,,false,
150713,23GRASP0835,,false,
150714,23GRASP1344,,false,
150715,23GRASP1353,,false,
150716,23GRASP1232,,false,
150717,23GRASP0639,,false,
150718,23GRASP1316,,false,
150719,23GRASP1043,,false,
150720,23GRASP1049,,false,
150721,23GRASP1260,,false,
150722,23GRASP0711,,false,
150723,23GRASP1050,,false,
150724,23GRASP0594,,false,
150725,23GRASP0846,,false,
150726,23GRASP0768,,false,
150727,23GRASP1121,,false,
150728,23GRASP0982,,false,
150729,23GRASP0894,,false,
150730,23GRASP0794,,false,
150731,23GRASP0873,,false,
150732,23GRASP0761,,false,
150733,23GRASP0920,,false,
150734,23GRASP0961,,false,
150735,23GRASP0801,,false,
150736,23GRASP1245,,false,
150737,23GRASP0652,,false,
150738,23GRASP1000,,false,
150739,23GRASP0779,,false,
150740,23GRASP0072,,false,
150741,23GRASP0220,,false,
150742,23GRASP0628,,false,
150743,23GRASP0820,,false,
150744,23GRASP0753,,false,
150745,23GRASP0625,,false,
150746,23GRASP0811,,false,
150747,23GRASP1148,,false,
150748,23GRASP1380,,false,
150749,23GRASP0583,,false,
150750,23GRASP1287,,false,
150751,23GRASP1303,,false,
150752,23GRASP0591,,false,
150753,23GRASP0819,,false,
150754,23GRASP0722,,false,
150755,23GRASP1261,,false,
150756,23GRASP1192,,false,
150757,23GRASP0771,,false,
150758,23GRASP0599,,false,
150759,23GRASP0638,,false,
150760,23GRASP1330,,false,
150761,H15-353,,false,
150762,68695,,false,
150763,68698,,false,
150764,68699,,false,
150765,68705,,false,
150766,68706,,false,
150767,68713,,false,
150768,68716,,false,
150769,68726,,false,
150770,68736,,false,
150771,68742,,false,
150772,68746,,false,
150773,68750,,false,
150774,68752,,false,
150775,68758,,false,
150776,68759,,false,
150777,68760,,false,
150778,68762,,false,
150779,68765,,false,
150780,68774,,false,
150781,23GRASP0538,,false,
150782,23GRASP0695,,false,
150783,23GRASP0703,,false,
150784,23GRASP0758,,false,
150785,23GRASP0839,,false,
150786,23GRASP0875,,false,
150787,23GRASP0928,,false,
150788,23GRASP0278,,false,
150789,23GRASP1391,,false,
150790,23GRASP0354,,false,
150791,23GRASP1119,,false,
150792,23GRASP0326,,false,
150793,23GRASP1243,,false,
150794,23GRASP0369,,false,
150795,23GRASP1306,,false,
150808,S17BD00245,,false,
150809,NM216,,false,
150810,NM217,,false,
150811,M62977,738,false,
150812,M63016,1,false,
150813,NM000000144,2668,false,
150814,S18BD00609,,false,
150815,S18BD06833,,false,
150816,S20BD02493,,false,
150817,M62782,,false,
150818,M63015,,false,
150826,202412973,,false,
150827,12119,,false,
150828,12120,,false,
150829,12134,,false,
150830,12136,,false,
150879,N24-0779,,false,
150880,N24-0780,,false,
150881,N24-0782,,false,
150882,N24-0785,,false,
150883,N24-0798,,false,
150884,N24-0858,,false,
150885,N24-0868,,false,
150886,2021NG02227,,false,
150887,2021NG02830,,false,
150888,2023NG00348,,false,
150889,2023NG00474,,false,
150890,2023NG00578,,false,
150891,2023NG00785,,false,
150893,2024NG01145,,false,
150894,2024NG01243,,false,
150895,2024NG01289,,false,
150896,2024NG01328,,false,
150897,2024NG01360,,false,
150898,2024NG01368,,false,
150899,2024NG01112,,false,
150900,2024NG01152,,false,
150901,2024NG01200,,false,
150902,2024NG01216,,false,
150903,2024NG01224,,false,
150904,2024NG01232,,false,
150905,2024NG01264,,false,
150906,2024NG01384,,false,
150907,2024NG01416,,false,
150908,2024NG01432,,false,
150909,ACC14716A49,367,false,
150910,35803281,3479,false,
150911,M.220210.3001/1,,false,
150912,M.220303.3002/1,,false,
150913,M.220404.3001/1,,false,
150914,M.220628.3001/1,,false,
150915,M.220920.3003/1,,false,
150916,M.221005.3001/1,,false,
150917,M.221005.3002/1,,false,
150918,M.221109.3002/1,,false,
150919,M.221118.3002/1,,false,
150920,M.221230.3001/1,,false,
150921,24-386,,false,
150970,PHL24002,,false,
150971,PHL24003,1,false,
150972,68805,,false,
150973,68807,,false,
150974,68822,,false,
150975,68833,,false,
150976,68860,,false,
150977,68864,,false,
150978,2024NG00308,,false,
150979,2024NG00517,,false,
150980,2024NG00783,,false,
150981,2024NG00841,,false,
150982,2024NG01165,,false,
150983,2024NG01249,,false,
150984,2024NG01390,,false,
150985,2024NG01456,,false,
150986,2024NG01480,,false,
150987,2024NG01488,,false,
150988,2024NG01497,,false,
150989,68898,,false,
150990,68902,,false,
150991,68912,,false,
150992,N24-0900,,false,
150993,N24-0915,,false,
150994,N24-0918,,false,
150995,N24-0931,,false,
150996,N24-0953,,false,
150997,0055/84,5157,false,
150998,0896/85,61,false,
150999,0340/95,2158,false,
151000,0007/11,3724,false,
151001,0083/11,428,false,
151002,0087/19,67,false,
151003,0016/24,,false,
151004,SMG-24-1637,62,false,
151005,RMG044,,false,
151006,NML2024-095,62,false,
151007,NML2024-097,65,false,
151008,NML2024-098,1,false,
151009,NML2024-099,4651,false,
151010,NML2024-100,1,false,
151011,NML2024-101,62,false,
151012,NML2024-102,93,false,
151013,24272,,false,
151014,24-468,,false,
151015,97152303326,367,false,
151028,LNP27544,95,false,
151029,LNP27757,97,false,
151030,LNP27935,102,false,
151031,LNP27981,137,false,
151032,LNP28104,62,false,
151033,LNP28139,2158,false,
151034,LNP28247,1481,false,
151130,23MN0042,2252,false,
151131,23MN0111,857,false,
151132,23MN0181,424,false,
151133,23MN0197,1,false,
151134,23MN0203,4108,false,
151135,23MN0212,1,false,
151136,23MN0221,1,false,
151137,23MN0296,1,false,
151138,23MN0307,4108,false,
151139,24MN0031,1,false,
151140,24MN0111,5617,false,
151141,24MN0138,4108,false,
151142,24MN0144,1862,false,
151143,24MN0148,4108,false,
151144,24MN0211,1,false,
151145,24MN0216,5044,false,
151146,24MN0234,5618,false,
151147,24MN0250,262,false,
151148,4511,,false,
151149,ACC14849A32,367,false,
151512,SMG-24-1699,45,false,
151515,68657,,false,
151516,68672,,false,
151517,68962,,false,
151518,2024NG01394,,false,
151519,2024NG01491,,false,
151520,2024NG01600,,false,
151521,2024NG01616,,false,
151522,NIID874,,false,
151523,NIID898,,false,
151524,NIID913,,false,
151525,NIID917,,false,
151526,NIID918,,false,
151528,24-383,2291,false,
151529,2417913016,,false,
151530,68681,,false,
151531,68965,,false,
151532,68977,,false,
151533,68985,,false,
151534,N24-0797,,false,
151634,H01-GEN-008,65,false,
151635,H01-GEN-009,1730,false,
151636,H01-GEN-010,5330,false,
151637,H01-RESP-062,454,false,
151638,H01-RESP-063,345,false,
151639,H01-RESP-064,5678,false,
151640,H01-RESP-065,5624,false,
151641,H01-RESP-066,1156,false,
151642,H01-RESP-067,4108,false,
151643,H01-RESP-068,5625,false,
151644,H01-RESP-069,4457,false,
151645,H01-RESP-070,3,false,
151646,H01-RESP-071,45,false,
151647,H01-RESP-075,454,false,
151648,H01-RESP-076,1781,false,
151649,H01-RESP-077,95,false,
151650,H01-RESP-078,66,false,
151651,H01-RESP-079,120,false,
151652,H01-RESP-080,1781,false,
151653,H01-RESP-081,1155,false,
151654,H01-RESP-082,65,false,
151655,H01-RESP-084,69,false,
151656,H01-RESP-106,454,false,
151657,H01-RESP-112,5626,false,
151658,H01-RESP-113,3,false,
151659,H01-RESP-114,57,false,
151660,H01-RESP-115,1781,false,
151661,H01-RESP-116,4108,false,
151662,H01-RESP-117,95,false,
151663,H01-RESP-118,407,false,
151664,H01-RESP-119,308,false,
151665,H01-RESP-120,102,false,
151666,H01-RESP-121,259,false,
151667,H01-RESP-122,69,false,
151668,H01-RESP-123,5627,false,
151669,H03-RESP-048,97,false,
151670,H03-RESP-049,5628,false,
151671,H03-RESP-050,5629,false,
151672,H03-RESP-051,262,false,
151673,H03-RESP-052,262,false,
151674,H03-RESP-054,65,false,
151675,H03-RESP-055,259,false,
151676,H03-RESP-056,259,false,
151677,H07-RESP-033,766,false,
151678,H15-EMI-056,5630,false,
151679,H15-EMI-057,262,false,
151680,2265654-GK-24GB002324,,false,
151681,76651,1,false,
151682,76678,326,false,
151683,75429,45,false,
151684,75483,49,false,
151685,75716,1,false,
151686,75766,137,false,
151687,75767,2171,false,
151688,75856,2174,false,
151689,75905,5631,false,
151690,75966,1,false,
151691,76041,1,false,
151692,76042,49,false,
151693,76043,1,false,
151694,76579,1,false,
151695,76734,87,false,
151696,76747,2175,false,
151697,76748,105,false,
151698,76772,3,false,
151699,77075,332,false,
151700,77076,350,false,
151701,0057/24,,false,
151846,W-8984,87,false,
151847,W-9085,62,false,
151848,W-9193,887,false,
151849,W-9252,262,false,
151850,W-9316,87,false,
151851,W-9322,618,false,
151852,W-9344,5641,false,
151853,W-9366,87,false,
151854,W-9382,887,false,
151855,W-9388,87,false,
151856,W-9392,3,false,
151857,W-9399,87,false,
151858,W-9490,87,false,
151859,W-9523,65,false,
151860,W-9540,87,false,
151861,W-8874,887,false,
151885,68892,,false,
151886,68896,,false,
151900,SMG-24-1757,5642,false,
152440,23GRASP1616,,false,
152441,23GRASP1502,,false,
152442,23GRASP1457,,false,
152443,23GRASP1548,,false,
152444,23GRASP0415,,false,
152445,23GRASP1459,,false,
152446,23GRASP0552,,false,
152447,23GRASP1445,,false,
152448,23GRASP1541,,false,
152449,23GRASP1359,,false,
152450,23GRASP1495,,false,
152451,23GRASP1508,,false,
152452,23GRASP1575,,false,
152453,23GRASP1424,,false,
152454,23GRASP1482,,false,
152455,23GRASP1483,,false,
152456,23GRASP1427,,false,
152457,23GRASP1510,,false,
152458,23GRASP1622,,false,
152459,23GRASP0924,,false,
152460,23GRASP1633,,false,
152461,23GRASP1618,,false,
152462,23GRASP1562,,false,
152463,23GRASP1521,,false,
152464,23GRASP1436,,false,
152465,23GRASP1441,,false,
152466,23GRASP1567,,false,
152467,23GRASP1584,,false,
152509,LNP34671,1,false,
152512,69093,,false,
152513,69100,,false,
152514,69154,,false,
152515,69025,,false,
152516,69033,,false,
152517,69054,,false,
152518,69078,,false,
152519,69079,,false,
152520,69082,,false,
153509,69530,,false,
153510,69555,,false,
153684,69594,,false,
153693,SMG-24-1831,65,false,
153694,69222,,false,
153695,H01-RESP-124,65,false,
153696,H01-RESP-125,65,false,
153697,H01-RESP-126,4108,false,
153698,H01-RESP-127,4108,false,
153699,H01-RESP-128,4108,false,
153700,H01-RESP-129,1730,false,
153701,H01-RESP-130,262,false,
153702,H01-RESP-131,5673,false,
153703,H01-RESP-132,497,false,
153704,H01-RESP-133,5674,false,
153705,H01-RESP-134,5674,false,
153706,H01-RESP-136,1482,false,
153707,H01-RESP-137,4108,false,
153708,H01-RESP-138,65,false,
153709,H01-RESP-139,4680,false,
153710,H01-RESP-140,4680,false,
153711,H01-RESP-141,1781,false,
153712,H01-RESP-142,5675,false,
153713,H01-RESP-143,262,false,
153714,H01-RESP-144,4108,false,
153715,H03-RESP-053,262,false,
153716,H03-RESP-057,5676,false,
153717,H03-RESP-058,259,false,
153718,H03-RESP-059,65,false,
153719,H04-EMI-002,50,false,
153720,H04-EMI-003,45,false,
153721,H06-EMI-003,5677,false,
153722,H07-RESP-038,4108,false,
153723,H15-GEN-006,62,false,
153724,24-417,,false,
153725,24-424,424,false,
153726,24-440,151,false,
153727,68420,,false,
153728,23GRASP1507,,false,
153729,23GRASP1581,,false,
153730,2265680-GK-24GB002297,18,false,
153731,2265704-GK-24GB002234,367,false,
153732,2265824-GK-24GB002312,16,false,
153733,2265863-GK-24GB002296,1006,false,
153734,2265866-GK-24GB002309,367,false,
153735,2265903-GK-24GB002295,95,false,
153736,2265911-GK-24GB002267,18,false,
153737,69382,,false,
153738,69388,,false,
153739,69397,,false,
153740,69404,,false,
153741,69429,,false,
153742,N24-0970,,false,
153743,N24-0972,,false,
153744,N24-0978,,false,
153745,N24-1003,,false,
153754,SMG-24-1844,262,false,
153755,SMG-24-1866,5681,false,
153757,Nmil3165,9,false,
153759,Nmil3168,604,false,
153760,Nmil3169,62,false,
153761,Nmil3170,87,false,
153762,2419009898,,false,
153763,2418713415,,false,
153764,S16BD07103_S8,,false,
153765,S16BD08591_S17,,false,
153766,S16BD09041_S34,,false,
153767,S17BD00245_S2,,false,
153768,S17BD01186_S16,,false,
153769,S17BD01219_S23,,false,
153770,S17BD01600_S51,,false,
153771,S17BD02799_S9,,false,
153772,S17BD08805_S28,,false,
153773,S18BD08587_S30,,false,
153774,S19BD01167_S1,,false,
153775,S19BD01198_S3,,false,
153776,S19BD07237_S16,,false,
153777,S19BD07718_S28,,false,
153778,S19BD08703_S9,,false,
153779,S20BD05137_S12,,false,
153801,2024NG01512,,false,
153802,2024NG01568,,false,
153803,2024NG01615,,false,
153804,2024NG01618,,false,
153805,2024NG01656,,false,
153806,2024NG01672,,false,
153807,2024NG01680,,false,
153808,2024NG01712,,false,
153809,2024NG01728,,false,
153810,2024NG01731,,false,
153811,2024NG01727,,false,
153812,2024NG01737,,false,
153813,2024NG01738,,false,
153814,2024NG01768,,false,
153815,2024NG01784,,false,
153816,2024NG01800,,false,
153817,2024NG01840,,false,
153844,12188,,false,
153845,12199,,false,
153846,12204,,false,
153847,12207,,false,
153848,12209,,false,
153849,12221,,false,
153850,12222,,false,
153851,12223,,false,
153852,12224,,false,
153853,12225,,false,
153854,12226,,false,
153855,202405715,,false,
153856,12240,,false,
153857,12241,,false,
153858,12256,,false,
153859,12257,,false,
153860,12269,,false,
153861,12285,,false,
153862,23GRASP0683,,false,
153863,23GRASP1729,,false,
153864,23GRASP1629,,false,
153865,23GRASP1691,,false,
153866,23GRASP1696,,false,
153867,23GRASP1695,,false,
153868,23GRASP1713,,false,
153869,23GRASP1733,,false,
153870,23GRASP1559,,false,
153871,23GRASP1393,,false,
153872,23GRASP1719,,false,
153873,23GRASP1560,,false,
153874,714-2024,57,false,
153875,715-2024,220,false,
153876,Nmion3492,65,false,
153880,CT530,367,false,
153881,CT602,367,false,
153882,23GRASP1624,,false,
153883,2407100396,5748,false,
153884,69261,,false,
153885,69280,,false,
153886,69288,,false,
153887,69309,,false,
153888,69336,,false,
153889,69323,,false,
153890,101M,16,false,
153891,102M,16,false,
153892,103MA,18,false,
153893,103MB,18,false,
153894,112M,16,false,
153895,118M,367,false,
153896,11M,16,false,
153897,13M,21,false,
153898,146M,16,false,
153899,154M,18,false,
153900,156MA,16,false,
153901,156MB,16,false,
153902,157M,16,false,
153903,15M,16,false,
153904,163M,16,false,
153905,24M,16,false,
153906,30M,18,false,
153907,31M,16,false,
153908,32M,16,false,
153909,35M,16,false,
153910,3M,21,false,
153911,43M,16,false,
153912,45M,21,false,
153913,46M,18,false,
153914,54M,16,false,
153915,71M,2379,false,
153916,78M,16,false,
153917,7M,367,false,
153918,82M,18,false,
153919,94M,16,false,
153920,95M,5682,false,
153921,96MA,18,false,
153922,96MB,367,false,
153923,97M,21,false,
153924,99M,16,false,
153925,AAA001,17,false,
153926,AAA002,17,false,
153927,AAA003,22,false,
153928,AAA004,22,false,
153929,AAA005,22,false,
153930,AAA006,367,false,
153931,AAA007,18,false,
153932,AAA008,367,false,
153933,AAA009,18,false,
153934,AAA010,1006,false,
153935,AAA012,16,false,
153936,AAA013,1006,false,
153937,AAA015,16,false,
153938,AAA019,22,false,
153939,AAA020,18,false,
153940,AAA021,16,false,
153941,AAA022,367,false,
153942,AAA023,16,false,
153943,AAA024,1006,false,
153944,AAA025,367,false,
153945,AAA026,1006,false,
153946,AAA027,22,false,
153947,AAA028,16,false,
153948,AAA029,16,false,
153949,AAA030,636,false,
153950,AAA031,378,false,
153951,AAA033,18,false,
153952,AAA035,1006,false,
153953,AAA036,17,false,
153954,AAA037,16,false,
153955,AAA038,16,false,
153956,AAA039,16,false,
153957,AAA040,367,false,
153958,AAA041,16,false,
153959,AAA042,16,false,
153960,AAA044,16,false,
153961,AAA046,16,false,
153962,AAA047,4005,false,
153963,AAA048,16,false,
153964,AAA049,16,false,
153965,AAA050,16,false,
153966,BBB032,16,false,
153967,CCC001,21,false,
153968,CCC002,21,false,
153969,CCC003,21,false,
153970,CCC004,1006,false,
153971,CCC005,1006,false,
153972,CCC006,16,false,
153973,CCC009,18,false,
153974,CCC010,367,false,
153975,CCC011,367,false,
153976,CCC012,367,false,
153977,CCC013,18,false,
153978,CCC014,16,false,
153979,CCC015,16,false,
153980,CCC016,367,false,
153981,CCC017,16,false,
153982,CCC018,21,false,
153983,CCC019,16,false,
153984,CCC020,18,false,
153985,CCC021,5683,false,
153986,CCC022,367,false,
153987,CCC023,18,false,
153988,CCC024,21,false,
153989,CCC025,2401,false,
153990,CCC026,18,false,
153991,CCC027,1122,false,
153992,CCC028,1006,false,
153993,CCC029,367,false,
153994,CCC030,18,false,
153995,CCC032,16,false,
153996,CCC033,18,false,
153997,CCC034,16,false,
153998,CCC035,367,false,
153999,CCC037,1598,false,
154000,CCC038,367,false,
154001,CCC039,367,false,
154002,CCC040,367,false,
154003,CCC041,373,false,
154004,CCC042,367,false,
154005,CCC043,16,false,
154006,CCC044,21,false,
154007,CCC047,21,false,
154008,CCC048,373,false,
154009,CCC049,18,false,
154010,CCC050,18,false,
154011,DDD001,367,false,
154012,DDD002,367,false,
154013,DDD003,16,false,
154014,DDD004,18,false,
154015,DDD005,367,false,
154016,DDD006,18,false,
154017,DDD007,367,false,
154018,DDD008,1006,false,
154019,DDD009,18,false,
154020,DDD010,373,false,
154021,DDD011,18,false,
154022,DDD012,1006,false,
154023,DDD013,367,false,
154024,DDD014,16,false,
154025,DDD015,21,false,
154026,DDD016,18,false,
154027,DDD017,373,false,
154028,DDD018,373,false,
154029,DDD019,1006,false,
154030,DDD020,16,false,
154031,DDD021,16,false,
154032,DDD022,16,false,
154033,DDD023,373,false,
154034,DDD024,1598,false,
154035,DDD025,16,false,
154036,DDD026,1006,false,
154037,DDD027,18,false,
154038,DDD028,367,false,
154039,DDD029,4399,false,
154040,DDD030,1006,false,
154041,DDD031,367,false,
154042,DDD032,1006,false,
154043,DDD033,367,false,
154044,DDD034,4399,false,
154045,DDD035,16,false,
154046,DDD037,654,false,
154047,DDD038,4399,false,
154048,DDD039,367,false,
154049,DDD040,21,false,
154050,DDD041,1006,false,
154051,DDD042,1006,false,
154052,DDD043,4399,false,
154053,DDD044,16,false,
154054,DDD045,373,false,
154055,DDD046,16,false,
154056,DDD047,18,false,
154057,DDD048,23,false,
154058,DDD049,18,false,
154059,DDD050,16,false,
154060,EEE001,1006,false,
154061,EEE002,4327,false,
154062,EEE003,,false,
154063,EEE004,18,false,
154064,EEE005,1006,false,
154065,EEE006,18,false,
154066,EEE007,373,false,
154067,EEE008,367,false,
154068,EEE009,4327,false,
154069,EEE010,5099,false,
154070,EEE011,632,false,
154071,EEE012,1006,false,
154072,EEE013,373,false,
154073,EEE014,367,false,
154074,EEE015,16,false,
154075,EEE016,,false,
154076,EEE017,635,false,
154077,EEE018,21,false,
154078,EEE019,5684,false,
154079,EEE020,18,false,
154080,EEE021,21,false,
154081,EEE022,21,false,
154082,EEE023,5685,false,
154083,EEE024,18,false,
154084,EEE025,2377,false,
154085,EEE026,5686,false,
154086,EEE027,16,false,
154087,EEE028,16,false,
154088,EEE029,21,false,
154089,EEE030,21,false,
154090,EEE031,16,false,
154091,EEE032,375,false,
154092,EEE033,21,false,
154093,EEE034,635,false,
154094,EEE035,635,false,
154095,EEE036,18,false,
154096,EEE037,16,false,
154097,EEE038,16,false,
154098,EEE039,21,false,
154099,EEE040,21,false,
154100,EEE041,21,false,
154101,EEE042,21,false,
154102,EEE043,5683,false,
154103,EEE044,21,false,
154104,EEE045,21,false,
154105,EEE046,16,false,
154106,EEE047,16,false,
154107,EEE048,21,false,
154108,EEE050,21,false,
154109,FFF001,21,false,
154110,FFF002,1006,false,
154111,FFF003,367,false,
154112,FFF004,16,false,
154113,FFF005,16,false,
154114,FFF006,5683,false,
154115,FFF007,5687,false,
154116,FFF008,21,false,
154117,FFF009,367,false,
154118,FFF010,21,false,
154119,FFF011,16,false,
154120,FFF012,21,false,
154121,FFF013,1006,false,
154122,FFF014,16,false,
154123,FFF015,16,false,
154124,FFF017,18,false,
154125,FFF018,18,false,
154126,FFF019,16,false,
154127,FFF020,21,false,
154128,FFF021,16,false,
154129,FFF023,18,false,
154130,FFF024,18,false,
154131,FFF025,635,false,
154132,FFF026,367,false,
154133,FFF027,5683,false,
154134,FFF028,18,false,
154135,FFF029,21,false,
154136,FFF030,16,false,
154137,FFF031,21,false,
154138,FFF033,21,false,
154139,FFF034,21,false,
154140,FFF035,21,false,
154141,FFF037,16,false,
154142,FFF038,18,false,
154143,FFF039,367,false,
154144,FFF040,16,false,
154145,FFF041,632,false,
154146,FFF042,21,false,
154147,FFF043,16,false,
154148,FFF044,21,false,
154149,FFF045,21,false,
154150,FFF046,5688,false,
154151,FFF047,367,false,
154152,FFF048,367,false,
154153,FFF049,21,false,
154154,FFF050,367,false,
154155,GGG002,367,false,
154156,GGG005,21,false,
154157,GGG006,375,false,
154158,GGG007,21,false,
154159,GGG008,16,false,
154160,GGG009,2400,false,
154161,GGG010,373,false,
154162,GGG012,16,false,
154163,GGG014,367,false,
154164,GGG015,16,false,
154165,GGG016,16,false,
154166,GGG017,5682,false,
154167,GGG018,21,false,
154168,GGG019,16,false,
154169,GGG020,3477,false,
154170,GGG021,16,false,
154171,GGG022,16,false,
154172,GGG023,16,false,
154173,GGG024,5689,false,
154174,GGG026,18,false,
154175,GGG028,16,false,
154176,GGG031,21,false,
154177,GGG032,16,false,
154178,GGG033,21,false,
154179,GGG034,21,false,
154180,GGG035,16,false,
154181,GGG036,16,false,
154182,GGG037,16,false,
154183,GGG038,16,false,
154184,GGG039,18,false,
154185,GGG040,18,false,
154186,GGG041,16,false,
154187,GGG042,16,false,
154188,GGG043,16,false,
154189,GGG045,18,false,
154190,GGG046,21,false,
154191,GGG047,16,false,
154192,GGG048,16,false,
154193,GGG049,16,false,
154194,GGG050,21,false,
154195,HHH001,18,false,
154196,HHH002,16,false,
154197,HHH003,16,false,
154198,HHH004,2377,false,
154199,HHH005,16,false,
154200,HHH006,18,false,
154201,HHH008,16,false,
154202,HHH009,16,false,
154203,HHH010,16,false,
154204,HHH011,16,false,
154205,HHH012,21,false,
154206,HHH013,21,false,
154207,HHH014,16,false,
154208,HHH015,21,false,
154209,HHH016,16,false,
154210,HHH017,16,false,
154211,HHH018,16,false,
154212,HHH020,18,false,
154213,HHH021,21,false,
154214,HHH022,16,false,
154215,HHH023,18,false,
154216,HHH024,16,false,
154217,HHH025,21,false,
154218,HHH026,1006,false,
154219,HHH027,16,false,
154220,HHH028,16,false,
154221,HHH029,16,false,
154222,HHH030,632,false,
154223,HHH031,16,false,
154224,HHH032,16,false,
154225,HHH033,18,false,
154226,HHH034,18,false,
154227,HHH035,1006,false,
154228,HHH036,16,false,
154229,HHH037,21,false,
154230,HHH038,16,false,
154231,HHH039,21,false,
154232,HHH040,16,false,
154233,HHH041,16,false,
154234,HHH042,18,false,
154235,HHH043,21,false,
154236,HHH044,18,false,
154237,HHH045,367,false,
154238,HHH046,18,false,
154239,JJJ001,1006,false,
154240,JJJ002,16,false,
154241,JJJ003,16,false,
154242,JJJ004,16,false,
154243,JJJ005,16,false,
154244,JJJ006,16,false,
154245,JJJ007,16,false,
154246,JJJ008,16,false,
154247,JJJ009,16,false,
154248,JJJ010,18,false,
154249,JJJ011,16,false,
154250,JJJ012,21,false,
154251,JJJ013,21,false,
154252,JJJ014,16,false,
154253,JJJ015,16,false,
154254,JJJ016,16,false,
154255,JJJ017,16,false,
154256,JJJ018,16,false,
154257,JJJ019,1006,false,
154258,JJJ020,657,false,
154259,JJJ021,16,false,
154260,JJJ022,5684,false,
154261,JJJ023,21,false,
154262,JJJ024,635,false,
154263,LLL001,367,false,
154264,LLL002,367,false,
154265,LLL003,367,false,
154266,LLL004,367,false,
154267,LLL005,367,false,
154268,LLL006,367,false,
154269,LLL007,367,false,
154270,LLL008,367,false,
154271,LLL009,378,false,
154272,LLL010,378,false,
154273,LLL011,378,false,
154274,LLL012,378,false,
154275,LLL013,378,false,
154276,LLL014,367,false,
154277,LLL015,367,false,
154278,LLL016,367,false,
154279,LLL017,367,false,
154280,LLL018,367,false,
154281,LLL019,378,false,
154282,LLL020,5690,false,
154283,LLL022,367,false,
154284,LLL023,367,false,
154285,LLL024,18,false,
154286,LLL026,378,false,
154287,LLL027,657,false,
154288,LLL028,378,false,
154289,LLL029,367,false,
154290,LLL030,3729,false,
154291,LLL031,18,false,
154292,LLL032,18,false,
154293,LLL034,18,false,
154294,LLL035,18,false,
154295,LLL037,367,false,
154296,LLL038,18,false,
154297,LLL039,657,false,
154298,LLL040,18,false,
154299,LLL041,18,false,
154300,LLL042,373,false,
154301,LLL043,18,false,
154302,LLL044,367,false,
154303,LLL045,367,false,
154304,LLL046,367,false,
154305,LLL048,827,false,
154306,LLL049,367,false,
154307,LLL050,378,false,
154308,MMM001,378,false,
154309,MMM002,18,false,
154310,MMM003,18,false,
154311,MMM004,367,false,
154312,MMM005,5691,false,
154313,MMM006,2199,false,
154314,MMM007,367,false,
154315,MMM008,2199,false,
154316,Ng_102,367,false,
154317,Ng_114,367,false,
154318,Ng_118,18,false,
154319,Ng_123,367,false,
154320,Ng_126,367,false,
154321,Ng_128,18,false,
154322,Ng_129,367,false,
154323,Ng_131,367,false,
154324,Ng_133,367,false,
154325,Ng_134,367,false,
154326,Ng_136,367,false,
154327,Ng_140,18,false,
154328,Ng_141,367,false,
154329,Ng_144,367,false,
154330,Ng_148,367,false,
154331,Ng_151,5692,false,
154332,Ng_154,,false,
154333,Ng_162,367,false,
154334,Ng_163,367,false,
154335,Ng_165,367,false,
154336,Ng_171,18,false,
154337,Ng_175,367,false,
154338,Ng_176,367,false,
154339,Ng_180,18,false,
154340,Ng_183,367,false,
154341,Ng_188,18,false,
154342,Ng_25,18,false,
154343,Ng_30,367,false,
154344,Ng_54,18,false,
154345,Ng_74,18,false,
154346,Ng_91,367,false,
154347,12289,,false,
154348,12299,,false,
154349,12306,,false,
154350,12316,,false,
154351,N24-1028,,false,
154352,N24-1034,,false,
154353,N24-1086,,false,
154354,N24-1088,,false,
154355,N24-1103,,false,
154356,N24-1108,,false,
154357,G-23-068,,false,
154358,24-476,141,false,
154370,12295,,false,
154371,12308,,false,
154372,12335,,false,
154373,12345,,false,
154374,12349,,false,
154375,Nmil3471,141,false,
154376,Nmil3470,87,false,
154377,Nmil3469,62,false,
154378,Nmil3468,604,false,
154379,Nmil3467,49,false,
154380,Nmil3465,9,false,
154382,Nmion3454,2620,false,
154383,Nmion3448,738,false,
154384,Nmion3447,45,false,
154385,Nmion3440,87,false,
154386,Nmion3439,9,false,
154387,Nmion3435,67,false,
154388,Nmion3434,45,false,
154389,Nmil3483,67,false,
154390,Nmil3426,5693,false,
154391,Nmil3423,87,false,
154392,Nmil3422,57,false,
154393,Nmil3421,141,false,
154394,Nmil3420,45,false,
154395,Nmil3419,262,false,
154396,Nmil3418,275,false,
154397,Nmil3416,150,false,
154398,Nmil3415,57,false,
154399,Nmil3413,127,false,
154400,Nmil3412,93,false,
154401,Nmil3411,3,false,
154402,Nmion3410,2295,false,
154403,Nmil3409,5694,false,
154404,Nmil3408,87,false,
154405,Nmil3407,1,false,
154406,Nmil3404,49,false,
154407,Nmil3402,3,false,
154408,Nmil3400,9,false,
154411,779-2024,5386,false,
154412,N.49_24,,false,
154413,N.55_24,,false,
154414,NML2024-109,5695,false,
154415,NML2024-108,5763,false,
154416,NML2024-107,97,false,
154417,NML2024-106,976,false,
154418,NML2024-105,87,false,
154419,NML2024-104,3,false,
154420,NML2024-103,1,false,
154421,NML2016-140,5696,false,
154422,NML2015-090,259,false,
154423,NML2010-189,65,false,
154424,NML2009-044,104,false,
154425,NML2006-178,65,false,
154431,N24-1083,,false,
154432,69444,,false,
154433,69465,,false,
154434,69466,,false,
154435,69505,,false,
154436,69513,,false,
154437,MRSN117488.R,,false,
154438,MRSN117489.R.trimmed,,false,
154439,MRSN117490.R.trimmed,,false,
154440,MRSN117491.R.trimmed,,false,
154441,MRSN117492.R1.trimmed,,false,
154442,MRSN117493.R.trimmed,,false,
154443,MRSN117494.R.trimmed,,false,
154444,MRSN117496.R.trimmed,,false,
154445,MRSN117498.R.trimmed,,false,
154446,MRSN117500.R.trimmed,,false,
154447,MRSN117501.R.trimmed,,false,
154448,MRSN117502.R.trimmed,,false,
154449,MRSN117503.R.trimmed,,false,
154450,MRSN117506.R.trimmed,,false,
154451,MRSN117507.R.trimmed,,false,
154452,MRSN117508.R.trimmed,,false,
154453,MRSN117509.R.trimmed,,false,
154454,MRSN117510.R.trimmed,,false,
154455,MRSN117513.R.trimmed,,false,
154456,MRSN117514.R.trimmed,,false,
154457,MRSN117515.R.trimmed,,false,
154458,MRSN117517.R.trimmed,,false,
154459,MRSN117518.R.trimmed,,false,
154460,MRSN117519.R.trimmed,,false,
154461,MRSN117520.R.trimmed,,false,
154462,MRSN117521.R.trimmed,,false,
154463,MRSN117522.R.trimmed,,false,
154464,MRSN117524.R.trimmed,,false,
154465,MRSN117525.R.trimmed,,false,
154466,MRSN117531.R.trimmed,,false,
154467,MRSN117533.R.trimmed,,false,
154468,MRSN117536.R.trimmed,,false,
154469,MRSN117538.R.trimmed,,false,
154470,MRSN117542.R.trimmed,,false,
154471,MRSN117543.R.trimmed,,false,
154472,MRSN117549.R.trimmed,,false,
154473,MRSN117550.R.trimmed,,false,
154474,MRSN117555.R.trimmed,,false,
154475,MRSN117556.R.trimmed,,false,
154476,MRSN117559.R.trimmed,,false,
154477,MRSN117560.R.trimmed,,false,
154478,MRSN117561.R.trimmed,,false,
154479,MRSN117563.R.trimmed,,false,
154480,MRSN117567.R.trimmed,,false,
154481,MRSN117570.R.trimmed,,false,
154482,MRSN117571.R.trimmed,,false,
154483,MRSN117573.R.trimmed,,false,
154484,MRSN117575.R.trimmed,,false,
154485,MRSN117577.R.trimmed,,false,
154486,MRSN117581.R.trimmed,,false,
154487,MRSN117582.R.trimmed,,false,
154488,MRSN117584.R.trimmed,,false,
154489,MRSN117586.R.trimmed,,false,
154490,MRSN117588.R.trimmed,,false,
154491,MRSN117589.R.trimmed,,false,
154492,MRSN117593.R.trimmed,,false,
154493,MRSN117595.R.trimmed,,false,
154494,MRSN117596.R,,false,
154495,MRSN117597.R,,false,
154496,12330,,false,
154497,17-120,,false,
154498,20-279,,false,
154499,19-060,,false,
154500,20-PD-16,,false,
154513,13-46,,false,
154517,335b-2024,5541,false,
154518,6752,,false,
154519,7251,,false,
154520,6594,,false,
154521,6666,,false,
154522,8237,,false,
154523,8584,,false,
154524,8605,,false,
154525,9128,,false,
154526,9198,,false,
154527,9261,,false,
154528,9336,,false,
154529,9437,,false,
154530,9510,,false,
154531,202068466,,false,
154532,11867,,false,
154533,11817,,false,
154534,7030,,false,
154535,23GRASP1881,,false,
154536,23GRASP1755,,false,
154537,23GRASP1939,,false,
154538,23GRASP1731,,false,
154539,23GRASP1687,,false,
154540,23GRASP1767,,false,
154541,23GRASP1773,,false,
154542,23GRASP1823,,false,
154543,23GRASP1825,,false,
154544,23GRASP1852,,false,
154545,23GRASP1857,,false,
154546,23GRASP1862,,false,
154547,23GRASP1863,,false,
154548,23GRASP1874,,false,
154549,23GRASP1891,,false,
154550,23GRASP1910,,false,
154551,23GRASP1926,,false,
154552,23GRASP1935,,false,
154553,23GRASP1795,,false,
154554,23GRASP1736,,false,
154555,23GRASP1811,,false,
154556,23GRASP1899,,false,
154557,9514,,false,
154558,8932,,false,
154559,9178,,false,
154560,9174,,false,
154561,9224,,false,
154562,9252,,false,
154563,9274,,false,
154564,9272,,false,
154565,9273,,false,
154566,9285,,false,
154567,9335,,false,
154568,9366,,false,
154569,9436,,false,
154570,9476,,false,
154571,9471,,false,
154572,9468,,false,
154573,9538,,false,
154574,9566,,false,
154575,9669,,false,
154576,9680,,false,
154577,822-2024,104,false,
154578,845-2024,9,false,
154579,168-2024,57,false,
154580,183-2024,87,false,
154582,N24-1143,,false,
154583,N24-1150,,false,
154584,N24-1169,,false,
154585,N24-1181,,false,
154586,N24-1119,,false,
154587,N24-1171,,false,
154588,SMG-24-2067,1,false,
154589,24-505,151,false,
154593,SL230091063804,5593,false,
154595,G-23-121,,false,
154596,G-23-330,,false,
154597,MRSN117527.R.trimmed,,false,
154598,MRSN117534.R.trimmed,,false,
154599,69732,,false,
154600,69734,,false,
154601,69743,,false,
154602,69747,,false,
154603,69756,,false,
154604,69764,,false,
154605,69767,,false,
154606,69768,,false,
154607,69773,,false,
154608,69780,,false,
154609,69791,,false,
154610,69793,,false,
154611,69804,,false,
154612,69741,,false,
154642,184_Chelyabinsk,,false,
154643,188_Chelyabinsk,,false,
154644,189_Chelyabinsk,,false,
154645,20/17/07,,false,
154646,20/17/08,,false,
154647,20/17/09,,false,
154648,20/19/07,,false,
154649,09/19/07,,false,
154650,09/19/09,,false,
154651,09/19/10,,false,
154652,09/19/12,,false,
154653,19/19/06,,false,
154654,12/19/30,,false,
154655,12/19/32,,false,
154656,21/20/32,,false,
154657,19/16/07,,false,
154658,19/16/18,,false,
154659,14/19/06,,false,
154660,20/19/14,,false,
154661,19/19/15,,false,
154662,21/20/11,,false,
154669,07/15/23,,false,
154670,36/15/03,,false,
154671,36/15/04,,false,
154672,36/15/05,,false,
154673,20/17/07,,false,
154674,20/17/08,,false,
154675,20/17/05,,false,
154676,20/19/09,,false,
154677,19/19/08,,false,
154678,12/19/09,,false,
154679,12/19/21,,false,
154680,21/20/10,,false,
154681,21/20/07,,false,
154682,21/20/13,,false,
154683,21/20/08,,false,
154685,69820,,false,
154686,69826,,false,
154687,69830,,false,
154688,69831,,false,
154689,69844,,false,
154690,69845,,false,
154691,69850,,false,
154692,69872,,false,
154693,69873,,false,
154694,69874,,false,
154695,69891,,false,
154696,69892,,false,
154697,69898,,false,
154698,69899,,false,
154699,69902,,false,
154703,2423312129,,false,
154704,2422714974,,false,
154705,NML2024-110,5698,false,
154706,NML2024-112,1,false,
154707,NML2024-113,1,false,
154708,NML2024-115,5859,false,
154709,NML2024-116,93,false,
154710,NML2024-117,62,false,
154711,NML2024-118,5699,false,
154712,NML2024-119,65,false,
154713,NML2024-120,4108,false,
154714,NML2024-121,62,false,
154715,NML2024-122,5700,false,
154716,75182,104,false,
154717,75188,104,false,
154718,75887,138,false,
154719,77277,67,false,
154720,77333,58,false,
154721,77685,68,false,
154722,77688,67,false,
154723,77804,5631,false,
154724,77805,1,false,
154725,77806,1,false,
154726,77807,1153,false,
154727,77842,1,false,
154728,77843,49,false,
154729,77851,141,false,
154730,77958,105,false,
154731,78001,5631,false,
154732,78027,2175,false,
154733,78068,49,false,
154734,78323,300,false,
154735,78393,87,false,
154736,78402,68,false,
154737,78416,1,false,
154746,N24-1183,,false,
154747,N24-1233,,false,
154748,N24-1251,,false,
154749,N24-1266,,false,
154750,N24-1268,,false,
154772,7934,,false,
154773,6840,,false,
154774,7349,,false,
154775,7948,,false,
154776,7966,,false,
154777,8376,,false,
154778,9534,,false,
154779,9525,,false,
154780,9580,,false,
154781,69653,,false,
154782,69661,,false,
154783,69678,,false,
154784,69697,,false,
154789,69718,,false,
154790,N24-1299,,false,
154791,N24-1311,,false,
154792,N24-1312,,false,
154793,N24-1317,,false,
154794,N24-1334,,false,
154795,N24-1345,,false,
154796,N24-1362,,false,
154797,4525,,false,
154798,24-521,141,false,
154799,78464,3,false,
154800,78416,1,false,
154801,78497,5702,false,
154802,78495,1,false,
154803,78747,2175,false,
154804,78515,1,false,
154805,78666,3,false,
154806,77206,49,false,
154807,873-2024,292,false,
154808,3029,,false,
154809,3030,,false,
154810,NX017,,false,
154811,NX022,,false,
154812,NX023,,false,
154813,NX024,,false,
154814,NX025,,false,
154815,NX005,,false,
154816,NX006,,false,
154817,NX008,,false,
154818,NX013,,false,
154819,NX014,,false,
154825,N24-1375,,false,
154826,N24-1376,,false,
154827,63_Arkhangelsk,,false,
154828,46_Kaluga,,false,
154829,H01-RESP-059,4108,false,
154830,H01-RESP-145,4688,false,
154831,H01-RESP-146,5704,false,
154832,H01-RESP-147,1482,false,
154833,H01-RESP-148,5705,false,
154834,H01-RESP-149,5706,false,
154835,H01-RESP-150,,false,
154836,H01-RESP-151,5160,false,
154837,H01-RESP-152,57,false,
154838,H01-RESP-153,4108,false,
154839,H01-RESP-154,2417,false,
154840,H01-RESP-155,1730,false,
154841,H01-RESP-156,65,false,
154842,H01-RESP-157,3,false,
154843,H01-RESP-159,6,false,
154844,H01-RESP-160,5707,false,
154845,H03-RESP-026,1,false,
154846,H03-RESP-028,9,false,
154847,H03-RESP-060,102,false,
154848,H03-RESP-061,2292,false,
154849,H03-RESP-062,259,false,
154850,H04-RESP-023,87,false,
154851,H04-RESP-026,979,false,
154852,H04-RESP-027,9,false,
154853,H07-RESP-031,5706,false,
154854,H14-GEN-001,4108,false,
154855,H14-GEN-002,4108,false,
154856,H14-GEN-003,4108,false,
154857,H14-RESP-030,407,false,
154858,H14-RESP-032,4108,false,
154859,H14-RESP-033,5605,false,
154860,H14-RESP-034,5708,false,
154861,H14-RESP-040,65,false,
154862,H14-RESP-043,262,false,
154863,H14-RESP-045,4108,false,
154864,H14-RESP-047,1781,false,
154865,H14-RESP-048,5160,false,
154866,H14-RESP-051,3998,false,
154867,H14-RESP-052,4108,false,
154868,H14-RESP-059,3998,false,
154869,H14-RESP-060,759,false,
154870,H15-RESP-031,259,false,
154871,H15-RESP-032,141,false,
154872,H15-RESP-033,87,false,
154873,H15-RESP-034,262,false,
154874,H15-RESP-035,262,false,
154875,H15-RESP-036,262,false,
154876,H15-RESP-037,62,false,
154877,H15-RESP-038,65,false,
154878,H15-EMI-058,87,false,
154879,SMG-24-2245,5709,false,
154881,N24-1260,,false,
154932,Nm_10-024,4769,false,
154933,Nm_11-024,45,false,
154934,Nm_12-024,1228,false,
154935,Nm_13-024,43,false,
154936,Nm_14-024,62,false,
154937,Nm_15-024,77,false,
154938,Nm_16-024,102,false,
154948,900-2024,715,false,
154949,902-2024,274,false,
154954,M63074,,false,
154955,M63106,,false,
154956,M63145,,false,
154957,M63361,,false,
154958,M63380,,false,
154959,M63414,,false,
154960,SMG-24-2268,65,false,
155022,N24-1374,,false,
155023,17-141,,false,
155024,17-220,,false,
155025,17-169,,false,
155026,17-188,,false,
155027,13-11,,false,
155028,13-59,,false,
155029,13-27,,false,
155030,03-R346,,false,
155031,13-76,,false,
155032,17-161,,false,
155033,19-240,,false,
155034,19-PD-35,,false,
155035,11-403,,false,
155036,11-405,,false,
155037,15-141,,false,
155038,18-PD-02,,false,
155039,02-7757,,false,
155040,18-006,,false,
155041,14-046,,false,
155042,15-086,,false,
155043,14-061,,false,
155044,19-JD-04,,false,
155045,19-JD-08,,false,
155046,19-PD-13,,false,
155047,16-024,,false,
155048,16-096,,false,
155049,16-154,,false,
155050,20-JD-34,,false,
155051,17-119,,false,
155052,14-020,,false,
155053,14-018,,false,
155054,15-122,,false,
155055,17-270,,false,
155056,18-061,,false,
155057,19-PD-11,,false,
155058,02-5708,,false,
155059,18-JD-20,,false,
155060,16-194,,false,
155061,02-7649,,false,
155062,12-15,,false,
155063,20-024,,false,
155064,19-069,,false,
155065,16-191,,false,
155066,18-009,,false,
155067,17-079,,false,
155068,18-070,,false,
155069,18-PD-05,,false,
155070,03-2436,,false,
155071,16-002,,false,
155072,17-104,,false,
155073,19-202,,false,
155074,20-251,,false,
155075,19-195,,false,
155076,17-081,,false,
155077,18-064,,false,
155078,14-098,,false,
155079,17-197,,false,
155080,20-152,,false,
155081,13-78,,false,
155082,17-114,,false,
155083,16-082,,false,
155084,13-24,,false,
155085,13-14,,false,
155086,13-25,,false,
155087,20-JD-48,,false,
155088,14-008,,false,
155089,16-062,,false,
155090,17-204,,false,
155091,20-255,,false,
155092,17-014,,false,
155093,13-32,,false,
155094,16-073,,false,
155095,18-PD-03,,false,
155096,12-18,,false,
155097,17-171,,false,
155098,19-SY-33,,false,
155099,17-117,,false,
155100,19-SY-19,,false,
155101,19-114,,false,
155102,19-153,,false,
155103,14-173,,false,
155104,17-157,,false,
155105,14-101,,false,
155106,17-209,,false,
155107,17-134,,false,
155108,14-048,,false,
155109,18-JD-46,,false,
155110,13-29,,false,
155111,13-80,,false,
155112,15-011,,false,
155113,13-103,,false,
155114,20-031,,false,
155115,17-102,,false,
155116,19-086,,false,
155117,19-JD-18,,false,
155118,19-PD-16,,false,
155119,14-034,,false,
155120,18-088,,false,
155121,13-7,,false,
155122,03-5437,,false,
155123,17-207,,false,
155124,03-R339,,false,
155125,13-88,,false,
155126,17-191,,false,
155127,13-3,,false,
155128,17-136,,false,
155129,17-189,,false,
155130,19-072,,false,
155131,13-28,,false,
155132,15-067,,false,
155133,15-070,,false,
155134,17-184,,false,
155135,18-SY-10,,false,
155136,18-SJ-05,,false,
155137,19-053,,false,
155138,19-079,,false,
155139,19-PD-17,,false,
155140,20-020,,false,
155141,20-095,,false,
155142,15-108,,false,
155143,16-174,,false,
155144,17-057,,false,
155145,18-JD-06,,false,
155146,18-SJ-10,,false,
155147,19-197,,false,
155148,SH-48,,false,
155149,18-SJ-03,,false,
155150,03-D347,,false,
155151,14-002,,false,
155152,19-033,,false,
155153,19-PD-30,,false,
155154,19-PD-36,,false,
155155,06-120,,false,
155156,15-012,,false,
155157,16-052,,false,
155158,17-280,,false,
155159,19-034,,false,
155160,19-118,,false,
155161,19-144,,false,
155162,19-JD-03,,false,
155163,19-JD-24,,false,
155164,19-JD-40,,false,
155165,19-JD-44,,false,
155166,15-023,,false,
155167,15-076,,false,
155168,16-005,,false,
155169,16-017,,false,
155170,16-054,,false,
155171,16-127,,false,
155172,16-179,,false,
155173,17-251,,false,
155174,18-158,,false,
155175,19-JD-45,,false,
155176,13-9,,false,
155177,16-033,,false,
155178,16-168,,false,
155179,17-105,,false,
155180,18-155,,false,
155181,18-115,,false,
155182,16-219,,false,
155183,16-013,,false,
155184,19-PD-38,,false,
155185,17-193,,false,
155186,16-039,,false,
155187,16-204,,false,
155188,18-137,,false,
155189,19-101,,false,
155190,19-PD-26,,false,
155191,15-034,,false,
155192,15-111,,false,
155193,16-014,,false,
155194,16-079,,false,
155195,17-042,,false,
155196,17-152,,false,
155197,18-112,,false,
155198,19-JD-43,,false,
155199,19-231,,false,
155200,19-JD-12,,false,
155201,15-096,,false,
155202,16-177,,false,
155203,18-160,,false,
155204,19-JD-27,,false,
155205,15-114,,false,
155206,19-PD-02,,false,
155207,15-112,,false,
155208,15-146,,false,
155209,18-027,,false,
155210,15-118,,false,
155211,20-PD-37,,false,
155212,03-1599,,false,
155213,02-5790,,false,
155214,13-33,,false,
155215,15-128,,false,
155216,107,5712,false,
155217,1262,1006,false,
155218,1330,16,false,
155219,1386,367,false,
155220,1476,1122,false,
155221,1510,18,false,
155222,1524,367,false,
155223,Nmion3507,9,false,
155224,Nmion3482,62,false,
155225,Nm3477,87,false,
155226,Nm3473,,false,
155227,Nm3472,308,false,
155228,Nm3464,424,false,
155229,Nmion3460,1250,false,
155230,Nm3449,5713,false,
155231,Nm3478,62,false,
155232,Nm3480,9,false,
155233,Nmil3485,4108,false,
155234,Nmil3487,4108,false,
155235,Nmil3488,,false,
155236,Nmil3489,9,false,
155237,Nmil3433,67,false,
155246,N24-1378,,false,
155247,N24-1385,,false,
155248,N24-1162,,false,
155249,NM227,,false,
155250,NM230,,false,
155251,NM232,,false,
155252,Nm3362,257,false,
155253,Nm3363,141,false,
155254,Nm3365,9,false,
155255,Nm3366,9,false,
155256,Nm3368,3,false,
155257,Nm3369,9,false,
155258,Nm3372,9,false,
155259,Nm3373,9,false,
155260,Nm3374,87,false,
155261,Nm3391,93,false,
155262,Nm3390,9,false,
155263,Nm3388,62,false,
155264,Nm3386,49,false,
155265,Nm3384,5714,false,
155266,Nm3379,64,false,
155267,Nm3377,3,false,
155268,Nm3376,2,false,
155269,Nm3375,424,false,
155270,Nm3394,424,false,
155271,Nm3395,87,false,
155272,Nm3396,3,false,
155273,Nm3398,9,false,
155274,Nm3399,257,false,
155275,Nmion3443,260,false,
155276,Nmion3437,93,false,
155277,Nmion3438,93,false,
155278,Nmion3427,396,false,
155279,Nmion3417,257,false,
155288,N24-1384,,false,
155298,24-576,,false,
155299,24-578,1984,false,
155300,24GB003605,3353,false,
155301,24GB003707,3276,false,
155302,24GB003710,18,false,
155303,24GB003721,367,false,
155304,24GB003726,367,false,
155305,24GB003788,5671,false,
155306,3031,,false,
155307,NZNMI01191,45,false,
155308,NZNMI97348,45,false,
155314,1077_24,,false,
155315,1938_24,,false,
155316,2010_24,,false,
155317,5000_24,,false,
155318,5301_24,,false,
155322,00/21/08,,false,
155323,12/21/03,,false,
155325,ECDC_GR18_080,654,false,
155326,3032,,false,
155327,24356,,false,
155328,24357,,false,
155329,24358,,false,
155330,24365,,false,
155331,24367,,false,
155332,202434385,,false,
155333,24372,,false,
155334,24376,,false,
155335,20240125-1,62,false,
155336,20240125-2,62,false,
155337,20240125-3,62,false,
155338,20240125-4,5716,false,
155339,20240125-5,62,false,
155340,20240125-6,62,false,
155341,20240125-7,62,false,
155342,20240125-8,62,false,
155343,20240125-9,62,false,
155344,20240125-10,62,false,
155345,20240125-11,5716,false,
155346,20240125-13,62,false,
155347,20240125-14,62,false,
155348,20240125-15,62,false,
155349,20240125-16,62,false,
155350,2023-C39,62,false,
155402,N24-1394,,false,
155403,N24-1401,,false,
155409,GP12-MUS-242,367,true,"Odile Harrison, University of Oxford, UK"
155410,GP13-MUS-070,18,true,"Odile Harrison, University of Oxford, UK"
155411,GP13-MUS-083,2199,true,"Odile Harrison, University of Oxford, UK"
155412,GP13-MUS-096,367,true,"Odile Harrison, University of Oxford, UK"
155413,GP13-MUS-099,18,true,"Odile Harrison, University of Oxford, UK"
155414,GP13-MUS-103,367,true,"Odile Harrison, University of Oxford, UK"
155415,GP13-MUS-105,367,true,"Odile Harrison, University of Oxford, UK"
155416,GP13-MUS-107,367,true,"Odile Harrison, University of Oxford, UK"
155417,GP13-MUS-109,657,true,"Odile Harrison, University of Oxford, UK"
155418,GP13-MUS-116,367,true,"Odile Harrison, University of Oxford, UK"
155419,GP13-MUS-120,367,true,"Odile Harrison, University of Oxford, UK"
155420,GP13-MUS-121,18,true,"Odile Harrison, University of Oxford, UK"
155421,GP13-MUS-129,367,true,"Odile Harrison, University of Oxford, UK"
155422,GP13-MUS-132,367,true,"Odile Harrison, University of Oxford, UK"
155423,GP13-MUS-133,18,true,"Odile Harrison, University of Oxford, UK"
155424,GP13-MUS-134,4412,true,"Odile Harrison, University of Oxford, UK"
155425,GP14-MUS-241,18,true,"Odile Harrison, University of Oxford, UK"
155426,15MUS-AH035,18,true,"Odile Harrison, University of Oxford, UK"
155427,15MUS-AH077-R,4306,true,"Odile Harrison, University of Oxford, UK"
155428,15MUS-AH080,18,true,"Odile Harrison, University of Oxford, UK"
155429,15MUS-AH090,18,true,"Odile Harrison, University of Oxford, UK"
155431,15MUS-AH129,367,true,"Odile Harrison, University of Oxford, UK"
155433,15MUS-AH168,16,true,"Odile Harrison, University of Oxford, UK"
155434,16MUS-AH017-R,18,true,"Odile Harrison, University of Oxford, UK"
155435,17MUS-AH017-R,18,true,"Odile Harrison, University of Oxford, UK"
155436,17MUS-AH019,18,true,"Odile Harrison, University of Oxford, UK"
155437,17MUS-AH021,18,true,"Odile Harrison, University of Oxford, UK"
155438,17MUS-AH024,18,true,"Odile Harrison, University of Oxford, UK"
155439,17MUS-AH026,18,true,"Odile Harrison, University of Oxford, UK"
155440,17MUS-AH027,18,true,"Odile Harrison, University of Oxford, UK"
155441,17MUS-AH029,18,true,"Odile Harrison, University of Oxford, UK"
155442,17MUS-AH034,367,true,"Odile Harrison, University of Oxford, UK"
155443,17MUS-AH035-R,378,true,"Odile Harrison, University of Oxford, UK"
155444,17MUS-AH038,367,true,"Odile Harrison, University of Oxford, UK"
155445,17MUS-AH039,18,true,"Odile Harrison, University of Oxford, UK"
155446,17MUS-AH041,683,true,"Odile Harrison, University of Oxford, UK"
155447,17MUS-AH044,367,true,"Odile Harrison, University of Oxford, UK"
155448,17MUS-AH047,18,true,"Odile Harrison, University of Oxford, UK"
155449,17MUS-AH051,18,true,"Odile Harrison, University of Oxford, UK"
155450,17MUS-AH052,18,true,"Odile Harrison, University of Oxford, UK"
155451,17MUS-AH054,18,true,"Odile Harrison, University of Oxford, UK"
155452,17MUS-AH056,18,true,"Odile Harrison, University of Oxford, UK"
155453,17MUS-AH057,4305,true,"Odile Harrison, University of Oxford, UK"
155454,17MUS-AH058,18,true,"Odile Harrison, University of Oxford, UK"
155455,17MUS-AH059,367,true,"Odile Harrison, University of Oxford, UK"
155456,17MUS-AH060-R,367,true,"Odile Harrison, University of Oxford, UK"
155457,17MUS-AH065,18,true,"Odile Harrison, University of Oxford, UK"
155458,17MUS-AH066,18,true,"Odile Harrison, University of Oxford, UK"
155459,17MUS-AH068,18,true,"Odile Harrison, University of Oxford, UK"
155460,17MUS-AH069,367,true,"Odile Harrison, University of Oxford, UK"
155461,17MUS-AH070-R,18,true,"Odile Harrison, University of Oxford, UK"
155462,17MUS-AH071,4306,true,"Odile Harrison, University of Oxford, UK"
155463,17MUS-AH073-1,4413,true,"Odile Harrison, University of Oxford, UK"
155464,17MUS-AH073-2,4413,true,"Odile Harrison, University of Oxford, UK"
155465,17MUS-AH074,367,true,"Odile Harrison, University of Oxford, UK"
155466,17MUS-AH075,18,true,"Odile Harrison, University of Oxford, UK"
155467,17MUS-AH076,18,true,"Odile Harrison, University of Oxford, UK"
155468,17MUS-AH098,1006,true,"Odile Harrison, University of Oxford, UK"
155469,17MUS-AH100,367,true,"Odile Harrison, University of Oxford, UK"
155470,17MUS-AH101,18,true,"Odile Harrison, University of Oxford, UK"
155471,17MUS-AH103,825,true,"Odile Harrison, University of Oxford, UK"
155472,17MUS-AH105,367,true,"Odile Harrison, University of Oxford, UK"
155473,17MUS-AH106,367,true,"Odile Harrison, University of Oxford, UK"
155474,17MUS-AH107,378,true,"Odile Harrison, University of Oxford, UK"
155475,17MUS-AH108-1,367,true,"Odile Harrison, University of Oxford, UK"
155476,17MUS-AH108-2,367,true,"Odile Harrison, University of Oxford, UK"
155477,17MUS-AH110,18,true,"Odile Harrison, University of Oxford, UK"
155478,17MUS-AH111,18,true,"Odile Harrison, University of Oxford, UK"
155479,17MUS-AH112,18,true,"Odile Harrison, University of Oxford, UK"
155480,17MUS-AH116,4306,true,"Odile Harrison, University of Oxford, UK"
155481,17MUS-AH123,18,true,"Odile Harrison, University of Oxford, UK"
155482,17MUS-AH124,825,true,"Odile Harrison, University of Oxford, UK"
155483,MP12-MUS-001,367,true,"Odile Harrison, University of Oxford, UK"
155484,MP12-MUS-010,367,true,"Odile Harrison, University of Oxford, UK"
155485,MP12-MUS-012,367,true,"Odile Harrison, University of Oxford, UK"
155486,MP12-MUS-013,367,true,"Odile Harrison, University of Oxford, UK"
155487,MP12-MUS-015,367,true,"Odile Harrison, University of Oxford, UK"
155488,MP12-MUS-028,378,true,"Odile Harrison, University of Oxford, UK"
155489,MP12-MUS-030,657,true,"Odile Harrison, University of Oxford, UK"
155490,MP12-MUS-035,18,true,"Odile Harrison, University of Oxford, UK"
155491,MP12-MUS-037,367,true,"Odile Harrison, University of Oxford, UK"
155492,MP12-MUS-041,18,true,"Odile Harrison, University of Oxford, UK"
155493,MP12-MUS-044,367,true,"Odile Harrison, University of Oxford, UK"
155494,MP12-MUS-046,367,true,"Odile Harrison, University of Oxford, UK"
155495,MP12-MUS-047,367,true,"Odile Harrison, University of Oxford, UK"
155496,MP12-MUS-048,18,true,"Odile Harrison, University of Oxford, UK"
155497,MP12-MUS-050,18,true,"Odile Harrison, University of Oxford, UK"
155498,MP12-MUS-051,657,true,"Odile Harrison, University of Oxford, UK"
155499,MP12-MUS-053,654,true,"Odile Harrison, University of Oxford, UK"
155500,MP12-MUS-055,5718,true,"Odile Harrison, University of Oxford, UK"
155501,MP12-MUS-056,378,true,"Odile Harrison, University of Oxford, UK"
155502,MP12-MUS-057,378,true,"Odile Harrison, University of Oxford, UK"
155503,MP12-MUS-059,18,true,"Odile Harrison, University of Oxford, UK"
155504,MP12-MUS-060,378,true,"Odile Harrison, University of Oxford, UK"
155505,24-616,151,false,
155506,24-626,3,false,
155507,24-627,3,false,
155508,MP12-MUS-066,18,true,"Odile Harrison, University of Oxford, UK"
155509,MP12-MUS-069,18,true,"Odile Harrison, University of Oxford, UK"
155510,MP12-MUS-074,378,true,"Odile Harrison, University of Oxford, UK"
155511,MP12-MUS-078,367,true,"Odile Harrison, University of Oxford, UK"
155512,MP12-MUS-079,378,true,"Odile Harrison, University of Oxford, UK"
155513,KN13-MUS-001,5718,true,"Odile Harrison, University of Oxford, UK"
155514,KN13-MUS-003,18,true,"Odile Harrison, University of Oxford, UK"
155515,KN13-MUS-014,367,true,"Odile Harrison, University of Oxford, UK"
155516,KN13-MUS-073,367,true,"Odile Harrison, University of Oxford, UK"
155517,KN13-MUS-075,18,true,"Odile Harrison, University of Oxford, UK"
155518,KN13-MUS-076,3386,true,"Odile Harrison, University of Oxford, UK"
155519,KN13-MUS-078,683,true,"Odile Harrison, University of Oxford, UK"
155520,KN13-MUS-079,18,true,"Odile Harrison, University of Oxford, UK"
155521,KN13-MUS-088,18,true,"Odile Harrison, University of Oxford, UK"
155522,KN13-MUS-090,18,true,"Odile Harrison, University of Oxford, UK"
155523,KN13-MUS-098,367,true,"Odile Harrison, University of Oxford, UK"
155524,KN13-MUS-106,18,true,"Odile Harrison, University of Oxford, UK"
155525,KN13-MUS-111,18,true,"Odile Harrison, University of Oxford, UK"
155526,KN13-MUS-120,683,true,"Odile Harrison, University of Oxford, UK"
155527,KN13-MUS-129,367,true,"Odile Harrison, University of Oxford, UK"
155528,KN13-MUS-131,18,true,"Odile Harrison, University of Oxford, UK"
155529,KN13-MUS-132,683,true,"Odile Harrison, University of Oxford, UK"
155530,KN13-MUS-137,18,true,"Odile Harrison, University of Oxford, UK"
155531,KN13-MUS-140,21,true,"Odile Harrison, University of Oxford, UK"
155532,KN13-MUS-141,18,true,"Odile Harrison, University of Oxford, UK"
155533,KN13-MUS-143,18,true,"Odile Harrison, University of Oxford, UK"
155534,KN13-MUS-145,367,true,"Odile Harrison, University of Oxford, UK"
155535,KN13-MUS-180,18,true,"Odile Harrison, University of Oxford, UK"
155536,KN13-MUS-197,367,true,"Odile Harrison, University of Oxford, UK"
155537,KN13-MUS-200,18,true,"Odile Harrison, University of Oxford, UK"
155538,KN13-MUS-202,18,true,"Odile Harrison, University of Oxford, UK"
155539,15MUS-GQ003,378,true,"Odile Harrison, University of Oxford, UK"
155540,15MUS-GQ005,16,true,"Odile Harrison, University of Oxford, UK"
155541,15MUS-GQ006,683,true,"Odile Harrison, University of Oxford, UK"
155542,15MUS-GQ007,18,true,"Odile Harrison, University of Oxford, UK"
155543,15MUS-GQ009-1,683,true,"Odile Harrison, University of Oxford, UK"
155544,15MUS-GQ009-2,683,true,"Odile Harrison, University of Oxford, UK"
155545,15MUS-GQ040,378,true,"Odile Harrison, University of Oxford, UK"
155546,15MUS-GQ047,658,true,"Odile Harrison, University of Oxford, UK"
155547,15MUS-GQ049,367,true,"Odile Harrison, University of Oxford, UK"
155548,15MUS-GQ053,683,true,"Odile Harrison, University of Oxford, UK"
155549,15MUS-GQ151,3368,true,"Odile Harrison, University of Oxford, UK"
155550,14MUS-JO004,378,true,"Odile Harrison, University of Oxford, UK"
155551,14MUS-JO006,18,true,"Odile Harrison, University of Oxford, UK"
155552,14MUS-JO009,367,true,"Odile Harrison, University of Oxford, UK"
155553,14MUS-JO011,18,true,"Odile Harrison, University of Oxford, UK"
155554,14MUS-JO015,657,true,"Odile Harrison, University of Oxford, UK"
155555,14MUS-JO017,367,true,"Odile Harrison, University of Oxford, UK"
155556,14MUS-JO020,2199,true,"Odile Harrison, University of Oxford, UK"
155557,14MUS-JO027,18,true,"Odile Harrison, University of Oxford, UK"
155558,14MUS-JO028,367,true,"Odile Harrison, University of Oxford, UK"
155559,14MUS-JO029,378,true,"Odile Harrison, University of Oxford, UK"
155560,14MUS-JO030,18,true,"Odile Harrison, University of Oxford, UK"
155561,14MUS-JO033,18,true,"Odile Harrison, University of Oxford, UK"
155562,14MUS-JO037,18,true,"Odile Harrison, University of Oxford, UK"
155563,14MUS-JO038,367,true,"Odile Harrison, University of Oxford, UK"
155564,14MUS-JO040,2199,true,"Odile Harrison, University of Oxford, UK"
155565,14MUS-JO041,367,true,"Odile Harrison, University of Oxford, UK"
155566,14MUS-JO045,18,true,"Odile Harrison, University of Oxford, UK"
155567,14MUS-JO055,367,true,"Odile Harrison, University of Oxford, UK"
155568,14MUS-JO060,367,true,"Odile Harrison, University of Oxford, UK"
155569,14MUS-JO064,18,true,"Odile Harrison, University of Oxford, UK"
155570,14MUS-JO066,18,true,"Odile Harrison, University of Oxford, UK"
155571,14MUS-JO067,18,true,"Odile Harrison, University of Oxford, UK"
155572,14MUS-JO068,4413,true,"Odile Harrison, University of Oxford, UK"
155573,14MUS-JO076,5718,true,"Odile Harrison, University of Oxford, UK"
155574,14MUS-JO077,372,true,"Odile Harrison, University of Oxford, UK"
155575,14MUS-JO078,367,true,"Odile Harrison, University of Oxford, UK"
155576,14MUS-JO084,18,true,"Odile Harrison, University of Oxford, UK"
155577,20MUS-AH002,657,true,"Odile Harrison, University of Oxford, UK"
155578,20MUS-AH004,18,true,"Odile Harrison, University of Oxford, UK"
155579,20MUS-AH005,18,true,"Odile Harrison, University of Oxford, UK"
155580,20MUS-AH007,18,true,"Odile Harrison, University of Oxford, UK"
155581,20MUS-AH008,18,true,"Odile Harrison, University of Oxford, UK"
155582,20MUS-AH010,5753,true,"Odile Harrison, University of Oxford, UK"
155583,20MUS-AH011,18,true,"Odile Harrison, University of Oxford, UK"
155584,20MUS-AH012,18,true,"Odile Harrison, University of Oxford, UK"
155585,20MUS-AH013,18,true,"Odile Harrison, University of Oxford, UK"
155586,20MUS-AH017,18,true,"Odile Harrison, University of Oxford, UK"
155587,20MUS-AH021,367,true,"Odile Harrison, University of Oxford, UK"
155588,20MUS-AH022,367,true,"Odile Harrison, University of Oxford, UK"
155589,20MUS-AH023,367,true,"Odile Harrison, University of Oxford, UK"
155590,20MUS-AH027,18,true,"Odile Harrison, University of Oxford, UK"
155591,20MUS-AH030,367,true,"Odile Harrison, University of Oxford, UK"
155592,20MUS-AH032,367,true,"Odile Harrison, University of Oxford, UK"
155593,20MUS-AH034,367,true,"Odile Harrison, University of Oxford, UK"
155594,20MUS-AH036,367,true,"Odile Harrison, University of Oxford, UK"
155595,20MUS-AH037,18,true,"Odile Harrison, University of Oxford, UK"
155596,20MUS-AH039,18,true,"Odile Harrison, University of Oxford, UK"
155597,20MUS-AH040,18,true,"Odile Harrison, University of Oxford, UK"
155598,20MUS-AH042,5718,true,"Odile Harrison, University of Oxford, UK"
155599,20MUS-AH044-1,4306,true,"Odile Harrison, University of Oxford, UK"
155600,20MUS-AH044-2,4306,true,"Odile Harrison, University of Oxford, UK"
155601,20MUS-AH045,367,true,"Odile Harrison, University of Oxford, UK"
155602,20MUS-AH052,644,true,"Odile Harrison, University of Oxford, UK"
155603,20MUS-AH053,367,true,"Odile Harrison, University of Oxford, UK"
155604,20MUS-AH054,367,true,"Odile Harrison, University of Oxford, UK"
155605,20MUS-AH055,367,true,"Odile Harrison, University of Oxford, UK"
155606,20MUS-AH057,367,true,"Odile Harrison, University of Oxford, UK"
155607,20MUS-AH061,367,true,"Odile Harrison, University of Oxford, UK"
155608,20MUS-AH063,367,true,"Odile Harrison, University of Oxford, UK"
155609,20MUS-AH065,367,true,"Odile Harrison, University of Oxford, UK"
155610,20MUS-AH067,657,true,"Odile Harrison, University of Oxford, UK"
155611,20MUS-AH074,4306,true,"Odile Harrison, University of Oxford, UK"
155612,20MUS-AH080,18,true,"Odile Harrison, University of Oxford, UK"
155613,20MUS-AH081,367,true,"Odile Harrison, University of Oxford, UK"
155614,20MUS-AH083,657,true,"Odile Harrison, University of Oxford, UK"
155615,20MUS-AH084,367,true,"Odile Harrison, University of Oxford, UK"
155616,20MUS-AH085-1,18,true,"Odile Harrison, University of Oxford, UK"
155617,20MUS-AH085-2,18,true,"Odile Harrison, University of Oxford, UK"
155618,20MUS-AH095,378,true,"Odile Harrison, University of Oxford, UK"
155619,20MUS-AH096,4306,true,"Odile Harrison, University of Oxford, UK"
155620,20MUS-AH098-1,3485,true,"Odile Harrison, University of Oxford, UK"
155621,20MUS-AH098-2,3485,true,"Odile Harrison, University of Oxford, UK"
155622,20MUS-AH103,18,true,"Odile Harrison, University of Oxford, UK"
155623,20MUS-AH104,367,true,"Odile Harrison, University of Oxford, UK"
155624,20MUS-AH105,367,true,"Odile Harrison, University of Oxford, UK"
155625,20MUS-AH108,367,true,"Odile Harrison, University of Oxford, UK"
155626,20MUS-AH110-1,18,true,"Odile Harrison, University of Oxford, UK"
155627,20MUS-AH110-2,18,true,"Odile Harrison, University of Oxford, UK"
155628,20MUS-AH112,18,true,"Odile Harrison, University of Oxford, UK"
155629,20MUS-AH114,18,true,"Odile Harrison, University of Oxford, UK"
155630,20MUS-AH117,18,true,"Odile Harrison, University of Oxford, UK"
155631,20MUS-AH121,657,true,"Odile Harrison, University of Oxford, UK"
155632,20MUS-AH122,367,true,"Odile Harrison, University of Oxford, UK"
155633,20MUS-AH124,18,true,"Odile Harrison, University of Oxford, UK"
155634,20MUS-AH125,657,true,"Odile Harrison, University of Oxford, UK"
155635,20MUS-AH127,18,true,"Odile Harrison, University of Oxford, UK"
155636,20MUS-AH129,1006,true,"Odile Harrison, University of Oxford, UK"
155637,20MUS-AH135,367,true,"Odile Harrison, University of Oxford, UK"
155638,20MUS-AH138,18,true,"Odile Harrison, University of Oxford, UK"
155639,20MUS-AH139,367,true,"Odile Harrison, University of Oxford, UK"
155640,20MUS-AH141,378,true,"Odile Harrison, University of Oxford, UK"
155641,20MUS-AH143,367,true,"Odile Harrison, University of Oxford, UK"
155642,20MUS-AH144,367,true,"Odile Harrison, University of Oxford, UK"
155643,20MUS-AH145,5754,true,"Odile Harrison, University of Oxford, UK"
155644,20MUS-AH146,367,true,"Odile Harrison, University of Oxford, UK"
155645,20MUS-AH148,18,true,"Odile Harrison, University of Oxford, UK"
155646,21MUS-AH003,18,true,"Odile Harrison, University of Oxford, UK"
155647,21MUS-AH004,657,true,"Odile Harrison, University of Oxford, UK"
155648,21MUS-AH008,378,true,"Odile Harrison, University of Oxford, UK"
155649,21MUS-AH010,18,true,"Odile Harrison, University of Oxford, UK"
155650,21MUS-AH012,18,true,"Odile Harrison, University of Oxford, UK"
155651,21MUS-AH016,23,true,"Odile Harrison, University of Oxford, UK"
155652,21MUS-AH017,18,true,"Odile Harrison, University of Oxford, UK"
155653,21MUS-AH018,372,true,"Odile Harrison, University of Oxford, UK"
155654,21MUS-AH021-R,18,true,"Odile Harrison, University of Oxford, UK"
155655,21MUS-AH022,18,true,"Odile Harrison, University of Oxford, UK"
155656,21MUS-AH024,657,true,"Odile Harrison, University of Oxford, UK"
155657,21MUS-AH025,644,true,"Odile Harrison, University of Oxford, UK"
155658,21MUS-AH027,4306,true,"Odile Harrison, University of Oxford, UK"
155659,21MUS-AH028,367,true,"Odile Harrison, University of Oxford, UK"
155660,21MUS-AH031,18,true,"Odile Harrison, University of Oxford, UK"
155661,21MUS-AH036,18,true,"Odile Harrison, University of Oxford, UK"
155662,21MUS-AH039,367,true,"Odile Harrison, University of Oxford, UK"
155663,21MUS-AH042,378,true,"Odile Harrison, University of Oxford, UK"
155665,21MUS-AH052,18,true,"Odile Harrison, University of Oxford, UK"
155666,21MUS-AH053,4306,true,"Odile Harrison, University of Oxford, UK"
155667,21MUS-AH055,367,true,"Odile Harrison, University of Oxford, UK"
155668,21MUS-AH056,18,true,"Odile Harrison, University of Oxford, UK"
155669,21MUS-AH057,367,true,"Odile Harrison, University of Oxford, UK"
155670,21MUS-AH061,367,true,"Odile Harrison, University of Oxford, UK"
155671,21MUS-AH065,367,true,"Odile Harrison, University of Oxford, UK"
155672,21MUS-AH071,378,true,"Odile Harrison, University of Oxford, UK"
155673,21MUS-AH072,378,true,"Odile Harrison, University of Oxford, UK"
155674,21MUS-AH073,658,true,"Odile Harrison, University of Oxford, UK"
155675,21MUS-AH074,2199,true,"Odile Harrison, University of Oxford, UK"
155676,21MUS-AH077,367,true,"Odile Harrison, University of Oxford, UK"
155677,21MUS-AH078,367,true,"Odile Harrison, University of Oxford, UK"
155678,21MUS-AH084,18,true,"Odile Harrison, University of Oxford, UK"
155679,21MUS-AH090,367,true,"Odile Harrison, University of Oxford, UK"
155680,21MUS-AH091,18,true,"Odile Harrison, University of Oxford, UK"
155681,21MUS-AH093,5755,true,"Odile Harrison, University of Oxford, UK"
155682,21MUS-AH095,367,true,"Odile Harrison, University of Oxford, UK"
155683,21MUS-AH098,367,true,"Odile Harrison, University of Oxford, UK"
155684,21MUS-AH100,18,true,"Odile Harrison, University of Oxford, UK"
155685,21MUS-AH101,18,true,"Odile Harrison, University of Oxford, UK"
155686,21MUS-AH105-R,367,true,"Odile Harrison, University of Oxford, UK"
155687,21MUS-AH106,367,true,"Odile Harrison, University of Oxford, UK"
155688,21MUS-AH109,18,true,"Odile Harrison, University of Oxford, UK"
155689,21MUS-AH111,367,true,"Odile Harrison, University of Oxford, UK"
155690,21MUS-AH113,18,true,"Odile Harrison, University of Oxford, UK"
155691,21MUS-AH114,367,true,"Odile Harrison, University of Oxford, UK"
155692,21MUS-AH115,18,true,"Odile Harrison, University of Oxford, UK"
155693,21MUS-AH119,18,true,"Odile Harrison, University of Oxford, UK"
155694,21MUS-AH122,378,true,"Odile Harrison, University of Oxford, UK"
155695,21MUS-AH125,18,true,"Odile Harrison, University of Oxford, UK"
155696,21MUS-AH126,5756,true,"Odile Harrison, University of Oxford, UK"
155697,21MUS-AH127,4306,true,"Odile Harrison, University of Oxford, UK"
155698,21MUS-AH130,5757,true,"Odile Harrison, University of Oxford, UK"
155699,21MUS-AH131,18,true,"Odile Harrison, University of Oxford, UK"
155701,21MUS-AH133,367,true,"Odile Harrison, University of Oxford, UK"
155702,21MUS-AH134,657,true,"Odile Harrison, University of Oxford, UK"
155703,21MUS-AH136,367,true,"Odile Harrison, University of Oxford, UK"
155704,21MUS-AH137,4306,true,"Odile Harrison, University of Oxford, UK"
155705,21MUS-AH138,18,true,"Odile Harrison, University of Oxford, UK"
155706,21MUS-AH139,18,true,"Odile Harrison, University of Oxford, UK"
155707,21MUS-AH140,367,true,"Odile Harrison, University of Oxford, UK"
155710,21MUS-AH148,18,true,"Odile Harrison, University of Oxford, UK"
155711,21MUS-AH150,654,true,"Odile Harrison, University of Oxford, UK"
155712,21MUS-AH151,4306,true,"Odile Harrison, University of Oxford, UK"
155714,21MUS-AH153-2,1006,true,"Odile Harrison, University of Oxford, UK"
155718,21MUS-AH164,18,true,"Odile Harrison, University of Oxford, UK"
155719,21MUS-AH165,367,true,"Odile Harrison, University of Oxford, UK"
155720,21MUS-AH166,18,true,"Odile Harrison, University of Oxford, UK"
155722,21MUS-AH168,367,true,"Odile Harrison, University of Oxford, UK"
155723,21MUS-AH169-1,657,true,"Odile Harrison, University of Oxford, UK"
155725,21MUS-AH171,378,true,"Odile Harrison, University of Oxford, UK"
155726,21MUS-AH174,657,true,"Odile Harrison, University of Oxford, UK"
155728,21MUS-AH183,367,true,"Odile Harrison, University of Oxford, UK"
155729,21MUS-AH185,378,true,"Odile Harrison, University of Oxford, UK"
155730,21MUS-AH187,367,true,"Odile Harrison, University of Oxford, UK"
155733,21MUS-AH195,4306,true,"Odile Harrison, University of Oxford, UK"
155734,21MUS-AH196,367,true,"Odile Harrison, University of Oxford, UK"
155735,21MUS-AH198,367,true,"Odile Harrison, University of Oxford, UK"
155738,21MUS-AH202,2199,true,"Odile Harrison, University of Oxford, UK"
155741,21MUS-AH205,367,true,"Odile Harrison, University of Oxford, UK"
155742,21MUS-AH209,21,true,"Odile Harrison, University of Oxford, UK"
155743,21MUS-AH210,367,true,"Odile Harrison, University of Oxford, UK"
155744,21MUS-AH216,18,true,"Odile Harrison, University of Oxford, UK"
155748,21MUS-AH223-2,18,true,"Odile Harrison, University of Oxford, UK"
155749,15MUS-PI001,18,true,"Odile Harrison, University of Oxford, UK"
155750,15MUS-PI002,18,true,"Odile Harrison, University of Oxford, UK"
155751,15MUS-PI003,18,true,"Odile Harrison, University of Oxford, UK"
155752,15MUS-PI004,18,true,"Odile Harrison, University of Oxford, UK"
155753,15MUS-PI005-WGS,378,true,"Odile Harrison, University of Oxford, UK"
155754,15MUS-PI006,18,true,"Odile Harrison, University of Oxford, UK"
155755,15MUS-PI007,2199,true,"Odile Harrison, University of Oxford, UK"
155756,15MUS-PI011,367,true,"Odile Harrison, University of Oxford, UK"
155757,15MUS-PI016,18,true,"Odile Harrison, University of Oxford, UK"
155758,20MUS-AH109,18,true,"Odile Harrison, University of Oxford, UK"
155759,15MUS-PI020,367,true,"Odile Harrison, University of Oxford, UK"
155760,15MUS-PI025,367,true,"Odile Harrison, University of Oxford, UK"
155761,15MUS-PI026,18,true,"Odile Harrison, University of Oxford, UK"
155762,15MUS-PI029,18,true,"Odile Harrison, University of Oxford, UK"
155763,15MUS-PI030,18,true,"Odile Harrison, University of Oxford, UK"
155764,15MUS-PI036,367,true,"Odile Harrison, University of Oxford, UK"
155767,15MUS-PI048,18,true,"Odile Harrison, University of Oxford, UK"
155768,15MUS-PI056,18,true,"Odile Harrison, University of Oxford, UK"
155769,15MUS-PI063-WGS,657,true,"Odile Harrison, University of Oxford, UK"
155770,15MUS-PI064,367,true,"Odile Harrison, University of Oxford, UK"
155772,15MUS-PI066,367,true,"Odile Harrison, University of Oxford, UK"
155773,15MUS-PI067,18,true,"Odile Harrison, University of Oxford, UK"
155774,15MUS-PI068,378,true,"Odile Harrison, University of Oxford, UK"
155775,15MUS-PI076,18,true,"Odile Harrison, University of Oxford, UK"
155776,15MUS-PI077,18,true,"Odile Harrison, University of Oxford, UK"
155777,15MUS-PI078,18,true,"Odile Harrison, University of Oxford, UK"
155778,15MUS-PI080,2391,true,"Odile Harrison, University of Oxford, UK"
155779,15MUS-PI082,18,true,"Odile Harrison, University of Oxford, UK"
155780,15MUS-PI089,2199,true,"Odile Harrison, University of Oxford, UK"
155781,15MUS-PI091-WGS,367,true,"Odile Harrison, University of Oxford, UK"
155782,15MUS-PI092-WGS,378,true,"Odile Harrison, University of Oxford, UK"
155783,15MUS-PI093,18,true,"Odile Harrison, University of Oxford, UK"
155784,15MUS-PI095,367,true,"Odile Harrison, University of Oxford, UK"
155785,15MUS-PI097,367,true,"Odile Harrison, University of Oxford, UK"
155787,15MUS-PI099,683,true,"Odile Harrison, University of Oxford, UK"
155788,15MUS-PI100,18,true,"Odile Harrison, University of Oxford, UK"
155789,15MUS-PI103,18,true,"Odile Harrison, University of Oxford, UK"
155791,15MUS-PI105,2199,true,"Odile Harrison, University of Oxford, UK"
155792,15MUS-PI107,378,true,"Odile Harrison, University of Oxford, UK"
155793,15MUS-PI110,18,true,"Odile Harrison, University of Oxford, UK"
155794,15MUS-PI111,367,true,"Odile Harrison, University of Oxford, UK"
155795,15MUS-PI112,18,true,"Odile Harrison, University of Oxford, UK"
155796,18MUS-KM003,5758,true,"Odile Harrison, University of Oxford, UK"
155797,18MUS-KM009,378,true,"Odile Harrison, University of Oxford, UK"
155798,18MUS-KM012,367,true,"Odile Harrison, University of Oxford, UK"
155799,18MUS-KM013,367,true,"Odile Harrison, University of Oxford, UK"
155801,18MUS-KM021,367,true,"Odile Harrison, University of Oxford, UK"
155802,18MUS-KM024,18,true,"Odile Harrison, University of Oxford, UK"
155803,18MUS-KM025,378,true,"Odile Harrison, University of Oxford, UK"
155804,18MUS-KM026,18,true,"Odile Harrison, University of Oxford, UK"
155805,AT20-001,373,false,
155806,AT20-002,3479,false,
155807,AT20-003,3353,false,
155808,AT20-004,367,false,
155809,AT20-005,16,false,
155810,AT20-006,627,false,
155811,AT20-007,373,false,
155812,AT20-008,367,false,
155813,AT20-009,16,false,
155814,AT20-010,367,false,
155815,AT20-011,3353,false,
155816,AT20-012,3353,false,
155817,AT20-013,654,false,
155818,AT20-014,18,false,
155819,AT20-015,3353,false,
155820,AT20-016,18,false,
155821,AT20-017,1122,false,
155822,AT20-018,4327,false,
155823,AT20-019,3353,false,
155824,AT20-020,16,false,
155825,AT20-021,367,false,
155826,AT20-022,4327,false,
155827,AT20-023,3353,false,
155828,AT20-024,16,false,
155829,AT20-025,3353,false,
155830,AT20-027,5005,false,
155831,AT20-028,367,false,
155832,AT20-029,18,false,
155833,AT20-030,1006,false,
155834,AT20-031,23,false,
155835,AT20-032,23,false,
155836,AT20-033,3353,false,
155837,AT20-034,16,false,
155838,AT20-035,367,false,
155839,AT20-036,3951,false,
155840,AT20-037,628,false,
155841,AT20-038,3474,false,
155842,AT20-039,16,false,
155843,AT20-040,1006,false,
155844,AT20-041,3479,false,
155845,AT20-042,3479,false,
155846,AT20-043,373,false,
155847,AT20-044,373,false,
155848,AT20-045,3359,false,
155849,AT20-046,1006,false,
155850,AT20-047,3353,false,
155851,AT20-048,654,false,
155852,AT20-049,3359,false,
155853,AT20-050,627,false,
155854,AT20-051,373,false,
155855,AT20-052,3353,false,
155856,AT20-053,2813,false,
155857,AT20-054,3353,false,
155858,AT20-055,373,false,
155859,AT20-056,373,false,
155860,AT20-057,3353,false,
155861,AT20-058,367,false,
155862,AT20-060,18,false,
155863,AT20-061,5006,false,
155864,AT20-062,3353,false,
155865,AT20-063,2813,false,
155866,AT20-064,367,false,
155867,AT20-065,5006,false,
155868,AT20-066,21,false,
155869,AT20-067,3353,false,
155870,AT20-068,654,false,
155871,AT20-069,2813,false,
155872,AT20-070,16,false,
155873,AT20-071,2399,false,
155874,BE20-001,3474,false,
155875,BE20-002,367,false,
155876,BE20-003,3359,false,
155877,BE20-004,22,false,
155878,BE20-006,3474,false,
155879,BE20-007,3353,false,
155880,BE20-008,367,false,
155881,BE20-009,654,false,
155882,BE20-010,628,false,
155883,BE20-011,3474,false,
155884,BE20-012,367,false,
155885,BE20-013,3353,false,
155886,BE20-015,3356,false,
155887,BE20-016,22,false,
155888,BE20-017,644,false,
155889,BE20-018,3474,false,
155890,BE20-019,367,false,
155891,BE20-020,1006,false,
155892,BE20-022,373,false,
155893,BE20-023,367,false,
155894,BE20-024,367,false,
155895,BE20-025,1006,false,
155896,BE20-027,3353,false,
155897,BE20-028,654,false,
155898,BE20-029,367,false,
155899,BE20-030,3353,false,
155900,BE20-031,627,false,
155901,BE20-032,18,false,
155902,BE20-033,367,false,
155903,BE20-034,3474,false,
155904,BE20-035,636,false,
155905,BE20-036,3359,false,
155906,BE20-037,628,false,
155907,BE20-039,378,false,
155908,BE20-040,367,false,
155909,BE20-041,3359,false,
155910,BE20-042,18,false,
155911,BE20-043,367,false,
155912,BE20-044,367,false,
155913,BE20-045,636,false,
155914,BE20-046,3353,false,
155915,BE20-047,627,false,
155916,BE20-048,373,false,
155917,BE20-049,367,false,
155918,BE20-050,373,false,
155919,BE20-051,3353,false,
155920,BE20-052,627,false,
155921,BE20-053,636,false,
155922,BE20-054,367,false,
155923,BE20-055,367,false,
155924,BE20-056,378,false,
155925,BE20-057,654,false,
155926,BE20-058,1006,false,
155927,BE20-059,16,false,
155928,BE20-060,373,false,
155929,BE20-061,654,false,
155930,BE20-062,4327,false,
155931,BE20-063,3356,false,
155932,BE20-064,636,false,
155933,BE20-065,3353,false,
155934,BE20-066,367,false,
155935,BE20-067,1006,false,
155936,BE20-068,3359,false,
155937,BE20-069,3359,false,
155938,BE20-070,378,false,
155939,BE20-071,3474,false,
155940,BE20-072,1006,false,
155941,BE20-073,3359,false,
155942,BE20-074,22,false,
155943,BE20-075,3474,false,
155944,BE20-076,367,false,
155945,BE20-077,1122,false,
155946,BE20-078,373,false,
155947,BE20-079,1006,false,
155948,BE20-080,373,false,
155949,BE20-081,3474,false,
155950,BE20-082,3353,false,
155951,BE20-083,3474,false,
155952,BE20-084,3356,false,
155953,BE20-085,644,false,
155954,BE20-087,644,false,
155955,BE20-088,636,false,
155956,BE20-089,636,false,
155957,BE20-090,367,false,
155958,BE20-092,3474,false,
155959,BE20-093,373,false,
155960,BE20-094,3353,false,
155961,BE20-095,3359,false,
155962,BE20-096,628,false,
155963,BE20-097,3474,false,
155964,BE20-098,3474,false,
155965,BE20-099,367,false,
155966,BE20-100,654,false,
155967,BE20-101,22,false,
155968,BE20-103,632,false,
155969,BE20-104,22,false,
155970,BE20-105,3474,false,
155971,BE20-106,367,false,
155972,BE20-107,3353,false,
155973,BE20-108,373,false,
155974,BE20-109,367,false,
155975,BE20-110,1006,false,
155976,BE20-111,1006,false,
155977,BE20-112,373,false,
155978,BE20-113,3474,false,
155979,BE20-114,3359,false,
155980,BE20-115,373,false,
155981,BE20-116,373,false,
155982,BE20-117,3359,false,
155983,BE20-118,3474,false,
155984,BE20-119,3359,false,
155985,BE20-120,3474,false,
155986,BE20-121,373,false,
155987,BE20-122,367,false,
155988,BE20-124,3359,false,
155989,BE20-125,378,false,
155990,BE20-126,18,false,
155991,BE20-127,654,false,
155992,BE20-128,367,false,
155993,BE20-130,367,false,
155994,BE20-131,3474,false,
155995,BE20-132,3353,false,
155996,BE20-133,632,false,
155997,BE20-134,3353,false,
155998,BE20-135,367,false,
155999,BE20-137,373,false,
156000,BE20-138,367,false,
156001,BE20-139,373,false,
156002,BE20-140,373,false,
156003,BE20-141,3474,false,
156004,BE20-142,3474,false,
156005,BE20-143,373,false,
156006,BE20-144,373,false,
156007,BE20-145,367,false,
156008,BE20-146,367,false,
156009,BE20-147,367,false,
156010,BE20-148,367,false,
156011,BE20-149,1122,false,
156012,BE20-150,3359,false,
156013,BE20-151,1006,false,
156014,BE20-152,1006,false,
156015,BE20-153,1122,false,
156016,BE20-154,3353,false,
156017,BE20-155,627,false,
156018,BE20-156,3356,false,
156019,BE20-157,5008,false,
156020,CZ20-001,367,false,
156021,CZ20-002,367,false,
156022,CZ20-003,367,false,
156023,CZ20-004,367,false,
156024,CZ20-005,378,false,
156025,CZ20-006,367,false,
156026,CZ20-007,378,false,
156027,CZ20-009,378,false,
156028,CZ20-010,367,false,
156029,CZ20-011,367,false,
156030,CZ20-014,1006,false,
156031,CZ20-015,3353,false,
156032,CZ20-016,367,false,
156033,CZ20-017,367,false,
156034,CZ20-018,367,false,
156035,CZ20-020,654,false,
156036,CZ20-021,367,false,
156037,CZ20-022,373,false,
156038,CZ20-023,3353,false,
156039,CZ20-024,367,false,
156040,CZ20-025,3353,false,
156041,CZ20-026,1006,false,
156042,CZ20-027,1006,false,
156043,CZ20-028,367,false,
156044,CZ20-029,367,false,
156045,CZ20-030,3474,false,
156046,CZ20-031,367,false,
156047,CZ20-032,367,false,
156048,CZ20-039,367,false,
156049,CZ20-040,367,false,
156050,CZ20-041,367,false,
156051,CZ20-042,5009,false,
156052,CZ20-043,5009,false,
156053,CZ20-044,5009,false,
156054,CZ20-049,22,false,
156055,CZ20-050,22,false,
156056,CZ20-051,16,false,
156057,CZ20-052,16,false,
156058,CZ20-053,22,false,
156059,CZ20-054,367,false,
156060,CZ20-055,367,false,
156061,CZ20-059,367,false,
156062,CZ20-060,636,false,
156063,CZ20-061,3353,false,
156064,CZ20-062,367,false,
156065,CZ20-063,367,false,
156066,CZ20-064,367,false,
156067,CZ20-065,367,false,
156068,CZ20-067,16,false,
156069,CZ20-069,5007,false,
156070,CZ20-070,367,false,
156071,CZ20-071,367,false,
156072,CZ20-072,367,false,
156073,CZ20-073,367,false,
156074,CZ20-076,367,false,
156075,CZ20-077,367,false,
156076,CZ20-078,367,false,
156077,CZ20-079,367,false,
156078,CZ20-103,1006,false,
156079,CZ20-104,373,false,
156080,CZ20-105,367,false,
156081,CZ20-106,5009,false,
156082,CZ20-108,367,false,
156083,CZ20-109,367,false,
156084,CZ20-110,3353,false,
156085,CZ20-111,367,false,
156086,CZ20-112,367,false,
156087,CZ20-113,367,false,
156088,CZ20-114,627,false,
156089,CZ20-115,4003,false,
156090,CZ20-116,367,false,
156091,CZ20-117,1006,false,
156092,CZ20-118,367,false,
156093,CZ20-119,367,false,
156094,DE20-001,627,false,
156095,DE20-002,378,false,
156096,DE20-003,3474,false,
156097,DE20-004,3474,false,
156098,DE20-005,18,false,
156099,DE20-006,16,false,
156100,DE20-007,632,false,
156101,DE20-008,367,false,
156102,DE20-009,373,false,
156103,DE20-010,3474,false,
156104,DE20-011,3353,false,
156105,DE20-012,3474,false,
156106,DE20-013,632,false,
156107,DE20-014,373,false,
156108,DE20-015,373,false,
156109,DE20-016,3886,false,
156110,DE20-017,3964,false,
156111,DE20-018,627,false,
156112,DE20-019,3474,false,
156113,DE20-020,18,false,
156114,DE20-021,3474,false,
156115,DE20-022,18,false,
156116,DE20-023,654,false,
156117,DE20-024,5010,false,
156118,DE20-025,18,false,
156119,DE20-026,3474,false,
156120,DE20-027,373,false,
156121,DE20-028,16,false,
156122,DE20-029,3359,false,
156123,DE20-030,373,false,
156124,DE20-031,654,false,
156125,DE20-032,3964,false,
156126,DE20-033,18,false,
156127,DE20-034,627,false,
156128,DE20-036,18,false,
156129,DE20-037,627,false,
156130,DE20-038,3359,false,
156131,DE20-039,18,false,
156132,DE20-040,3474,false,
156133,DE20-041,18,false,
156134,DE20-042,3353,false,
156135,DE20-043,16,false,
156136,DE20-044,654,false,
156137,DE20-045,16,false,
156138,DE20-046,3353,false,
156139,DE20-047,1122,false,
156140,DE20-048,627,false,
156141,DE20-049,367,false,
156142,DE20-050,627,false,
156143,DE20-051,3353,false,
156144,DE20-052,373,false,
156145,DE20-053,373,false,
156146,DE20-054,3966,false,
156147,DE20-055,16,false,
156148,DE20-056,373,false,
156149,DE20-057,627,false,
156150,DE20-058,367,false,
156151,DE20-059,367,false,
156152,DE20-060,3353,false,
156153,DE20-061,654,false,
156154,DE20-062,373,false,
156155,DE20-063,367,false,
156156,DE20-064,627,false,
156157,DE20-065,3474,false,
156158,DE20-066,16,false,
156159,DE20-067,1122,false,
156160,DE20-068,3964,false,
156161,DE20-069,18,false,
156162,DE20-070,22,false,
156163,DE20-071,367,false,
156164,DE20-072,367,false,
156165,DE20-073,627,false,
156166,DE20-074,3966,false,
156167,DE20-075,3353,false,
156168,DE20-076,3966,false,
156169,DE20-077,3965,false,
156170,DE20-078,367,false,
156171,DE20-079,627,false,
156172,DE20-080,3353,false,
156173,DE20-081,3902,false,
156174,DE20-082,3353,false,
156175,DE20-083,21,false,
156176,DE20-084,367,false,
156177,DE20-085,654,false,
156178,DE20-086,3474,false,
156179,DE20-087,367,false,
156180,DE20-088,1552,false,
156181,DE20-089,1122,false,
156182,DE20-090,16,false,
156183,DE20-091,654,false,
156184,DE20-092,3353,false,
156185,DE20-093,627,false,
156186,DE20-094,627,false,
156187,DE20-095,16,false,
156188,DE20-096,3353,false,
156189,DE20-097,18,false,
156190,DE20-098,18,false,
156191,DE20-099,18,false,
156192,DE20-100,367,false,
156193,DE20-101,373,false,
156194,DE20-102,367,false,
156195,DE20-103,3353,false,
156196,DE20-104,654,false,
156197,DE20-105,18,false,
156198,DE20-106,1006,false,
156199,DE20-107,18,false,
156200,DE20-108,22,false,
156201,DE20-109,1122,false,
156202,DE20-110,3359,false,
156203,DE20-111,16,false,
156204,DE20-112,367,false,
156205,DE20-113,3442,false,
156206,DE20-114,18,false,
156207,DE20-115,367,false,
156208,DE20-116,367,false,
156209,DE20-117,18,false,
156210,DE20-118,18,false,
156211,DE20-119,3474,false,
156212,DE20-120,3353,false,
156213,DE20-121,3474,false,
156214,DE20-122,627,false,
156215,DE20-123,632,false,
156216,DE20-124,18,false,
156217,DE20-125,636,false,
156218,DE20-126,18,false,
156219,DE20-127,1006,false,
156220,DE20-128,18,false,
156221,DE20-129,3964,false,
156222,DE20-130,3353,false,
156223,DE20-131,3353,false,
156224,DE20-132,632,false,
156225,DE20-133,3353,false,
156226,DE20-134,21,false,
156227,DE20-135,373,false,
156228,DE20-136,3353,false,
156229,DE20-137,1122,false,
156230,DE20-138,367,false,
156231,DE20-139,373,false,
156232,DE20-140,18,false,
156233,DE20-141,367,false,
156234,DE20-142,18,false,
156235,DE20-143,22,false,
156236,DE20-144,373,false,
156237,DE20-145,3484,false,
156238,DE20-146,378,false,
156239,DE20-147,367,false,
156240,DE20-148,18,false,
156241,DE20-149,367,false,
156242,DE20-150,3353,false,
156243,DK20-001,367,false,
156244,DK20-002,18,false,
156245,DK20-003,367,false,
156246,DK20-004,373,false,
156247,DK20-005,4327,false,
156248,DK20-006,,false,
156249,DK20-007,367,false,
156250,DK20-008,18,false,
156251,DK20-009,5011,false,
156252,DK20-010,3353,false,
156253,DK20-012,367,false,
156254,DK20-013,5011,false,
156255,DK20-014,367,false,
156256,DK20-015,1122,false,
156257,DK20-016,632,false,
156258,DK20-017,632,false,
156259,DK20-018,632,false,
156260,DK20-019,373,false,
156261,DK20-020,654,false,
156262,DK20-021,3474,false,
156263,DK20-022,636,false,
156264,DK20-023,654,false,
156265,DK20-024,654,false,
156266,DK20-025,632,false,
156267,DK20-026,632,false,
156268,DK20-027,3353,false,
156269,DK20-028,4327,false,
156270,DK20-029,367,false,
156271,DK20-030,373,false,
156272,DK20-031,373,false,
156273,DK20-032,367,false,
156274,DK20-033,373,false,
156275,DK20-034,632,false,
156276,DK20-035,1006,false,
156277,DK20-036,632,false,
156278,DK20-037,632,false,
156279,DK20-038,373,false,
156280,DK20-039,636,false,
156281,DK20-040,632,false,
156282,DK20-041,654,false,
156283,DK20-042,654,false,
156284,DK20-043,373,false,
156285,DK20-044,632,false,
156286,DK20-045,367,false,
156287,DK20-046,1006,false,
156288,DK20-047,632,false,
156289,DK20-048,632,false,
156290,DK20-049,632,false,
156291,DK20-050,632,false,
156292,DK20-051,654,false,
156293,DK20-052,654,false,
156294,DK20-053,654,false,
156295,DK20-055,1006,false,
156296,DK20-056,373,false,
156297,DK20-057,654,false,
156298,DK20-058,373,false,
156299,DK20-059,632,false,
156300,DK20-060,654,false,
156301,DK20-061,632,false,
156302,DK20-063,373,false,
156303,DK20-064,367,false,
156304,DK20-065,373,false,
156305,DK20-066,632,false,
156306,DK20-067,654,false,
156307,DK20-068,632,false,
156308,DK20-069,654,false,
156309,DK20-070,367,false,
156310,DK20-071,18,false,
156311,DK20-072,3353,false,
156312,DK20-073,367,false,
156313,DK20-074,654,false,
156314,DK20-075,3353,false,
156315,DK20-076,632,false,
156316,DK20-077,373,false,
156317,DK20-078,373,false,
156318,DK20-079,632,false,
156319,DK20-080,632,false,
156320,DK20-081,654,false,
156321,DK20-082,367,false,
156322,DK20-083,1006,false,
156323,DK20-084,367,false,
156324,DK20-085,1006,false,
156325,DK20-086,367,false,
156326,DK20-087,654,false,
156327,DK20-088,373,false,
156328,DK20-089,367,false,
156329,DK20-090,632,false,
156330,DK20-091,632,false,
156331,DK20-092,367,false,
156332,DK20-093,373,false,
156333,DK20-094,632,false,
156334,DK20-095,683,false,
156335,DK20-096,654,false,
156336,DK20-097,654,false,
156337,DK20-098,3353,false,
156338,DK20-099,16,false,
156339,DK20-100,636,false,
156340,DK20-101,373,false,
156341,DK20-102,3966,false,
156342,DK20-103,3353,false,
156343,DK20-104,632,false,
156344,DK20-105,367,false,
156345,DK20-106,654,false,
156346,DK20-107,367,false,
156347,DK20-108,378,false,
156348,DK20-109,3353,false,
156349,DK20-110,367,false,
156350,EE20-001,373,false,
156351,EE20-002,3964,false,
156352,ES20-001,367,false,
156353,ES20-002,3276,false,
156354,ES20-003,3353,false,
156355,ES20-004,627,false,
156356,ES20-005,4368,false,
156357,ES20-006,367,false,
156358,ES20-007,3353,false,
156359,ES20-008,16,false,
156360,ES20-009,3353,false,
156361,ES20-010,3353,false,
156362,ES20-011,378,false,
156363,ES20-012,627,false,
156364,ES20-013,16,false,
156365,ES20-014,1006,false,
156366,ES20-015,18,false,
156367,ES20-016,373,false,
156368,ES20-017,1122,false,
156369,ES20-018,16,false,
156370,ES20-019,18,false,
156371,ES20-020,3353,false,
156372,ES20-021,16,false,
156373,ES20-022,627,false,
156374,ES20-023,4368,false,
156375,ES20-024,627,false,
156376,ES20-025,654,false,
156377,ES20-026,3353,false,
156378,ES20-027,654,false,
156379,ES20-028,3353,false,
156380,ES20-029,627,false,
156381,ES20-030,18,false,
156382,ES20-031,3353,false,
156383,ES20-032,1122,false,
156384,ES20-033,3353,false,
156385,ES20-034,16,false,
156386,ES20-035,1122,false,
156387,ES20-036,3353,false,
156388,ES20-040,378,false,
156389,ES20-041,378,false,
156390,ES20-043,367,false,
156391,ES20-044,18,false,
156392,ES20-045,627,false,
156393,ES20-046,3353,false,
156394,ES20-047,18,false,
156395,ES20-048,3479,false,
156396,ES20-049,1006,false,
156397,ES20-050,654,false,
156398,ES20-051,18,false,
156399,ES20-052,373,false,
156400,ES20-053,627,false,
156401,ES20-054,627,false,
156402,ES20-055,18,false,
156403,ES20-056,644,false,
156404,ES20-057,18,false,
156405,ES20-058,367,false,
156406,ES20-059,18,false,
156407,ES20-060,367,false,
156408,ES20-061,373,false,
156409,ES20-062,18,false,
156410,ES20-063,367,false,
156411,ES20-064,18,false,
156412,ES20-065,654,false,
156413,ES20-066,1122,false,
156414,ES20-067,3353,false,
156415,ES20-068,627,false,
156416,ES20-069,627,false,
156417,ES20-070,378,false,
156418,ES20-072,18,false,
156419,ES20-073,3359,false,
156420,ES20-075,3359,false,
156421,ES20-076,654,false,
156422,ES20-077,378,false,
156423,ES20-078,18,false,
156424,ES20-079,367,false,
156425,ES20-080,654,false,
156426,ES20-081,373,false,
156427,ES20-082,654,false,
156428,ES20-083,1122,false,
156429,ES20-084,3479,false,
156430,ES20-085,373,false,
156431,ES20-086,1122,false,
156432,ES20-087,367,false,
156433,ES20-088,1122,false,
156434,ES20-089,367,false,
156435,ES20-090,18,false,
156436,ES20-091,4369,false,
156437,ES20-092,367,false,
156438,ES20-093,1122,false,
156439,ES20-094,1122,false,
156440,ES20-095,654,false,
156441,ES20-096,3353,false,
156442,ES20-097,628,false,
156443,ES20-098,367,false,
156444,ES20-099,18,false,
156445,ES20-100,644,false,
156446,ES20-102,18,false,
156447,ES20-103,373,false,
156448,ES20-104,3353,false,
156449,ES20-105,1006,false,
156450,ES20-106,3359,false,
156451,ES20-107,3359,false,
156452,ES20-108,18,false,
156453,ES20-109,3353,false,
156454,ES20-110,16,false,
156455,ES20-111,654,false,
156456,ES20-112,18,false,
156457,ES20-113,22,false,
156458,ES20-114,373,false,
156459,ES20-115,3353,false,
156460,ES20-116,367,false,
156461,ES20-117,1122,false,
156462,ES20-118,1006,false,
156463,ES20-119,373,false,
156464,ES20-120,16,false,
156465,ES20-121,3353,false,
156466,ES20-122,373,false,
156467,ES20-123,1122,false,
156468,ES20-124,373,false,
156469,ES20-125,627,false,
156470,ES20-126,627,false,
156471,ES20-127,3359,false,
156472,ES20-128,367,false,
156473,ES20-129,1122,false,
156474,ES20-130,627,false,
156475,ES20-131,373,false,
156476,ES20-132,3359,false,
156477,ES20-133,3353,false,
156478,ES20-134,373,false,
156479,ES20-135,373,false,
156480,ES20-136,3353,false,
156481,ES20-137,16,false,
156482,ES20-138,,false,
156483,ES20-139,3359,false,
156484,ES20-140,18,false,
156485,ES20-141,16,false,
156486,ES20-142,627,false,
156487,ES20-144,373,false,
156488,ES20-145,3359,false,
156489,ES20-146,3359,false,
156490,ES20-147,3353,false,
156491,ES20-148,367,false,
156492,ES20-149,3359,false,
156493,ES20-150,16,false,
156494,FI20-001,1122,false,
156495,FI20-002,654,false,
156496,FI20-003,654,false,
156497,FI20-004,3353,false,
156498,FI20-005,654,false,
156499,FI20-006,367,false,
156500,FI20-007,22,false,
156501,FI20-008,654,false,
156502,FI20-009,654,false,
156503,FI20-010,22,false,
156504,FI20-011,654,false,
156505,FI20-012,654,false,
156506,FI20-014,632,false,
156507,FI20-015,367,false,
156508,FI20-016,367,false,
156509,FI20-017,654,false,
156510,FI20-018,654,false,
156511,FI20-019,654,false,
156512,FI20-020,1006,false,
156513,FI20-021,654,false,
156514,FI20-023,,false,
156515,FI20-024,16,false,
156516,FI20-025,22,false,
156517,FI20-026,22,false,
156518,FI20-028,22,false,
156519,FI20-029,3353,false,
156520,FI20-030,1122,false,
156521,FI20-031,1006,false,
156522,FI20-032,654,false,
156523,FI20-033,3353,false,
156524,FI20-034,1122,false,
156525,FI20-035,367,false,
156526,FI20-036,3353,false,
156527,FI20-037,654,false,
156528,FI20-038,1006,false,
156529,FI20-039,16,false,
156530,FI20-040,16,false,
156531,FI20-041,654,false,
156532,FI20-042,22,false,
156533,FI20-044,22,false,
156534,FI20-045,3353,false,
156535,FI20-046,1006,false,
156536,FI20-047,22,false,
156537,FI20-048,1006,false,
156538,FI20-049,654,false,
156539,FI20-050,3353,false,
156540,FI20-051,16,false,
156541,FI20-052,367,false,
156542,FI20-053,654,false,
156543,FI20-054,18,false,
156544,FI20-055,1006,false,
156545,FI20-056,16,false,
156546,FI20-057,367,false,
156547,FI20-058,3353,false,
156548,FI20-059,3353,false,
156549,FI20-060,1006,false,
156550,FI20-061,16,false,
156551,FI20-062,654,false,
156552,FI20-063,654,false,
156553,FI20-064,16,false,
156554,FI20-065,654,false,
156555,FI20-066,18,false,
156556,FI20-067,654,false,
156557,FI20-068,3353,false,
156558,FI20-069,16,false,
156559,FI20-070,18,false,
156560,FI20-071,16,false,
156561,FI20-072,367,false,
156562,FI20-073,373,false,
156563,FI20-074,16,false,
156564,FI20-075,367,false,
156565,FI20-076,16,false,
156566,FI20-077,21,false,
156567,FI20-078,3353,false,
156568,FI20-079,16,false,
156569,FI20-080,22,false,
156570,FR20-002,18,false,
156571,FR20-003,1006,false,
156572,FR20-004,3474,false,
156573,FR20-005,3474,false,
156574,FR20-006,18,false,
156575,FR20-007,654,false,
156576,FR20-008,367,false,
156577,FR20-009,367,false,
156578,FR20-010,1006,false,
156579,FR20-011,367,false,
156580,FR20-012,18,false,
156581,FR20-013,367,false,
156582,FR20-014,367,false,
156583,FR20-017,1006,false,
156584,FR20-018,367,false,
156585,FR20-024,654,false,
156586,FR20-026,654,false,
156587,FR20-031,1006,false,
156588,FR20-032,1006,false,
156589,FR20-033,367,false,
156590,FR20-034,3474,false,
156591,FR20-035,3474,false,
156592,FR20-036,1006,false,
156593,FR20-037,3474,false,
156594,FR20-039,627,false,
156595,FR20-041,367,false,
156596,FR20-044,373,false,
156597,FR20-045,1006,false,
156598,FR20-046,1006,false,
156599,FR20-047,,false,
156600,FR20-049,367,false,
156601,FR20-050,18,false,
156602,FR20-051,18,false,
156603,FR20-052,16,false,
156604,FR20-053,666,false,
156605,FR20-057,3479,false,
156606,FR20-058,3479,false,
156607,FR20-059,16,false,
156608,FR20-060,3479,false,
156609,FR20-061,3353,false,
156610,FR20-062,3479,false,
156611,FR20-068,16,false,
156612,FR20-069,1006,false,
156613,FR20-071,654,false,
156614,FR20-072,3353,false,
156615,FR20-073,654,false,
156616,FR20-074,654,false,
156617,FR20-075,3353,false,
156618,FR20-076,5008,false,
156619,FR20-077,3353,false,
156620,FR20-078,367,false,
156621,FR20-079,5012,false,
156622,FR20-080,654,false,
156623,FR20-081,1006,false,
156624,FR20-082,3353,false,
156625,FR20-083,3359,false,
156626,FR20-084,654,false,
156627,FR20-085,22,false,
156628,FR20-086,3359,false,
156629,FR20-087,3359,false,
156630,FR20-088,3359,false,
156631,FR20-092,367,false,
156632,FR20-093,3479,false,
156633,FR20-094,16,false,
156634,FR20-095,1122,false,
156635,FR20-098,367,false,
156636,FR20-099,3353,false,
156637,FR20-101,3474,false,
156638,FR20-102,3474,false,
156639,FR20-103,3353,false,
156640,FR20-104,3359,false,
156641,FR20-106,654,false,
156642,FR20-107,3474,false,
156643,FR20-108,367,false,
156644,FR20-109,3359,false,
156645,FR20-110,367,false,
156646,FR20-111,373,false,
156647,FR20-112,373,false,
156648,FR20-113,5013,false,
156649,FR20-114,654,false,
156650,FR20-116,1006,false,
156651,FR20-117,3353,false,
156652,FR20-118,18,false,
156653,FR20-119,1006,false,
156654,FR20-120,666,false,
156655,FR20-121,3359,false,
156656,FR20-122,654,false,
156657,FR20-123,627,false,
156658,FR20-124,18,false,
156659,FR20-125,367,false,
156660,FR20-126,3474,false,
156661,FR20-127,3353,false,
156662,FR20-128,1006,false,
156663,FR20-130,367,false,
156664,FR20-131,3353,false,
156665,FR20-132,373,false,
156666,FR20-133,654,false,
156667,FR20-134,16,false,
156668,FR20-136,373,false,
156669,FR20-137,3359,false,
156670,FR20-138,666,false,
156671,FR20-139,666,false,
156672,FR20-140,4320,false,
156673,FR20-141,636,false,
156674,FR20-143,3359,false,
156675,FR20-144,18,false,
156676,FR20-145,636,false,
156677,FR20-146,3359,false,
156678,FR20-147,18,false,
156679,FR20-148,3359,false,
156680,FR20-149,18,false,
156681,FR20-150,18,false,
156682,FR20-153,367,false,
156683,FR20-155,636,false,
156684,FR20-156,367,false,
156685,FR20-157,3474,false,
156686,FR20-158,18,false,
156687,FR20-160,367,false,
156688,FR20-161,373,false,
156689,FR20-162,1006,false,
156690,FR20-163,3474,false,
156691,FR20-164,373,false,
156692,FR20-165,1006,false,
156693,FR20-166,18,false,
156694,FR20-169,18,false,
156695,FR20-170,4386,false,
156696,FR20-171,3474,false,
156697,FR20-172,3359,false,
156698,FR20-173,669,false,
156699,FR20-174,654,false,
156700,FR20-175,373,false,
156701,FR20-176,654,false,
156702,FR20-177,3353,false,
156703,FR20-178,3479,false,
156704,FR20-180,654,false,
156705,FR20-182,4320,false,
156706,FR20-187,3474,false,
156707,FR20-188,3353,false,
156708,FR20-189,3359,false,
156709,FR20-190,22,false,
156710,FR20-191,3359,false,
156711,FR20-192,3474,false,
156712,FR20-194,3474,false,
156713,FR20-195,367,false,
156714,FR20-196,3359,false,
156715,GR20-001,3359,false,
156716,GR20-002,18,false,
156717,GR20-003,18,false,
156718,GR20-004,373,false,
156719,GR20-005,378,false,
156720,GR20-006,654,false,
156721,GR20-007,378,false,
156722,GR20-008,3359,false,
156723,GR20-009,18,false,
156724,GR20-010,654,false,
156725,GR20-011,3359,false,
156726,GR20-012,373,false,
156727,GR20-013,367,false,
156728,GR20-014,3359,false,
156729,GR20-015,3353,false,
156730,GR20-016,373,false,
156731,GR20-017,654,false,
156732,GR20-018,654,false,
156733,GR20-019,654,false,
156734,GR20-020,3353,false,
156735,GR20-021,1006,false,
156736,GR20-022,654,false,
156737,GR20-023,367,false,
156738,GR20-024,367,false,
156739,GR20-025,3359,false,
156740,GR20-026,1122,false,
156741,GR20-027,654,false,
156742,GR20-028,3359,false,
156743,GR20-029,21,false,
156744,GR20-030,654,false,
156745,GR20-031,378,false,
156746,GR20-032,378,false,
156747,GR20-033,16,false,
156748,GR20-034,16,false,
156749,GR20-035,21,false,
156750,GR20-036,16,false,
156751,GR20-037,654,false,
156752,GR20-038,3359,false,
156753,GR20-039,16,false,
156754,GR20-040,21,false,
156755,GR20-041,372,false,
156756,GR20-042,378,false,
156757,GR20-043,3359,false,
156758,GR20-044,378,false,
156759,GR20-045,16,false,
156760,GR20-046,21,false,
156761,GR20-047,654,false,
156762,GR20-048,367,false,
156763,GR20-049,3359,false,
156764,GR20-050,367,false,
156765,GR20-051,18,false,
156766,GR20-052,367,false,
156767,GR20-053,21,false,
156768,GR20-054,1006,false,
156769,GR20-055,378,false,
156770,GR20-056,16,false,
156771,GR20-057,378,false,
156772,GR20-058,4382,false,
156773,GR20-059,654,false,
156774,GR20-060,378,false,
156775,GR20-061,3359,false,
156776,GR20-062,654,false,
156777,GR20-063,654,false,
156778,GR20-064,3359,false,
156779,GR20-065,3359,false,
156780,GR20-066,654,false,
156781,GR20-067,16,false,
156782,GR20-068,654,false,
156783,GR20-069,3353,false,
156784,GR20-070,3359,false,
156785,GR20-071,367,false,
156786,GR20-072,3359,false,
156787,GR20-073,5014,false,
156788,GR20-074,378,false,
156789,GR20-075,16,false,
156790,GR20-076,654,false,
156791,GR20-077,16,false,
156792,GR20-078,18,false,
156793,GR20-079,18,false,
156794,GR20-080,3359,false,
156795,HU20-001,16,false,
156796,HU20-002,3359,false,
156797,HU20-003,16,false,
156798,HU20-004,3353,false,
156799,HU20-006,16,false,
156800,HU20-009,1006,false,
156801,HU20-010,373,false,
156802,HU20-011,373,false,
156803,HU20-014,16,false,
156804,HU20-015,367,false,
156805,HU20-017,367,false,
156806,HU20-018,16,false,
156807,HU20-019,1006,false,
156808,HU20-020,16,false,
156809,HU20-021,1006,false,
156810,HU20-022,3353,false,
156811,HU20-024,16,false,
156812,HU20-026,16,false,
156813,HU20-027,1006,false,
156814,HU20-028,3353,false,
156815,HU20-029,18,false,
156816,HU20-030,373,false,
156817,HU20-033,3353,false,
156818,HU20-035,3353,false,
156819,HU20-037,18,false,
156820,HU20-039,3353,false,
156821,HU20-040,1006,false,
156822,HU20-041,3359,false,
156823,HU20-042,18,false,
156824,HU20-043,18,false,
156825,HU20-044,373,false,
156826,HU20-045,1006,false,
156827,HU20-046,367,false,
156828,HU20-047,16,false,
156829,HU20-048,367,false,
156830,HU20-049,3353,false,
156831,HU20-050,18,false,
156832,HU20-051,3353,false,
156833,HU20-052,373,false,
156834,HU20-053,18,false,
156835,HU20-054,3353,false,
156836,HU20-055,16,false,
156837,HU20-056,5015,false,
156838,HU20-057,16,false,
156839,HU20-058,16,false,
156840,HU20-059,3353,false,
156841,HU20-060,3353,false,
156842,HU20-061,3353,false,
156843,HU20-062,654,false,
156844,HU20-063,367,false,
156845,HU20-064,3353,false,
156846,HU20-065,18,false,
156847,HU20-066,16,false,
156848,HU20-067,367,false,
156849,HU20-068,16,false,
156850,HU20-069,16,false,
156851,HU20-070,16,false,
156852,HU20-071,367,false,
156853,HU20-072,3353,false,
156854,HU20-073,16,false,
156855,HU20-074,3353,false,
156856,HU20-075,16,false,
156857,HU20-076,367,false,
156858,HU20-077,367,false,
156859,HU20-078,367,false,
156860,HU20-079,3353,false,
156861,HU20-080,654,false,
156862,HU20-081,3353,false,
156863,HU20-082,3353,false,
156864,HU20-083,3353,false,
156865,HU20-084,644,false,
156866,HU20-085,3353,false,
156867,HU20-086,1006,false,
156868,HU20-087,367,false,
156869,HU20-088,367,false,
156870,HU20-089,16,false,
156871,HU20-090,16,false,
156872,IE20-001,1006,false,
156873,IE20-002,373,false,
156874,IE20-003,1006,false,
156875,IE20-004,367,false,
156876,IE20-005,367,false,
156877,IE20-006,18,false,
156878,IE20-007,654,false,
156879,IE20-008,654,false,
156880,IE20-009,18,false,
156881,IE20-010,654,false,
156882,IE20-011,1006,false,
156883,IE20-012,1006,false,
156884,IE20-013,3353,false,
156885,IE20-014,1006,false,
156886,IE20-016,16,false,
156887,IE20-017,367,false,
156888,IE20-018,367,false,
156889,IE20-019,367,false,
156890,IE20-020,4314,false,
156891,IE20-021,1006,false,
156892,IE20-022,654,false,
156893,IE20-023,16,false,
156894,IE20-024,18,false,
156895,IE20-025,1006,false,
156896,IE20-026,1006,false,
156897,IE20-027,654,false,
156898,IE20-028,367,false,
156899,IE20-029,367,false,
156900,IE20-030,367,false,
156901,IE20-031,1006,false,
156902,IE20-032,3353,false,
156903,IE20-033,16,false,
156904,IE20-034,367,false,
156905,IE20-035,654,false,
156906,IE20-036,3479,false,
156907,IE20-037,18,false,
156908,IE20-038,18,false,
156909,IE20-039,367,false,
156910,IE20-040,654,false,
156911,IE20-041,18,false,
156912,IE20-043,367,false,
156913,IE20-044,367,false,
156914,IE20-045,654,false,
156915,IE20-046,367,false,
156916,IE20-047,1006,false,
156917,IE20-048,367,false,
156918,IE20-049,18,false,
156919,IE20-050,367,false,
156920,IE20-051,5017,false,
156921,IE20-052,3353,false,
156922,IE20-053,367,false,
156923,IE20-054,367,false,
156924,IE20-055,654,false,
156925,IE20-056,1006,false,
156926,IE20-057,367,false,
156927,IE20-058,367,false,
156928,IE20-059,367,false,
156929,IE20-060,367,false,
156930,IE20-061,373,false,
156931,IE20-062,654,false,
156932,IE20-063,367,false,
156933,IE20-064,1006,false,
156934,IE20-065,3353,false,
156935,IE20-066,367,false,
156936,IE20-068,367,false,
156937,IE20-069,367,false,
156938,IE20-070,1006,false,
156939,IE20-071,367,false,
156940,IE20-072,654,false,
156941,IE20-073,3353,false,
156942,IE20-074,1006,false,
156943,IE20-075,367,false,
156944,IE20-076,367,false,
156945,IE20-077,654,false,
156946,IE20-078,654,false,
156947,IE20-079,367,false,
156948,IE20-080,367,false,
156949,IE20-081,367,false,
156950,IE20-082,367,false,
156951,IE20-083,18,false,
156952,IE20-084,367,false,
156953,IE20-086,654,false,
156954,IE20-087,367,false,
156955,IE20-088,367,false,
156956,IE20-089,373,false,
156957,IE20-090,367,false,
156958,IE20-091,18,false,
156959,IE20-092,367,false,
156960,IE20-093,654,false,
156961,IE20-094,367,false,
156962,IE20-096,367,false,
156963,IE20-097,16,false,
156964,IE20-098,367,false,
156965,IE20-099,367,false,
156966,IE20-100,3353,false,
156967,IE20-101,3353,false,
156968,IE20-102,367,false,
156969,IE20-103,367,false,
156970,IE20-104,367,false,
156971,IS20-001,654,false,
156972,IS20-002,3479,false,
156973,IS20-003,1006,false,
156974,IS20-004,1006,false,
156975,IS20-005,22,false,
156976,IS20-006,3479,false,
156977,IS20-007,3966,false,
156978,IS20-009,2813,false,
156979,IS20-010,2813,false,
156980,IS20-011,22,false,
156981,IS20-012,367,false,
156982,IS20-013,367,false,
156983,IS20-014,3359,false,
156984,IS20-015,22,false,
156985,IS20-016,22,false,
156986,IS20-017,22,false,
156987,IS20-018,22,false,
156988,IS20-019,22,false,
156989,IS20-020,22,false,
156990,IS20-021,22,false,
156991,IS20-022,3479,false,
156992,IS20-023,3359,false,
156993,IS20-024,367,false,
156994,IS20-025,22,false,
156995,IS20-026,22,false,
156996,IS20-027,22,false,
156997,IS20-028,22,false,
156998,IS20-029,373,false,
156999,IS20-030,373,false,
157000,IS20-031,367,false,
157001,IS20-032,367,false,
157002,IS20-033,22,false,
157003,IS20-034,22,false,
157004,IS20-036,3353,false,
157005,IS20-038,22,false,
157006,IS20-039,22,false,
157007,IS20-040,373,false,
157008,IS20-041,16,false,
157009,IT20-001,18,false,
157010,IT20-002,654,false,
157011,IT20-003,1006,false,
157012,IT20-004,3479,false,
157013,IT20-005,654,false,
157014,IT20-006,16,false,
157015,IT20-007,1006,false,
157016,IT20-008,3353,false,
157017,IT20-009,373,false,
157018,IT20-010,373,false,
157019,IT20-012,1122,false,
157020,IT20-013,654,false,
157021,IT20-014,1006,false,
157022,IT20-015,654,false,
157023,IT20-016,1006,false,
157024,IT20-017,627,false,
157025,IT20-018,5018,false,
157026,IT20-019,16,false,
157027,IT20-020,367,false,
157028,IT20-021,367,false,
157029,IT20-022,1006,false,
157030,IT20-025,3359,false,
157031,IT20-027,367,false,
157032,IT20-028,3442,false,
157033,IT20-029,654,false,
157034,IT20-030,23,false,
157035,IT20-032,654,false,
157036,IT20-033,,false,
157037,IT20-034,16,false,
157038,IT20-035,3353,false,
157039,IT20-036,367,false,
157040,IT20-037,654,false,
157041,IT20-038,16,false,
157042,IT20-039,3359,false,
157043,IT20-040,3479,false,
157044,IT20-041,373,false,
157045,IT20-042,654,false,
157046,IT20-043,3479,false,
157047,IT20-044,373,false,
157048,IT20-045,3353,false,
157049,IT20-046,1122,false,
157050,IT20-047,367,false,
157051,IT20-048,367,false,
157052,IT20-049,373,false,
157053,IT20-050,654,false,
157054,IT20-051,1122,false,
157055,IT20-052,367,false,
157056,IT20-053,367,false,
157057,IT20-054,367,false,
157058,IT20-055,654,false,
157059,IT20-056,3479,false,
157060,IT20-057,367,false,
157061,IT20-058,654,false,
157062,IT20-061,16,false,
157063,IT20-062,367,false,
157064,IT20-063,3474,false,
157065,IT20-064,373,false,
157066,IT20-065,654,false,
157067,IT20-066,367,false,
157068,IT20-067,367,false,
157069,IT20-068,367,false,
157070,IT20-069,373,false,
157071,IT20-070,22,false,
157072,IT20-071,654,false,
157073,IT20-072,367,false,
157074,IT20-073,367,false,
157075,IT20-074,367,false,
157076,IT20-075,3353,false,
157077,NL20-001,1006,false,
157078,NL20-002,367,false,
157079,NL20-003,16,false,
157080,NL20-004,3359,false,
157081,NL20-005,373,false,
157082,NL20-006,636,false,
157083,NL20-007,1006,false,
157084,NL20-008,373,false,
157085,NL20-009,373,false,
157086,NL20-011,373,false,
157087,NL20-012,367,false,
157088,NL20-013,373,false,
157089,NL20-015,373,false,
157090,NL20-016,636,false,
157091,NL20-017,373,false,
157092,NL20-018,1006,false,
157093,NL20-019,373,false,
157094,NL20-020,18,false,
157095,NL20-021,636,false,
157096,NL20-022,373,false,
157097,NL20-023,373,false,
157098,NL20-024,3474,false,
157099,NL20-025,373,false,
157100,NL20-026,3474,false,
157101,NL20-027,1006,false,
157102,NL20-028,3353,false,
157103,NL20-029,3359,false,
157104,NL20-030,367,false,
157105,NL20-031,3474,false,
157106,NL20-032,373,false,
157107,NL20-033,367,false,
157108,NL20-034,367,false,
157109,NL20-035,1006,false,
157110,NL20-036,16,false,
157111,NL20-037,373,false,
157112,NL20-038,373,false,
157113,NL20-039,367,false,
157114,NL20-040,1006,false,
157115,NL20-041,3353,false,
157116,NL20-042,1006,false,
157117,NL20-043,367,false,
157118,NL20-044,3353,false,
157119,NL20-045,367,false,
157120,NL20-047,3474,false,
157121,NL20-048,367,false,
157122,NL20-049,1006,false,
157123,NL20-050,654,false,
157124,NL20-051,3356,false,
157125,NL20-052,1006,false,
157126,NL20-053,367,false,
157127,NL20-054,373,false,
157128,NL20-055,654,false,
157129,NL20-056,367,false,
157130,NL20-057,16,false,
157131,NL20-058,654,false,
157132,NL20-059,367,false,
157133,NL20-060,636,false,
157134,NL20-061,628,false,
157135,NL20-062,367,false,
157136,NL20-063,3353,false,
157137,NL20-064,367,false,
157138,NL20-065,1006,false,
157139,NL20-066,3474,false,
157140,NL20-067,3353,false,
157141,NL20-068,367,false,
157142,NL20-069,373,false,
157143,NL20-070,3353,false,
157144,NL20-071,367,false,
157145,NL20-072,3356,false,
157146,NL20-073,367,false,
157147,NL20-074,3474,false,
157148,NL20-075,1006,false,
157149,NL20-076,3353,false,
157150,NL20-077,1006,false,
157151,NL20-078,367,false,
157152,NL20-079,367,false,
157153,NL20-080,3353,false,
157154,NL20-081,373,false,
157155,NL20-082,3353,false,
157156,NL20-083,3474,false,
157157,NL20-084,373,false,
157158,NL20-085,367,false,
157159,NL20-086,373,false,
157160,NL20-087,654,false,
157161,NL20-088,3359,false,
157162,NL20-089,3353,false,
157163,NL20-090,367,false,
157164,NL20-091,654,false,
157165,NL20-092,1122,false,
157166,NL20-093,3353,false,
157167,NL20-094,3353,false,
157168,NL20-095,373,false,
157169,NL20-097,3353,false,
157170,NL20-098,373,false,
157171,NL20-099,1006,false,
157172,NL20-100,16,false,
157173,NL20-101,1006,false,
157174,NL20-102,1006,false,
157175,NL20-103,373,false,
157176,NL20-104,373,false,
157177,NL20-105,654,false,
157178,NL20-106,3353,false,
157179,NL20-108,3353,false,
157180,NL20-109,367,false,
157181,NL20-110,3353,false,
157182,NL20-111,367,false,
157183,NL20-112,3359,false,
157184,NL20-113,373,false,
157185,NL20-114,654,false,
157186,NL20-115,3474,false,
157187,NL20-116,3474,false,
157188,NL20-117,3353,false,
157189,NL20-118,373,false,
157190,NL20-119,3360,false,
157191,NL20-120,373,false,
157192,NL20-121,3359,false,
157193,NL20-122,3474,false,
157194,NL20-123,373,false,
157195,NL20-124,3474,false,
157196,NL20-125,3359,false,
157197,NL20-126,3353,false,
157198,NL20-127,636,false,
157199,NL20-128,4327,false,
157200,NL20-129,654,false,
157201,NL20-130,654,false,
157202,NL20-131,1006,false,
157203,NL20-132,373,false,
157204,NL20-133,373,false,
157205,NL20-134,367,false,
157206,NL20-135,654,false,
157207,NL20-136,367,false,
157208,NL20-137,654,false,
157209,NL20-138,3479,false,
157210,NL20-139,1006,false,
157211,NL20-140,636,false,
157212,NL20-141,367,false,
157213,NL20-142,22,false,
157214,NL20-143,3359,false,
157215,NL20-144,3474,false,
157216,NL20-145,3474,false,
157217,NL20-146,373,false,
157218,NL20-147,367,false,
157219,NL20-148,3353,false,
157220,NL20-149,373,false,
157221,NL20-151,1006,false,
157222,NL20-152,22,false,
157223,NL20-153,3353,false,
157224,NL20-154,1006,false,
157225,NL20-155,367,false,
157226,NL20-156,367,false,
157227,NL20-157,367,false,
157228,NL20-165,654,false,
157229,NO20-013,18,false,
157230,NO20-035,21,false,
157231,NO20-047,373,false,
157232,NO20-050,3353,false,
157233,NO20-058,654,false,
157234,NO20-059,18,false,
157235,NO20-060,18,false,
157236,NO20-061,18,false,
157237,NO20-063,18,false,
157238,NO20-068,367,false,
157239,NO20-073,367,false,
157240,NO20-082,654,false,
157241,NO20-090,367,false,
157242,NO20-091,367,false,
157243,NO20-100,18,false,
157244,NO20-101,367,false,
157245,NO20-102,367,false,
157246,NO20-104,16,false,
157247,NO20-106,3966,false,
157248,NO20-108,3353,false,
157249,NO20-111,3966,false,
157250,NO20-124,367,false,
157251,NO20-126,18,false,
157252,NO20-149,18,false,
157253,NO20-164,654,false,
157254,NO20-166,654,false,
157255,NO20-169,1006,false,
157256,NO20-171,367,false,
157257,NO20-177,3966,false,
157258,NO20-187,654,false,
157259,NO20-190,1006,false,
157260,NO20-192,378,false,
157261,NO20-197,3353,false,
157262,NO20-203,16,false,
157263,NO20-204,18,false,
157264,NO20-222,3353,false,
157265,NO20-228,654,false,
157266,NO20-234,367,false,
157267,NO20-236,367,false,
157268,NO20-242,18,false,
157269,NO20-250,1122,false,
157270,NO20-259,367,false,
157271,NO20-264,654,false,
157272,NO20-268,367,false,
157273,NO20-271,367,false,
157274,NO20-276,18,false,
157275,NO20-277,18,false,
157276,NO20-280,3966,false,
157277,NO20-282,3353,false,
157278,NO20-285,367,false,
157279,NO20-291,367,false,
157280,NO20-295,1122,false,
157281,NO20-303,1122,false,
157282,NO20-312,654,false,
157283,NO20-316,367,false,
157284,NO20-319,18,false,
157285,NO20-320,22,false,
157286,NO20-321,636,false,
157287,NO20-322,367,false,
157288,NO20-325,367,false,
157289,NO20-333,1122,false,
157290,NO20-342,367,false,
157291,NO20-343,1122,false,
157292,NO20-354,3966,false,
157293,NO20-355,1006,false,
157294,NO20-357,3353,false,
157295,NO20-363,367,false,
157296,NO20-372,16,false,
157297,NO20-376,3964,false,
157298,NO20-381,21,false,
157299,NO20-392,18,false,
157300,NO20-393,21,false,
157301,NO20-402,3360,false,
157302,NO20-433,3968,false,
157303,PL20-005,373,false,
157304,PL20-006,373,false,
157305,PL20-009,373,false,
157306,PL20-010,373,false,
157307,PL20-011,373,false,
157308,PL20-012,3353,false,
157309,PL20-013,3353,false,
157310,PL20-017,373,false,
157311,PL20-021,3353,false,
157312,PL20-026,3353,false,
157313,PL20-028,3353,false,
157314,PL20-030,373,false,
157315,PL20-031,367,false,
157316,PL20-033,3353,false,
157317,PL20-035,3353,false,
157318,PL20-036,373,false,
157319,PL20-037,3353,false,
157320,PL20-038,3357,false,
157321,PL20-039,367,false,
157322,PT20-308,3359,false,
157323,PT20-309,636,false,
157324,PT20-310,636,false,
157325,PT20-311,3359,false,
157326,PT20-312,1006,false,
157327,PT20-313,1122,false,
157328,PT20-314,367,false,
157329,PT20-315,367,false,
157330,PT20-318,1006,false,
157331,PT20-319,3359,false,
157332,PT20-320,18,false,
157333,PT20-321,3353,false,
157334,PT20-324,3359,false,
157335,PT20-325,3354,false,
157336,PT20-326,654,false,
157337,PT20-328,654,false,
157338,PT20-329,3479,false,
157339,PT20-330,373,false,
157340,PT20-331,18,false,
157341,PT20-332,18,false,
157342,PT20-333,16,false,
157343,PT20-334,3354,false,
157344,PT20-335,18,false,
157345,PT20-336,654,false,
157346,PT20-337,3359,false,
157347,PT20-339,1006,false,
157348,PT20-340,3479,false,
157349,PT20-341,18,false,
157350,PT20-343,3359,false,
157351,PT20-344,373,false,
157352,PT20-345,16,false,
157353,PT20-346,367,false,
157354,PT20-348,3474,false,
157355,PT20-349,654,false,
157356,PT20-352,16,false,
157357,PT20-353,3479,false,
157358,PT20-358,367,false,
157359,PT20-365,367,false,
157360,PT20-368,654,false,
157361,PT20-369,1006,false,
157362,PT20-370,367,false,
157363,PT20-372,3479,false,
157364,PT20-373,18,false,
157365,PT20-374,367,false,
157366,PT20-375,3353,false,
157367,PT20-385,3353,false,
157368,PT20-386,668,false,
157369,PT20-387,18,false,
157370,PT20-388,1122,false,
157371,PT20-389,654,false,
157372,PT20-390,3966,false,
157373,PT20-391,,false,
157374,PT20-392,16,false,
157375,PT20-393,636,false,
157376,PT20-396,373,false,
157377,PT20-397,636,false,
157378,PT20-399,373,false,
157379,PT20-401,367,false,
157380,PT20-402,367,false,
157381,PT20-403,367,false,
157382,PT20-404,21,false,
157383,PT20-406,654,false,
157384,PT20-407,654,false,
157385,PT20-408,367,false,
157386,PT20-409,3359,false,
157387,PT20-411,367,false,
157388,PT20-413,18,false,
157389,PT20-414,373,false,
157390,PT20-415,367,false,
157391,PT20-418,5019,false,
157392,PT20-419,654,false,
157393,PT20-421,3966,false,
157394,PT20-427,373,false,
157395,SE20-001,18,false,
157396,SE20-002,3353,false,
157397,SE20-003,3359,false,
157398,SE20-005,3359,false,
157399,SE20-006,3474,false,
157400,SE20-007,373,false,
157401,SE20-008,3474,false,
157402,SE20-009,654,false,
157403,SE20-010,1122,false,
157404,SE20-011,1122,false,
157405,SE20-012,3353,false,
157406,SE20-013,367,false,
157407,SE20-014,1122,false,
157408,SE20-015,22,false,
157409,SE20-016,3474,false,
157410,SE20-017,3966,false,
157411,SE20-018,18,false,
157412,SE20-019,16,false,
157413,SE20-020,3474,false,
157414,SE20-021,654,false,
157415,SE20-022,654,false,
157416,SE20-023,3968,false,
157417,SE20-024,18,false,
157418,SE20-025,1122,false,
157419,SE20-026,3474,false,
157420,SE20-027,3965,false,
157421,SE20-029,3474,false,
157422,SE20-030,367,false,
157423,SE20-031,367,false,
157424,SE20-032,654,false,
157425,SE20-033,3966,false,
157426,SE20-034,3353,false,
157427,SE20-035,654,false,
157428,SE20-036,627,false,
157429,SE20-038,373,false,
157430,SE20-039,3474,false,
157431,SE20-040,1122,false,
157432,SE20-041,3474,false,
157433,SE20-042,3474,false,
157434,SE20-043,3474,false,
157435,SE20-044,16,false,
157436,SE20-045,367,false,
157437,SE20-046,1122,false,
157438,SE20-047,3474,false,
157439,SE20-048,3966,false,
157440,SE20-049,367,false,
157441,SE20-050,1006,false,
157442,SE20-051,367,false,
157443,SE20-052,373,false,
157444,SE20-053,1122,false,
157445,SE20-054,373,false,
157446,SE20-055,1122,false,
157447,SE20-059,16,false,
157448,SE20-060,373,false,
157449,SE20-061,654,false,
157450,SE20-062,3353,false,
157451,SE20-063,3474,false,
157452,SE20-064,367,false,
157453,SE20-065,654,false,
157454,SE20-066,3474,false,
157455,SE20-067,16,false,
157456,SE20-068,1122,false,
157457,SE20-069,18,false,
157458,SE20-070,18,false,
157459,SE20-071,654,false,
157460,SE20-072,1122,false,
157461,SE20-073,3474,false,
157462,SE20-074,1122,false,
157463,SE20-075,367,false,
157464,SE20-076,1122,false,
157465,SE20-077,16,false,
157466,SE20-078,373,false,
157467,SE20-079,1122,false,
157468,SE20-080,16,false,
157469,SE20-081,3479,false,
157470,SE20-082,3474,false,
157471,SE20-083,3474,false,
157472,SE20-084,3474,false,
157473,SE20-085,18,false,
157474,SE20-086,3474,false,
157475,SE20-087,3474,false,
157476,SE20-088,3474,false,
157477,SE20-089,16,false,
157478,SE20-090,3479,false,
157479,SE20-091,18,false,
157480,SE20-092,16,false,
157481,SE20-093,3474,false,
157482,SE20-094,3474,false,
157483,SE20-095,1122,false,
157484,SE20-096,654,false,
157485,SE20-097,18,false,
157486,SE20-098,18,false,
157487,SE20-099,3474,false,
157488,SE20-100,3966,false,
157489,SE20-101,3474,false,
157490,SE20-102,18,false,
157491,SE20-103,18,false,
157492,SE20-104,18,false,
157493,SE20-105,5020,false,
157494,SE20-106,18,false,
157495,SE20-107,1122,false,
157496,SE20-108,1122,false,
157497,SE20-109,1122,false,
157498,SE20-110,3966,false,
157499,SE20-111,3353,false,
157500,SE20-112,3353,false,
157501,SE20-113,367,false,
157502,SE20-114,22,false,
157503,SE20-115,3353,false,
157504,SE20-116,3474,false,
157505,SE20-117,18,false,
157506,SE20-118,3474,false,
157507,SE20-120,18,false,
157508,SE20-121,367,false,
157509,SE20-122,3474,false,
157510,SE20-123,1122,false,
157511,SE20-124,16,false,
157512,SE20-125,3474,false,
157513,SE20-126,5006,false,
157514,SE20-127,632,false,
157515,SE20-128,16,false,
157516,SE20-129,3966,false,
157517,SE20-130,373,false,
157518,SE20-131,3359,false,
157519,SE20-132,5011,false,
157520,SE20-133,654,false,
157521,SE20-134,367,false,
157522,SE20-135,367,false,
157523,SE20-136,16,false,
157524,SE20-137,1006,false,
157525,SE20-138,367,false,
157526,SE20-139,18,false,
157527,SE20-140,16,false,
157528,SE20-141,16,false,
157529,SE20-142,367,false,
157530,SE20-143,3474,false,
157531,SE20-144,3474,false,
157532,SE20-145,16,false,
157533,SE20-146,16,false,
157534,SE20-148,3966,false,
157535,SE20-149,3474,false,
157536,SE20-150,3474,false,
157537,SE20-151,16,false,
157538,SE20-152,3474,false,
157539,SE20-153,367,false,
157540,SE20-154,1006,false,
157541,SE20-155,1122,false,
157542,SI20-100,373,false,
157543,SI20-102,3353,false,
157544,SI20-104,3353,false,
157545,SI20-106,654,false,
157546,SI20-107,654,false,
157547,SI20-108,3353,false,
157548,SI20-109,654,false,
157549,SI20-110,373,false,
157550,SI20-111,18,false,
157551,SI20-112,3353,false,
157552,SI20-113,3353,false,
157553,SI20-114,3353,false,
157554,SI20-115,654,false,
157555,SI20-116,367,false,
157556,SI20-117,373,false,
157557,SI20-118,367,false,
157558,SI20-119,3474,false,
157559,SI20-120,3353,false,
157560,SI20-121,654,false,
157561,SI20-122,3353,false,
157562,SI20-123,654,false,
157563,SI20-124,3353,false,
157564,SI20-125,654,false,
157565,SI20-126,18,false,
157566,SI20-127,373,false,
157567,SI20-128,3353,false,
157568,SI20-129,367,false,
157569,SI20-130,654,false,
157570,SI20-131,3353,false,
157571,SI20-132,3353,false,
157572,SI20-133,373,false,
157573,SI20-134,373,false,
157574,SI20-135,367,false,
157575,SI20-136,654,false,
157576,SI20-137,654,false,
157577,SI20-138,3474,false,
157578,SI20-139,3474,false,
157579,SI20-140,654,false,
157580,SI20-141,3474,false,
157581,SI20-142,654,false,
157582,SI20-143,5021,false,
157583,SI20-145,373,false,
157584,SI20-146,373,false,
157585,SI20-147,654,false,
157586,SI20-148,654,false,
157587,SI20-149,367,false,
157588,SI20-150,654,false,
157589,SI20-151,18,false,
157590,SI20-152,367,false,
157591,SI20-153,367,false,
157592,SI20-154,654,false,
157593,SI20-155,654,false,
157594,SI20-159,3474,false,
157595,SI20-160,3353,false,
157596,SI20-161,654,false,
157597,SI20-162,367,false,
157598,SI20-163,654,false,
157599,SI20-164,373,false,
157600,SI20-165,3353,false,
157601,SI20-167,367,false,
157602,SI20-168,5022,false,
157603,SI20-170,654,false,
157604,SI20-171,654,false,
157605,SI20-172,654,false,
157606,SI20-173,3474,false,
157607,SI20-174,367,false,
157608,SI20-96,654,false,
157609,SI20-97,3353,false,
157610,SI20-98,367,false,
157611,SI20-99,3479,false,
157612,SK20-001,627,false,
157613,SK20-002,627,false,
157614,SK20-003,627,false,
157615,SK20-004,627,false,
157616,SK20-005,627,false,
157617,SK20-006,627,false,
157618,SK20-007,367,false,
157619,SK20-008,5023,false,
157620,SK20-009,628,false,
157621,SK20-010,628,false,
157622,SK20-011,367,false,
157623,SK20-012,16,false,
157624,SK20-013,367,false,
157625,SK20-014,3353,false,
157626,SK20-015,367,false,
157627,SK20-016,3353,false,
157628,SK20-017,628,false,
157629,SK20-018,628,false,
157630,SK20-019,367,false,
157631,SK20-020,669,false,
157632,SK20-021,628,false,
157633,SK20-022,16,false,
157634,SK20-023,16,false,
157635,SK20-024,367,false,
157636,SK20-025,628,false,
157637,SK20-026,367,false,
157638,SK20-027,5024,false,
157639,SK20-028,367,false,
157640,SK20-029,367,false,
157641,SK20-032,367,false,
157642,SK20-033,16,false,
157643,SK20-034,3479,false,
157644,SK20-035,16,false,
157645,SK20-036,628,false,
157646,SK20-037,3479,false,
157647,SK20-038,669,false,
157648,SK20-039,3353,false,
157649,SK20-040,5023,false,
157650,SK20-041,5023,false,
157651,SK20-043,367,false,
157652,SK20-044,16,false,
157653,SK20-045,367,false,
157654,SK20-046,367,false,
157655,SK20-047,16,false,
157656,SK20-048,367,false,
157657,SK20-049,654,false,
157658,SK20-050,669,false,
157659,SK20-051,3353,false,
157660,SK20-052,628,false,
157661,SK20-053,367,false,
157662,SK20-054,367,false,
157663,SK20-056,367,false,
157664,SK20-057,367,false,
157665,SK20-058,21,false,
157666,SK20-059,16,false,
157667,SK20-060,3353,false,
157668,SK20-061,628,false,
157669,SK20-062,16,false,
157670,SK20-063,367,false,
157671,SK20-064,367,false,
157672,SK20-065,628,false,
157673,SK20-066,628,false,
157674,SK20-067,21,false,
157675,SK20-068,654,false,
157676,SK20-069,18,false,
157677,SK20-070,367,false,
157678,SK20-071,16,false,
157679,SK20-072,3353,false,
157680,SK20-073,628,false,
157681,SK20-074,21,false,
157682,SK20-075,367,false,
157683,SK20-076,367,false,
157684,SK20-077,16,false,
157685,SK20-078,367,false,
157686,SK20-079,18,false,
157687,SK20-080,654,false,
157688,SK20-081,16,false,
157689,SK20-082,628,false,
157690,SK20-083,628,false,
157691,SK20-084,628,false,
157692,SK20-085,628,false,
157693,SK20-086,16,false,
157694,SK20-087,3353,false,
157695,SK20-088,21,false,
157696,SK20-089,3353,false,
157697,SK20-090,16,false,
157698,SK20-091,16,false,
157699,SK20-092,16,false,
157700,SK20-093,378,false,
157701,SK20-094,378,false,
157702,SK20-095,16,false,
157703,SK20-096,16,false,
157704,SK20-097,5023,false,
157705,SK20-098,628,false,
157706,SK20-099,367,false,
157707,SK20-102,367,false,
157708,SK20-103,16,false,
157709,SK20-104,367,false,
157710,SK20-105,367,false,
157711,SK20-106,16,false,
157712,SK20-107,16,false,
157713,WHO H,16,false,
157714,WHO Q,18,false,
157715,WHO R,18,false,
157716,WHO S2,3353,false,
157717,SMG-24-2471,4108,false,
157719,SMG-24-2501,45,false,
157720,32826,,false,
157721,69908,,false,
157722,69911,,false,
157723,69927,,false,
157724,23NG023,,false,
157725,AUSMDU00010847,3353,false,
157726,AUSMDU00010848,367,false,
157727,AUSMDU00011071,3353,false,
157728,AUSMDU00011072,625,false,
157729,AUSMDU00011073,3353,false,
157730,AUSMDU00011074,367,false,
157731,AUSMDU00011075,367,false,
157732,AUSMDU00011076,367,false,
157733,AUSMDU00010849,367,false,
157734,AUSMDU00010850,1122,false,
157735,AUSMDU00010851,21,false,
157736,AUSMDU00010852,367,false,
157737,AUSMDU00010853,18,false,
157738,AUSMDU00010854,367,false,
157739,AUSMDU00010855,5720,false,
157740,AUSMDU00010856,367,false,
157741,AUSMDU00010857,367,false,
157742,AUSMDU00010858,21,false,
157743,AUSMDU00010859,16,false,
157744,AUSMDU00011077,18,false,
157745,AUSMDU00010860,367,false,
157746,AUSMDU00010861,18,false,
157747,AUSMDU00010862,1006,false,
157748,AUSMDU00010863,367,false,
157749,AUSMDU00010864,3353,false,
157750,AUSMDU00010865,367,false,
157751,AUSMDU00010866,1006,false,
157752,AUSMDU00010867,16,false,
157753,AUSMDU00010868,16,false,
157754,AUSMDU00010869,378,false,
157755,AUSMDU00010870,1006,false,
157756,AUSMDU00010871,18,false,
157757,AUSMDU00010872,18,false,
157758,AUSMDU00010873,5721,false,
157759,AUSMDU00010874,3353,false,
157760,AUSMDU00010875,1122,false,
157761,AUSMDU00010876,367,false,
157762,AUSMDU00010877,3353,false,
157763,AUSMDU00010878,1006,false,
157764,AUSMDU00010879,3353,false,
157765,AUSMDU00010880,1122,false,
157766,AUSMDU00010881,367,false,
157767,AUSMDU00010882,367,false,
157768,AUSMDU00010883,18,false,
157769,AUSMDU00011078,3353,false,
157770,AUSMDU00011079,367,false,
157771,AUSMDU00011080,1122,false,
157772,AUSMDU00011081,367,false,
157773,AUSMDU00011082,1122,false,
157774,AUSMDU00011083,1122,false,
157775,AUSMDU00011084,1122,false,
157776,AUSMDU00011085,1006,false,
157777,AUSMDU00011086,1122,false,
157778,AUSMDU00011087,1006,false,
157779,AUSMDU00011088,18,false,
157780,AUSMDU00011089,1122,false,
157781,AUSMDU00011090,18,false,
157782,AUSMDU00011091,367,false,
157783,AUSMDU00011092,378,false,
157784,AUSMDU00011093,1006,false,
157785,AUSMDU00011094,16,false,
157786,AUSMDU00011096,16,false,
157787,AUSMDU00011097,367,false,
157788,AUSMDU00011098,367,false,
157789,AUSMDU00011099,18,false,
157790,AUSMDU00011100,18,false,
157791,AUSMDU00011102,367,false,
157792,AUSMDU00011103,18,false,
157793,AUSMDU00011104,3353,false,
157794,AUSMDU00011105,18,false,
157795,AUSMDU00011106,5722,false,
157796,AUSMDU00011107,18,false,
157797,AUSMDU00011108,18,false,
157798,AUSMDU00011109,367,false,
157799,AUSMDU00011110,3353,false,
157800,AUSMDU00011111,367,false,
157801,AUSMDU00011112,367,false,
157802,AUSMDU00011113,367,false,
157803,AUSMDU00011114,18,false,
157804,AUSMDU00011115,378,false,
157805,AUSMDU00011116,367,false,
157806,AUSMDU00011117,378,false,
157807,AUSMDU00011118,1006,false,
157808,AUSMDU00011119,1122,false,
157809,AUSMDU00011178,18,false,
157810,AUSMDU00011179,22,false,
157811,AUSMDU00011180,1122,false,
157812,AUSMDU00011181,1122,false,
157813,AUSMDU00011182,23,false,
157814,AUSMDU00011219,367,false,
157815,AUSMDU00011183,1006,false,
157816,AUSMDU00011184,367,false,
157817,AUSMDU00011185,367,false,
157818,AUSMDU00011186,1006,false,
157819,AUSMDU00011187,18,false,
157820,AUSMDU00011188,367,false,
157821,AUSMDU00011189,1122,false,
157822,AUSMDU00011190,367,false,
157823,AUSMDU00011191,378,false,
157824,AUSMDU00011192,18,false,
157825,AUSMDU00011193,367,false,
157826,AUSMDU00011194,1006,false,
157827,AUSMDU00011195,378,false,
157828,AUSMDU00011196,367,false,
157829,AUSMDU00011197,2199,false,
157830,AUSMDU00011198,367,false,
157831,AUSMDU00011199,18,false,
157832,AUSMDU00011200,1122,false,
157833,AUSMDU00011201,378,false,
157834,AUSMDU00011202,18,false,
157835,AUSMDU00011203,16,false,
157836,AUSMDU00011204,657,false,
157837,AUSMDU00011205,18,false,
157838,AUSMDU00011206,367,false,
157839,AUSMDU00011207,367,false,
157840,AUSMDU00011208,3353,false,
157841,AUSMDU00011209,378,false,
157842,AUSMDU00011210,367,false,
157843,AUSMDU00011220,18,false,
157844,AUSMDU00011221,18,false,
157845,AUSMDU00011222,1006,false,
157846,AUSMDU00011223,378,false,
157847,AUSMDU00011224,1122,false,
157848,AUSMDU00011225,18,false,
157849,AUSMDU00011226,3353,false,
157850,AUSMDU00011227,367,false,
157851,AUSMDU00011228,367,false,
157852,AUSMDU00011229,3968,false,
157853,AUSMDU00011230,18,false,
157854,AUSMDU00011231,367,false,
157855,AUSMDU00011232,666,false,
157856,AUSMDU00011233,3353,false,
157857,AUSMDU00011234,18,false,
157858,AUSMDU00011235,18,false,
157859,AUSMDU00011236,378,false,
157860,AUSMDU00011237,367,false,
157861,AUSMDU00011238,3353,false,
157862,AUSMDU00011239,18,false,
157863,AUSMDU00011240,18,false,
157864,AUSMDU00011241,1122,false,
157865,AUSMDU00011242,367,false,
157866,AUSMDU00011243,18,false,
157867,AUSMDU00011244,1006,false,
157868,AUSMDU00011245,367,false,
157869,AUSMDU00011246,378,false,
157870,AUSMDU00011247,16,false,
157871,AUSMDU00011248,18,false,
157872,AUSMDU00011249,3353,false,
157873,AUSMDU00011250,18,false,
157874,AUSMDU00011251,18,false,
157875,AUSMDU00011252,1006,false,
157876,AUSMDU00011253,3353,false,
157877,AUSMDU00011254,367,false,
157878,AUSMDU00011374,3353,false,
157879,AUSMDU00011344,378,false,
157880,AUSMDU00011345,378,false,
157881,AUSMDU00011359,367,false,
157882,AUSMDU00011367,373,false,
157883,AUSMDU00011409,1006,false,
157884,AUSMDU00011410,367,false,
157885,AUSMDU00011411,1006,false,
157886,AUSMDU00011412,1122,false,
157887,AUSMDU00011413,3353,false,
157888,AUSMDU00011414,1006,false,
157889,AUSMDU00011415,378,false,
157890,AUSMDU00011416,378,false,
157891,AUSMDU00011417,367,false,
157892,AUSMDU00011418,18,false,
157893,AUSMDU00011419,1006,false,
157894,AUSMDU00011420,636,false,
157895,AUSMDU00011421,367,false,
157896,AUSMDU00011422,367,false,
157897,AUSMDU00011423,367,false,
157898,AUSMDU00011424,18,false,
157899,AUSMDU00011425,375,false,
157900,AUSMDU00011426,18,false,
157901,AUSMDU00011427,3353,false,
157902,AUSMDU00011428,378,false,
157903,AUSMDU00011429,18,false,
157904,AUSMDU00011430,3353,false,
157905,AUSMDU00011431,367,false,
157906,AUSMDU00011432,1006,false,
157907,AUSMDU00011433,367,false,
157908,AUSMDU00011434,367,false,
157909,AUSMDU00011435,378,false,
157910,AUSMDU00011589,367,false,
157911,AUSMDU00011436,5722,false,
157912,AUSMDU00011437,16,false,
157913,AUSMDU00011438,378,false,
157914,AUSMDU00011439,16,false,
157915,AUSMDU00011440,3353,false,
157916,AUSMDU00011441,1122,false,
157917,AUSMDU00011442,1122,false,
157918,AUSMDU00011443,3353,false,
157919,AUSMDU00011360,1006,false,
157920,AUSMDU00011373,18,false,
157921,AUSMDU00011352,3353,false,
157922,AUSMDU00011377,367,false,
157923,AUSMDU00011343,378,false,
157924,AUSMDU00011347,18,false,
157925,AUSMDU00011356,3353,false,
157926,AUSMDU00011371,1006,false,
157927,AUSMDU00011369,1006,false,
157928,AUSMDU00011361,367,false,
157929,AUSMDU00011349,3353,false,
157930,AUSMDU00011348,1122,false,
157931,AUSMDU00011342,1122,false,
157932,AUSMDU00011357,367,false,
157933,AUSMDU00011363,367,false,
157934,AUSMDU00011365,367,false,
157935,AUSMDU00011362,18,false,
157936,AUSMDU00011350,3353,false,
157937,AUSMDU00011376,1006,false,
157938,AUSMDU00011354,1122,false,
157939,AUSMDU00011351,3353,false,
157940,AUSMDU00011444,18,false,
157941,AUSMDU00011445,378,false,
157942,AUSMDU00011446,3353,false,
157943,AUSMDU00011447,657,false,
157944,AUSMDU00011448,1006,false,
157945,AUSMDU00011449,367,false,
157946,AUSMDU00011495,1006,false,
157947,AUSMDU00011496,367,false,
157948,AUSMDU00011497,367,false,
157949,AUSMDU00011498,1122,false,
157950,AUSMDU00011499,18,false,
157951,AUSMDU00011500,378,false,
157952,AUSMDU00011501,367,false,
157953,AUSMDU00011502,18,false,
157954,AUSMDU00011503,3353,false,
157955,AUSMDU00011504,1122,false,
157956,AUSMDU00011505,3353,false,
157957,AUSMDU00011506,1006,false,
157958,AUSMDU00011507,367,false,
157959,AUSMDU00011508,18,false,
157960,AUSMDU00011509,1122,false,
157961,AUSMDU00011510,16,false,
157962,AUSMDU00011511,3390,false,
157963,AUSMDU00011512,367,false,
157964,AUSMDU00011513,1006,false,
157965,AUSMDU00011514,367,false,
157966,AUSMDU00011515,367,false,
157967,AUSMDU00011516,1006,false,
157968,AUSMDU00011517,18,false,
157969,AUSMDU00011518,3353,false,
157970,AUSMDU00011519,18,false,
157971,AUSMDU00011520,367,false,
157972,AUSMDU00011521,1006,false,
157973,AUSMDU00011522,3353,false,
157974,AUSMDU00011523,1006,false,
157975,AUSMDU00011524,3353,false,
157976,AUSMDU00011525,3353,false,
157977,AUSMDU00011526,18,false,
157978,AUSMDU00011527,367,false,
157979,AUSMDU00011528,18,false,
157980,AUSMDU00011529,367,false,
157981,AUSMDU00011530,367,false,
157982,AUSMDU00011531,367,false,
157983,AUSMDU00011532,367,false,
157984,AUSMDU00011533,16,false,
157985,AUSMDU00011534,1006,false,
157986,AUSMDU00011535,657,false,
157987,AUSMDU00011536,1122,false,
157988,AUSMDU00011537,367,false,
157989,AUSMDU00011538,3353,false,
157990,AUSMDU00011539,18,false,
157991,AUSMDU00011590,367,false,
157992,AUSMDU00011591,378,false,
157993,AUSMDU00011592,18,false,
157994,AUSMDU00011593,1122,false,
157995,AUSMDU00011594,1006,false,
157996,AUSMDU00011595,16,false,
157997,AUSMDU00011596,367,false,
157998,AUSMDU00011597,1122,false,
157999,AUSMDU00011598,3353,false,
158000,AUSMDU00011599,3353,false,
158001,AUSMDU00011600,18,false,
158002,AUSMDU00011601,18,false,
158003,AUSMDU00011603,18,false,
158004,AUSMDU00011604,3353,false,
158005,AUSMDU00011605,367,false,
158006,AUSMDU00011606,3353,false,
158007,AUSMDU00011607,1006,false,
158008,AUSMDU00011608,18,false,
158009,AUSMDU00011609,1006,false,
158010,AUSMDU00011610,378,false,
158011,AUSMDU00011611,3353,false,
158012,AUSMDU00011612,1122,false,
158013,AUSMDU00011613,1006,false,
158014,AUSMDU00011614,367,false,
158015,AUSMDU00011615,18,false,
158016,AUSMDU00011616,3353,false,
158017,AUSMDU00011617,367,false,
158018,AUSMDU00011618,3353,false,
158019,AUSMDU00011619,16,false,
158020,AUSMDU00011620,367,false,
158021,AUSMDU00011621,367,false,
158022,AUSMDU00011622,18,false,
158023,AUSMDU00011623,1122,false,
158024,AUSMDU00011540,367,false,
158025,AUSMDU00011541,18,false,
158026,AUSMDU00011542,3353,false,
158027,AUSMDU00011543,3353,false,
158028,AUSMDU00011544,1006,false,
158029,AUSMDU00011624,18,false,
158030,AUSMDU00011625,367,false,
158031,AUSMDU00011626,850,false,
158032,AUSMDU00011627,3353,false,
158033,AUSMDU00011628,3353,false,
158034,AUSMDU00011629,18,false,
158035,AUSMDU00011718,1122,false,
158036,AUSMDU00011630,18,false,
158037,AUSMDU00011631,18,false,
158038,AUSMDU00011632,16,false,
158039,AUSMDU00011633,3353,false,
158040,AUSMDU00011634,657,false,
158041,AUSMDU00011635,16,false,
158042,AUSMDU00011636,16,false,
158043,AUSMDU00011637,18,false,
158044,AUSMDU00011638,378,false,
158045,AUSMDU00011639,3353,false,
158046,AUSMDU00011640,367,false,
158047,AUSMDU00011641,367,false,
158048,AUSMDU00011642,18,false,
158049,AUSMDU00011643,1122,false,
158050,AUSMDU00011644,1122,false,
158051,AUSMDU00011645,3353,false,
158052,AUSMDU00011646,3353,false,
158053,AUSMDU00011647,1006,false,
158054,AUSMDU00011648,1006,false,
158055,AUSMDU00011649,3353,false,
158056,AUSMDU00011650,3353,false,
158057,AUSMDU00011651,16,false,
158058,AUSMDU00011652,3353,false,
158059,AUSMDU00011653,378,false,
158060,AUSMDU00011654,3353,false,
158061,AUSMDU00011655,367,false,
158062,AUSMDU00011656,3353,false,
158063,AUSMDU00011657,18,false,
158064,AUSMDU00011658,3353,false,
158065,AUSMDU00011659,18,false,
158066,AUSMDU00011660,3353,false,
158067,AUSMDU00011661,18,false,
158068,AUSMDU00011662,378,false,
158069,AUSMDU00011663,3353,false,
158070,AUSMDU00011664,367,false,
158071,AUSMDU00011665,367,false,
158072,AUSMDU00011666,18,false,
158073,AUSMDU00011667,18,false,
158074,AUSMDU00011668,367,false,
158075,AUSMDU00011669,1122,false,
158076,AUSMDU00011670,3353,false,
158077,AUSMDU00011671,378,false,
158078,AUSMDU00011719,3353,false,
158079,AUSMDU00011720,18,false,
158080,AUSMDU00011721,16,false,
158081,AUSMDU00011722,1006,false,
158082,AUSMDU00011723,378,false,
158083,AUSMDU00011724,1006,false,
158084,AUSMDU00011725,367,false,
158085,AUSMDU00011726,18,false,
158086,AUSMDU00011727,18,false,
158087,AUSMDU00011728,16,false,
158088,AUSMDU00011729,16,false,
158089,AUSMDU00011730,18,false,
158090,AUSMDU00011731,367,false,
158091,AUSMDU00011732,367,false,
158092,AUSMDU00011733,18,false,
158093,AUSMDU00011734,18,false,
158094,AUSMDU00011735,18,false,
158095,AUSMDU00011736,378,false,
158096,AUSMDU00011737,367,false,
158097,AUSMDU00011738,367,false,
158098,AUSMDU00011739,378,false,
158099,AUSMDU00011740,367,false,
158100,AUSMDU00011741,18,false,
158101,AUSMDU00011742,1122,false,
158102,AUSMDU00011743,367,false,
158103,AUSMDU00011744,3353,false,
158104,AUSMDU00011745,1006,false,
158105,AUSMDU00011746,367,false,
158106,AUSMDU00011747,18,false,
158107,AUSMDU00011748,18,false,
158108,AUSMDU00011749,3353,false,
158109,AUSMDU00011750,367,false,
158110,AUSMDU00011751,1122,false,
158111,AUSMDU00011752,18,false,
158112,AUSMDU00011753,18,false,
158113,AUSMDU00011754,3353,false,
158114,AUSMDU00011755,3353,false,
158115,AUSMDU00011756,367,false,
158116,AUSMDU00011757,378,false,
158117,AUSMDU00011758,18,false,
158118,AUSMDU00011759,18,false,
158119,AUSMDU00011760,1122,false,
158120,AUSMDU00011761,3353,false,
158121,AUSMDU00011762,1006,false,
158122,AUSMDU00011763,1122,false,
158123,AUSMDU00011764,16,false,
158124,AUSMDU00011765,367,false,
158125,AUSMDU00011766,1006,false,
158126,AUSMDU00011767,16,false,
158127,AUSMDU00011768,1122,false,
158128,AUSMDU00011769,367,false,
158129,AUSMDU00011770,1006,false,
158130,AUSMDU00011771,3353,false,
158131,AUSMDU00011772,18,false,
158132,AUSMDU00011773,3353,false,
158133,AUSMDU00011774,367,false,
158134,AUSMDU00011775,1122,false,
158135,AUSMDU00011776,367,false,
158136,AUSMDU00011777,1122,false,
158137,AUSMDU00011778,1006,false,
158138,AUSMDU00011779,1006,false,
158139,AUSMDU00011780,367,false,
158140,AUSMDU00011781,18,false,
158141,AUSMDU00011782,3353,false,
158142,AUSMDU00011783,1006,false,
158143,AUSMDU00011784,367,false,
158144,AUSMDU00011785,18,false,
158145,AUSMDU00011786,3353,false,
158146,AUSMDU00011787,378,false,
158147,AUSMDU00011788,18,false,
158148,AUSMDU00011789,3353,false,
158149,AUSMDU00011790,18,false,
158150,AUSMDU00011791,1006,false,
158151,AUSMDU00011792,1006,false,
158152,AUSMDU00011793,3353,false,
158153,AUSMDU00011794,367,false,
158154,AUSMDU00011795,1122,false,
158155,AUSMDU00011796,1006,false,
158156,AUSMDU00011896,3353,false,
158157,AUSMDU00011897,18,false,
158158,AUSMDU00011898,666,false,
158159,AUSMDU00011899,367,false,
158160,AUSMDU00011900,1006,false,
158161,AUSMDU00011901,1006,false,
158162,AUSMDU00011902,1122,false,
158163,AUSMDU00011903,1122,false,
158164,AUSMDU00011904,1006,false,
158165,AUSMDU00011905,1006,false,
158166,AUSMDU00011906,367,false,
158167,AUSMDU00011907,1006,false,
158168,AUSMDU00011908,367,false,
158169,AUSMDU00011909,367,false,
158170,AUSMDU00011910,373,false,
158171,AUSMDU00011911,378,false,
158172,AUSMDU00011912,367,false,
158173,AUSMDU00011913,1006,false,
158174,AUSMDU00011914,367,false,
158175,AUSMDU00011915,378,false,
158176,AUSMDU00011916,378,false,
158177,AUSMDU00011917,367,false,
158178,AUSMDU00011918,1006,false,
158179,AUSMDU00011919,16,false,
158180,AUSMDU00011920,18,false,
158181,AUSMDU00011921,18,false,
158182,AUSMDU00011922,666,false,
158183,AUSMDU00011923,367,false,
158184,AUSMDU00011924,378,false,
158185,AUSMDU00013338,378,false,
158186,AUSMDU00011925,378,false,
158187,AUSMDU00011926,18,false,
158188,AUSMDU00011927,16,false,
158189,AUSMDU00011928,18,false,
158190,AUSMDU00011797,1006,false,
158191,AUSMDU00011798,367,false,
158192,AUSMDU00011799,1006,false,
158193,AUSMDU00011800,18,false,
158194,AUSMDU00011801,1006,false,
158195,AUSMDU00011929,367,false,
158196,AUSMDU00011802,367,false,
158197,AUSMDU00011803,378,false,
158198,AUSMDU00011804,1006,false,
158199,AUSMDU00011805,367,false,
158200,AUSMDU00011806,1122,false,
158201,AUSMDU00011807,1006,false,
158202,AUSMDU00011808,1006,false,
158203,AUSMDU00011809,18,false,
158204,AUSMDU00011810,3353,false,
158205,AUSMDU00011811,367,false,
158206,AUSMDU00011812,1122,false,
158207,AUSMDU00011930,1006,false,
158208,AUSMDU00011931,18,false,
158209,AUSMDU00011932,1122,false,
158210,AUSMDU00011933,367,false,
158211,AUSMDU00011934,3968,false,
158212,AUSMDU00011935,3353,false,
158213,AUSMDU00011936,367,false,
158214,AUSMDU00011938,375,false,
158215,AUSMDU00011939,3968,false,
158216,AUSMDU00011940,1006,false,
158217,AUSMDU00011941,1122,false,
158218,AUSMDU00011942,1006,false,
158219,AUSMDU00011943,1006,false,
158220,AUSMDU00011944,378,false,
158221,AUSMDU00011945,367,false,
158222,AUSMDU00011946,18,false,
158223,AUSMDU00011947,378,false,
158224,AUSMDU00011948,3353,false,
158225,AUSMDU00011949,378,false,
158226,AUSMDU00011950,3353,false,
158227,AUSMDU00011951,16,false,
158228,AUSMDU00011952,378,false,
158229,AUSMDU00011953,1006,false,
158230,AUSMDU00011954,378,false,
158231,AUSMDU00011955,18,false,
158232,AUSMDU00011956,3353,false,
158233,AUSMDU00011957,367,false,
158234,AUSMDU00011958,1006,false,
158235,AUSMDU00011959,378,false,
158236,AUSMDU00011960,18,false,
158237,AUSMDU00011961,3353,false,
158238,AUSMDU00011962,367,false,
158239,AUSMDU00011963,378,false,
158240,AUSMDU00011964,1122,false,
158241,AUSMDU00011965,3353,false,
158242,AUSMDU00011966,3353,false,
158243,AUSMDU00011967,367,false,
158244,AUSMDU00011968,1006,false,
158245,AUSMDU00011969,1122,false,
158246,AUSMDU00011970,1006,false,
158247,AUSMDU00011971,16,false,
158248,AUSMDU00011972,1122,false,
158249,AUSMDU00011973,18,false,
158250,AUSMDU00011974,18,false,
158251,AUSMDU00011975,1006,false,
158252,AUSMDU00011976,1122,false,
158253,AUSMDU00011977,367,false,
158254,AUSMDU00011978,378,false,
158255,AUSMDU00011979,22,false,
158256,AUSMDU00011980,367,false,
158257,AUSMDU00011981,1006,false,
158258,AUSMDU00011982,367,false,
158259,AUSMDU00011983,1006,false,
158260,AUSMDU00011984,3353,false,
158261,AUSMDU00011985,367,false,
158262,AUSMDU00011986,367,false,
158263,AUSMDU00011987,3474,false,
158264,AUSMDU00011988,16,false,
158265,AUSMDU00011989,3353,false,
158266,AUSMDU00011990,1006,false,
158267,AUSMDU00011991,23,false,
158268,AUSMDU00011992,1122,false,
158269,AUSMDU00011993,3353,false,
158270,AUSMDU00011994,18,false,
158271,AUSMDU00011995,367,false,
158272,AUSMDU00011996,378,false,
158273,AUSMDU00011997,367,false,
158274,AUSMDU00011998,367,false,
158275,AUSMDU00011999,367,false,
158276,AUSMDU00012000,3353,false,
158277,AUSMDU00012001,,false,
158278,AUSMDU00012002,367,false,
158279,AUSMDU00012003,18,false,
158280,AUSMDU00012004,367,false,
158281,AUSMDU00012005,3353,false,
158282,AUSMDU00012006,367,false,
158283,AUSMDU00012007,3353,false,
158284,AUSMDU00012008,18,false,
158285,AUSMDU00012009,367,false,
158286,AUSMDU00012010,367,false,
158287,AUSMDU00012011,23,false,
158288,AUSMDU00012012,1006,false,
158289,AUSMDU00012013,367,false,
158290,AUSMDU00012014,18,false,
158291,AUSMDU00012015,3353,false,
158292,AUSMDU00012016,1006,false,
158293,AUSMDU00012017,18,false,
158294,AUSMDU00012018,3353,false,
158295,AUSMDU00012019,1006,false,
158296,AUSMDU00012087,378,false,
158297,AUSMDU00012088,3353,false,
158298,AUSMDU00012089,367,false,
158299,AUSMDU00012090,1122,false,
158300,AUSMDU00012091,1006,false,
158301,AUSMDU00012092,378,false,
158302,AUSMDU00012093,3353,false,
158303,AUSMDU00012094,3353,false,
158304,AUSMDU00012095,3353,false,
158305,AUSMDU00012096,1122,false,
158306,AUSMDU00012097,373,false,
158307,AUSMDU00012098,18,false,
158308,AUSMDU00012099,16,false,
158309,AUSMDU00012101,367,false,
158310,AUSMDU00012102,1122,false,
158311,AUSMDU00012103,1122,false,
158312,AUSMDU00012104,3353,false,
158313,AUSMDU00012105,1006,false,
158314,AUSMDU00012106,1006,false,
158315,AUSMDU00012107,1006,false,
158316,AUSMDU00012108,1006,false,
158317,AUSMDU00012109,371,false,
158318,AUSMDU00012110,1006,false,
158319,AUSMDU00012111,18,false,
158320,AUSMDU00012112,18,false,
158321,AUSMDU00012113,378,false,
158322,AUSMDU00012114,3353,false,
158323,AUSMDU00012115,367,false,
158324,AUSMDU00012116,367,false,
158325,AUSMDU00012117,3353,false,
158326,AUSMDU00012118,3353,false,
158327,AUSMDU00012119,367,false,
158328,AUSMDU00012120,18,false,
158329,AUSMDU00012121,18,false,
158330,AUSMDU00012122,18,false,
158331,AUSMDU00012123,1006,false,
158332,AUSMDU00012124,378,false,
158333,AUSMDU00012125,3353,false,
158334,AUSMDU00012126,18,false,
158335,AUSMDU00012127,367,false,
158336,AUSMDU00012128,367,false,
158337,AUSMDU00012129,3353,false,
158338,AUSMDU00012130,367,false,
158339,AUSMDU00012131,367,false,
158340,AUSMDU00012132,1006,false,
158341,AUSMDU00012282,3353,false,
158342,AUSMDU00012283,367,false,
158343,AUSMDU00012284,378,false,
158344,AUSMDU00012285,18,false,
158345,AUSMDU00012133,1006,false,
158346,AUSMDU00012134,1122,false,
158347,AUSMDU00012135,378,false,
158348,AUSMDU00012136,3353,false,
158349,AUSMDU00012137,3353,false,
158350,AUSMDU00012138,18,false,
158351,AUSMDU00012139,367,false,
158352,AUSMDU00012140,367,false,
158353,AUSMDU00012286,367,false,
158354,AUSMDU00012287,1006,false,
158355,AUSMDU00012288,3353,false,
158356,AUSMDU00012289,3353,false,
158357,AUSMDU00012290,3353,false,
158358,AUSMDU00012291,367,false,
158359,AUSMDU00012292,18,false,
158360,AUSMDU00012293,18,false,
158361,AUSMDU00012294,378,false,
158362,AUSMDU00012295,3353,false,
158363,AUSMDU00012296,18,false,
158364,AUSMDU00012297,367,false,
158365,AUSMDU00012298,18,false,
158366,AUSMDU00012299,1122,false,
158367,AUSMDU00012300,3353,false,
158368,AUSMDU00012301,367,false,
158369,AUSMDU00012302,16,false,
158370,AUSMDU00012303,18,false,
158371,AUSMDU00012304,367,false,
158372,AUSMDU00012305,367,false,
158373,AUSMDU00012306,378,false,
158374,AUSMDU00012307,367,false,
158375,AUSMDU00012308,378,false,
158376,AUSMDU00012309,378,false,
158377,AUSMDU00012310,1006,false,
158378,AUSMDU00012311,18,false,
158379,AUSMDU00012312,373,false,
158380,AUSMDU00012313,367,false,
158381,AUSMDU00012314,1006,false,
158382,AUSMDU00012315,3353,false,
158383,AUSMDU00012316,378,false,
158384,AUSMDU00012317,3353,false,
158385,AUSMDU00012318,367,false,
158386,AUSMDU00012319,16,false,
158387,AUSMDU00012320,18,false,
158388,AUSMDU00012321,367,false,
158389,AUSMDU00012322,3353,false,
158390,AUSMDU00012323,373,false,
158391,AUSMDU00012324,1006,false,
158392,AUSMDU00012325,16,false,
158393,AUSMDU00012326,1006,false,
158394,AUSMDU00012327,1006,false,
158395,AUSMDU00012328,21,false,
158396,AUSMDU00012329,1122,false,
158397,AUSMDU00012330,1122,false,
158398,AUSMDU00012331,367,false,
158399,AUSMDU00012332,3353,false,
158400,AUSMDU00012333,1122,false,
158401,AUSMDU00012334,18,false,
158402,AUSMDU00012335,367,false,
158403,AUSMDU00012336,367,false,
158404,AUSMDU00012337,367,false,
158405,AUSMDU00012338,367,false,
158406,AUSMDU00012339,1122,false,
158407,AUSMDU00012340,367,false,
158408,AUSMDU00012341,367,false,
158409,AUSMDU00012342,367,false,
158410,AUSMDU00012343,18,false,
158411,AUSMDU00012344,18,false,
158412,AUSMDU00012345,3353,false,
158413,AUSMDU00012346,18,false,
158414,AUSMDU00012347,367,false,
158415,AUSMDU00012348,18,false,
158416,AUSMDU00012386,367,false,
158417,AUSMDU00012387,1006,false,
158418,AUSMDU00012388,16,false,
158419,AUSMDU00012389,3353,false,
158420,AUSMDU00012390,1006,false,
158421,AUSMDU00012391,367,false,
158422,AUSMDU00012392,16,false,
158423,AUSMDU00012393,18,false,
158424,AUSMDU00012394,1006,false,
158425,AUSMDU00012395,1122,false,
158426,AUSMDU00012396,3353,false,
158427,AUSMDU00012397,3353,false,
158428,AUSMDU00012398,367,false,
158429,AUSMDU00012399,367,false,
158430,AUSMDU00012400,367,false,
158431,AUSMDU00012401,18,false,
158432,AUSMDU00012402,21,false,
158433,AUSMDU00012403,367,false,
158434,AUSMDU00012404,3353,false,
158435,AUSMDU00012405,18,false,
158436,AUSMDU00012406,16,false,
158437,AUSMDU00012407,1122,false,
158438,AUSMDU00012408,5723,false,
158439,AUSMDU00012409,3353,false,
158440,AUSMDU00012439,18,false,
158441,AUSMDU00012440,18,false,
158442,AUSMDU00012441,18,false,
158443,AUSMDU00012442,1006,false,
158444,AUSMDU00012443,18,false,
158445,AUSMDU00012444,3353,false,
158446,AUSMDU00012445,1006,false,
158447,AUSMDU00012446,378,false,
158448,AUSMDU00012447,18,false,
158449,AUSMDU00012448,18,false,
158450,AUSMDU00012449,18,false,
158451,AUSMDU00012450,16,false,
158452,AUSMDU00012451,1006,false,
158453,AUSMDU00012452,378,false,
158454,AUSMDU00012453,18,false,
158455,AUSMDU00012454,367,false,
158456,AUSMDU00012455,1122,false,
158457,AUSMDU00012456,3353,false,
158458,AUSMDU00012457,378,false,
158459,AUSMDU00012458,1122,false,
158460,AUSMDU00012459,3353,false,
158461,AUSMDU00012460,18,false,
158462,AUSMDU00012461,367,false,
158463,AUSMDU00012462,367,false,
158464,AUSMDU00012463,367,false,
158465,AUSMDU00012464,3353,false,
158466,AUSMDU00012465,1122,false,
158467,AUSMDU00012466,18,false,
158468,AUSMDU00012467,1006,false,
158469,AUSMDU00012468,18,false,
158470,AUSMDU00012469,367,false,
158471,AUSMDU00012470,18,false,
158472,AUSMDU00012471,378,false,
158473,AUSMDU00012472,367,false,
158474,AUSMDU00012473,367,false,
158475,AUSMDU00012474,1122,false,
158476,AUSMDU00012475,1122,false,
158477,AUSMDU00012476,18,false,
158478,AUSMDU00012477,18,false,
158479,AUSMDU00012478,378,false,
158480,AUSMDU00012479,21,false,
158481,AUSMDU00012480,367,false,
158482,AUSMDU00012481,23,false,
158483,AUSMDU00012482,1006,false,
158484,AUSMDU00012483,1006,false,
158485,AUSMDU00012484,5722,false,
158486,AUSMDU00012485,378,false,
158487,AUSMDU00012486,367,false,
158488,AUSMDU00012533,367,false,
158489,AUSMDU00012534,1006,false,
158490,AUSMDU00012535,1006,false,
158491,AUSMDU00012536,1006,false,
158492,AUSMDU00012537,367,false,
158493,AUSMDU00012538,1006,false,
158494,AUSMDU00012539,18,false,
158495,AUSMDU00012540,1006,false,
158496,AUSMDU00012541,367,false,
158497,AUSMDU00012542,367,false,
158498,AUSMDU00012543,18,false,
158499,AUSMDU00012544,367,false,
158500,AUSMDU00012545,3353,false,
158501,AUSMDU00012546,367,false,
158502,AUSMDU00012547,18,false,
158503,AUSMDU00012548,367,false,
158504,AUSMDU00012549,367,false,
158505,AUSMDU00012550,18,false,
158506,AUSMDU00012551,18,false,
158507,AUSMDU00012552,367,false,
158508,AUSMDU00012553,1006,false,
158509,AUSMDU00012554,367,false,
158510,AUSMDU00012555,1006,false,
158511,AUSMDU00012556,367,false,
158512,AUSMDU00012557,3353,false,
158513,AUSMDU00012558,3353,false,
158514,AUSMDU00012559,1006,false,
158515,AUSMDU00012560,18,false,
158516,AUSMDU00012561,18,false,
158517,AUSMDU00012562,367,false,
158518,AUSMDU00012563,3353,false,
158519,AUSMDU00014428,1006,false,
158520,AUSMDU00014429,3353,false,
158521,AUSMDU00014430,1006,false,
158522,AUSMDU00014431,1122,false,
158523,AUSMDU00014432,1006,false,
158524,AUSMDU00014433,1006,false,
158525,AUSMDU00014434,378,false,
158526,AUSMDU00014435,16,false,
158527,AUSMDU00014436,1006,false,
158528,AUSMDU00014437,367,false,
158529,AUSMDU00014438,850,false,
158530,AUSMDU00014439,367,false,
158531,AUSMDU00014440,1006,false,
158532,AUSMDU00014441,5666,false,
158533,AUSMDU00014442,367,false,
158534,AUSMDU00014443,18,false,
158535,AUSMDU00014444,378,false,
158536,AUSMDU00014445,367,false,
158537,AUSMDU00014446,1122,false,
158538,AUSMDU00014447,1006,false,
158539,AUSMDU00014448,3353,false,
158540,AUSMDU00014449,367,false,
158541,AUSMDU00014450,1006,false,
158542,AUSMDU00014451,18,false,
158543,AUSMDU00014452,367,false,
158544,AUSMDU00014453,3353,false,
158545,AUSMDU00014454,3353,false,
158546,AUSMDU00014455,367,false,
158547,AUSMDU00014456,367,false,
158548,AUSMDU00014457,367,false,
158549,AUSMDU00014458,378,false,
158550,AUSMDU00014459,378,false,
158551,AUSMDU00014460,1122,false,
158552,AUSMDU00014461,367,false,
158553,AUSMDU00014462,367,false,
158554,AUSMDU00014463,367,false,
158555,AUSMDU00014464,367,false,
158556,AUSMDU00014465,3353,false,
158557,AUSMDU00014467,16,false,
158558,AUSMDU00014468,3353,false,
158559,AUSMDU00014470,3353,false,
158560,AUSMDU00014471,1122,false,
158561,AUSMDU00014472,16,false,
158562,AUSMDU00014473,367,false,
158563,AUSMDU00014474,3353,false,
158564,AUSMDU00014475,18,false,
158565,AUSMDU00014476,3353,false,
158566,AUSMDU00014477,1006,false,
158567,AUSMDU00014478,18,false,
158568,AUSMDU00014479,367,false,
158569,AUSMDU00014480,18,false,
158570,AUSMDU00014481,18,false,
158571,AUSMDU00014482,367,false,
158572,AUSMDU00014483,367,false,
158573,AUSMDU00014484,367,false,
158574,AUSMDU00014485,18,false,
158575,AUSMDU00014486,367,false,
158576,AUSMDU00014487,367,false,
158577,AUSMDU00014488,1006,false,
158578,AUSMDU00014489,1006,false,
158579,AUSMDU00014490,367,false,
158580,AUSMDU00014491,1122,false,
158581,AUSMDU00014492,3353,false,
158582,AUSMDU00014493,378,false,
158583,AUSMDU00014494,367,false,
158584,AUSMDU00014495,367,false,
158585,AUSMDU00014496,22,false,
158586,AUSMDU00014497,3353,false,
158587,AUSMDU00014498,378,false,
158588,AUSMDU00014499,367,false,
158589,AUSMDU00014500,18,false,
158590,AUSMDU00014501,367,false,
158591,AUSMDU00014585,367,false,
158592,AUSMDU00014502,16,false,
158593,AUSMDU00014503,3353,false,
158594,AUSMDU00014504,1006,false,
158595,AUSMDU00014505,1006,false,
158596,AUSMDU00014506,1122,false,
158597,AUSMDU00014507,1006,false,
158598,AUSMDU00014508,367,false,
158599,AUSMDU00014509,18,false,
158600,AUSMDU00014510,367,false,
158601,AUSMDU00014511,367,false,
158602,AUSMDU00014512,1122,false,
158603,AUSMDU00014513,1006,false,
158604,AUSMDU00014514,1122,false,
158605,AUSMDU00014515,367,false,
158606,AUSMDU00014516,367,false,
158607,AUSMDU00014517,18,false,
158608,AUSMDU00014518,1006,false,
158609,AUSMDU00014519,18,false,
158610,AUSMDU00014520,3353,false,
158611,AUSMDU00014521,1006,false,
158612,AUSMDU00014522,18,false,
158613,AUSMDU00014523,16,false,
158614,AUSMDU00014524,16,false,
158615,AUSMDU00014525,18,false,
158616,AUSMDU00013949,3353,false,
158617,AUSMDU00013959,367,false,
158618,AUSMDU00014526,3353,false,
158619,AUSMDU00014527,16,false,
158620,AUSMDU00014528,18,false,
158621,AUSMDU00014529,3353,false,
158622,AUSMDU00014530,1122,false,
158623,AUSMDU00014531,367,false,
158624,AUSMDU00014532,3353,false,
158625,AUSMDU00014533,18,false,
158626,AUSMDU00014534,367,false,
158627,AUSMDU00014535,378,false,
158628,AUSMDU00014536,1006,false,
158629,AUSMDU00014537,16,false,
158630,AUSMDU00014538,367,false,
158631,AUSMDU00014586,367,false,
158632,AUSMDU00014587,1006,false,
158633,AUSMDU00014588,1122,false,
158634,AUSMDU00014589,367,false,
158635,AUSMDU00014590,367,false,
158636,AUSMDU00014591,367,false,
158637,AUSMDU00014592,1006,false,
158638,AUSMDU00014593,3353,false,
158639,AUSMDU00014594,16,false,
158640,AUSMDU00014595,367,false,
158641,AUSMDU00014596,378,false,
158642,AUSMDU00014597,3353,false,
158643,AUSMDU00014598,1122,false,
158644,AUSMDU00014599,1006,false,
158645,AUSMDU00014600,1122,false,
158646,AUSMDU00014601,3353,false,
158647,AUSMDU00014602,367,false,
158648,AUSMDU00014603,367,false,
158649,AUSMDU00014604,1122,false,
158650,AUSMDU00014605,1006,false,
158651,AUSMDU00014606,1006,false,
158652,AUSMDU00014607,367,false,
158653,AUSMDU00014608,1006,false,
158654,AUSMDU00014609,18,false,
158655,AUSMDU00014610,367,false,
158656,AUSMDU00014872,18,false,
158657,AUSMDU00014873,1006,false,
158658,AUSMDU00014875,1006,false,
158659,AUSMDU00014876,18,false,
158660,AUSMDU00014877,1006,false,
158661,AUSMDU00014878,1006,false,
158662,AUSMDU00014879,3353,false,
158663,AUSMDU00014880,367,false,
158664,AUSMDU00014881,1006,false,
158665,AUSMDU00014882,16,false,
158666,AUSMDU00014883,367,false,
158667,AUSMDU00014884,367,false,
158668,AUSMDU00014885,1006,false,
158669,AUSMDU00014886,666,false,
158670,AUSMDU00014887,1006,false,
158671,AUSMDU00014888,367,false,
158672,AUSMDU00014889,16,false,
158673,AUSMDU00014890,18,false,
158674,AUSMDU00014891,367,false,
158675,AUSMDU00014892,367,false,
158676,AUSMDU00014893,367,false,
158677,AUSMDU00014894,1122,false,
158678,AUSMDU00014895,1006,false,
158679,AUSMDU00014896,18,false,
158680,AUSMDU00014897,18,false,
158681,AUSMDU00014898,367,false,
158682,AUSMDU00014899,367,false,
158683,AUSMDU00014900,18,false,
158684,AUSMDU00014901,16,false,
158685,AUSMDU00014902,18,false,
158686,AUSMDU00014903,16,false,
158687,AUSMDU00014904,18,false,
158688,AUSMDU00014905,1122,false,
158689,AUSMDU00014906,367,false,
158690,AUSMDU00014907,367,false,
158691,AUSMDU00014908,1006,false,
158692,AUSMDU00014909,367,false,
158693,AUSMDU00014910,18,false,
158694,AUSMDU00014911,1006,false,
158695,AUSMDU00014912,1006,false,
158696,AUSMDU00014913,367,false,
158697,AUSMDU00014914,1122,false,
158698,AUSMDU00014915,367,false,
158699,AUSMDU00014916,367,false,
158700,AUSMDU00014917,367,false,
158701,AUSMDU00014918,3353,false,
158702,AUSMDU00014919,3353,false,
158703,AUSMDU00014920,16,false,
158704,AUSMDU00014921,1122,false,
158705,AUSMDU00014922,3353,false,
158706,AUSMDU00014923,373,false,
158707,AUSMDU00014924,373,false,
158708,AUSMDU00014925,666,false,
158709,AUSMDU00014926,367,false,
158710,AUSMDU00014927,3477,false,
158711,AUSMDU00014928,367,false,
158712,AUSMDU00014929,1122,false,
158713,AUSMDU00014930,367,false,
158714,AUSMDU00014931,3353,false,
158715,AUSMDU00014539,367,false,
158716,AUSMDU00014540,367,false,
158717,AUSMDU00014541,367,false,
158718,AUSMDU00014542,367,false,
158719,AUSMDU00014543,367,false,
158720,AUSMDU00014544,3353,false,
158721,AUSMDU00014545,367,false,
158722,AUSMDU00014546,367,false,
158723,AUSMDU00014547,367,false,
158724,AUSMDU00014548,16,false,
158725,AUSMDU00014549,367,false,
158726,AUSMDU00014550,18,false,
158727,AUSMDU00014551,367,false,
158728,AUSMDU00014552,18,false,
158729,AUSMDU00014553,367,false,
158730,AUSMDU00014554,5720,false,
158731,AUSMDU00014555,367,false,
158732,AUSMDU00014556,18,false,
158733,AUSMDU00014557,18,false,
158734,AUSMDU00014558,16,false,
158735,AUSMDU00014559,3353,false,
158736,AUSMDU00014560,18,false,
158737,AUSMDU00014561,367,false,
158738,AUSMDU00014562,367,false,
158739,AUSMDU00014563,367,false,
158740,AUSMDU00014564,367,false,
158741,AUSMDU00014565,5720,false,
158742,AUSMDU00014611,18,false,
158743,AUSMDU00014612,1006,false,
158744,AUSMDU00014613,367,false,
158745,AUSMDU00014932,367,false,
158746,AUSMDU00014933,367,false,
158747,AUSMDU00014934,367,false,
158748,AUSMDU00014935,1006,false,
158749,AUSMDU00014936,1006,false,
158750,AUSMDU00014937,1006,false,
158751,AUSMDU00014938,1006,false,
158752,AUSMDU00014939,1122,false,
158753,AUSMDU00014614,367,false,
158754,AUSMDU00014739,367,false,
158755,AUSMDU00014740,1006,false,
158756,AUSMDU00014741,367,false,
158757,AUSMDU00014742,367,false,
158758,AUSMDU00014743,367,false,
158759,AUSMDU00014744,18,false,
158760,AUSMDU00014745,1006,false,
158761,AUSMDU00014746,18,false,
158762,AUSMDU00014747,3353,false,
158763,AUSMDU00014748,18,false,
158764,AUSMDU00014749,1122,false,
158765,AUSMDU00014750,367,false,
158766,AUSMDU00014751,1006,false,
158767,AUSMDU00014752,367,false,
158768,AUSMDU00014753,367,false,
158769,AUSMDU00014754,1122,false,
158770,AUSMDU00014755,367,false,
158771,AUSMDU00014756,16,false,
158772,AUSMDU00014757,1122,false,
158773,AUSMDU00014758,1122,false,
158774,AUSMDU00014759,18,false,
158775,AUSMDU00014760,1122,false,
158776,AUSMDU00014761,16,false,
158777,AUSMDU00014762,367,false,
158778,AUSMDU00014763,16,false,
158779,AUSMDU00014764,18,false,
158780,AUSMDU00014765,3353,false,
158781,AUSMDU00014766,367,false,
158782,AUSMDU00014767,367,false,
158783,AUSMDU00014768,16,false,
158784,AUSMDU00014769,367,false,
158785,AUSMDU00014770,1006,false,
158786,AUSMDU00014771,18,false,
158787,AUSMDU00014772,18,false,
158788,AUSMDU00014773,367,false,
158789,AUSMDU00014774,367,false,
158790,AUSMDU00014775,1122,false,
158791,AUSMDU00014776,367,false,
158792,AUSMDU00014777,3353,false,
158793,AUSMDU00014779,3353,false,
158794,AUSMDU00014780,367,false,
158795,AUSMDU00014781,3353,false,
158796,AUSMDU00014782,367,false,
158797,AUSMDU00014783,1006,false,
158798,AUSMDU00014784,16,false,
158799,AUSMDU00014785,378,false,
158800,AUSMDU00014786,1122,false,
158801,AUSMDU00014787,3353,false,
158802,AUSMDU00014788,16,false,
158803,AUSMDU00014789,367,false,
158804,AUSMDU00014790,378,false,
158805,AUSMDU00014791,3353,false,
158806,AUSMDU00014792,16,false,
158807,AUSMDU00014793,16,false,
158808,AUSMDU00014794,1122,false,
158809,AUSMDU00014795,1006,false,
158810,AUSMDU00014796,367,false,
158811,AUSMDU00014797,16,false,
158812,AUSMDU00014798,1006,false,
158813,AUSMDU00014940,367,false,
158814,AUSMDU00014941,16,false,
158815,AUSMDU00014942,654,false,
158816,AUSMDU00014943,1006,false,
158817,AUSMDU00014944,367,false,
158818,AUSMDU00014945,18,false,
158819,AUSMDU00014946,22,false,
158820,AUSMDU00014947,18,false,
158821,AUSMDU00014948,18,false,
158822,AUSMDU00014949,1006,false,
158823,AUSMDU00014950,1006,false,
158824,AUSMDU00014951,367,false,
158825,AUSMDU00014952,18,false,
158826,AUSMDU00014953,654,false,
158827,AUSMDU00014954,378,false,
158828,AUSMDU00014956,367,false,
158829,AUSMDU00014957,367,false,
158830,AUSMDU00014958,367,false,
158831,AUSMDU00014959,23,false,
158832,AUSMDU00014960,367,false,
158833,AUSMDU00015006,367,false,
158834,AUSMDU00015007,23,false,
158835,AUSMDU00015008,1122,false,
158836,AUSMDU00015009,367,false,
158837,AUSMDU00015010,1122,false,
158838,AUSMDU00015011,367,false,
158839,AUSMDU00015012,23,false,
158840,AUSMDU00015013,1006,false,
158841,AUSMDU00015014,3353,false,
158842,AUSMDU00015015,1006,false,
158843,AUSMDU00015016,1006,false,
158844,AUSMDU00015017,367,false,
158845,AUSMDU00015018,378,false,
158846,AUSMDU00014799,367,false,
158847,AUSMDU00014800,1122,false,
158848,AUSMDU00014801,367,false,
158849,AUSMDU00014802,367,false,
158850,AUSMDU00014803,3353,false,
158851,AUSMDU00014804,367,false,
158852,AUSMDU00014805,2284,false,
158853,AUSMDU00014806,16,false,
158854,AUSMDU00014807,1006,false,
158855,AUSMDU00014808,1122,false,
158856,AUSMDU00014809,367,false,
158857,AUSMDU00014961,367,false,
158858,AUSMDU00014962,16,false,
158859,AUSMDU00014963,3353,false,
158860,AUSMDU00014964,18,false,
158861,AUSMDU00014965,367,false,
158862,AUSMDU00014966,18,false,
158863,AUSMDU00014967,1122,false,
158864,AUSMDU00014968,1006,false,
158865,AUSMDU00014969,1006,false,
158866,AUSMDU00014970,1006,false,
158867,AUSMDU00014971,367,false,
158868,AUSMDU00014972,367,false,
158869,AUSMDU00014973,367,false,
158870,AUSMDU00014974,367,false,
158871,AUSMDU00014975,367,false,
158872,AUSMDU00014976,367,false,
158873,AUSMDU00014977,367,false,
158874,AUSMDU00014978,16,false,
158875,AUSMDU00014979,1006,false,
158876,AUSMDU00014980,23,false,
158877,AUSMDU00014981,3353,false,
158878,AUSMDU00014982,16,false,
158879,AUSMDU00014983,5720,false,
158880,AUSMDU00014984,1006,false,
158881,AUSMDU00014985,1122,false,
158882,AUSMDU00014986,1006,false,
158883,AUSMDU00014987,2021,false,
158884,AUSMDU00014988,1006,false,
158885,AUSMDU00014989,23,false,
158886,AUSMDU00014990,367,false,
158887,AUSMDU00014991,22,false,
158888,AUSMDU00014992,367,false,
158889,AUSMDU00014993,367,false,
158890,AUSMDU00014994,367,false,
158891,AUSMDU00014995,367,false,
158892,AUSMDU00014996,367,false,
158893,AUSMDU00014997,16,false,
158894,AUSMDU00014998,1006,false,
158895,AUSMDU00014999,1006,false,
158896,AUSMDU00015000,367,false,
158897,AUSMDU00015001,1006,false,
158898,AUSMDU00015019,367,false,
158899,AUSMDU00015020,1122,false,
158900,AUSMDU00015021,18,false,
158901,AUSMDU00015022,367,false,
158902,AUSMDU00015023,1122,false,
158903,AUSMDU00015024,367,false,
158904,AUSMDU00015025,18,false,
158905,AUSMDU00015026,1122,false,
158906,AUSMDU00015027,367,false,
158907,AUSMDU00015028,16,false,
158908,AUSMDU00015029,367,false,
158909,AUSMDU00015030,16,false,
158910,AUSMDU00015031,3353,false,
158911,AUSMDU00015032,654,false,
158912,AUSMDU00015033,367,false,
158913,AUSMDU00015034,378,false,
158914,AUSMDU00015035,367,false,
158915,AUSMDU00015036,367,false,
158916,AUSMDU00015037,16,false,
158917,AUSMDU00015038,367,false,
158918,AUSMDU00015039,18,false,
158919,AUSMDU00015040,16,false,
158920,AUSMDU00015041,367,false,
158921,AUSMDU00015042,367,false,
158922,AUSMDU00015043,18,false,
158923,AUSMDU00015044,367,false,
158924,AUSMDU00015045,16,false,
158925,AUSMDU00015046,1122,false,
158926,AUSMDU00015047,3353,false,
158927,AUSMDU00015048,367,false,
158928,AUSMDU00015049,367,false,
158929,AUSMDU00015050,367,false,
158930,AUSMDU00015051,367,false,
158931,AUSMDU00015052,367,false,
158932,AUSMDU00015053,367,false,
158933,AUSMDU00015054,18,false,
158934,AUSMDU00015055,16,false,
158935,AUSMDU00015056,378,false,
158936,AUSMDU00015057,367,false,
158937,AUSMDU00015058,1006,false,
158938,AUSMDU00015059,1006,false,
158939,AUSMDU00015060,23,false,
158940,AUSMDU00015061,1006,false,
158941,AUSMDU00015062,1006,false,
158942,AUSMDU00015063,367,false,
158943,AUSMDU00015064,367,false,
158944,AUSMDU00015065,367,false,
158945,AUSMDU00015109,18,false,
158946,AUSMDU00015110,16,false,
158947,AUSMDU00015111,367,false,
158948,AUSMDU00015112,1122,false,
158949,AUSMDU00015113,367,false,
158950,AUSMDU00015114,3353,false,
158951,AUSMDU00015115,367,false,
158952,AUSMDU00015116,1122,false,
158953,AUSMDU00015117,1006,false,
158954,AUSMDU00015118,367,false,
158955,AUSMDU00015119,367,false,
158956,AUSMDU00015120,3353,false,
158957,AUSMDU00015121,367,false,
158958,AUSMDU00015122,367,false,
158959,AUSMDU00015123,23,false,
158960,AUSMDU00015124,1006,false,
158961,AUSMDU00015125,367,false,
158962,AUSMDU00015126,367,false,
158963,AUSMDU00015127,367,false,
158964,AUSMDU00015128,18,false,
158965,AUSMDU00015129,1122,false,
158966,AUSMDU00015130,1006,false,
158967,AUSMDU00015131,657,false,
158968,AUSMDU00015132,367,false,
158969,AUSMDU00015133,18,false,
158970,AUSMDU00015134,1006,false,
158971,AUSMDU00015135,367,false,
158972,AUSMDU00015136,18,false,
158973,AUSMDU00015137,367,false,
158974,AUSMDU00015138,367,false,
158975,AUSMDU00015139,18,false,
158976,AUSMDU00015140,367,false,
158977,AUSMDU00015141,3353,false,
158978,AUSMDU00015142,367,false,
158979,AUSMDU00015143,367,false,
158980,AUSMDU00015144,367,false,
158981,AUSMDU00015145,18,false,
158982,AUSMDU00015146,18,false,
158983,AUSMDU00015147,367,false,
158984,AUSMDU00015148,16,false,
158985,AUSMDU00015149,16,false,
158986,AUSMDU00015150,1006,false,
158987,AUSMDU00015151,367,false,
158988,AUSMDU00015152,367,false,
158989,AUSMDU00015153,1006,false,
158990,AUSMDU00015154,367,false,
158991,AUSMDU00015227,18,false,
158992,AUSMDU00015002,367,false,
158993,AUSMDU00015003,367,false,
158994,AUSMDU00015004,367,false,
158995,AUSMDU00015005,18,false,
158996,AUSMDU00015066,367,false,
158997,AUSMDU00015067,1006,false,
158998,AUSMDU00015068,16,false,
158999,AUSMDU00015069,367,false,
159000,AUSMDU00015070,367,false,
159001,AUSMDU00015071,367,false,
159002,AUSMDU00015072,367,false,
159003,AUSMDU00015073,18,false,
159004,AUSMDU00015074,1006,false,
159005,AUSMDU00015075,367,false,
159006,AUSMDU00015076,16,false,
159007,AUSMDU00015077,1122,false,
159008,AUSMDU00015155,373,false,
159009,AUSMDU00015156,367,false,
159010,AUSMDU00015157,1122,false,
159011,AUSMDU00015158,18,false,
159012,AUSMDU00015159,367,false,
159013,AUSMDU00015160,367,false,
159014,AUSMDU00015161,18,false,
159015,AUSMDU00015162,1122,false,
159016,AUSMDU00015163,16,false,
159017,AUSMDU00015164,1122,false,
159018,AUSMDU00015165,367,false,
159019,AUSMDU00015166,367,false,
159020,AUSMDU00015167,3353,false,
159021,AUSMDU00015168,3353,false,
159022,AUSMDU00015169,367,false,
159023,AUSMDU00015170,378,false,
159024,AUSMDU00015171,367,false,
159025,AUSMDU00015360,373,false,
159026,AUSMDU00015361,378,false,
159027,AUSMDU00015362,367,false,
159028,AUSMDU00015363,18,false,
159029,AUSMDU00015364,18,false,
159030,AUSMDU00015365,18,false,
159031,AUSMDU00015366,367,false,
159032,AUSMDU00015367,367,false,
159033,AUSMDU00015368,367,false,
159034,AUSMDU00015370,18,false,
159035,AUSMDU00015371,1006,false,
159036,AUSMDU00015373,1006,false,
159037,AUSMDU00015374,16,false,
159038,AUSMDU00015375,1006,false,
159039,AUSMDU00015376,367,false,
159040,AUSMDU00015377,367,false,
159041,AUSMDU00015378,367,false,
159042,AUSMDU00015379,1006,false,
159043,AUSMDU00015380,367,false,
159044,AUSMDU00015381,1006,false,
159045,AUSMDU00015382,1006,false,
159046,AUSMDU00015383,367,false,
159047,AUSMDU00015384,23,false,
159048,AUSMDU00015385,367,false,
159049,AUSMDU00015386,367,false,
159050,AUSMDU00015387,378,false,
159051,AUSMDU00015388,367,false,
159052,AUSMDU00015389,367,false,
159053,AUSMDU00015390,5724,false,
159054,AUSMDU00015391,367,false,
159055,AUSMDU00015392,367,false,
159056,AUSMDU00015393,367,false,
159057,AUSMDU00015394,18,false,
159058,AUSMDU00015395,16,false,
159059,AUSMDU00015396,16,false,
159060,AUSMDU00015397,367,false,
159061,AUSMDU00015398,1006,false,
159062,AUSMDU00015399,367,false,
159063,AUSMDU00015400,666,false,
159064,AUSMDU00015401,367,false,
159065,AUSMDU00015402,367,false,
159066,AUSMDU00015403,1006,false,
159067,AUSMDU00015404,18,false,
159068,AUSMDU00015405,367,false,
159069,AUSMDU00015406,367,false,
159070,AUSMDU00015407,1122,false,
159071,AUSMDU00015408,18,false,
159072,AUSMDU00015409,367,false,
159073,AUSMDU00015410,16,false,
159074,AUSMDU00015411,367,false,
159075,AUSMDU00015412,1006,false,
159076,AUSMDU00015413,18,false,
159077,AUSMDU00015414,367,false,
159078,AUSMDU00015415,18,false,
159079,AUSMDU00015416,1122,false,
159080,AUSMDU00015417,1006,false,
159081,AUSMDU00015418,367,false,
159082,AUSMDU00015419,18,false,
159083,AUSMDU00015513,18,false,
159084,AUSMDU00015514,1006,false,
159085,AUSMDU00015515,367,false,
159086,AUSMDU00015516,378,false,
159087,AUSMDU00015517,367,false,
159088,AUSMDU00015518,367,false,
159089,AUSMDU00015519,1122,false,
159090,AUSMDU00015520,1006,false,
159091,AUSMDU00015521,367,false,
159092,AUSMDU00015522,367,false,
159093,AUSMDU00015523,1006,false,
159094,AUSMDU00015524,18,false,
159095,AUSMDU00015525,3353,false,
159096,AUSMDU00015526,1122,false,
159097,AUSMDU00015527,367,false,
159098,AUSMDU00015528,367,false,
159099,AUSMDU00015529,1006,false,
159100,AUSMDU00012564,373,false,
159101,AUSMDU00012565,3353,false,
159102,AUSMDU00012566,3353,false,
159103,AUSMDU00012567,3353,false,
159104,AUSMDU00012568,367,false,
159105,AUSMDU00012569,1122,false,
159106,AUSMDU00012570,18,false,
159107,AUSMDU00012571,378,false,
159108,AUSMDU00012572,3353,false,
159109,AUSMDU00012573,1006,false,
159110,AUSMDU00012574,367,false,
159111,AUSMDU00012575,18,false,
159112,AUSMDU00012576,3353,false,
159113,AUSMDU00012577,5720,false,
159114,AUSMDU00012578,367,false,
159115,AUSMDU00012579,367,false,
159116,AUSMDU00012580,378,false,
159117,AUSMDU00012581,1006,false,
159118,AUSMDU00012582,367,false,
159119,AUSMDU00012583,21,false,
159120,AUSMDU00012584,21,false,
159121,AUSMDU00012585,16,false,
159122,AUSMDU00012586,3353,false,
159123,AUSMDU00012587,1122,false,
159124,AUSMDU00012588,3353,false,
159125,AUSMDU00012589,367,false,
159126,AUSMDU00012590,1006,false,
159127,AUSMDU00012591,367,false,
159128,AUSMDU00012592,367,false,
159129,AUSMDU00012593,367,false,
159130,AUSMDU00012594,18,false,
159131,AUSMDU00012595,367,false,
159132,AUSMDU00012596,1122,false,
159133,AUSMDU00012597,1006,false,
159134,AUSMDU00012598,16,false,
159135,AUSMDU00012599,367,false,
159136,AUSMDU00012600,3353,false,
159137,AUSMDU00012601,16,false,
159138,AUSMDU00012602,1122,false,
159139,AUSMDU00012603,367,false,
159140,AUSMDU00012604,16,false,
159141,AUSMDU00012605,1122,false,
159142,AUSMDU00012606,1122,false,
159143,AUSMDU00012607,1006,false,
159144,AUSMDU00012608,1006,false,
159145,AUSMDU00012609,1006,false,
159146,AUSMDU00012610,367,false,
159147,AUSMDU00012611,378,false,
159148,AUSMDU00012612,3353,false,
159149,AUSMDU00012613,1122,false,
159150,AUSMDU00012614,18,false,
159151,AUSMDU00010541,18,false,
159152,AUSMDU00012615,18,false,
159153,AUSMDU00012616,1006,false,
159154,AUSMDU00012617,378,false,
159155,AUSMDU00012618,378,false,
159156,AUSMDU00012619,367,false,
159157,AUSMDU00012620,367,false,
159158,AUSMDU00012621,367,false,
159159,AUSMDU00012622,3353,false,
159160,AUSMDU00012623,3353,false,
159161,AUSMDU00012624,367,false,
159162,AUSMDU00012625,3353,false,
159163,AUSMDU00012626,666,false,
159164,AUSMDU00012627,367,false,
159165,AUSMDU00012628,378,false,
159166,AUSMDU00012629,1006,false,
159167,AUSMDU00012630,3353,false,
159168,AUSMDU00012631,378,false,
159169,AUSMDU00012632,3353,false,
159170,AUSMDU00012633,1122,false,
159171,AUSMDU00012634,1006,false,
159172,AUSMDU00012635,367,false,
159173,AUSMDU00012636,18,false,
159174,AUSMDU00012637,3353,false,
159175,AUSMDU00012638,1006,false,
159176,AUSMDU00012639,1006,false,
159177,AUSMDU00012640,21,false,
159178,AUSMDU00012641,16,false,
159179,AUSMDU00008753,3353,false,
159180,AUSMDU00012642,378,false,
159181,AUSMDU00012643,1122,false,
159182,AUSMDU00012644,3353,false,
159183,AUSMDU00012645,3353,false,
159184,AUSMDU00012646,1006,false,
159185,AUSMDU00012647,3353,false,
159186,AUSMDU00012648,18,false,
159187,AUSMDU00012649,1122,false,
159188,AUSMDU00012650,1122,false,
159189,AUSMDU00012651,1122,false,
159190,AUSMDU00012652,16,false,
159191,AUSMDU00012653,1421,false,
159192,AUSMDU00012654,378,false,
159193,AUSMDU00012655,18,false,
159194,AUSMDU00008754,3353,false,
159195,AUSMDU00012656,18,false,
159196,AUSMDU00012657,21,false,
159197,AUSMDU00012658,367,false,
159198,AUSMDU00012659,1006,false,
159199,AUSMDU00012660,367,false,
159200,AUSMDU00012661,367,false,
159201,AUSMDU00008755,3353,false,
159202,AUSMDU00008756,3353,false,
159203,AUSMDU00012662,378,false,
159204,AUSMDU00012663,367,false,
159205,AUSMDU00012664,1006,false,
159206,AUSMDU00012665,3353,false,
159207,AUSMDU00012666,367,false,
159208,AUSMDU00012667,378,false,
159209,AUSMDU00012668,654,false,
159210,AUSMDU00012669,1006,false,
159211,AUSMDU00012670,378,false,
159212,AUSMDU00012671,18,false,
159213,AUSMDU00012672,367,false,
159214,AUSMDU00008757,3353,false,
159215,AUSMDU00012673,367,false,
159216,AUSMDU00012674,18,false,
159217,AUSMDU00012675,378,false,
159218,AUSMDU00012676,367,false,
159219,AUSMDU00012677,367,false,
159220,AUSMDU00012678,3353,false,
159221,AUSMDU00012679,1006,false,
159222,AUSMDU00012680,1006,false,
159223,AUSMDU00012681,367,false,
159224,AUSMDU00012682,3353,false,
159225,AUSMDU00012683,1006,false,
159226,AUSMDU00012684,16,false,
159227,AUSMDU00012685,16,false,
159228,AUSMDU00012686,1006,false,
159229,AUSMDU00008758,3353,false,
159230,AUSMDU00008759,3353,false,
159231,AUSMDU00012687,367,false,
159232,AUSMDU00012688,378,false,
159233,AUSMDU00008760,3353,false,
159234,AUSMDU00012689,367,false,
159235,AUSMDU00012690,1122,false,
159236,AUSMDU00012691,367,false,
159237,AUSMDU00008761,3353,false,
159238,AUSMDU00012692,1006,false,
159239,AUSMDU00012693,367,false,
159240,AUSMDU00012694,367,false,
159241,AUSMDU00012695,1122,false,
159242,AUSMDU00012957,1122,false,
159243,AUSMDU00012958,3353,false,
159244,AUSMDU00012811,1006,false,
159245,AUSMDU00012812,18,false,
159246,AUSMDU00012813,367,false,
159247,AUSMDU00012814,367,false,
159248,AUSMDU00012815,367,false,
159249,AUSMDU00012816,1122,false,
159250,AUSMDU00012817,367,false,
159251,AUSMDU00012818,1006,false,
159252,AUSMDU00012819,367,false,
159253,AUSMDU00012820,18,false,
159254,AUSMDU00008762,3353,false,
159255,AUSMDU00012821,1122,false,
159256,AUSMDU00012822,1006,false,
159257,AUSMDU00008763,3353,false,
159258,AUSMDU00012825,367,false,
159259,AUSMDU00012826,16,false,
159260,AUSMDU00012827,367,false,
159261,AUSMDU00008764,3353,false,
159262,AUSMDU00012828,367,false,
159263,AUSMDU00012829,18,false,
159264,AUSMDU00012830,1122,false,
159265,AUSMDU00012831,3353,false,
159266,AUSMDU00012832,1122,false,
159267,AUSMDU00012833,367,false,
159268,AUSMDU00012834,3353,false,
159269,AUSMDU00012835,367,false,
159270,AUSMDU00012836,3474,false,
159271,AUSMDU00012837,3353,false,
159272,AUSMDU00012838,367,false,
159273,AUSMDU00012839,3353,false,
159274,AUSMDU00012841,18,false,
159275,AUSMDU00012842,1006,false,
159276,AUSMDU00012843,367,false,
159277,AUSMDU00012844,635,false,
159278,AUSMDU00012845,18,false,
159279,AUSMDU00008765,3353,false,
159280,AUSMDU00012846,3353,false,
159281,AUSMDU00012847,16,false,
159282,AUSMDU00012848,3353,false,
159283,AUSMDU00012849,18,false,
159284,AUSMDU00012850,367,false,
159285,AUSMDU00012851,1006,false,
159286,AUSMDU00012852,,false,
159287,AUSMDU00012853,367,false,
159288,AUSMDU00012854,367,false,
159289,AUSMDU00012855,3353,false,
159290,AUSMDU00012856,1122,false,
159291,AUSMDU00012857,3353,false,
159292,AUSMDU00012858,1006,false,
159293,AUSMDU00008766,367,false,
159294,AUSMDU00012859,18,false,
159295,AUSMDU00012959,666,false,
159296,AUSMDU00012960,16,false,
159297,AUSMDU00012961,367,false,
159298,AUSMDU00012962,367,false,
159299,AUSMDU00012963,1006,false,
159300,AUSMDU00008767,3353,false,
159301,AUSMDU00012964,1006,false,
159302,AUSMDU00008768,3353,false,
159303,AUSMDU00012965,18,false,
159304,AUSMDU00008769,3353,false,
159305,AUSMDU00008770,3353,false,
159306,AUSMDU00012966,16,false,
159307,AUSMDU00012967,16,false,
159308,AUSMDU00012968,1006,false,
159309,AUSMDU00012969,1122,false,
159310,AUSMDU00012970,367,false,
159311,AUSMDU00012971,367,false,
159312,AUSMDU00012972,16,false,
159313,AUSMDU00012973,367,false,
159314,AUSMDU00012974,18,false,
159315,AUSMDU00012975,1006,false,
159316,AUSMDU00012976,367,false,
159317,AUSMDU00012977,841,false,
159318,AUSMDU00012727,16,false,
159319,AUSMDU00012728,1011,false,
159320,AUSMDU00012729,367,false,
159321,AUSMDU00012730,367,false,
159322,AUSMDU00012731,1122,false,
159323,AUSMDU00012732,18,false,
159324,AUSMDU00012733,1122,false,
159325,AUSMDU00012734,18,false,
159326,AUSMDU00008771,3353,false,
159327,AUSMDU00012735,367,false,
159328,AUSMDU00012736,21,false,
159329,AUSMDU00008772,3353,false,
159330,AUSMDU00012737,21,false,
159331,AUSMDU00012738,367,false,
159332,AUSMDU00012860,,false,
159333,AUSMDU00012861,367,false,
159334,AUSMDU00012863,1122,false,
159335,AUSMDU00012864,1122,false,
159336,AUSMDU00012865,1006,false,
159337,AUSMDU00012866,18,false,
159338,AUSMDU00012867,1006,false,
159339,AUSMDU00012868,1006,false,
159340,AUSMDU00012869,3353,false,
159341,AUSMDU00012870,378,false,
159342,AUSMDU00012871,18,false,
159343,AUSMDU00012872,1006,false,
159344,AUSMDU00012873,367,false,
159345,AUSMDU00012874,3353,false,
159346,AUSMDU00012875,1006,false,
159347,AUSMDU00012876,367,false,
159348,AUSMDU00012877,378,false,
159349,AUSMDU00012878,367,false,
159350,AUSMDU00012879,1006,false,
159351,AUSMDU00012880,367,false,
159352,AUSMDU00012881,367,false,
159353,AUSMDU00012882,18,false,
159354,AUSMDU00012883,1006,false,
159355,AUSMDU00008773,3353,false,
159356,AUSMDU00012884,16,false,
159357,AUSMDU00012885,378,false,
159358,AUSMDU00012886,367,false,
159359,AUSMDU00012887,18,false,
159360,AUSMDU00012978,1122,false,
159361,AUSMDU00012979,1122,false,
159362,AUSMDU00012980,378,false,
159363,AUSMDU00012981,367,false,
159364,AUSMDU00012982,367,false,
159365,AUSMDU00012983,1006,false,
159366,AUSMDU00012984,3353,false,
159367,AUSMDU00012985,3353,false,
159368,AUSMDU00012986,18,false,
159369,AUSMDU00012987,1006,false,
159370,AUSMDU00012988,367,false,
159371,AUSMDU00012989,1006,false,
159372,AUSMDU00012990,1006,false,
159373,AUSMDU00012991,18,false,
159374,AUSMDU00012992,1122,false,
159375,AUSMDU00012993,1006,false,
159376,AUSMDU00012994,1006,false,
159377,AUSMDU00012995,3353,false,
159378,AUSMDU00012996,367,false,
159379,AUSMDU00012997,367,false,
159380,AUSMDU00012998,1006,false,
159381,AUSMDU00012999,367,false,
159382,AUSMDU00013000,367,false,
159383,AUSMDU00013001,18,false,
159384,AUSMDU00008774,3353,false,
159385,AUSMDU00013002,367,false,
159386,AUSMDU00013003,378,false,
159387,AUSMDU00013004,367,false,
159388,AUSMDU00013005,378,false,
159389,AUSMDU00013006,367,false,
159390,AUSMDU00013008,1006,false,
159391,AUSMDU00008775,3353,false,
159392,AUSMDU00013009,378,false,
159393,AUSMDU00013010,367,false,
159394,AUSMDU00013011,373,false,
159395,AUSMDU00013012,367,false,
159396,AUSMDU00013013,3386,false,
159397,AUSMDU00013014,1006,false,
159398,AUSMDU00013015,1122,false,
159399,AUSMDU00013016,1006,false,
159400,AUSMDU00013017,367,false,
159401,AUSMDU00013018,367,false,
159402,AUSMDU00013019,1006,false,
159403,AUSMDU00013020,378,false,
159404,AUSMDU00013021,1006,false,
159405,AUSMDU00013022,1122,false,
159406,AUSMDU00013023,367,false,
159407,AUSMDU00013024,367,false,
159408,AUSMDU00013025,18,false,
159409,AUSMDU00013026,367,false,
159410,AUSMDU00013027,3353,false,
159411,AUSMDU00013028,367,false,
159412,AUSMDU00013029,1006,false,
159413,AUSMDU00013030,1122,false,
159414,AUSMDU00013031,367,false,
159415,AUSMDU00013032,378,false,
159416,AUSMDU00013033,367,false,
159417,AUSMDU00013034,1122,false,
159418,AUSMDU00013035,3353,false,
159419,AUSMDU00013036,18,false,
159420,AUSMDU00013037,18,false,
159421,AUSMDU00013038,18,false,
159422,AUSMDU00013039,367,false,
159423,AUSMDU00013040,18,false,
159424,AUSMDU00013041,367,false,
159425,AUSMDU00013042,367,false,
159426,AUSMDU00013043,378,false,
159427,AUSMDU00008776,3353,false,
159428,AUSMDU00013044,367,false,
159429,AUSMDU00013045,21,false,
159430,AUSMDU00013046,367,false,
159431,AUSMDU00013047,367,false,
159432,AUSMDU00013048,5725,false,
159433,AUSMDU00013049,18,false,
159434,AUSMDU00013050,367,false,
159435,AUSMDU00008777,3353,false,
159436,AUSMDU00013148,367,false,
159437,AUSMDU00013149,18,false,
159438,AUSMDU00013150,18,false,
159439,AUSMDU00013151,367,false,
159440,AUSMDU00013152,1006,false,
159441,AUSMDU00013153,367,false,
159442,AUSMDU00013154,1122,false,
159443,AUSMDU00013155,367,false,
159444,AUSMDU00013156,367,false,
159445,AUSMDU00013157,1006,false,
159446,AUSMDU00013158,1122,false,
159447,AUSMDU00008778,3353,false,
159448,AUSMDU00013159,16,false,
159449,AUSMDU00008779,3353,false,
159450,AUSMDU00013160,3353,false,
159451,AUSMDU00008780,3353,false,
159452,AUSMDU00013161,378,false,
159453,AUSMDU00013162,1122,false,
159454,AUSMDU00013163,16,false,
159455,AUSMDU00013164,1122,false,
159456,AUSMDU00013165,1006,false,
159457,AUSMDU00013166,1006,false,
159458,AUSMDU00013167,18,false,
159459,AUSMDU00008781,3353,false,
159460,AUSMDU00013168,367,false,
159461,AUSMDU00013169,3353,false,
159462,AUSMDU00008782,3353,false,
159463,AUSMDU00013170,378,false,
159464,AUSMDU00013171,16,false,
159465,AUSMDU00013172,3390,false,
159466,AUSMDU00013173,18,false,
159467,AUSMDU00013174,367,false,
159468,AUSMDU00013175,3353,false,
159469,AUSMDU00013176,367,false,
159470,AUSMDU00013177,1122,false,
159471,AUSMDU00013178,1122,false,
159472,AUSMDU00013179,18,false,
159473,AUSMDU00013180,1122,false,
159474,AUSMDU00013181,1122,false,
159475,AUSMDU00013182,18,false,
159476,AUSMDU00013183,1006,false,
159477,AUSMDU00013184,3353,false,
159478,AUSMDU00013185,367,false,
159479,AUSMDU00013186,367,false,
159480,AUSMDU00013187,3353,false,
159481,AUSMDU00013188,18,false,
159482,AUSMDU00013189,1122,false,
159483,AUSMDU00013190,1006,false,
159484,AUSMDU00013191,367,false,
159485,AUSMDU00013192,1006,false,
159486,AUSMDU00013193,367,false,
159487,AUSMDU00013194,367,false,
159488,AUSMDU00013195,1006,false,
159489,AUSMDU00013196,1122,false,
159490,AUSMDU00013197,3353,false,
159491,AUSMDU00013198,367,false,
159492,AUSMDU00013199,1006,false,
159493,AUSMDU00013200,3353,false,
159494,AUSMDU00013201,367,false,
159495,AUSMDU00013202,3353,false,
159496,AUSMDU00013203,367,false,
159497,AUSMDU00013204,367,false,
159498,AUSMDU00013205,1006,false,
159499,AUSMDU00013206,3353,false,
159500,AUSMDU00013207,367,false,
159501,AUSMDU00013208,3353,false,
159502,AUSMDU00013209,367,false,
159503,AUSMDU00013210,18,false,
159504,AUSMDU00013211,16,false,
159505,AUSMDU00013212,3353,false,
159506,AUSMDU00013213,367,false,
159507,AUSMDU00013214,18,false,
159508,AUSMDU00013215,3390,false,
159509,AUSMDU00013216,1122,false,
159510,AUSMDU00013217,3353,false,
159511,AUSMDU00013218,16,false,
159512,AUSMDU00013219,367,false,
159513,AUSMDU00013220,3353,false,
159514,AUSMDU00013221,3390,false,
159515,AUSMDU00013222,367,false,
159516,AUSMDU00013223,1122,false,
159517,AUSMDU00013224,3353,false,
159518,AUSMDU00013225,378,false,
159519,AUSMDU00013226,367,false,
159520,AUSMDU00013227,1122,false,
159521,AUSMDU00013228,1122,false,
159522,AUSMDU00013229,367,false,
159523,AUSMDU00013230,1122,false,
159524,AUSMDU00013231,367,false,
159525,AUSMDU00013232,654,false,
159526,AUSMDU00013233,367,false,
159527,AUSMDU00013234,367,false,
159528,AUSMDU00013235,378,false,
159529,AUSMDU00013478,16,false,
159530,AUSMDU00013479,18,false,
159531,AUSMDU00013480,3353,false,
159532,AUSMDU00013481,367,false,
159533,AUSMDU00013482,18,false,
159534,AUSMDU00013483,378,false,
159535,AUSMDU00013236,367,false,
159536,AUSMDU00013237,367,false,
159537,AUSMDU00013238,378,false,
159538,AUSMDU00013239,1006,false,
159539,AUSMDU00013240,3390,false,
159540,AUSMDU00013241,367,false,
159541,AUSMDU00013242,18,false,
159542,AUSMDU00013243,18,false,
159543,AUSMDU00013244,3353,false,
159544,AUSMDU00013245,367,false,
159545,AUSMDU00013246,367,false,
159546,AUSMDU00013247,367,false,
159547,AUSMDU00013248,1122,false,
159548,AUSMDU00013249,3353,false,
159549,AUSMDU00013250,18,false,
159550,AUSMDU00013251,1122,false,
159551,AUSMDU00013252,367,false,
159552,AUSMDU00013253,18,false,
159553,AUSMDU00013254,367,false,
159554,AUSMDU00013255,1006,false,
159555,AUSMDU00013256,3353,false,
159556,AUSMDU00013257,367,false,
159557,AUSMDU00013258,1122,false,
159558,AUSMDU00013259,3390,false,
159559,AUSMDU00013260,3353,false,
159560,AUSMDU00013261,367,false,
159561,AUSMDU00013262,3353,false,
159562,AUSMDU00013263,367,false,
159563,AUSMDU00013264,1006,false,
159564,AUSMDU00013265,644,false,
159565,AUSMDU00013266,378,false,
159566,AUSMDU00013267,16,false,
159567,AUSMDU00013268,1006,false,
159568,AUSMDU00013269,18,false,
159569,AUSMDU00013270,1122,false,
159570,AUSMDU00013271,625,false,
159571,AUSMDU00013272,367,false,
159572,AUSMDU00013273,1006,false,
159573,AUSMDU00013274,373,false,
159574,AUSMDU00013275,367,false,
159575,AUSMDU00013276,367,false,
159576,AUSMDU00013277,1122,false,
159577,AUSMDU00013278,378,false,
159578,AUSMDU00013279,1122,false,
159579,AUSMDU00013339,16,false,
159580,AUSMDU00013340,367,false,
159581,AUSMDU00013484,367,false,
159582,AUSMDU00013485,378,false,
159583,AUSMDU00013486,1006,false,
159584,AUSMDU00013487,1006,false,
159585,AUSMDU00013488,378,false,
159586,AUSMDU00013489,21,false,
159587,AUSMDU00013736,367,false,
159588,AUSMDU00013737,1006,false,
159589,AUSMDU00013738,367,false,
159590,AUSMDU00013739,367,false,
159591,AUSMDU00013740,16,false,
159592,AUSMDU00013741,3353,false,
159593,AUSMDU00013742,18,false,
159594,AUSMDU00013743,1122,false,
159595,AUSMDU00013744,18,false,
159596,AUSMDU00013745,18,false,
159597,AUSMDU00013746,367,false,
159598,AUSMDU00013341,3353,false,
159599,AUSMDU00013342,18,false,
159600,AUSMDU00013343,5726,false,
159601,AUSMDU00013344,16,false,
159602,AUSMDU00013345,367,false,
159603,AUSMDU00013346,18,false,
159604,AUSMDU00013347,367,false,
159605,AUSMDU00013348,1006,false,
159606,AUSMDU00013349,1006,false,
159607,AUSMDU00013350,367,false,
159608,AUSMDU00013351,3353,false,
159609,AUSMDU00013352,373,false,
159610,AUSMDU00013353,367,false,
159611,AUSMDU00013354,378,false,
159612,AUSMDU00013355,367,false,
159613,AUSMDU00013356,1122,false,
159614,AUSMDU00013357,18,false,
159615,AUSMDU00013358,3353,false,
159616,AUSMDU00013359,367,false,
159617,AUSMDU00013360,367,false,
159618,AUSMDU00013361,16,false,
159619,AUSMDU00013362,18,false,
159620,AUSMDU00013363,367,false,
159621,AUSMDU00013364,378,false,
159622,AUSMDU00013365,3353,false,
159623,AUSMDU00013366,18,false,
159624,AUSMDU00013367,367,false,
159625,AUSMDU00013368,18,false,
159626,AUSMDU00013369,3353,false,
159627,AUSMDU00013370,1122,false,
159628,AUSMDU00013371,367,false,
159629,AUSMDU00013372,3353,false,
159630,AUSMDU00013373,1006,false,
159631,AUSMDU00013374,1122,false,
159632,AUSMDU00013375,1122,false,
159633,AUSMDU00013376,16,false,
159634,AUSMDU00013377,3390,false,
159635,AUSMDU00013378,3353,false,
159636,AUSMDU00013379,18,false,
159637,AUSMDU00013380,18,false,
159638,AUSMDU00013381,16,false,
159639,AUSMDU00013382,367,false,
159640,AUSMDU00013383,367,false,
159641,AUSMDU00013384,18,false,
159642,AUSMDU00013385,367,false,
159643,AUSMDU00013386,3390,false,
159644,AUSMDU00013387,3353,false,
159645,AUSMDU00013388,1122,false,
159646,AUSMDU00013389,1006,false,
159647,AUSMDU00013390,16,false,
159648,AUSMDU00013391,1006,false,
159649,AUSMDU00013392,1122,false,
159650,AUSMDU00013393,16,false,
159651,AUSMDU00013394,378,false,
159652,AUSMDU00013395,16,false,
159653,AUSMDU00013396,367,false,
159654,AUSMDU00013397,367,false,
159655,AUSMDU00013398,1006,false,
159656,AUSMDU00013399,378,false,
159657,AUSMDU00013400,1122,false,
159658,AUSMDU00013401,367,false,
159659,AUSMDU00013402,367,false,
159660,AUSMDU00013403,18,false,
159661,AUSMDU00013404,367,false,
159662,AUSMDU00013405,1006,false,
159663,AUSMDU00013406,1006,false,
159664,AUSMDU00013407,18,false,
159665,AUSMDU00013408,367,false,
159666,AUSMDU00013409,1006,false,
159667,AUSMDU00013410,3353,false,
159668,AUSMDU00013491,367,false,
159669,AUSMDU00013492,1006,false,
159670,AUSMDU00013493,3353,false,
159671,AUSMDU00013494,16,false,
159672,AUSMDU00013495,1006,false,
159673,AUSMDU00013496,1006,false,
159674,AUSMDU00013497,367,false,
159675,AUSMDU00013498,1006,false,
159676,AUSMDU00013499,378,false,
159677,AUSMDU00013500,378,false,
159678,AUSMDU00013501,367,false,
159679,AUSMDU00013502,367,false,
159680,AUSMDU00013503,1006,false,
159681,AUSMDU00013504,367,false,
159682,AUSMDU00013505,367,false,
159683,AUSMDU00013506,367,false,
159684,AUSMDU00013507,378,false,
159685,AUSMDU00013508,1122,false,
159686,AUSMDU00013509,367,false,
159687,AUSMDU00013510,378,false,
159688,AUSMDU00013511,367,false,
159689,AUSMDU00013512,3353,false,
159690,AUSMDU00013513,367,false,
159691,AUSMDU00013514,18,false,
159692,AUSMDU00013411,1006,false,
159693,AUSMDU00013412,18,false,
159694,AUSMDU00013413,367,false,
159695,AUSMDU00013414,1006,false,
159696,AUSMDU00013415,1122,false,
159697,AUSMDU00013416,3353,false,
159698,AUSMDU00013515,378,false,
159699,AUSMDU00013516,367,false,
159700,AUSMDU00013517,16,false,
159701,AUSMDU00013518,367,false,
159702,AUSMDU00013519,367,false,
159703,AUSMDU00013520,367,false,
159704,AUSMDU00013521,1006,false,
159705,AUSMDU00013607,3353,false,
159706,AUSMDU00013608,367,false,
159707,AUSMDU00013609,2399,false,
159708,AUSMDU00013610,367,false,
159709,AUSMDU00013611,367,false,
159710,AUSMDU00013612,367,false,
159711,AUSMDU00013613,18,false,
159712,AUSMDU00013614,367,false,
159713,AUSMDU00013615,367,false,
159714,AUSMDU00013616,367,false,
159715,AUSMDU00013617,378,false,
159716,AUSMDU00013618,367,false,
159717,AUSMDU00013619,367,false,
159718,AUSMDU00013620,1006,false,
159719,AUSMDU00013621,1122,false,
159720,AUSMDU00013622,16,false,
159721,AUSMDU00013623,16,false,
159722,AUSMDU00013624,1006,false,
159723,AUSMDU00013625,18,false,
159724,AUSMDU00013626,367,false,
159725,AUSMDU00013627,367,false,
159726,AUSMDU00013628,1006,false,
159727,AUSMDU00013629,3353,false,
159728,AUSMDU00013630,378,false,
159729,AUSMDU00013631,378,false,
159730,AUSMDU00013632,16,false,
159731,AUSMDU00013633,367,false,
159732,AUSMDU00013634,18,false,
159733,AUSMDU00013635,3353,false,
159734,AUSMDU00013636,1006,false,
159735,AUSMDU00013637,3353,false,
159736,AUSMDU00013638,18,false,
159737,AUSMDU00013639,18,false,
159738,AUSMDU00013747,3355,false,
159739,AUSMDU00013748,3353,false,
159740,AUSMDU00013749,367,false,
159741,AUSMDU00013750,367,false,
159742,AUSMDU00013751,1006,false,
159743,AUSMDU00013752,1006,false,
159744,AUSMDU00013753,378,false,
159745,AUSMDU00013754,1006,false,
159746,AUSMDU00013755,1006,false,
159747,AUSMDU00013756,367,false,
159748,AUSMDU00013757,18,false,
159749,AUSMDU00013758,367,false,
159750,AUSMDU00013759,16,false,
159751,AUSMDU00013760,1006,false,
159752,AUSMDU00013761,367,false,
159753,AUSMDU00013762,367,false,
159754,AUSMDU00013763,367,false,
159755,AUSMDU00013764,3353,false,
159756,AUSMDU00013765,367,false,
159757,AUSMDU00013766,1006,false,
159758,AUSMDU00013767,3353,false,
159759,AUSMDU00013768,1006,false,
159760,AUSMDU00013769,1006,false,
159761,AUSMDU00013770,3353,false,
159762,AUSMDU00013771,367,false,
159763,AUSMDU00013772,1006,false,
159764,AUSMDU00013773,367,false,
159765,AUSMDU00013774,16,false,
159766,AUSMDU00013775,1122,false,
159767,AUSMDU00013776,1006,false,
159768,AUSMDU00013875,167,false,
159769,AUSMDU00013876,16,false,
159770,AUSMDU00013877,1006,false,
159771,AUSMDU00013878,367,false,
159772,AUSMDU00013879,367,false,
159773,AUSMDU00013880,18,false,
159774,AUSMDU00013881,1006,false,
159775,AUSMDU00013882,1006,false,
159776,AUSMDU00013883,1006,false,
159777,AUSMDU00013884,3353,false,
159778,AUSMDU00013885,367,false,
159779,AUSMDU00013886,18,false,
159780,AUSMDU00013887,3353,false,
159781,AUSMDU00013888,18,false,
159782,AUSMDU00013889,1006,false,
159783,AUSMDU00013890,18,false,
159784,AUSMDU00013891,367,false,
159785,AUSMDU00013892,1006,false,
159786,AUSMDU00013893,1122,false,
159787,AUSMDU00013894,1006,false,
159788,AUSMDU00013895,367,false,
159789,AUSMDU00013896,3353,false,
159790,AUSMDU00013897,367,false,
159791,AUSMDU00013898,16,false,
159792,AUSMDU00013899,1006,false,
159793,AUSMDU00013900,367,false,
159794,AUSMDU00013901,367,false,
159795,AUSMDU00013902,16,false,
159796,AUSMDU00013903,16,false,
159797,AUSMDU00013904,1006,false,
159798,AUSMDU00013905,378,false,
159799,AUSMDU00013906,18,false,
159800,AUSMDU00013907,1006,false,
159801,AUSMDU00013908,3353,false,
159802,AUSMDU00013909,367,false,
159803,AUSMDU00013777,367,false,
159804,AUSMDU00013910,1122,false,
159805,AUSMDU00013911,18,false,
159806,AUSMDU00013912,367,false,
159807,AUSMDU00013913,367,false,
159808,AUSMDU00013914,367,false,
159809,AUSMDU00013915,367,false,
159810,AUSMDU00013916,18,false,
159811,AUSMDU00013917,850,false,
159812,AUSMDU00013918,367,false,
159813,AUSMDU00013919,378,false,
159814,AUSMDU00013920,3353,false,
159815,AUSMDU00013921,18,false,
159816,AUSMDU00013922,367,false,
159817,AUSMDU00013923,16,false,
159818,AUSMDU00013924,1122,false,
159819,AUSMDU00013845,18,false,
159820,AUSMDU00013846,1006,false,
159821,AUSMDU00013847,1122,false,
159822,AUSMDU00013848,3353,false,
159823,AUSMDU00013849,1006,false,
159824,AUSMDU00013850,367,false,
159825,AUSMDU00013851,367,false,
159826,AUSMDU00013852,3353,false,
159827,AUSMDU00013853,18,false,
159828,AUSMDU00013854,378,false,
159829,AUSMDU00013855,1122,false,
159830,AUSMDU00013856,16,false,
159831,AUSMDU00013857,378,false,
159832,AUSMDU00013858,367,false,
159833,AUSMDU00013859,367,false,
159834,AUSMDU00013925,367,false,
159835,AUSMDU00013926,16,false,
159836,AUSMDU00013927,1006,false,
159837,AUSMDU00013860,3353,false,
159838,AUSMDU00013861,1006,false,
159839,AUSMDU00013862,16,false,
159840,AUSMDU00013863,3448,false,
159841,AUSMDU00013864,367,false,
159842,AUSMDU00013865,16,false,
159843,AUSMDU00013866,3353,false,
159844,AUSMDU00013867,1006,false,
159845,AUSMDU00013868,18,false,
159846,AUSMDU00013869,367,false,
159847,AUSMDU00013870,1122,false,
159848,AUSMDU00013871,367,false,
159849,AUSMDU00013872,16,false,
159850,AUSMDU00013873,367,false,
159851,AUSMDU00013874,367,false,
159852,AUSMDU00014017,18,false,
159853,AUSMDU00014002,16,false,
159854,AUSMDU00013988,367,false,
159855,AUSMDU00013945,18,false,
159856,AUSMDU00013960,367,false,
159857,AUSMDU00014412,378,false,
159858,AUSMDU00014413,3353,false,
159859,AUSMDU00014414,1006,false,
159860,AUSMDU00014415,16,false,
159861,AUSMDU00015491,367,false,
159862,AUSMDU00015492,1006,false,
159863,AUSMDU00015493,1006,false,
159864,AUSMDU00015494,18,false,
159865,AUSMDU00015495,18,false,
159866,AUSMDU00015496,367,false,
159867,AUSMDU00015497,367,false,
159868,AUSMDU00015498,3353,false,
159869,AUSMDU00015499,1122,false,
159870,AUSMDU00015500,1122,false,
159871,AUSMDU00015501,1122,false,
159872,AUSMDU00015502,3353,false,
159873,AUSMDU00015503,18,false,
159874,AUSMDU00015504,18,false,
159875,AUSMDU00015505,367,false,
159876,AUSMDU00015506,5720,false,
159877,AUSMDU00015507,367,false,
159878,AUSMDU00015508,3353,false,
159879,AUSMDU00015509,367,false,
159880,AUSMDU00015510,18,false,
159881,AUSMDU00015511,367,false,
159882,AUSMDU00015512,367,false,
159883,AUSMDU00014416,367,false,
159884,AUSMDU00014417,1006,false,
159885,AUSMDU00014418,16,false,
159886,AUSMDU00014419,1006,false,
159887,AUSMDU00014420,3353,false,
159888,AUSMDU00014421,367,false,
159889,AUSMDU00014422,1122,false,
159890,AUSMDU00014423,3353,false,
159891,AUSMDU00014424,18,false,
159892,AUSMDU00014425,1122,false,
159893,AUSMDU00014426,22,false,
159894,AUSMDU00014427,367,false,
159902,1070-2024,500,false,
159903,1017-2024,257,false,
159904,69934,,false,
159905,69936,,false,
159906,69954,,false,
159907,69992,,false,
159908,69999,,false,
159909,70005,,false,
159910,70008,,false,
159911,70021,,false,
159916,GCWGS-8013,367,false,
159917,GCWGS-5546,654,false,
159918,GCWGS-6079,1006,false,
159919,GCWGS-7783,3353,false,
159920,GCWGS-5543,367,false,
159921,GCWGS-6002,1006,false,
159922,GCWGS-5999,18,false,
159923,GCWGS-5997,3353,false,
159924,GCWGS-7555,18,false,
159925,GCWGS-8365,5059,false,
159926,GCWGS-8364,1006,false,
159927,GCWGS-8361,1006,false,
159928,GCWGS-6316,1006,false,
159929,GCWGS-6231,3353,false,
159930,GCWGS-8117,1006,false,
159931,GCWGS-7122,3353,false,
159932,GCWGS-7088,367,false,
159933,GCWGS-7087,16,false,
159934,GCWGS-5671,18,false,
159935,GCWGS-6925,1006,false,
159936,GCWGS-5670,678,false,
159937,GCWGS-6894,22,false,
159938,GCWGS-6893,367,false,
159939,GCWGS-6855,18,false,
159940,GCWGS-6851,1006,false,
159941,GCWGS-6833,367,false,
159942,GCWGS-6832,18,false,
159943,GCWGS-6830,367,false,
159944,GCWGS-6688,451,false,
159945,GCWGS-10196,3353,false,
159946,GCWGS-10167,367,false,
159947,GCWGS-9799,367,false,
159948,GCWGS-10807,654,false,
159949,GCWGS-10095,654,false,
159950,GCWGS-10085,367,false,
159951,GCWGS-9766,18,false,
159952,GCWGS-10069,367,false,
159953,GCWGS-10642,654,false,
159954,GCWGS-10636,367,false,
159955,GCWGS-10635,3353,false,
159956,GCWGS-9964,669,false,
159957,GCWGS-9325,636,false,
159958,GCWGS-9424,18,false,
159959,GCWGS-9415,3353,false,
159960,GCWGS-9035,3353,false,
159961,GCWGS-8981,367,false,
159962,GCWGS-10408,16,false,
159963,GCWGS-8963,367,false,
159964,GCWGS-8960,18,false,
159965,GCWGS-9186,3353,false,
159966,AUSMDU00011095,18,false,
159967,70029,,false,
159968,70031,,false,
159969,70032,,false,
159970,70036,,false,
159971,70046,,false,
159972,70060,,false,
159973,70084,,false,
159974,70094,,false,
159975,70098,,false,
159976,NIID927,5727,false,
159977,181M,62,false,
159978,122Mo,4108,false,
159979,0073/24,,false,
159980,0075/24,,false,
159981,SMG-24-2474,65,false,
159982,24GB004085,367,false,
159987,23NG002,,false,
159988,23NG003,,false,
159989,23NG007,,false,
159990,23NG010,,false,
159991,23NG023,,false,
159992,23NG044,,false,
159993,23NG047,,false,
159994,23NG048,,false,
159995,23NG095,,false,
159996,23NG115,,false,
159997,23NG135,,false,
159998,23NG138,,false,
159999,23NG171,,false,
160000,23NG174,,false,
160001,23NG178,,false,
160002,23NG181,,false,
160003,23NG183,,false,
160004,23NG184,,false,
160005,23NG188,,false,
160006,23NG199,,false,
160007,23NG200,,false,
160008,23NG207,,false,
160009,23NG222,,false,
160010,23NG223,,false,
160011,23NG228,,false,
160024,GCWGS-6130,3353,false,
160025,GCWGS-8005,3353,false,
160026,GCWGS-6100,4003,false,
160027,GCWGS-6098,367,false,
160028,GCWGS-6003,824,false,
160029,GCWGS-6001,367,false,
160030,GCWGS-7752,367,false,
160031,GCWGS-7749,16,false,
160032,GCWGS-7706,18,false,
160033,GCWGS-7575,367,false,
160034,GCWGS-7574,654,false,
160035,GCWGS-7571,378,false,
160036,GCWGS-7556,367,false,
160037,GCWGS-7553,367,false,
160038,GCWGS-7551,367,false,
160039,GCWGS-7467,654,false,
160040,GCWGS-7381,654,false,
160041,GCWGS-7379,1006,false,
160042,GCWGS-7377,844,false,
160043,GCWGS-6487,18,false,
160044,GCWGS-6485,18,false,
160045,GCWGS-6484,1006,false,
160046,GCWGS-6482,1006,false,
160047,GCWGS-6466,1006,false,
160048,GCWGS-5361,16,false,
160049,GCWGS-6462,451,false,
160050,GCWGS-8393,3353,false,
160051,GCWGS-8346,367,false,
160052,GCWGS-8345,367,false,
160053,GCWGS-6315,367,false,
160054,GCWGS-8337,16,false,
160055,GCWGS-8318,654,false,
160056,GCWGS-6313,367,false,
160057,GCWGS-6253,367,false,
160058,GCWGS-6252,367,false,
160059,GCWGS-6251,167,false,
160060,GCWGS-8151,3353,false,
160061,GCWGS-8119,654,false,
160062,GCWGS-8118,18,false,
160063,GCWGS-7355,367,false,
160064,GCWGS-7351,451,false,
160065,GCWGS-7132,22,false,
160066,GCWGS-7130,22,false,
160067,GCWGS-7091,367,false,
160068,GCWGS-7027,3353,false,
160069,GCWGS-5363,16,false,
160070,GCWGS-6895,16,false,
160071,GCWGS-6892,16,false,
160072,GCWGS-6891,16,false,
160073,GCWGS-6834,16,false,
160074,GCWGS-5362,367,false,
160075,GCWGS-6645,22,false,
160076,GCWGS-6590,451,false,
160077,GCWGS-6587,367,false,
160078,GCWGS-10199,367,false,
160079,GCWGS-10197,367,false,
160080,GCWGS-10178,3353,false,
160081,GCWGS-9790,367,false,
160082,GCWGS-10809,16,false,
160083,GCWGS-10803,654,false,
160084,GCWGS-10802,18,false,
160085,GCWGS-10096,16,false,
160086,GCWGS-10094,1006,false,
160087,GCWGS-10087,16,false,
160088,GCWGS-10083,367,false,
160089,GCWGS-9740,367,false,
160090,GCWGS-10780,451,false,
160091,GCWGS-10779,1006,false,
160092,GCWGS-10777,16,false,
160093,GCWGS-10776,367,false,
160094,GCWGS-8914,3353,false,
160095,GCWGS-10076,16,false,
160096,GCWGS-10075,669,false,
160097,GCWGS-10638,16,false,
160098,GCWGS-8911,1006,false,
160099,GCWGS-9190,16,false,
160100,GCWGS-9187,367,false,
160101,GCWGS-10020,3353,false,
160102,GCWGS-10008,3966,false,
160103,GCWGS-9973,3771,false,
160104,GCWGS-9972,367,false,
160105,GCWGS-9958,669,false,
160106,GCWGS-9842,367,false,
160107,GCWGS-9800,654,false,
160108,GCWGS-9454,3353,false,
160109,GCWGS-9442,3353,false,
160110,GCWGS-9239,3966,false,
160111,GCWGS-9224,3353,false,
160112,GCWGS-9428,654,false,
160113,GCWGS-9407,373,false,
160114,GCWGS-10409,367,false,
160115,GCWGS-10406,16,false,
160116,GCWGS-10405,3966,false,
160117,GCWGS-10349,654,false,
160118,GCWGS-10348,3359,false,
160119,GCWGS-10347,22,false,
160120,GCWGS-10342,367,false,
160121,GCWGS-10339,1122,false,
160122,GCWGS-9122,367,false,
160123,GCWGS-9120,5730,false,
160124,GCWGS-8437,16,false,
160125,GCWGS-9099,,false,
160126,GCWGS-9098,367,false,
160127,GCWGS-9097,367,false,
160128,GCWGS-9952,3353,false,
160129,GCWGS-9402,3353,false,
160130,GCWGS-9401,367,false,
160131,GCWGS-9400,5731,false,
160132,GCWGS-9393,23,false,
160133,GCWGS-9382,654,false,
160134,GCWGS-9182,1006,false,
160135,GCWGS-9096,367,false,
160136,GCWGS-8404,3353,false,
160137,GCWGS-9071,3353,false,
160138,GCWGS-9070,654,false,
160139,GCWGS-10461,18,false,
160140,GCWGS-10458,654,false,
160141,GCWGS-10457,18,false,
160142,GCWGS-9915,367,false,
160143,GCWGS-9913,16,false,
160144,GCWGS-9900,367,false,
160145,GCWGS-9356,16,false,
160146,GCWGS-9353,1006,false,
160147,GCWGS-9637,3359,false,
160148,GCWGS-9585,654,false,
160149,GCWGS-9584,23,false,
160150,GCWGS-9145,5732,false,
160151,GCWGS-9144,367,false,
160152,GCWGS-9141,367,false,
160153,GCWGS-9063,373,false,
160154,GCWGS-9041,3353,false,
160155,GCWGS-9040,1006,false,
160156,GCWGS-10995,16,false,
160157,GCWGS-10990,367,false,
160158,GCWGS-10861,3479,false,
160159,GCWGS-10846,3966,false,
160160,GCWGS-6684,367,false,
160161,GCWGS-6312,22,false,
160162,GCWGS-6240,16,false,
160163,GCWGS-9843,22,false,
160164,GCWGS-9827,16,false,
160165,GCWGS-5545,,false,
160166,GCWGS-9235,16,false,
160167,GCWGS-9232,3353,false,
160168,GCWGS-8014,18,false,
160169,GCWGS-7753,654,false,
160170,GCWGS-11706,654,false,
160171,GCWGS-11627,367,false,
160172,GCWGS-11626,,false,
160173,GCWGS-11599,1006,false,
160174,GCWGS-11309,654,false,
160175,GCWGS-10236,367,false,
160176,GCWGS-11283,367,false,
160177,GCWGS-10234,1006,false,
160178,GCWGS-11220,3353,false,
160179,GCWGS-11207,3353,false,
160180,GCWGS-11153,367,false,
160181,GCWGS-11146,367,false,
160182,GCWGS-11071,824,false,
160183,GCWGS-11052,3966,false,
160184,GCWGS-11031,3353,false,
160185,GCWGS-11030,3353,false,
160186,GCWGS-10922,367,false,
160187,GCWGS-10918,16,false,
160188,GCWGS-10198,367,false,
160189,GCWGS-10885,3353,false,
160190,GCWGS-10858,1006,false,
160191,GCWGS-10856,367,false,
160192,GCWGS-10682,654,false,
160193,GCWGS-10680,367,false,
160194,GCWGS-10599,18,false,
160195,GCWGS-10597,654,false,
160196,GCWGS-10596,654,false,
160197,GCWGS-10592,16,false,
160198,GCWGS-10591,3966,false,
160199,GCWGS-12730,3353,false,
160200,GCWGS-12579,367,false,
160201,GCWGS-12574,18,false,
160202,GCWGS-12552,3353,false,
160203,GCWGS-12076,3966,false,
160204,GCWGS-11986,367,false,
160205,GCWGS-11984,367,false,
160206,GCWGS-11979,3966,false,
160207,GCWGS-11958,367,false,
160208,GCWGS-11957,654,false,
160209,GCWGS-11913,367,false,
160210,GCWGS-10545,22,false,
160211,GCWGS-11733,373,false,
160212,GCWGS-11728,1006,false,
160213,GCWGS-11725,367,false,
160214,GCWGS-11720,669,false,
160215,GCWGS-11714,367,false,
160216,GCWGS-11713,367,false,
160217,GCWGS-6548,18,false,
160218,GCWGS-5397,669,false,
160219,GCWGS-6594,3353,false,
160220,GCWGS-6588,367,false,
160221,GCWGS-6568,3448,false,
160222,GCWGS-6567,3353,false,
160223,GCWGS-6553,1006,false,
160224,GCWGS-6428,16,false,
160225,GCWGS-6546,1006,false,
160226,GCWGS-6545,666,false,
160227,GCWGS-6542,18,false,
160228,GCWGS-6423,1006,false,
160229,GCWGS-8905,3966,false,
160230,GCWGS-8904,654,false,
160231,GCWGS-8902,367,false,
160232,GCWGS-8897,367,false,
160233,GCWGS-8896,3353,false,
160234,GCWGS-8895,367,false,
160235,GCWGS-8894,367,false,
160236,GCWGS-8893,367,false,
160237,GCWGS-8892,3966,false,
160238,GCWGS-8746,367,false,
160239,GCWGS-8745,18,false,
160240,GCWGS-8830,367,false,
160241,GCWGS-8827,367,false,
160242,GCWGS-8809,1006,false,
160243,GCWGS-8808,654,false,
160244,GCWGS-5375,367,false,
160245,GCWGS-7681,2815,false,
160246,GCWGS-5648,367,false,
160247,GCWGS-7997,18,false,
160248,GCWGS-7996,367,false,
160249,GCWGS-7995,654,false,
160250,GCWGS-6800,18,false,
160251,GCWGS-6799,367,false,
160252,GCWGS-6798,451,false,
160253,GCWGS-6796,367,false,
160254,GCWGS-6795,3887,false,
160255,GCWGS-6794,21,false,
160256,GCWGS-5544,367,false,
160257,GCWGS-6791,451,false,
160258,GCWGS-6790,5733,false,
160259,GCWGS-6745,367,false,
160260,GCWGS-6744,3353,false,
160261,GCWGS-6785,1006,false,
160262,GCWGS-9980,654,false,
160263,GCWGS-9834,3966,false,
160264,GCWGS-9832,654,false,
160265,GCWGS-9891,3353,false,
160266,GCWGS-6031,18,false,
160267,GCWGS-9883,654,false,
160268,GCWGS-9856,367,false,
160269,GCWGS-6030,367,false,
160270,GCWGS-9855,1006,false,
160271,GCWGS-9852,654,false,
160272,GCWGS-9747,654,false,
160273,GCWGS-9746,18,false,
160274,GCWGS-9745,3479,false,
160275,GCWGS-9830,18,false,
160276,GCWGS-9762,3891,false,
160277,GCWGS-5377,18,false,
160278,GCWGS-6139,843,false,
160279,GCWGS-6138,1591,false,
160280,GCWGS-6137,367,false,
160281,GCWGS-6136,18,false,
160282,GCWGS-6134,1006,false,
160283,GCWGS-6133,1006,false,
160284,GCWGS-6132,2765,false,
160285,GCWGS-7519,1006,false,
160286,GCWGS-7642,1006,false,
160287,GCWGS-7550,367,false,
160288,GCWGS-7548,367,false,
160289,GCWGS-7547,666,false,
160290,GCWGS-7534,16,false,
160291,GCWGS-7531,367,false,
160292,GCWGS-7530,654,false,
160293,GCWGS-7523,451,false,
160294,GCWGS-7522,367,false,
160295,GCWGS-7521,451,false,
160296,GCWGS-7520,367,false,
160297,GCWGS-7518,3353,false,
160298,GCWGS-8384,367,false,
160299,GCWGS-8383,367,false,
160300,GCWGS-8382,367,false,
160301,GCWGS-8379,654,false,
160302,GCWGS-8378,3353,false,
160303,GCWGS-5663,18,false,
160304,GCWGS-8367,367,false,
160305,GCWGS-8289,367,false,
160306,GCWGS-8287,367,false,
160307,GCWGS-8240,16,false,
160308,GCWGS-8239,367,false,
160309,GCWGS-8261,16,false,
160310,GCWGS-8260,18,false,
160311,GCWGS-8255,451,false,
160312,GCWGS-8254,18,false,
160313,GCWGS-8252,18,false,
160314,GCWGS-8251,16,false,
160315,GCWGS-8250,18,false,
160316,GCWGS-8248,367,false,
160317,GCWGS-6024,16,false,
160318,GCWGS-9628,367,false,
160319,GCWGS-9679,18,false,
160320,GCWGS-9678,18,false,
160321,GCWGS-9677,1006,false,
160322,GCWGS-6023,1006,false,
160323,GCWGS-5379,18,false,
160324,GCWGS-7304,3966,false,
160325,GCWGS-7319,367,false,
160326,GCWGS-7316,1006,false,
160327,GCWGS-7315,16,false,
160328,GCWGS-7314,18,false,
160329,GCWGS-7313,3353,false,
160330,GCWGS-7312,16,false,
160331,GCWGS-7311,18,false,
160332,GCWGS-7310,16,false,
160333,GCWGS-7309,451,false,
160334,GCWGS-7307,367,false,
160335,GCWGS-7302,18,false,
160336,GCWGS-6975,367,false,
160337,GCWGS-6954,367,false,
160338,GCWGS-7085,3887,false,
160339,GCWGS-8783,367,false,
160340,GCWGS-8747,654,false,
160341,GCWGS-8432,3887,false,
160342,GCWGS-7680,2815,false,
160343,GCWGS-7678,1560,false,
160344,GCWGS-7675,367,false,
160345,GCWGS-7644,824,false,
160346,GCWGS-7662,4315,false,
160347,GCWGS-7659,367,false,
160348,GCWGS-7658,18,false,
160349,GCWGS-7657,367,false,
160350,GCWGS-7656,654,false,
160351,GCWGS-6289,367,false,
160352,GCWGS-6402,367,false,
160353,GCWGS-6400,367,false,
160354,GCWGS-6399,16,false,
160355,GCWGS-6398,18,false,
160356,GCWGS-6397,3353,false,
160357,GCWGS-6396,3966,false,
160358,GCWGS-6353,367,false,
160359,GCWGS-6346,367,false,
160360,GCWGS-6345,367,false,
160361,GCWGS-6344,367,false,
160362,GCWGS-6343,18,false,
160363,GCWGS-6288,167,false,
160364,GCWGS-6148,367,false,
160365,GCWGS-6286,367,false,
160366,GCWGS-6164,367,false,
160367,GCWGS-9758,16,false,
160368,GCWGS-9757,654,false,
160369,GCWGS-9756,16,false,
160370,GCWGS-9755,367,false,
160371,GCWGS-9753,367,false,
160372,GCWGS-9751,654,false,
160373,GCWGS-6028,4386,false,
160374,GCWGS-9750,367,false,
160375,GCWGS-9263,654,false,
160376,GCWGS-8956,367,false,
160377,GCWGS-8951,3353,false,
160378,GCWGS-8950,3898,false,
160379,GCWGS-8946,654,false,
160380,GCWGS-8945,1591,false,
160381,GCWGS-8944,367,false,
160382,GCWGS-8943,843,false,
160383,GCWGS-8942,1591,false,
160384,GCWGS-8891,367,false,
160385,GCWGS-8890,1006,false,
160386,GCWGS-8937,367,false,
160387,GCWGS-8936,367,false,
160388,GCWGS-8935,1006,false,
160389,GCWGS-8185,1006,false,
160390,GCWGS-8184,666,false,
160391,GCWGS-8183,3353,false,
160392,GCWGS-8182,1006,false,
160393,GCWGS-8180,1006,false,
160394,GCWGS-8177,367,false,
160395,GCWGS-7503,3391,false,
160396,GCWGS-7502,367,false,
160397,GCWGS-7454,3353,false,
160398,GCWGS-7444,1591,false,
160399,GCWGS-7443,373,false,
160400,GCWGS-7441,18,false,
160401,GCWGS-7440,18,false,
160402,GCWGS-9560,1006,false,
160403,GCWGS-9559,373,false,
160404,GCWGS-9283,367,false,
160405,GCWGS-9531,1006,false,
160406,GCWGS-6018,3966,false,
160407,GCWGS-5376,18,false,
160408,GCWGS-9511,5074,false,
160409,GCWGS-9298,654,false,
160410,GCWGS-9296,367,false,
160411,GCWGS-9294,16,false,
160412,GCWGS-9286,451,false,
160413,GCWGS-9266,367,false,
160414,GCWGS-9281,16,false,
160415,GCWGS-9278,1591,false,
160416,GCWGS-9277,16,false,
160417,GCWGS-6046,367,false,
160418,GCWGS-6045,633,false,
160419,GCWGS-6044,1006,false,
160420,GCWGS-9978,654,false,
160421,GCWGS-9899,654,false,
160422,GCWGS-6042,367,false,
160423,GCWGS-5378,367,false,
160424,GCWGS-7329,367,false,
160425,GCWGS-7328,18,false,
160426,GCWGS-7323,367,false,
160427,GCWGS-7322,367,false,
160428,GCWGS-7305,18,false,
160429,GCWGS-9674,18,false,
160430,GCWGS-9672,1006,false,
160431,GCWGS-9671,18,false,
160432,GCWGS-9669,18,false,
160433,GCWGS-9667,18,false,
160434,GCWGS-9666,18,false,
160435,GCWGS-9556,1006,false,
160436,GCWGS-9555,367,false,
160437,GCWGS-9626,16,false,
160438,GCWGS-9593,22,false,
160439,GCWGS-6020,1006,false,
160440,GCWGS-8244,633,false,
160441,GCWGS-8241,16,false,
160442,GCWGS-8238,3966,false,
160443,GCWGS-8237,16,false,
160444,GCWGS-8235,367,false,
160445,GCWGS-8233,666,false,
160446,GCWGS-8230,1006,false,
160447,GCWGS-8228,16,false,
160448,GCWGS-8221,18,false,
160449,GCWGS-8220,3353,false,
160450,GCWGS-6816,367,false,
160451,GCWGS-6815,367,false,
160452,GCWGS-6171,367,false,
160453,GCWGS-5382,18,false,
160454,GCWGS-6262,3353,false,
160455,GCWGS-6144,367,false,
160456,GCWGS-6145,3966,false,
160457,GCWGS-6142,367,false,
160458,GCWGS-7989,371,false,
160459,GCWGS-7822,371,false,
160460,GCWGS-7987,367,false,
160461,GCWGS-7985,654,false,
160462,GCWGS-7976,371,false,
160463,GCWGS-5651,1006,false,
160464,GCWGS-7829,2813,false,
160465,GCWGS-7828,3905,false,
160466,GCWGS-7827,367,false,
160467,GCWGS-7826,451,false,
160468,GCWGS-7824,371,false,
160469,GCWGS-6814,18,false,
160470,GCWGS-6811,3887,false,
160471,GCWGS-6788,3448,false,
160472,GCWGS-6802,654,false,
160473,GCWGS-5572,16,false,
160474,GCWGS-6782,1006,false,
160475,GCWGS-6781,18,false,
160476,GCWGS-6541,18,false,
160477,GCWGS-6540,367,false,
160478,GCWGS-6539,1006,false,
160479,GCWGS-6414,4315,false,
160480,GCWGS-6537,18,false,
160481,GCWGS-6536,654,false,
160482,GCWGS-6432,18,false,
160483,GCWGS-6429,367,false,
160484,GCWGS-6405,18,false,
160485,GCWGS-5386,4005,false,
160486,GCWGS-6425,18,false,
160487,GCWGS-6420,3966,false,
160488,GCWGS-6419,1006,false,
160489,GCWGS-6415,654,false,
160490,GCWGS-5388,1006,false,
160491,GCWGS-6413,367,false,
160492,GCWGS-6412,844,false,
160493,GCWGS-6410,18,false,
160494,GCWGS-6409,1006,false,
160495,GCWGS-7652,16,false,
160496,GCWGS-7651,3966,false,
160497,GCWGS-6756,18,false,
160498,GCWGS-6755,367,false,
160499,GCWGS-6753,18,false,
160500,GCWGS-6752,18,false,
160501,GCWGS-6747,18,false,
160502,GCWGS-6623,16,false,
160503,GCWGS-6620,654,false,
160504,GCWGS-6731,3353,false,
160505,GCWGS-6728,367,false,
160506,GCWGS-6722,16,false,
160507,GCWGS-6644,451,false,
160508,GCWGS-6642,657,false,
160509,GCWGS-9700,367,false,
160510,GCWGS-6025,451,false,
160511,GCWGS-8744,654,false,
160512,GCWGS-8743,654,false,
160513,GCWGS-8741,3353,false,
160514,GCWGS-8740,371,false,
160515,GCWGS-8739,367,false,
160516,GCWGS-8738,16,false,
160517,GCWGS-5665,18,false,
160518,GCWGS-8720,3353,false,
160519,GCWGS-8436,3353,false,
160520,GCWGS-8264,18,false,
160521,GCWGS-8263,844,false,
160522,GCWGS-5662,1006,false,
160523,GCWGS-8262,451,false,
160524,GCWGS-7665,,false,
160525,GCWGS-7663,367,false,
160526,GCWGS-7818,1603,false,
160527,GCWGS-7817,18,false,
160528,GCWGS-7704,1006,false,
160529,GCWGS-9749,22,false,
160530,GCWGS-9748,654,false,
160531,GCWGS-9705,367,false,
160532,GCWGS-9744,367,false,
160533,GCWGS-9742,654,false,
160534,GCWGS-6027,3847,false,
160535,GCWGS-9721,16,false,
160536,GCWGS-9715,451,false,
160537,GCWGS-9711,16,false,
160538,GCWGS-6026,18,false,
160539,GCWGS-9759,16,false,
160540,GCWGS-9276,3353,false,
160541,GCWGS-9271,16,false,
160542,GCWGS-9270,1006,false,
160543,GCWGS-8174,1006,false,
160544,GCWGS-8172,18,false,
160545,GCWGS-8170,367,false,
160546,GCWGS-8169,367,false,
160547,GCWGS-8168,1006,false,
160548,GCWGS-5652,666,false,
160549,GCWGS-8166,654,false,
160550,GCWGS-8165,367,false,
160551,GCWGS-8164,1006,false,
160552,GCWGS-8162,1006,false,
160553,GCWGS-8160,654,false,
160554,GCWGS-8157,5734,false,
160555,GCWGS-8154,3966,false,
160556,GCWGS-5653,3353,false,
160557,GCWGS-8153,3966,false,
160558,GCWGS-7500,654,false,
160559,GCWGS-7516,654,false,
160560,GCWGS-7515,18,false,
160561,GCWGS-7451,3886,false,
160562,GCWGS-5582,367,false,
160563,GCWGS-7514,18,false,
160564,GCWGS-7513,451,false,
160565,GCWGS-7511,367,false,
160566,GCWGS-7507,5733,false,
160567,GCWGS-7505,18,false,
160568,GCWGS-5583,18,false,
160569,GCWGS-6033,636,false,
160570,GCWGS-9999,18,false,
160571,GCWGS-6032,18,false,
160572,GCWGS-9998,18,false,
160573,GCWGS-9997,18,false,
160574,GCWGS-9985,367,false,
160575,GCWGS-7437,3353,false,
160576,GCWGS-7436,367,false,
160577,GCWGS-5581,18,false,
160578,GCWGS-7435,3353,false,
160579,GCWGS-7321,367,false,
160580,GCWGS-7082,18,false,
160581,GCWGS-5579,18,false,
160582,GCWGS-7343,844,false,
160583,GCWGS-7335,16,false,
160584,GCWGS-7158,5734,false,
160585,GCWGS-7332,367,false,
160586,GCWGS-7156,844,false,
160587,GCWGS-8167,367,false,
160588,GCWGS-8188,367,false,
160589,GCWGS-8186,1006,false,
160590,GCWGS-6942,451,false,
160591,GCWGS-6941,18,false,
160592,GCWGS-7080,3887,false,
160593,GCWGS-5576,18,false,
160594,GCWGS-6976,1006,false,
160595,GCWGS-6955,367,false,
160596,GCWGS-6944,367,false,
160597,GCWGS-6804,451,false,
160598,GCWGS-6940,3353,false,
160599,GCWGS-6939,367,false,
160600,GCWGS-6916,367,false,
160601,GCWGS-6915,3885,false,
160602,GCWGS-6914,373,false,
160603,GCWGS-6818,3353,false,
160604,GCWGS-5573,1006,false,
160605,GCWGS-10324,367,false,
160606,GCWGS-10065,18,false,
160607,GCWGS-10322,654,false,
160608,GCWGS-10321,654,false,
160609,GCWGS-10320,654,false,
160610,GCWGS-10319,367,false,
160611,GCWGS-10307,654,false,
160612,GCWGS-10301,654,false,
160613,GCWGS-10300,367,false,
160614,GCWGS-10290,1591,false,
160615,GCWGS-10289,656,false,
160616,GCWGS-10017,1006,false,
160617,GCWGS-12608,367,false,
160618,GCWGS-12596,3353,false,
160619,GCWGS-12541,654,false,
160620,GCWGS-12539,654,false,
160621,GCWGS-12538,373,false,
160622,GCWGS-12068,367,false,
160623,GCWGS-12064,654,false,
160624,GCWGS-12062,3353,false,
160625,GCWGS-12053,654,false,
160626,GCWGS-10194,3885,false,
160627,GCWGS-12049,654,false,
160628,GCWGS-12048,367,false,
160629,GCWGS-12042,367,false,
160630,GCWGS-12040,367,false,
160631,GCWGS-12037,654,false,
160632,GCWGS-10193,3966,false,
160633,GCWGS-10246,367,false,
160634,GCWGS-10243,367,false,
160635,GCWGS-10239,654,false,
160636,GCWGS-10238,367,false,
160637,GCWGS-10231,18,false,
160638,GCWGS-10230,1006,false,
160639,GCWGS-10229,1006,false,
160640,GCWGS-10225,5366,false,
160641,GCWGS-10224,367,false,
160642,GCWGS-14276,666,false,
160643,GCWGS-14263,16,false,
160644,GCWGS-14261,367,false,
160645,GCWGS-14259,666,false,
160646,GCWGS-14257,3353,false,
160647,GCWGS-10223,367,false,
160648,GCWGS-14256,18,false,
160649,GCWGS-14255,367,false,
160650,GCWGS-11513,18,false,
160651,GCWGS-11512,367,false,
160652,GCWGS-11509,1006,false,
160653,GCWGS-11410,367,false,
160654,GCWGS-11408,367,false,
160655,GCWGS-11387,367,false,
160656,GCWGS-11386,1122,false,
160657,GCWGS-11383,373,false,
160658,GCWGS-11377,367,false,
160659,GCWGS-11247,18,false,
160660,GCWGS-11241,18,false,
160661,GCWGS-11240,367,false,
160662,GCWGS-11239,367,false,
160663,GCWGS-11204,3353,false,
160664,GCWGS-10144,18,false,
160665,GCWGS-11196,1006,false,
160666,GCWGS-11192,3898,false,
160667,GCWGS-11191,367,false,
160668,GCWGS-11188,16,false,
160669,GCWGS-11187,367,false,
160670,GCWGS-11186,367,false,
160671,GCWGS-11122,654,false,
160672,GCWGS-10967,654,false,
160673,GCWGS-10966,18,false,
160674,GCWGS-10965,367,false,
160675,GCWGS-10958,3353,false,
160676,GCWGS-10957,367,false,
160677,GCWGS-10955,1006,false,
160678,GCWGS-10952,16,false,
160679,GCWGS-10950,367,false,
160680,GCWGS-10948,367,false,
160681,GCWGS-10939,367,false,
160682,GCWGS-10938,1006,false,
160683,GCWGS-10937,3353,false,
160684,GCWGS-10936,3353,false,
160685,GCWGS-10919,367,false,
160686,GCWGS-10916,18,false,
160687,GCWGS-10614,3966,false,
160688,GCWGS-10612,451,false,
160689,GCWGS-10611,18,false,
160690,GCWGS-10610,18,false,
160691,GCWGS-10609,367,false,
160692,GCWGS-10571,1591,false,
160693,GCWGS-10554,654,false,
160694,GCWGS-10553,367,false,
160695,GCWGS-10541,654,false,
160696,GCWGS-10535,3966,false,
160697,GCWGS-10533,657,false,
160698,GCWGS-10532,367,false,
160699,GCWGS-10107,373,false,
160700,GCWGS-10398,367,false,
160701,GCWGS-10395,3479,false,
160702,GCWGS-10381,18,false,
160703,GCWGS-10380,451,false,
160704,GCWGS-11120,18,false,
160705,GCWGS-11119,373,false,
160706,GCWGS-11118,18,false,
160707,GCWGS-11117,3359,false,
160708,GCWGS-11116,18,false,
160709,GCWGS-11115,367,false,
160710,GCWGS-11114,373,false,
160711,GCWGS-11109,3353,false,
160712,GCWGS-11094,654,false,
160713,GCWGS-11079,1006,false,
160714,GCWGS-11078,18,false,
160715,GCWGS-11077,18,false,
160716,GCWGS-11057,367,false,
160717,GCWGS-11027,18,false,
160718,GCWGS-10976,18,false,
160719,GCWGS-10912,451,false,
160720,GCWGS-10910,16,false,
160721,GCWGS-10908,654,false,
160722,GCWGS-10769,18,false,
160723,GCWGS-10768,18,false,
160724,GCWGS-10767,18,false,
160725,GCWGS-10765,3353,false,
160726,GCWGS-10754,367,false,
160727,GCWGS-10753,635,false,
160728,GCWGS-10752,367,false,
160729,GCWGS-10749,367,false,
160730,GCWGS-10748,367,false,
160731,GCWGS-10747,367,false,
160732,GCWGS-10746,367,false,
160733,GCWGS-10745,1591,false,
160734,GCWGS-10744,367,false,
160735,GCWGS-10743,367,false,
160736,GCWGS-10742,367,false,
160737,GCWGS-10379,18,false,
160738,GCWGS-10377,3353,false,
160739,GCWGS-10376,3359,false,
160740,GCWGS-10375,1006,false,
160741,GCWGS-10373,367,false,
160742,GCWGS-10371,16,false,
160743,GCWGS-10370,367,false,
160744,GCWGS-10365,18,false,
160745,GCWGS-10363,18,false,
160746,GCWGS-10360,844,false,
160747,GCWGS-10104,367,false,
160748,GCWGS-10358,5735,false,
160749,GCWGS-10357,18,false,
160750,GCWGS-10356,824,false,
160751,GCWGS-10354,22,false,
160752,GCWGS-10353,654,false,
160753,GCWGS-10067,3966,false,
160754,GCWGS-12030,18,false,
160755,GCWGS-12029,18,false,
160756,GCWGS-12027,1006,false,
160757,GCWGS-11748,367,false,
160758,GCWGS-11747,3966,false,
160759,GCWGS-11745,451,false,
160760,GCWGS-11743,3966,false,
160761,GCWGS-11742,367,false,
160762,GCWGS-11740,18,false,
160763,GCWGS-11738,18,false,
160764,GCWGS-11693,367,false,
160765,GCWGS-10182,3917,false,
160766,GCWGS-11681,2813,false,
160767,GCWGS-11678,18,false,
160768,GCWGS-11676,18,false,
160769,GCWGS-11672,18,false,
160770,GCWGS-11612,3353,false,
160771,GCWGS-11610,654,false,
160772,GCWGS-11607,367,false,
160773,GCWGS-11606,654,false,
160774,GCWGS-11605,18,false,
160775,GCWGS-11604,3479,false,
160776,GCWGS-10152,1122,false,
160777,GCWGS-11524,654,false,
160778,GCWGS-11522,367,false,
160779,GCWGS-11515,18,false,
160780,GCWGS-10741,378,false,
160781,GCWGS-10740,18,false,
160782,GCWGS-10739,636,false,
160783,GCWGS-10736,21,false,
160784,GCWGS-10735,18,false,
160785,GCWGS-10733,367,false,
160786,GCWGS-10122,373,false,
160787,GCWGS-10732,367,false,
160788,GCWGS-10731,16,false,
160789,GCWGS-10726,1006,false,
160790,GCWGS-10628,18,false,
160791,GCWGS-10121,1006,false,
160792,GCWGS-10620,367,false,
160793,GCWGS-10619,367,false,
160794,GCWGS-10618,367,false,
160795,GCWGS-10616,367,false,
160796,GCWGS-11374,367,false,
160797,GCWGS-10148,3353,false,
160798,GCWGS-11353,373,false,
160799,GCWGS-11341,3353,false,
160800,GCWGS-11338,4005,false,
160801,GCWGS-11337,18,false,
160802,GCWGS-11335,1006,false,
160803,GCWGS-11334,18,false,
160804,GCWGS-11269,367,false,
160805,GCWGS-11259,3353,false,
160806,GCWGS-11258,16,false,
160807,GCWGS-11256,373,false,
160808,GCWGS-11254,373,false,
160809,GCWGS-11252,16,false,
160810,GCWGS-11249,367,false,
160811,GCWGS-11529,1006,false,
160812,GCWGS-11525,3353,false,
160813,GCWGS-11556,18,false,
160814,GCWGS-11555,3353,false,
160867,SMG-24-2555,1781,false,
160868,N24-1406,,false,
160871,RMG023,,false,
160872,S18BD02493,,false,
160873,2428410169,,false,
160874,68948,,false,
160875,70150,,false,
160876,70168,,false,
160877,2024NG01871,,false,
160878,2024NG01872,,false,
160879,2024NG01936,,false,
160880,2024NG01947,,false,
160881,2024NG01960,,false,
160882,2024NG01976,,false,
160883,2024NG01982,,false,
160884,2024NG01989,,false,
160885,2024NG01992,,false,
160886,2024NG02056,,false,
160887,2024NG02064,,false,
160888,2024NG02131,,false,
160889,2024NG02138,,false,
160890,2024NG00442,,false,
160891,2024NG00641,,false,
160892,2024NG01753,,false,
160893,2024NG02081,,false,
160894,2024NG02094,,false,
160895,2024NG02096,,false,
160896,2024NG02148,,false,
160897,2024NG02192,,false,
160898,2024NG02155,,false,
160899,2024NG00981,,false,
160900,2024NG02256,,false,
160901,2024NG02264,,false,
160902,2024NG02272,,false,
160903,2024NG02276,,false,
160904,2024NG02280,,false,
160905,2024NG02384,,false,
160906,2024NG02424,,false,
160907,2024NG02400,,false,
160908,2024NG02463,,false,
160909,2024NG02476,,false,
160910,N24-1426,,false,
160911,N24-1440,,false,
160912,N24-1414,,false,
160913,24GB003738,1122,false,
160914,24GB003800,5059,false,
160915,24GB003812,841,false,
160916,24GB003814,5671,false,
160917,24GB003838,5749,false,
160918,24GB003868,1122,false,
160919,24GB003882,18,false,
160920,24GB003883,1599,false,
160921,24GB003819,5750,false,
160922,24GB003950,367,false,
160923,24GB003997,5749,false,
160924,24GB003999,367,false,
160925,24GB004005,378,false,
160926,24GB004065,18,false,
160927,24GB004074,367,false,
160928,24GB004080,5750,false,
160929,24GB004191,1006,false,
160930,24GB004260,1006,false,
160931,24GB004261,1006,false,
160932,24GB004262,3474,false,
160933,24GB004265,367,false,
160934,24GB004306,16,false,
160935,24GB004317,3474,false,
160936,24GB004323,367,false,
160937,24GB004371,367,false,
160938,24GB004373,16,false,
160939,24GB004375,16,false,
160940,24GB004388,5749,false,
160941,24GB004389,16,false,
160942,24GB004486,367,false,
160943,24GB004491,1006,false,
160944,24GB004500,367,false,
160945,24GB004484,367,false,
160946,24GB004492,1006,false,
160947,24GB004498,3474,false,
160948,24GB004503,18,false,
160949,24GB004506,3474,false,
160950,24GB004508,3474,false,
160951,24GB004510,367,false,
160952,24GB004512,367,false,
160953,2024NG02549,,false,
160954,2024NG02558,,false,
160955,2024NG02616,,false,
160956,2024NG02624,,false,
160957,4545,,false,
160958,0081/24,,false,
160959,2426508278,,false,
160960,SMG-24-2701,1730,false,
160961,SMG-24-2708,45,false,
160968,2023NG00470,,false,
160969,2023NG00541,,false,
160970,2023NG00543,,false,
160971,2023NG00655,,false,
160972,2023NG00786,,false,
160973,2023NG00951,,false,
160974,2023NG00697,,false,
160975,2023NG00709,,false,
160976,2023NG00469,,false,
160977,2023NG00494,,false,
160978,2023NG00909,,false,
160979,2023NG00358,,false,
160980,2023NG00610,,false,
160981,2023NG00628,,false,
160982,2023NG00629,,false,
160983,2023NG00850,,false,
160984,2023NG00864,,false,
160985,2023NG00950,,false,
160986,2023NG00969,,false,
160987,2023NG00683,,false,
160988,2023NG00961,,false,
160989,2023NG01079,,false,
160990,2023NG01115,,false,
160991,2023NG01123,,false,
160992,2023NG01160,,false,
160993,2023NG01163,,false,
160994,2023NG01171,,false,
160995,2023NG01194,,false,
160996,2023NG01198,,false,
160997,2023NG01236,,false,
160998,2023NG01241,,false,
160999,2023NG01256,,false,
161000,2023NG01269,,false,
161001,2023NG01284,,false,
161002,2023NG01390,,false,
161003,2023NG01414,,false,
161004,2023NG01423,,false,
161005,2023NG01483,,false,
161006,2023NG01479,,false,
161007,2023NG01296,,false,
161008,2023NG01306,,false,
161009,2023NG01356,,false,
161010,2023NG01394,,false,
161011,2023NG01325,,false,
161012,2023NG01333,,false,
161013,2023NG01334,,false,
161014,2023NG01485,,false,
161015,2023NG01368,,false,
161016,2023NG01396,,false,
161017,2023NG01795,,false,
161018,2023NG01531,,false,
161019,2023NG01535,,false,
161020,2023NG01545,,false,
161021,2023NG01548,,false,
161022,2023NG01559,,false,
161023,2023NG01562,,false,
161024,2023NG01599,,false,
161025,2023NG01721,,false,
161026,2023NG01601,,false,
161027,2023NG01613,,false,
161028,2023NG01682,,false,
161029,2023NG01686,,false,
161030,2023NG01699,,false,
161031,2023NG01709,,false,
161032,2023NG01780,,false,
161033,2023NG01816,,false,
161034,2023NG02087,,false,
161035,2023NG01865,,false,
161036,2023NG01870,,false,
161037,2023NG01859,,false,
161038,2023NG01886,,false,
161039,2023NG01890,,false,
161040,2023NG02413,,false,
161041,2023NG01891,,false,
161042,2023NG02026,,false,
161043,2023NG02132,,false,
161044,2023NG02158,,false,
161045,2023NG02172,,false,
161046,2023NG02280,,false,
161047,2023NG01190,,false,
161048,2023NG02072,,false,
161049,2023NG02123,,false,
161050,2023NG02166,,false,
161051,2023NG02457,,false,
161052,2023NG02195,,false,
161053,2023NG02264,,false,
161054,2023NG02267,,false,
161055,2023NG02271,,false,
161056,2023NG01944,,false,
161057,2023NG02599,,false,
161058,2023NG02383,,false,
161059,2023NG02412,,false,
161060,2023NG02440,,false,
161061,2023NG02982,,false,
161062,2023NG02478,,false,
161063,2023NG02482,,false,
161064,2023NG02695,,false,
161065,2023NG02559,,false,
161066,2023NG02561,,false,
161067,2023NG02603,,false,
161068,2023NG02673,,false,
161069,2023NG02785,,false,
161070,2023NG03072,,false,
161071,2023NG03067,,false,
161072,2023NG02703,,false,
161073,2023NG02711,,false,
161074,2023NG02811,,false,
161075,2023NG02822,,false,
161076,2023NG02832,,false,
161077,2023NG02869,,false,
161078,2023NG02875,,false,
161079,2023NG02891,,false,
161080,2023NG02915,,false,
161081,2023NG02919,,false,
161082,2023NG02920,,false,
161083,2023NG02944,,false,
161084,2024NG01797,,false,
161085,2024NG02672,,false,
161086,2024NG02680,,false,
161087,2024NG02712,,false,
161088,2024NG02720,,false,
161089,2024NG02748,,false,
161090,70304,,false,
161091,70325,,false,
161092,70328,,false,
161093,70335,,false,
161094,70369,,false,
161095,70377,,false,
161096,70381,,false,
161097,70677,,false,
161114,24-629,62,false,
161115,24-635,62,false,
161116,24-637,62,false,
161117,24-641,2291,false,
161118,24-651,5751,false,
161119,24-652,5752,false,
161120,24-657,3,false,
161121,24-665,62,false,
161122,Nmiss2647,93,false,
161123,Nmiss2650,2319,false,
161124,Nmiss2668,9,false,
161125,Nmiss2727,288,false,
161126,Nmiss2731,9,false,
161127,Nmiss2819,9,false,
161128,Nmiss2823,9,false,
161129,Nmiss2863,9,false,
161130,Nmiss2875,150,false,
161131,Nmiss2958,49,false,
161132,Nmiss2984,257,false,
161133,Nmiss2988,262,false,
161134,Nmiss3032,57,false,
161135,Nmiss3038,1250,false,
161136,Nmiss3052,1250,false,
161137,Nmiss3054,87,false,
161138,Nmiss3142,2295,false,
161139,Nmiss3309,45,false,
161140,Nmiss3310,9,false,
161141,Nmiss3346,9,false,
161142,Nmiss3347,93,false,
161143,Nmiss3351,9,false,
161144,Nmiss3354,67,false,
161153,SMG-24-2739,69,false,
161154,SMG-24-2748,1730,false,
161155,SMG-24-2747,95,false,
161156,59444,,false,
161157,70390,,false,
161158,70418,,false,
161159,70427,,false,
161160,70436,,false,
161161,70441,,false,
161162,24GB004607,,false,
161163,1063-2024,1781,false,
161164,64921,,false,
161165,65070,,false,
161166,66097,,false,
161167,66314,,false,
161168,66582,,false,
161169,66784,,false,
161170,66913,,false,
161171,67026,,false,
161172,67280,,false,
161173,67314,,false,
161174,67404,,false,
161175,67527,,false,
161176,67674,,false,
161177,67857,,false,
161178,68086,,false,
161179,68101,,false,
161180,68102,,false,
161181,68182,,false,
161182,68191,,false,
161183,68231,,false,
161184,68373,,false,
161185,68514,,false,
161186,68706,,false,
161187,69444,,false,
161188,69465,,false,
161189,69566,,false,
161190,N24-1433,,false,
161191,N24-1456,,false,
161192,N24-1485,,false,
161193,12357,,false,
161194,202418432,,false,
161195,12397,,false,
161196,12410,,false,
161197,12428,,false,
161198,70486,,false,
161199,70488,,false,
161200,70504,,false,
161201,70505,,false,
161202,70506,,false,
161203,70507,,false,
161204,70509,,false,
161205,2021NG01500,,false,
161206,2021NG01462,,false,
161207,2021NG01506,,false,
161208,2021NG01508,,false,
161209,2021NG01564,,false,
161210,2021NG01551,,false,
161211,2021NG01579,,false,
161212,2021NG01554,,false,
161213,2021NG01485,,false,
161214,2021NG01565,,false,
161215,2021NG01488,,false,
161216,2021NG01457,,false,
161217,2024NG02736,,false,
161218,2024NG01681,,false,
161219,2024NG01715,,false,
161220,2024NG01730,,false,
161221,2024NG01834,,false,
161222,2024NG02230,,false,
161223,2024NG02591,,false,
161224,2024NG02824,,false,
161230,2021NG01563,,false,
161231,2021NG00381,,false,
161232,2021NG01768,,false,
161233,2021NG01480,,false,
161234,2021NG01837,,false,
161235,2021NG01987,,false,
161236,2021NG01990,,false,
161237,2021NG01917,,false,
161238,2021NG02009,,false,
161239,2021NG01933,,false,
161240,2021NG02071,,false,
161241,2021NG02226,,false,
161242,2022NG00137,,false,
161243,2022NG01085,,false,
161244,2022NG01183,,false,
161245,2022NG01341,,false,
161246,2022NG01554,,false,
161247,2022NG01728,,false,
161248,2022NG02191,,false,
161249,12350,,false,
161250,12358,,false,
161251,12364,,false,
161252,202414983,,false,
161253,202430764,,false,
161254,12417,,false,
161255,12418,,false,
161256,12425,,false,
161257,12437,,false,
161258,12451,,false,
161259,12455,,false,
161260,12466,,false,
161263,NML2024-141,62,false,
161264,NML2024-140,141,false,
161265,NML2024-138,62,false,
161266,NML2024-137,4321,false,
161267,NML2024-136,1,false,
161268,NML2024-135,976,false,
161269,NML2024-133,5759,false,
161270,NML2024-132,62,false,
161271,NML2024-131,1916,false,
161272,NML2024-128,1,false,
161273,NML2024-126,62,false,
161274,NML2024-125,1,false,
161275,N24-1609,,false,
161276,24MN0321,141,false,
161277,N24-1685,,false,
161278,N24-1690,,false,
161291,1126-2024,1781,false,
161293,HB51179798,,false,
161294,HB51143765,,false,
161295,HB51198920,,false,
161296,HB51199189,,false,
161297,HB51199235,,false,
161298,HB51160185,,false,
161299,HB51143777,,false,
161300,HB51198129,,false,
161301,HB51198496,,false,
161302,HB51161363,,false,
161303,HB51160119,,false,
161304,HB51143488,,false,
161305,HB50019124,,false,
161306,HB51143894,,false,
161307,HB51143773,,false,
161308,2021NG01547,,false,
161309,2021NG01516,,false,
161310,2021NG01322,,false,
161311,2021NG01830,,false,
161312,2021NG01880,,false,
161313,2021NG01898,,false,
161314,2021NG01935,,false,
161315,2021NG01966,,false,
161316,2021NG02013,,false,
161317,2021NG01902,,false,
161318,2021NG01946,,false,
161319,2021NG02007,,false,
161320,2021NG02021,,false,
161321,2021NG01900,,false,
161322,2021NG02677,,false,
161323,2024NG02783,,false,
161324,2024NG02847,,false,
161325,2024NG02848,,false,
161326,2021NG01870,,false,
161327,2021NG01890,,false,
161328,H24-749,,false,
161329,24-742,87,false,
161330,24-743,57,false,
161331,M18661,98,false,
161332,24383,,false,
161333,202442085,,false,
161398,N24-1581,,false,
161433,24GB004619,3474,false,
161434,24GB004703,1006,false,
161435,24GB004779,367,false,
161436,24GB004780,1006,false,
161437,24GB004781,3966,false,
161438,24GB004782,3966,false,
161439,24GB004784,656,false,
161440,24GB004785,3474,false,
161441,24GB004787,3474,false,
161442,24GB004806,367,false,
161443,24GB004808,3474,false,
161444,24GB004854,1006,false,
161445,24GB004855,657,false,
161446,24GB004925,3474,false,
161447,24GB005026,3474,false,
161448,24GB005027,3474,false,
161449,WHO_A_2024,844,false,
161450,WHO_T_2024,18,false,
161451,WHO_alpha_2024,21,false,
161452,WHO_S_2024,,false,
161453,WHO_B_2024,3886,false,
161462,H24-0441,,false,
161463,85946,,false,
161464,85936,,false,
161465,1652,,false,
161466,3716,,false,
161467,3717,,false,
161468,3718,,false,
161469,2933,,false,
161470,2954,,false,
161471,3145,,false,
161472,2956,,false,
161473,2955,,false,
161474,2968,,false,
161475,2984,,false,
161476,2969,,false,
161477,3041,,false,
161478,2935,,false,
161479,2797,,false,
161480,3592,,false,
161481,3621,,false,
161482,3217,,false,
161483,3148,,false,
161484,3159,,false,
161485,N22-0382,,false,
161486,N22-0404,,false,
161487,N22-0410,,false,
161488,N24-1732,,false,
161489,N24-1746,,false,
161490,N24-1750,,false,
161491,N24-1754,,false,
161492,HUB23-NG23,,false,
161493,HUB70-NG70,,false,
161494,HUB143-NG143,,false,
161495,HUB32-NG32,,false,
161496,HUB34-NG34,,false,
161497,HUB42-NG42,,false,
161498,HUB52-NG52,,false,
161499,HUB103-NG103,,false,
161500,HUB110-NG110,,false,
161501,HUB137-NG137,,false,
161502,HUB53-NG53,,false,
161503,HUB19-NG19,,false,
161504,HUB24-NG24,,false,
161505,HUB43-NG43,,false,
161506,HUB87-NG87,,false,
161507,HUB88-NG88,,false,
161508,HUB114-NG114,,false,
161509,HUB148-NG148,,false,
161510,HUB174-NG174,,false,
161511,HUB187-NG187,,false,
161512,HUB228-NG228,,false,
161513,HUB265-NG265,,false,
161514,HUB266-NG266,,false,
161515,HUB267-NG267,,false,
161516,HUB281-NG281,,false,
161517,HUB322-NG322,,false,
161518,HUB74-NG74,,false,
161519,HUB65-NG65,,false,
161520,HUB32-NG331,,false,
161521,H24-534,,false,
161522,70633,,false,
161523,70647,,false,
161524,70660,,false,
161525,70669,,false,
161526,70672,,false,
161527,70674,,false,
161528,70675,,false,
161529,70680,,false,
161530,70681,,false,
161531,70684,,false,
161532,70686,,false,
161533,70687,,false,
161534,70688,,false,
161535,70691,,false,
161536,70692,,false,
161537,70693,,false,
161538,70716,,false,
161539,DE13872,,false,
161540,DE13902,62,false,
161541,DE13871,570,false,
161542,DE13502,87,false,
161543,DE13329,62,false,
161544,DE13877,9,false,
161545,DE13866,68,false,
161546,DE13362,,false,
161547,DE13903,,false,
161548,DE13869,,false,
161549,DE13865,198,false,
161550,DE13341,359,false,
161551,DE13861,3,false,
161552,DE13876,,false,
161553,DE13906,,false,
161554,DE13894,570,false,
161555,DE13361,3,false,
161556,DE13353,791,false,
161557,DE13893,,false,
161558,DE13854,2187,false,
161559,DE13863,,false,
161560,DE13889,3804,false,
161561,DE13383,127,false,
161562,DE13322,257,false,
161563,DE13345,93,false,
161564,DE13874,62,false,
161565,DE13366,575,false,
161566,DE13858,3,false,
161567,DE13343,5796,false,
161568,DE13347,127,false,
161569,DE13899,9,false,
161570,DE13349,575,false,
161571,DE13331,569,false,
161572,DE13883,5822,false,
161573,DE13344,570,false,
161574,DE13351,93,false,
161575,DE13891,62,false,
161576,DE13901,3,false,
161577,DE13356,3,false,
161578,DE13328,62,false,
161579,DE13332,87,false,
161580,DE13354,87,false,
161581,DE13326,5798,false,
161582,DE13340,49,false,
161583,DE13859,3,false,
161584,DE13377,424,false,
161585,DE13348,3,false,
161586,DE13388,1,false,
161587,DE13360,424,false,
161588,DE13420,1,false,
161589,DE13386,93,false,
161590,DE13350,9,false,
161591,DE13364,3,false,
161592,DE13365,1,false,
161593,DE13381,257,false,
161594,DE13459,93,false,
161595,DE13389,565,false,
161596,DE13384,3,false,
161597,DE13327,45,false,
161598,DE13411,262,false,
161599,DE13390,93,false,
161600,DE13371,93,false,
161601,DE13452,41,false,
161602,DE13394,3,false,
161603,DE13436,5800,false,
161604,DE13430,45,false,
161605,DE13333,68,false,
161606,DE13441,67,false,
161607,DE13379,62,false,
161608,DE13392,570,false,
161609,DE13385,45,false,
161610,DE13376,67,false,
161611,DE13355,45,false,
161612,DE13414,93,false,
161613,DE13406,493,false,
161614,DE13391,141,false,
161615,DE13418,5803,false,
161616,DE13373,57,false,
161617,DE13367,45,false,
161618,DE13421,791,false,
161619,DE13464,62,false,
161620,DE13405,570,false,
161621,DE13378,3,false,
161622,DE13468,49,false,
161623,DE13466,45,false,
161624,DE13460,49,false,
161625,DE13368,127,false,
161626,DE13396,3282,false,
161627,DE13448,5808,false,
161628,DE13432,45,false,
161629,DE13399,87,false,
161630,DE13417,62,false,
161631,DE13439,45,false,
161632,DE13443,569,false,
161633,DE13435,49,false,
161634,DE13403,274,false,
161635,DE13415,49,false,
161636,DE13461,49,false,
161637,DE13469,125,false,
161638,DE13380,93,false,
161639,DE13397,93,false,
161640,DE13412,434,false,
161641,DE13453,1,false,
161642,DE13413,257,false,
161643,DE13375,5811,false,
161644,DE13455,49,false,
161645,DE13470,45,false,
161646,DE13404,62,false,
161647,DE13433,49,false,
161648,DE13427,120,false,
161649,DE13852,105,false,
161650,DE13505,141,false,
161651,DE13370,127,false,
161652,DE13419,45,false,
161653,DE13400,93,false,
161654,DE13372,3,false,
161655,DE13442,93,false,
161656,DE13431,45,false,
161657,DE13444,1,false,
161658,DE13447,2,false,
161659,DE13438,49,false,
161660,DE13393,3,false,
161661,DE13446,5812,false,
161662,DE13458,62,false,
161663,DE13426,576,false,
161664,DE13374,62,false,
161665,DE13437,62,false,
161666,DE13462,118,false,
161667,DE13504,3,false,
161668,DE13521,257,false,
161669,DE13408,64,false,
161670,DE13471,5813,false,
161671,DE13526,93,false,
161672,DE13387,1,false,
161673,DE13425,127,false,
161674,DE13501,570,false,
161675,DE13538,93,false,
161676,DE13518,3,false,
161677,DE13528,93,false,
161678,DE13478,424,false,
161679,DE13440,601,false,
161680,DE13531,49,false,
161681,DE13410,1,false,
161682,DE13529,475,false,
161683,DE13487,570,false,
161684,DE13475,62,false,
161685,DE13543,274,false,
161686,DE13498,1451,false,
161687,DE13519,45,false,
161688,DE13544,127,false,
161689,DE13489,87,false,
161690,DE13497,49,false,
161691,DE13530,1,false,
161692,DE13511,62,false,
161693,DE13516,93,false,
161694,DE13508,9,false,
161695,DE13520,64,false,
161696,DE13517,993,false,
161697,DE13515,1,false,
161698,DE13473,127,false,
161699,DE13527,45,false,
161700,DE13491,9,false,
161701,DE13545,569,false,
161702,DE13507,257,false,
161703,DE13503,45,false,
161704,DE13485,45,false,
161705,DE13549,93,false,
161706,DE13523,288,false,
161707,DE13541,570,false,
161708,DE13494,570,false,
161709,DE13495,1543,false,
161710,DE13542,1,false,
161711,DE13522,1,false,
161712,M63462,,false,
161713,M63424,,false,
161714,M63489,,false,
161715,FDAARGOS_758,191,false,
161716,BgEED22,5814,false,
161726,N24-1768,,false,
161727,N24-1771,,false,
161728,N24-1778,,false,
161729,N24-1782,,false,
161730,N24-1787,,false,
161731,N24-1788,,false,
161732,N24-1799,,false,
161733,N24-1832,,false,
161734,N24-1776,,false,
161735,70562,,false,
161736,70589,,false,
161737,70590,,false,
161738,70627,,false,
161739,70629,,false,
161740,70632,,false,
161741,70640,,false,
161742,SMG-24-2933,759,false,
161743,SMG-24-3024,5815,false,
161744,SMG-24-3040,407,false,
161745,MG-13-61,33,false,
161746,MG-20-22,49,false,
161747,MG-22-26,57,false,
161748,MG-23-19,67,false,
161749,MG-23-23,9,false,
161750,MG-23-39,4764,false,
161751,MG-23-47,5080,false,
161752,24-761,87,false,
161766,70753,,false,
161767,70770,,false,
161768,70781,,false,
161769,71224,,false,
161810,МН2661,1,false,
161811,МНtx,1,false,
161812,МН2654,1,false,
161813,МН2649,1,false,
161814,N24-1881,,false,
161815,N24-1892,,false,
161816,N24-1913,,false,
161817,N24-1925,,false,
161818,N24-1928,,false,
161819,N24-1930,,false,
161820,N24-1934,,false,
161821,N24-1941,,false,
161823,NU22019,,false,
161825,SMG-24-3081,62,false,
161826,70861,,false,
161827,70868,,false,
161828,70877,,false,
161829,70917,,false,
161830,70942,,false,
161831,70945,,false,
161832,70946,,false,
161848,VES24-4131,,false,
161849,VES24-4134,,false,
161850,VES24-4141,,false,
161851,VES24-4147,,false,
161852,VES24-4183,,false,
161853,VES24-4193,,false,
161854,VES24-4249,,false,
161855,VES24-4287,,false,
161856,VES24-4289,,false,
161857,Gent001,23,false,
161858,Gent003-VF,657,false,
161859,Gent003-WF,657,false,
161860,Gent005,654,false,
161861,Gent006,657,false,
161862,Gent008,18,false,
161863,Gent011,23,false,
161864,Gent012,683,false,
161865,Gent013-5H,18,false,
161866,Gent013-6B,5823,false,
161867,Gent014,657,false,
161868,Gent015,367,false,
161869,Gent016,2199,false,
161870,Gent017,18,false,
161871,GENT018-CD,367,false,
161872,GENT019-FG,654,false,
161873,GENT019-GA,16,false,
161874,GENT020,5553,false,
161875,GENT021,367,false,
161876,GENT027,657,false,
161877,GENT028,657,false,
161878,GENT029,657,false,
161879,GENT032,378,false,
161880,GENT033,683,false,
161881,GENT034,378,false,
161882,GENT037,683,false,
161883,GENT038,18,false,
161884,GENT039,18,false,
161885,GENT040,657,false,
161886,GENT043,824,false,
161887,GENT045,18,false,
161888,GENT047,18,false,
161889,GENT048,378,false,
161890,GENT050,18,false,
161891,GENT051,2199,false,
161892,Gent053,373,false,
161893,Gent054,2199,false,
161894,Gent055,378,false,
161895,Gent056,654,false,
161896,Gent057,654,false,
161897,Gent058-YB,657,false,
161898,Gent058-ZB,657,false,
161899,Gent059,824,false,
161900,Gent060,23,false,
161901,Gent061,18,false,
161902,Gent062,367,false,
161903,Gent064,18,false,
161904,Gent065,824,false,
161905,Gent066,683,false,
161906,Gent067,5824,false,
161907,Gent068,824,false,
161908,Gent069,2199,false,
161909,Gent070,683,false,
161910,Gent072,18,false,
161911,Gent074-1F,16,false,
161912,Gent074-XB,16,false,
161913,Gent075,5554,false,
161914,Gent076,683,false,
161915,Gent077,18,false,
161916,Gent078,18,false,
161917,Gent079-DC,18,false,
161918,Gent080-GK,657,false,
161919,Gent080-HG,657,false,
161920,Gent081,18,false,
161921,Gent082,18,false,
161922,Gent083-LB,654,false,
161923,Gent083-ME,654,false,
161924,Gent084,367,false,
161925,Gent085,680,false,
161926,Gent086,367,false,
161927,Gent087,18,false,
161928,Gent088,23,false,
161929,Gent089,373,false,
161930,Gent090,824,false,
161931,Gent091,378,false,
161932,Gent092,23,false,
161933,Gent093,378,false,
161934,Gent094-2F,373,false,
161935,Gent095,367,false,
161936,Gent096,657,false,
161937,Gent097,367,false,
161938,Gent098,683,false,
161939,Gent099,378,false,
161940,Gent100,367,false,
161941,Gent1008,657,false,
161942,Gent101,824,false,
161943,Gent102,657,false,
161944,Gent103,657,false,
161945,Gent1032,367,false,
161946,Gent1035,657,false,
161947,Gent104,378,false,
161948,Gent105,378,false,
161949,Gent106,657,false,
161950,Gent107,367,false,
161951,Gent1081,378,false,
161952,Gent1085-GD,367,false,
161953,Gent109,824,false,
161954,Gent1094,378,false,
161955,Gent110,378,false,
161956,Gent111,378,false,
161957,Gent113,18,false,
161958,Gent114,23,false,
161959,Gent115,16,false,
161960,Gent116,657,false,
161961,Gent117,2199,false,
161962,Gent118,657,false,
161963,Gent119,367,false,
161964,Gent120,657,false,
161965,Gent121,18,false,
161966,Gent122,18,false,
161967,Gent123,657,false,
161968,Gent124-7B,16,false,
161969,Gent124-8F,16,false,
161970,Gent125-9C,4387,false,
161971,Gent125-BG,4387,false,
161972,Gent126,657,false,
161973,Gent128,657,false,
161974,Gent129,654,false,
161975,Gent130,18,false,
161976,Gent131,367,false,
161977,Gent133,18,false,
161978,Gent134,367,false,
161979,Gent135,23,false,
161980,Gent136,367,false,
161981,Gent137,18,false,
161982,Gent138,654,false,
161983,Gent139,683,false,
161984,Gent140,657,false,
161985,Gent141,654,false,
161986,Gent142,683,false,
161987,Gent143,657,false,
161988,Gent144,657,false,
161989,Gent145,683,false,
161990,Gent146,657,false,
161991,Gent147,18,false,
161992,Gent148,18,false,
161993,Gent149,18,false,
161994,Gent150,5553,false,
161995,Gent153,657,false,
161996,Gent2,654,false,
161997,Gent2060,378,false,
161998,Gent2069-WH,657,false,
161999,Gent24,23,false,
162000,Gent30,367,false,
162001,Gent35,18,false,
162002,Gent46,367,false,
162003,Gent52,367,false,
162004,Gent63,683,false,
162005,MUSA1079,367,false,
162006,MUSA1082,16,false,
162007,MUSA1085,367,false,
162008,MUSA1090,378,false,
162009,MUSA2065,824,false,
162010,MUSA3009,824,false,
162011,24GB004714,5825,false,
162012,24GB004788,3474,false,
162013,24GB004794,3474,false,
162014,24GB004878,3966,false,
162015,24GB004884,367,false,
162016,24GB004885,367,false,
162017,24GB004888,3474,false,
162018,24GB004919,1006,false,
162019,24GB005014,3474,false,
162020,24GB005024,3474,false,
162021,24GB005069,3474,false,
162022,24GB005078,3474,false,
162023,24GB005107,3359,false,
162024,24GB005134,3474,false,
162025,24GB005135,3474,false,
162026,24GB005140,3474,false,
162027,24GB005175,,false,
162028,Perm/24,,false,
162029,NIID946,141,false,
162030,SCLN2021029,,false,
162031,0100/24,,false,
162032,NZMI0039,,false,
162060,M63563,,false,
162061,19-15,5839,false,
162062,462-15,49,false,
162063,528-15,43,false,
162064,SMG-24-3154,1781,false,
162085,2024NG02896,,false,
162086,2024NG02918,,false,
162087,2024NG02936,,false,
162088,2024NG02937,,false,
162089,2024NG02961,,false,
162090,2024NG02971,,false,
162091,2024NG03000,,false,
162092,2024NG02840,,false,
162093,2024NG03088,,false,
162094,2024NG03144,,false,
162095,2024NG03162,,false,
162096,2024NG03056,,false,
162097,SMG-24-3173,1781,false,
162098,SMG-24-3187,1,false,
162099,23MN0175,45,false,
162100,23MN0179,5842,false,
162101,23MN0191,9,false,
162102,23MN0205,120,false,
162103,23MN0206,120,false,
162104,23MN0207,150,false,
162105,23MN0210,87,false,
162106,23MN0231,345,false,
162107,23MN0259,45,false,
162108,23MN0266,574,false,
162109,23MN0268,150,false,
162110,23MN0270,45,false,
162111,23MN0271,127,false,
162112,23MN0273,45,false,
162113,23MN0276,262,false,
162114,23MN0277,45,false,
162115,23MN0284,5843,false,
162116,23MN0295,3603,false,
162117,23MN0311,3,false,
162118,23MN0314,45,false,
162119,23MN0330,120,false,
162120,23MN0331,45,false,
162121,23MN0338,93,false,
162122,23MN0374,262,false,
162123,23MN0388,309,false,
162124,23MN0390,300,false,
162125,23MN0409,87,false,
162126,24MN0001,93,false,
162127,24MN0018,97,false,
162128,24MN0268,104,false,
162142,M63795,,false,
162143,70788,,false,
162144,70800,,false,
162145,70815,,false,
162146,70827,,false,
162147,70834,,false,
162148,70835,,false,
162149,70837,,false,
162150,70860,,false,
162182,NIID951,,false,
162183,22MN0101,262,false,
162184,22MN0113,62,false,
162185,23MN0024,120,false,
162186,23MN0037,259,false,
162187,23MN0049,45,false,
162188,23MN0050,49,false,
162189,23MN0067,77,false,
162190,24MN0034,5844,false,
162191,24MN0039,120,false,
162192,24MN0070,120,false,
162193,24MN0084,137,false,
162194,24MN0090,127,false,
162195,24MN0091,97,false,
162196,24MN0118,5842,false,
162197,24MN0125,45,false,
162198,24MN0133,262,false,
162199,24MN0149,49,false,
162200,24MN0171,150,false,
162201,24MN0176,318,false,
162202,24MN0180,301,false,
162203,24MN0193,2727,false,
162204,24MN0213,45,false,
162205,24MN0218,137,false,
162206,24MN0222,791,false,
162207,24MN0236,4682,false,
162208,63,57,false,
162209,68,67,false,
162210,75,57,false,
162211,80,1,false,
162212,84,5845,false,
162213,86,3,false,
162214,89,57,false,
162215,90,57,false,
162216,91,1,false,
162217,93,292,false,
162218,95,1,false,
162219,98,1,false,
162220,102,292,false,
162221,103,1,false,
162222,104,1,false,
162223,105,292,false,
162224,106,67,false,
162225,107,57,false,
162226,108,67,false,
162227,109,67,false,
162228,110,1,false,
162229,111,57,false,
162230,113,67,false,
162231,114,77,false,
162232,115,1,false,
162233,116,67,false,
162234,117,67,false,
162235,118,67,false,
162236,119,604,false,
162237,120,67,false,
162238,121,1,false,
162239,122,57,false,
162240,124,5846,false,
162241,125,67,false,
162242,126,57,false,
162243,127,1,false,
162244,128,1,false,
162245,129,1,false,
162246,130,292,false,
162247,131,1156,false,
162248,132,1,false,
162249,133,1,false,
162250,134,67,false,
162251,135,67,false,
162252,136,5847,false,
162253,138,259,false,
162254,139,67,false,
162255,141,1,false,
162256,142,67,false,
162257,143,67,false,
162258,144,67,false,
162259,145,67,false,
162260,146,67,false,
162261,147,67,false,
162262,148,67,false,
162263,149,67,false,
162264,150,67,false,
162265,151,5848,false,
162266,152,67,false,
162267,153,67,false,
162268,155,1,false,
162269,156,67,false,
162270,157,67,false,
162271,158,67,false,
162272,159,67,false,
162273,160,67,false,
162274,161,45,false,
162275,163,67,false,
162276,164,67,false,
162277,165,68,false,
162278,166,67,false,
162279,167,67,false,
162280,168,57,false,
162281,169,259,false,
162282,170,67,false,
162283,171,67,false,
162284,172,1,false,
162285,173,67,false,
162286,174,67,false,
162287,175,67,false,
162288,23MN0084,45,false,
162289,23MN0085,87,false,
162290,23MN0126,262,false,
162291,23MN0156,45,false,
162292,23MN0157,120,false,
162293,23MN0159,150,false,
162294,23MN0161,45,false,
162295,23MN0162,262,false,
162296,23MN0165,93,false,
162297,23MN0166,2158,false,
162298,23MN0169,45,false,
162299,1243-2024,274,false,
162300,24GRASP0077,,false,
162301,24GRASP0004,,false,
162302,24GRASP0080,,false,
162303,24GRASP0033,,false,
162304,24GRASP0175,,false,
162305,24GRASP0279,,false,
162306,24GRASP0157,,false,
162307,24GRASP0101,,false,
162308,24GRASP0003,,false,
162309,24GRASP0223,,false,
162310,24GRASP0262,,false,
162311,24GRASP0122,,false,
162312,24GRASP0168,,false,
162313,24GRASP0317,,false,
162314,24GRASP0092,,false,
162315,24GRASP0006,,false,
162316,24GRASP0159,,false,
162317,24GRASP0274,,false,
162318,24GRASP0111,,false,
162319,24GRASP0291,,false,
162320,24GRASP0179,,false,
162321,24GRASP0094,,false,
162322,24GRASP0247,,false,
162323,24GRASP0023,,false,
162324,24GRASP0131,,false,
162325,24GRASP0032,,false,
162326,24GRASP0196,,false,
162327,24GRASP0108,,false,
162328,24GRASP0084,,false,
162329,24GRASP0028,,false,
162330,24GRASP0106,,false,
162331,24GRASP0043,,false,
162332,24GRASP0010,,false,
162333,24GRASP0315,,false,
162334,24GRASP0139,,false,
162335,24GRASP0134,,false,
162336,24GRASP0147,,false,
162337,24GRASP0039,,false,
162338,24GRASP0035,,false,
162339,24GRASP0304,,false,
162340,24GRASP0009,,false,
162341,24GRASP0012,,false,
162342,24GRASP0174,,false,
162343,24GRASP0048,,false,
162360,N24-1963,,false,
162361,N24-1974,,false,
162362,N24-2019,,false,
162363,N24-2029,,false,
162364,N24-2035,,false,
162365,N24-2039,,false,
162366,N24-2047,,false,
162367,N24-2050,,false,
162368,H24_383,,false,
162372,M09465,,false,
162373,Nm652441,,false,
162374,24GRASP0069,,false,
162375,24GRASP0078,,false,
162376,24GRASP0086,,false,
162377,24GRASP0110,,false,
162378,24GRASP0173,,false,
162379,24GRASP0277,,false,
162380,SMG-25-14,45,false,
162381,SMG-25-63,45,false,
162382,NM239,,false,
162383,NM243,,false,
162384,N24-1874,,false,
162385,24MN0361,120,false,
162386,24MN0362,424,false,
162387,24MN0366,87,false,
162388,24MN0367,5851,false,
162389,24MN0371,1,false,
162390,24MN0373,45,false,
162391,24MN0377,424,false,
162392,24MN0379,87,false,
162393,24MN0380,93,false,
162394,24MN0384,5852,false,
162395,24MN0388,45,false,
162396,24MN0394,62,false,
162397,24MN0395,3,false,
162398,24MN0399,62,false,
162399,24MN0401,127,false,
162400,24MN0402,262,false,
162401,24MN0405,120,false,
162402,24MN0408,45,false,
162403,24MN0417,288,false,
162404,24MN0419,49,false,
162405,24MN0420,257,false,
162406,24MN0425,150,false,
162407,24MN0426,1,false,
162408,24MN0428,62,false,
162409,24MN0431,120,false,
162410,24MN0432,288,false,
162411,24MN0433,424,false,
162412,24MN0580,87,false,
162413,24-821,,false,
162414,23MN0170,45,false,
162415,23MN0172,500,false,
162416,23MN0174,62,false,
162417,23MN0188,3,false,
162418,23MN0189,45,false,
162419,23MN0194,45,false,
162420,23MN0196,45,false,
162421,23MN0202,45,false,
162422,23MN0204,45,false,
162423,23MN0209,1,false,
162424,23MN0213,62,false,
162425,23MN0214,3,false,
162426,23MN0216,5853,false,
162427,23MN0225,45,false,
162428,23MN0227,62,false,
162429,23MN0230,3,false,
162430,23MN0232,262,false,
162431,23MN0242,2658,false,
162432,23MN0244,87,false,
162433,23MN0250,978,false,
162434,23MN0251,262,false,
162435,23MN0257,45,false,
162436,23MN0258,150,false,
162437,23MN0267,272,false,
162438,23MN0269,2208,false,
162439,23MN0281,262,false,
162440,23MN0288,45,false,
162441,23MN0290,199,false,
162442,23MN0294,45,false,
162443,23MN0297,45,false,
162444,23MN0302,87,false,
162445,23MN0308,262,false,
162446,23MN0317,127,false,
162447,23MN0319,62,false,
162448,23MN0320,1730,false,
162449,23MN0326,68,false,
162450,23MN0347,45,false,
162451,23MN0348,3,false,
162452,23MN0349,5854,false,
162453,23MN0355,45,false,
162454,23MN0369,3,false,
162455,23MN0378,93,false,
162456,23MN0381,120,false,
162457,23MN0383,45,false,
162458,23MN0401,198,false,
162459,23MN0402,4272,false,
162460,23MN0403,262,false,
162461,23MN0410,318,false,
162462,23MN0411,62,false,
162463,23MN0415,87,false,
162464,23MN0420,87,false,
162465,24MN0006,62,false,
162466,24MN0009,3,false,
162467,24MN0011,120,false,
162468,24MN0013,2658,false,
162469,24MN0014,5855,false,
162470,24MN0015,5856,false,
162471,24MN0016,45,false,
162472,24MN0017,3,false,
162473,24MN0019,45,false,
162474,24MN0023,262,false,
162475,24MN0025,58,false,
162476,24MN0026,262,false,
162477,24MN0027,77,false,
162478,24MN0029,262,false,
162479,24MN0032,45,false,
162480,24MN0035,93,false,
162481,24MN0041,262,false,
162482,24MN0047,67,false,
162483,24MN0056,791,false,
162484,24MN0059,68,false,
162485,24MN0064,45,false,
162486,24MN0065,870,false,
162487,24MN0066,120,false,
162488,24MN0078,45,false,
162489,24MN0080,104,false,
162490,24MN0081,87,false,
162491,24MN0093,262,false,
162492,24MN0094,62,false,
162493,24MN0095,396,false,
162494,24MN0107,2685,false,
162495,24MN0110,5857,false,
162496,24MN0112,45,false,
162497,24MN0116,301,false,
162498,24MN0119,45,false,
162499,24MN0120,1250,false,
162500,24MN0121,45,false,
162501,24MN0122,150,false,
162502,24MN0126,318,false,
162503,24MN0127,262,false,
162504,24MN0134,5858,false,
162505,24MN0135,5703,false,
162506,24MN0137,3,false,
162507,24MN0141,150,false,
162508,24MN0142,45,false,
162509,24MN0151,262,false,
162510,24MN0153,45,false,
162511,24MN0156,45,false,
162512,24MN0161,3,false,
162513,24MN0166,45,false,
162514,24MN0173,870,false,
162515,24MN0178,5859,false,
162516,24MN0181,45,false,
162517,24MN0189,45,false,
162518,24MN0190,103,false,
162519,24MN0191,45,false,
162520,24MN0197,87,false,
162521,24MN0198,45,false,
162522,24MN0202,318,false,
162523,24MN0206,262,false,
162524,24MN0208,45,false,
162525,24MN0212,2727,false,
162526,24MN0219,262,false,
162527,24MN0223,3,false,
162528,24MN0224,262,false,
162529,24MN0226,288,false,
162530,24MN0244,49,false,
162531,24MN0247,49,false,
162532,24MN0248,93,false,
162533,24MN0249,87,false,
162534,24MN0251,300,false,
162535,24MN0253,87,false,
162536,24MN0254,45,false,
162537,24MN0257,45,false,
162538,24MN0258,262,false,
162539,24MN0259,45,false,
162540,24MN0260,424,false,
162541,24MN0261,87,false,
162542,24MN0265,4108,false,
162543,24MN0267,45,false,
162544,24MN0269,45,false,
162545,24MN0272,5860,false,
162546,24MN0276,45,false,
162547,24MN0278,1,false,
162548,24MN0279,45,false,
162549,24MN0280,45,false,
162550,24MN0281,1,false,
162551,24MN0284,45,false,
162552,24MN0285,57,false,
162553,24MN0286,87,false,
162554,24MN0287,45,false,
162555,24MN0288,93,false,
162556,24MN0289,9,false,
162557,24MN0293,45,false,
162558,24MN0298,45,false,
162559,24MN0303,5861,false,
162560,24MN0307,137,false,
162562,24MN0323,120,false,
162563,24MN0324,262,false,
162564,24MN0326,87,false,
162565,24MN0327,3,false,
162566,24MN0329,45,false,
162567,24MN0336,45,false,
162568,24MN0340,262,false,
162569,24MN0357,120,false,
162570,3721,87,false,
162571,2024NG03047,,false,
162572,2024NG03216,,false,
162573,2024NG03232,,false,
162574,2024NG03139,,false,
162575,2024NG03192,,false,
162576,NML2024-142,65,false,
162577,NML2024-143,104,false,
162578,NML2024-144,349,false,
162579,NML2024-145,5111,false,
162580,NML2024-146,1730,false,
162581,NML2024-147,62,false,
162582,NML2024-148,62,false,
162583,NML2024-154,857,false,
162584,NML2024-155,,false,
162585,NML2024-156,,false,
162586,NML2024-158,62,false,
162587,NML2024-159,2170,false,
162589,NML2024-161,422,false,
162590,NML2024-162,4321,false,
162591,NML2024-164,141,false,
162592,NML2024-165,68,false,
162593,NML2024-166,1,false,
162594,NML2024-170,5859,false,
162595,NML2024-173,45,false,
162596,NML2024-174,1,false,
162597,NML2024-175,5862,false,
162598,NML2024-176,141,false,
162599,NML2024-177,4789,false,
162600,NML2024-181,62,false,
162617,2024NG03248,,false,
162642,VES24-4161,,false,
162643,VES24-4222,,false,
162644,VES24-4295,,false,
162692,SMG-25-118,262,false,
162693,2024NG01119,,false,
162694,2024NG01540,,false,
162695,2024NG01877,,false,
162696,2024NG02963,,false,
162697,2024NG02948,,false,
162698,2024NG03287,,false,
162699,2024NG02962,,false,
162700,2024NG03003,,false,
162701,2024NG03037,,false,
162703,2024NG02949,,false,
162704,2024NG02995,,false,
162705,N24-1992,,false,
162706,N24-2051,,false,
162707,N25-0003,,false,
162708,N25-0007,,false,
162709,NGPT83001,680,false,
162710,NGPT83002,367,false,
162711,NGPT84001,367,false,
162712,NGPT84002,367,false,
162713,NGPT84003,367,false,
162714,NGPT84004,367,false,
162715,NGPT84005,367,false,
162716,NGPT84006,367,false,
162717,NGPT85001,18,false,
162718,NGPT85002,367,false,
162719,NGPT85003,367,false,
162720,NGPT85004,367,false,
162721,NGPT85005,18,false,
162722,NGPT85006,367,false,
162723,NGPT85007,367,false,
162724,NGPT85008,636,false,
162725,NGPT85009,683,false,
162726,NGPT85010,683,false,
162727,NGPT85011,367,false,
162728,NGPT85012,18,false,
162729,NGPT85013,18,false,
162730,NGPT85014,367,false,
162731,NGPT85015,367,false,
162732,NGPT85016,18,false,
162733,NGPT85017,367,false,
162734,NGPT85018,367,false,
162735,NGPT85019,367,false,
162736,NGPT85020,367,false,
162737,NGPT85021,367,false,
162738,NGPT85022,367,false,
162739,NGPT85023,367,false,
162740,NGPT86001,367,false,
162741,NGPT86002,367,false,
162742,NGPT86003,367,false,
162743,NGPT86004,367,false,
162744,NGPT86005,18,false,
162745,NGPT86006,367,false,
162746,NGPT86007,683,false,
162747,NGPT86008,367,false,
162748,NGPT87001,367,false,
162749,NGPT87002,636,false,
162750,NGPT87003,367,false,
162751,NGPT87004,,false,
162752,NGPT87005,16,false,
162753,NGPT87006,367,false,
162754,NGPT87007,367,false,
162755,NGPT87008,683,false,
162756,NGPT87009,16,false,
162757,NGPT87010,367,false,
162758,NGPT87011,18,false,
162759,NGPT87012,367,false,
162760,NGPT87013,367,false,
162761,NGPT87014,18,false,
162762,NGPT87015,16,false,
162763,NGPT87016,16,false,
162764,NGPT87017,16,false,
162765,NGPT87018,367,false,
162766,NGPT87019,16,false,
162767,NGPT87020,16,false,
162768,NGPT87021,367,false,
162769,NGPT88001,367,false,
162770,NGPT88002,367,false,
162771,NGPT88003,367,false,
162772,NGPT88004,23,false,
162773,NGPT88005,367,false,
162774,NGPT88006,367,false,
162775,NGPT88007,367,false,
162776,NGPT88008,367,false,
162777,NGPT88009,636,false,
162778,NGPT88010,367,false,
162779,NGPT88011,367,false,
162780,NGPT88012,367,false,
162781,NGPT88013,367,false,
162782,NGPT88014,367,false,
162783,NGPT88015,367,false,
162784,NGPT88016,367,false,
162785,NGPT88017,367,false,
162786,NGPT89001,367,false,
162787,NGPT89002,367,false,
162788,NGPT89003,367,false,
162789,NGPT89004,367,false,
162790,NGPT89005,21,false,
162791,NGPT89006,367,false,
162792,NGPT89007,636,false,
162793,NGPT89008,636,false,
162794,NGPT90002,367,false,
162795,NGPT90003,21,false,
162796,NGPT90004,367,false,
162797,NGPT90005,21,false,
162798,NGPT90006,21,false,
162799,NGPT90007,367,false,
162800,NGPT90008,21,false,
162801,NGPT90009,18,false,
162802,NGPT90010,21,false,
162803,NGPT90011,21,false,
162804,NGPT90012,21,false,
162805,NGPT90013,18,false,
162806,NGPT90014,21,false,
162807,NGPT90015,21,false,
162808,NGPT90016,367,false,
162809,NGPT90017,21,false,
162810,NGPT90018,21,false,
162811,NGPT90019,636,false,
162812,NGPT90020,21,false,
162813,NGPT90021,367,false,
162814,NGPT90022,21,false,
162815,NGPT90023,21,false,
162816,NGPT90024,367,false,
162817,NGPT90028,367,false,
162818,NGPT91001,367,false,
162819,NGPT91003,16,false,
162820,NGPT91004,21,false,
162821,NGPT91005,21,false,
162822,NGPT91006,21,false,
162823,NGPT91007,21,false,
162824,NGPT91008,21,false,
162825,NGPT91009,21,false,
162826,NGPT91010,21,false,
162827,NGPT91011,21,false,
162828,NGPT91012,21,false,
162829,NGPT91013,21,false,
162830,NGPT91014,16,false,
162831,NGPT91015,21,false,
162832,NGPT91016,21,false,
162833,NGPT91017,21,false,
162834,NGPT91018,367,false,
162835,NGPT91019,367,false,
162836,NGPT91020,16,false,
162837,NGPT91021,16,false,
162838,NGPT91022,21,false,
162839,NGPT91023,16,false,
162840,NGPT91024,18,false,
162841,NGPT91025,21,false,
162842,NGPT92001,21,false,
162843,NGPT92002,21,false,
162844,NGPT92003,367,false,
162845,NGPT92004,21,false,
162846,NGPT92005,,false,
162847,NGPT92006,21,false,
162848,NGPT92007,21,false,
162849,NGPT92008,21,false,
162850,NGPT92009,21,false,
162851,NGPT92010,21,false,
162852,NGPT92011,18,false,
162853,NGPT92012,21,false,
162854,NGPT92013,21,false,
162855,NGPT92014,16,false,
162856,NGPT92015,16,false,
162857,NGPT92016,21,false,
162858,NGPT92017,21,false,
162859,NGPT92018,636,false,
162860,NGPT92019,16,false,
162861,NGPT92020,636,false,
162862,NGPT92021,18,false,
162863,NGPT92022,21,false,
162864,NGPT92023,21,false,
162865,NGPT92024,21,false,
162866,NGPT92025,21,false,
162867,NGPT92029,18,false,
162868,NGPT92030,636,false,
162869,NGPT92031,18,false,
162870,NGPT92032,22,false,
162871,NGPT92033,18,false,
162872,NGPT92034,367,false,
162873,NGPT92035,21,false,
162874,NGPT93001,642,false,
162875,NGPT93002,18,false,
162876,NGPT93003,21,false,
162877,NGPT93004,367,false,
162878,NGPT93005,18,false,
162879,NGPT93006,21,false,
162880,NGPT93007,642,false,
162881,NGPT93008,18,false,
162882,NGPT93009,642,false,
162883,NGPT93010,21,false,
162884,NGPT93011,18,false,
162885,NGPT93012,18,false,
162886,NGPT93013,18,false,
162887,NGPT93014,636,false,
162888,NGPT93015,,false,
162889,NGPT93017,16,false,
162890,NGPT93018,16,false,
162891,NGPT93019,16,false,
162892,NGPT93020,22,false,
162893,NGPT93021,16,false,
162894,NGPT93022,16,false,
162895,NGPT93023,21,false,
162896,NGPT93024,16,false,
162897,NGPT93025,18,false,
162898,NGPT93027,22,false,
162899,NGPT93028,18,false,
162900,NGPT93030,636,false,
162901,NGPT93031,16,false,
162902,NGPT94001,16,false,
162903,NGPT94002,16,false,
162904,NGPT94003,367,false,
162905,NGPT94004,367,false,
162906,NGPT94005,367,false,
162907,NGPT94006,644,false,
162908,NGPT94007,367,false,
162909,NGPT94008,644,false,
162910,NGPT94009,367,false,
162911,NGPT94010,23,false,
162912,NGPT94011,18,false,
162913,NGPT94012,21,false,
162914,NGPT94013,18,false,
162915,NGPT94014,18,false,
162916,NGPT94015,18,false,
162917,NGPT94016,,false,
162918,NGPT94017,16,false,
162919,NGPT94018,22,false,
162920,NGPT94019,367,false,
162921,NGPT94020,21,false,
162922,NGPT94021,16,false,
162923,NGPT94022,16,false,
162924,NGPT94023,16,false,
162925,NGPT94024,16,false,
162926,NGPT94025,,false,
162927,NGPT94026,636,false,
162928,NGPT94027,18,false,
162929,NGPT94028,16,false,
162930,NGPT94029,16,false,
162931,NGPT94030,16,false,
162932,NGPT94031,16,false,
162933,NGPT94032,16,false,
162934,NGPT94033,16,false,
162935,NGPT94034,,false,
162936,NGPT94035,,false,
162937,NGPT94036,21,false,
162938,NGPT94037,16,false,
162939,NGPT94038,21,false,
162940,NGPT94039,16,false,
162941,NGPT94040,367,false,
162942,NGPT94041,16,false,
162943,NGPT94042,18,false,
162944,NGPT94043,21,false,
162945,NGPT94044,18,false,
162946,NGPT94045,21,false,
162947,NGPT94046,21,false,
162948,NGPT94047,16,false,
162949,NGPT94048,16,false,
162950,NGPT94049,16,false,
162951,NGPT94050,678,false,
162952,NGPT94051,18,false,
162953,NGPT94052,22,false,
162954,NGPT94053,636,false,
162955,NGPT94054,16,false,
162956,NGPT94055,21,false,
162957,NGPT94056,18,false,
162958,NGPT94058,367,false,
162959,NGPT94059,18,false,
162960,NGPT94060,18,false,
162961,NGPT94061,16,false,
162962,NGPT94062,18,false,
162963,NGPT94063,16,false,
162964,NGPT94064,16,false,
162965,NGPT94065,16,false,
162966,NGPT94066,16,false,
162967,NGPT94067,18,false,
162968,NGPT94068,18,false,
162969,NGPT94069,367,false,
162970,NGPT94070,18,false,
162971,NGPT94071,16,false,
162972,NGPT94072,22,false,
162973,NGPT94073,22,false,
162974,NGPT94074,16,false,
162975,NGPT94075,16,false,
162976,NGPT94076,16,false,
162977,NGPT94077,22,false,
162978,NGPT94078,22,false,
162979,NGPT95001,21,false,
162980,NGPT95002,367,false,
162981,NGPT95003,367,false,
162982,NGPT95004,367,false,
162983,NGPT95005,21,false,
162984,NGPT95006,367,false,
162985,NGPT95007,367,false,
162986,NGPT95008,21,false,
162987,NGPT95009,367,false,
162988,NGPT95011,644,false,
162989,NGPT95012,636,false,
162990,NGPT95013,21,false,
162991,NGPT95014,18,false,
162992,NGPT95015,16,false,
162993,NGPT95016,16,false,
162994,NGPT95017,23,false,
162995,NGPT95018,367,false,
162996,NGPT95019,636,false,
162997,NGPT95020,16,false,
162998,NGPT95021,367,false,
162999,NGPT95022,16,false,
163000,NGPT95023,16,false,
163001,NGPT95024,367,false,
163002,NGPT95025,16,false,
163003,NGPT95026,367,false,
163004,NGPT95027,636,false,
163005,NGPT95028,630,false,
163006,NGPT95029,367,false,
163007,NGPT95030,367,false,
163008,NGPT95031,367,false,
163009,NGPT95032,367,false,
163010,NGPT95033,18,false,
163011,NGPT95034,18,false,
163012,NGPT95035,367,false,
163013,NGPT95036,367,false,
163014,NGPT95037,367,false,
163015,NGPT95038,18,false,
163016,NGPT95039,367,false,
163017,NGPT95040,367,false,
163018,NGPT95041,16,false,
163019,NGPT95042,23,false,
163020,NGPT95043,16,false,
163021,NGPT95044,16,false,
163022,NGPT95045,367,false,
163023,NGPT95046,644,false,
163024,NGPT95047,367,false,
163025,NGPT95048,18,false,
163026,NGPT95049,367,false,
163027,NGPT95050,16,false,
163028,NGPT95051,636,false,
163029,NGPT95052,824,false,
163030,NGPT95053,630,false,
163031,NGPT95054,367,false,
163032,NGPT95055,367,false,
163033,NGPT95056,367,false,
163034,NGPT95058,367,false,
163035,NGPT95059,367,false,
163036,NGPT95060,16,false,
163037,NGPT95061,367,false,
163038,NGPT95062,367,false,
163039,NGPT95064,367,false,
163040,NGPT95065,23,false,
163041,NGPT95066,18,false,
163042,NGPT95067,16,false,
163043,NGPT95068,367,false,
163044,NGPT95069,22,false,
163045,NGPT95070,16,false,
163046,NGPT95071,,false,
163047,NGPT95072,630,false,
163048,NGPT95073,367,false,
163049,NGPT95074,,false,
163050,NGPT95075,367,false,
163051,NGPT95076,16,false,
163052,NGPT95077,16,false,
163053,NGPT95078,16,false,
163054,NGPT95080,367,false,
163055,NGPT96003,367,false,
163056,NGPT96004,,false,
163057,NGPT96005,21,false,
163058,NGPT96006,367,false,
163059,NGPT96007,367,false,
163060,NGPT96008,18,false,
163061,NGPT96009,21,false,
163062,NGPT96010,367,false,
163063,NGPT96012,21,false,
163064,NGPT96013,16,false,
163065,NGPT96014,367,false,
163066,NGPT96016,,false,
163067,NGPT96017,21,false,
163068,NGPT96018,367,false,
163069,NGPT96019,21,false,
163070,NGPT96020,644,false,
163071,NGPT96021,367,false,
163072,NGPT96022,367,false,
163073,NGPT96023,367,false,
163074,NGPT96026,18,false,
163075,NGPT96027,658,false,
163076,NGPT96028,16,false,
163077,NGPT96029,643,false,
163078,NGPT96030,18,false,
163079,NGPT96031,367,false,
163080,NGPT96032,18,false,
163081,NGPT96033,630,false,
163082,NGPT96034,16,false,
163083,NGPT96035,21,false,
163084,NGPT96036,367,false,
163085,NGPT96037,642,false,
163086,NGPT96038,636,false,
163087,NGPT96039,21,false,
163088,NGPT96040,18,false,
163089,NGPT96041,21,false,
163090,NGPT96042,21,false,
163091,NGPT96043,18,false,
163092,NGPT96044,18,false,
163093,NGPT96045,630,false,
163094,NGPT96046,22,false,
163095,NGPT96047,21,false,
163096,NGPT96048,367,false,
163097,NGPT96049,367,false,
163098,NGPT96050,22,false,
163099,NGPT96051,636,false,
163100,NGPT96052,21,false,
163101,NGPT96053,18,false,
163102,NGPT96054,630,false,
163103,NGPT97001,21,false,
163104,NGPT97004,642,false,
163105,NGPT97006,642,false,
163106,NGPT97008,367,false,
163107,NGPT97009,367,false,
163108,NGPT97010,21,false,
163109,NGPT97013,18,false,
163110,NGPT97014,18,false,
163111,NGPT97015,21,false,
163112,NGPT97016,367,false,
163113,NGPT97017,367,false,
163114,NGPT97018,,false,
163115,NGPT97019,21,false,
163116,NGPT97020,21,false,
163117,NGPT97021,367,false,
163118,NGPT97022,21,false,
163119,NGPT97023,367,false,
163120,NGPT97024,21,false,
163121,NGPT97025,636,false,
163122,NGPT97026,16,false,
163123,NGPT97027,,false,
163124,NGPT97028,16,false,
163125,NGPT97029,,false,
163126,NGPT97030,18,false,
163127,NGPT97031,367,false,
163128,NGPT97032,16,false,
163129,NGPT97033,18,false,
163130,NGPT97034,367,false,
163131,NGPT97035,367,false,
163132,NGPT97036,367,false,
163133,NGPT97037,636,false,
163134,NGPT97038,367,false,
163135,NGPT97039,630,false,
163136,NGPT97040,630,false,
163137,NGPT97041,367,false,
163138,NGPT97042,16,false,
163139,NGPT97043,,false,
163140,NGPT97044,22,false,
163141,NGPT97045,,false,
163142,NGPT97046,18,false,
163143,NGPT97047,18,false,
163144,NGPT97048,367,false,
163145,NGPT97049,367,false,
163146,NGPT97050,642,false,
163147,NGPT97051,367,false,
163148,NGPT97052,18,false,
163149,NGPT97053,16,false,
163150,NGPT97054,,false,
163151,NGPT97055,367,false,
163152,NGPT97056,21,false,
163153,NGPT97057,367,false,
163154,NGPT98001,16,false,
163155,NGPT98002,18,false,
163156,NGPT99002,642,false,
163157,NGPT99003,367,false,
163158,NGPT99004,642,false,
163159,NGPT99005,642,false,
163160,NGPT99006,16,false,
163161,NGPT99007,16,false,
163162,NGPT99008,21,false,
163163,NGPT99009,642,false,
163164,NGPT99010,642,false,
163165,NGPT99011,16,false,
163166,NGPT99012,642,false,
163167,NGPT99013,18,false,
163168,NGPT00001,642,false,
163169,NGPT00002,642,false,
163170,NGPT00003,642,false,
163171,NGPT00004,642,false,
163172,NGPT00005,367,false,
163173,NGPT00006,18,false,
163174,NGPT00007,678,false,
163175,NGPT00008,16,false,
163176,NGPT00009,18,false,
163177,NGPT00010,18,false,
163178,NGPT00011,642,false,
163179,NGPT00012,16,false,
163180,NGPT00013,16,false,
163181,NGPT00015,21,false,
163182,NGPT00016,18,false,
163183,NGPT00017,,false,
163184,NGPT00018,16,false,
163185,NGPT00019,367,false,
163186,NGPT00020,678,false,
163187,NGPT00021,16,false,
163188,NGPT01001,18,false,
163189,NGPT01002,18,false,
163190,NGPT01003,642,false,
163191,NGPT01004,18,false,
163192,NGPT01006,367,false,
163193,NGPT01007,636,false,
163194,NGPT01008,16,false,
163195,NGPT01009,16,false,
163196,NGPT01010,16,false,
163197,NGPT01011,16,false,
163198,NGPT01012,18,false,
163199,NGPT01013,16,false,
163200,NGPT01014,18,false,
163201,NGPT01015,16,false,
163202,NGPT01016,,false,
163203,NGPT01017,16,false,
163204,NGPT01018,16,false,
163205,NGPT02001,18,false,
163206,NGPT02003,367,false,
163207,NGPT02004,367,false,
163208,NGPT02005,18,false,
163209,NGPT02006,18,false,
163210,NGPT02007,18,false,
163211,NGPT02008,657,false,
163212,NGPT02009,367,false,
163213,NGPT02010,16,false,
163214,NGPT02011,678,false,
163215,NGPT02012,16,false,
163216,NGPT02013,,false,
163217,NGPT02014,16,false,
163218,NGPT02015,18,false,
163219,NGPT02016,18,false,
163220,NGPT02017,636,false,
163221,NGPT02018,16,false,
163222,NGPT02019,16,false,
163223,NGPT03018,626,false,
163224,NGPT03019,367,false,
163225,NGPT03020,636,false,
163226,NGPT03021,18,false,
163227,NGPT03023,367,false,
163228,NGPT03024,367,false,
163229,NGPT03025,21,false,
163230,NGPT03027,367,false,
163231,NGPT03029,18,false,
163232,NGPT03030,18,false,
163233,NGPT07005,16,false,
163234,NGPT07007,16,false,
163235,NGPT07008,16,false,
163236,NGPT07009,367,false,
163237,NGPT07011,21,false,
163238,NGPT07014,16,false,
163239,NGPT07017,18,false,
163240,NGPT07022,16,false,
163241,NGPT07023,16,false,
163242,NGPT07026,367,false,
163243,NGPT07028,636,false,
163244,NGPT07029,636,false,
163245,NGPT07031,18,false,
163246,NGPT07032,367,false,
163247,NGPT07035,18,false,
163248,NGPT07037,678,false,
163249,NGPT07045,16,false,
163250,NGPT07047,16,false,
163251,NGPT07048,16,false,
163252,NGPT07052,367,false,
163253,NGPT07056,3866,false,
163254,NGPT07057,367,false,
163255,NGPT07061,16,false,
163256,NGPT07063,367,false,
163257,NGPT07064,16,false,
163258,NGPT07067,22,false,
163259,NGPT07070,367,false,
163260,NGPT07071,367,false,
163261,NGPT07073,21,false,
163262,NGPT07074,21,false,
163263,NGPT07079,657,false,
163264,NGPT07080,367,false,
163265,NGPT07081,367,false,
163266,NGPT07083,642,false,
163267,NGPT07084,367,false,
163268,NGPT08001,378,false,
163269,NGPT08002,367,false,
163270,NGPT08004,367,false,
163271,NGPT08005,367,false,
163272,NGPT08006,636,false,
163273,NGPT08010,367,false,
163274,NGPT08016,666,false,
163275,NGPT08027,16,false,
163276,NGPT08030,22,false,
163277,NGPT08031,16,false,
163278,NGPT08037,666,false,
163279,NGPT08038,369,false,
163280,NGPT08045,16,false,
163281,NGPT08047,,false,
163282,NGPT08048,367,false,
163283,NGPT08049,22,false,
163284,NGPT08052,367,false,
163285,NGPT08053,367,false,
163286,NGPT08059,367,false,
163287,NGPT09001,666,false,
163288,NGPT09003,16,false,
163289,NGPT09004,367,false,
163290,NGPT09005,367,false,
163291,NGPT09006,16,false,
163292,NGPT09007,16,false,
163293,NGPT09009,16,false,
163294,NGPT09010,367,false,
163295,NGPT09011,16,false,
163296,NGPT09012,367,false,
163297,NGPT09013,16,false,
163298,NGPT09017,666,false,
163299,NGPT09019,644,false,
163300,NGPT09022,16,false,
163301,NGPT09023,367,false,
163302,NGPT09024,16,false,
163303,NGPT09027,367,false,
163304,NGPT09028,367,false,
163305,NGPT09030,666,false,
163306,NGPT09032,644,false,
163307,NGPT09033,644,false,
163308,NGPT09034,644,false,
163309,NGPT09036,1122,false,
163310,NGPT09037,666,false,
163311,NGPT09041,18,false,
163312,NGPT09043,678,false,
163313,NGPT09045,18,false,
163314,NGPT09049,16,false,
163315,NGPT09050,18,false,
163316,NGPT09051,18,false,
163317,NGPT09057,367,false,
163318,NGPT09061,369,false,
163319,NGPT09062,666,false,
163320,NGPT09064,367,false,
163321,NGPT09068,1006,false,
163322,NGPT09070,18,false,
163323,NGPT09071,16,false,
163324,NGPT09073,367,false,
163325,NGPT09074,666,false,
163326,NGPT09076,626,false,
163327,NGPT09080,367,false,
163328,NGPT09081,367,false,
163329,NGPT09082,367,false,
163330,NGPT09086,18,false,
163331,NGPT10010,16,false,
163332,NGPT10018,1006,false,
163333,NGPT10021,369,false,
163334,NGPT10022,1006,false,
163335,NGPT10023,1006,false,
163336,NGPT10024,367,false,
163337,NGPT10028,1006,false,
163338,NGPT10030,666,false,
163339,NGPT10032,367,false,
163340,NGPT10033,2405,false,
163341,NGPT10041,,false,
163342,NGPT10042,1006,false,
163343,NGPT10044,1006,false,
163344,NGPT10046,1006,false,
163345,NGPT10047,367,false,
163346,NGPT10048,367,false,
163347,NGPT10050,2405,false,
163348,NGPT10052,1943,false,
163349,NGPT10053,1943,false,
163350,NGPT10056,367,false,
163351,NGPT10059,367,false,
163352,NGPT10062,367,false,
163353,NGPT10063,369,false,
163354,NGPT10070,18,false,
163355,NGPT10072,367,false,
163356,NGPT11001,367,false,
163357,NGPT11002,18,false,
163358,NGPT11004,22,false,
163359,NGPT11005,367,false,
163360,NGPT11007,367,false,
163361,NGPT11010,21,false,
163362,NGPT11014,1943,false,
163363,NGPT11016,367,false,
163364,NGPT11017,16,false,
163365,NGPT11018,367,false,
163366,NGPT11019,16,false,
163367,NGPT11020,21,false,
163368,NGPT11025,367,false,
163369,NGPT11027,16,false,
163370,NGPT11028,1006,false,
163371,NGPT11029,16,false,
163372,NGPT11031,21,false,
163373,NGPT11032,1006,false,
163374,NGPT11033,1006,false,
163375,NGPT11034,367,false,
163376,NGPT11035,663,false,
163377,NGPT11036,367,false,
163378,NGPT11038,367,false,
163379,NGPT11041,1006,false,
163380,NGPT11042,367,false,
163381,NGPT11043,21,false,
163382,NGPT11044,18,false,
163383,NGPT11045,22,false,
163384,NGPT11046,21,false,
163385,NGPT11047,18,false,
163386,NGPT11049,367,false,
163387,NGPT11050,367,false,
163388,NGPT11051,367,false,
163389,NGPT11053,367,false,
163390,NGPT11055,1006,false,
163391,NGPT11057,636,false,
163392,NGPT11058,636,false,
163393,NGPT11060,1122,false,
163394,NGPT11061,18,false,
163395,NGPT11062,18,false,
163396,NGPT11063,1006,false,
163397,NGPT11064,21,false,
163398,NGPT11067,4167,false,
163399,NGPT11068,18,false,
163400,NGPT11069,1006,false,
163401,NGPT11071,1006,false,
163402,NGPT11072,367,false,
163403,NGPT11074,21,false,
163404,NGPT11075,16,false,
163405,NGPT11078,367,false,
163406,NGPT11082,367,false,
163407,NGPT11083,18,false,
163408,NGPT11084,367,false,
163409,NGPT11085,666,false,
163410,NGPT11086,21,false,
163411,NGPT11087,644,false,
163412,NGPT11088,644,false,
163413,NGPT11090,643,false,
163414,NGPT11091,21,false,
163415,NGPT11092,21,false,
163416,NGPT11093,1122,false,
163417,NGPT11096,1006,false,
163418,NGPT11097,2405,false,
163419,NGPT11098,367,false,
163420,NGPT11099,16,false,
163421,NGPT11101,367,false,
163422,NGPT11102,3354,false,
163423,NGPT11104,16,false,
163424,NGPT11105,22,false,
163425,NGPT11106,1006,false,
163426,NGPT11109,16,false,
163427,NGPT11110,1006,false,
163428,NGPT12003,18,false,
163429,NGPT12004,1006,false,
163430,NGPT12005,636,false,
163431,NGPT12006,1740,false,
163432,NGPT12007,18,false,
163433,NGPT12008,636,false,
163434,NGPT12009,663,false,
163435,NGPT12010,636,false,
163436,NGPT12011,18,false,
163437,NGPT12013,16,false,
163438,NGPT12014,18,false,
163439,NGPT12016,18,false,
163440,NGPT12017,2405,false,
163441,NGPT12018,16,false,
163442,NGPT12019,16,false,
163443,NGPT12023,21,false,
163444,NGPT12024,18,false,
163445,NGPT12025,367,false,
163446,NGPT12028,367,false,
163447,NGPT12029,378,false,
163448,NGPT12031,21,false,
163449,NGPT12032,16,false,
163450,NGPT12033,18,false,
163451,NGPT12035,16,false,
163452,NGPT12036,666,false,
163453,NGPT12039,18,false,
163454,NGPT12040,1006,false,
163455,NGPT12041,18,false,
163456,NGPT12043,636,false,
163457,NGPT12046,,false,
163458,NGPT12047,18,false,
163459,NGPT12048,1006,false,
163460,NGPT12050,16,false,
163461,NGPT12052,1006,false,
163462,NGPT12053,16,false,
163463,NGPT12054,367,false,
163464,NGPT12055,367,false,
163465,NGPT12056,636,false,
163466,NGPT12059,367,false,
163467,NGPT12060,,false,
163468,NGPT12061,1006,false,
163469,NGPT12062,367,false,
163470,NGPT12066,636,false,
163471,NGPT12068,666,false,
163472,NGPT12069,18,false,
163473,NGPT12072,18,false,
163474,NGPT12073,663,false,
163475,NGPT12075,636,false,
163476,NGPT12076,18,false,
163477,NGPT12077,22,false,
163478,NGPT12078,627,false,
163479,NGPT12079,18,false,
163480,NGPT12080,18,false,
163481,NGPT12081,2405,false,
163482,NGPT12082,18,false,
163483,NGPT12084,636,false,
163484,NGPT12085,636,false,
163485,NGPT12086,18,false,
163486,NGPT12089,1006,false,
163487,NGPT12090,367,false,
163488,NGPT12091,18,false,
163489,NGPT12092,16,false,
163490,NGPT12093,16,false,
163491,NGPT12096,367,false,
163492,NGPT12097,633,false,
163493,NGPT12098,1006,false,
163494,NGPT12099,18,false,
163495,NGPT12102,1006,false,
163496,NGPT12104,22,false,
163497,NGPT12105,636,false,
163498,NGPT12106,21,false,
163499,NGPT12107,636,false,
163500,NGPT12108,367,false,
163501,NGPT12109,636,false,
163502,NGPT13073,18,false,
163503,NGPT13097,666,false,
163504,NGPT13113,,false,
163505,NGPT13114,1122,false,
163506,NGPT13117,367,false,
163507,NGPT13119,18,false,
163508,NGPT13120,1006,false,
163509,NGPT13121,16,false,
163510,NGPT13122,1006,false,
163511,NGPT13123,367,false,
163512,NGPT13124,18,false,
163513,NGPT13125,16,false,
163514,NGPT13126,3354,false,
163515,NGPT13127,3354,false,
163516,NGPT13128,16,false,
163517,NGPT13129,378,false,
163518,NGPT13130,16,false,
163519,NGPT13131,16,false,
163520,NGPT13132,16,false,
163521,NGPT13133,367,false,
163522,NGPT13134,3354,false,
163523,NGPT13135,3354,false,
163524,NGPT13136,16,false,
163525,NGPT13137,16,false,
163526,NGPT13138,16,false,
163527,NGPT13140,22,false,
163528,NGPT13141,16,false,
163529,NGPT13142,3354,false,
163530,NGPT13143,16,false,
163531,NGPT13144,636,false,
163532,NGPT13145,666,false,
163533,NGPT13146,627,false,
163534,NGPT13147,16,false,
163535,NGPT13148,627,false,
163536,NGPT13149,16,false,
163537,NGPT13150,367,false,
163538,NGPT14018,16,false,
163539,NGPT14020,367,false,
163540,NGPT14022,22,false,
163541,NGPT14026,16,false,
163542,NGPT14028,18,false,
163543,NGPT14032,1006,false,
163544,NGPT14034,16,false,
163545,NGPT14035,18,false,
163546,NGPT14037,18,false,
163547,NGPT14038,3354,false,
163548,NGPT14039,1006,false,
163549,NGPT14040,21,false,
163550,NGPT14041,16,false,
163551,NGPT14043,18,false,
163552,NGPT14044,16,false,
163553,NGPT14046,3354,false,
163554,NGPT14047,3354,false,
163555,NGPT14048,22,false,
163556,NGPT14051,21,false,
163557,NGPT14058,3354,false,
163558,NGPT14060,16,false,
163559,NGPT14061,3354,false,
163560,NGPT14062,16,false,
163561,NGPT14063,1006,false,
163562,NGPT14064,1006,false,
163563,NGPT14065,367,false,
163564,NGPT14068,,false,
163565,NGPT14071,16,false,
163566,NGPT14075,18,false,
163567,NGPT14080,16,false,
163568,NGPT14082,3354,false,
163569,NGPT14083,21,false,
163570,NGPT14085,,false,
163571,NGPT14087,16,false,
163572,NGPT14090,23,false,
163573,NGPT14094,16,false,
163574,NGPT14096,367,false,
163575,NGPT14098,18,false,
163576,NGPT14100,16,false,
163577,NGPT14102,18,false,
163578,NGPT14103,16,false,
163579,NGPT14108,1006,false,
163580,NGPT14109,16,false,
163581,NGPT14113,16,false,
163582,NGPT14115,3354,false,
163583,NGPT14116,16,false,
163584,NGPT14117,636,false,
163585,NGPT14119,16,false,
163586,NGPT14120,1006,false,
163587,NGPT14123,16,false,
163588,NGPT14126,16,false,
163589,NGPT14127,3354,false,
163590,NGPT14129,16,false,
163591,NGPT14131,16,false,
163592,NGPT14132,16,false,
163593,NGPT14133,18,false,
163594,NGPT14134,18,false,
163595,NGPT14135,16,false,
163596,NGPT14136,367,false,
163597,NGPT14138,18,false,
163598,NGPT14139,18,false,
163599,NGPT14140,16,false,
163600,NGPT14141,16,false,
163601,NGPT14143,18,false,
163602,NGPT14145,18,false,
163603,NGPT14147,3354,false,
163604,NGPT14148,16,false,
163605,NGPT14150,18,false,
163606,NGPT14151,18,false,
163607,NGPT14154,18,false,
163608,NGPT14158,636,false,
163609,NGPT14159,367,false,
163610,NGPT14160,18,false,
163611,NGPT14161,16,false,
163612,NGPT14164,367,false,
163613,NGPT14165,16,false,
163614,NGPT14171,16,false,
163615,NGPT14174,367,false,
163616,NGPT14175,3354,false,
163617,NGPT14176,378,false,
163618,NGPT14177,16,false,
163619,NGPT14179,1006,false,
163620,NGPT14180,3354,false,
163621,NGPT14184,16,false,
163622,NGPT14185,18,false,
163623,NGPT14186,,false,
163624,NGPT14187,18,false,
163625,NGPT14191,18,false,
163626,NGPT14192,16,false,
163627,NGPT14193,3354,false,
163628,NGPT15001,18,false,
163629,NGPT15002,16,false,
163630,NGPT15003,18,false,
163631,NGPT15004,18,false,
163632,NGPT15007,16,false,
163633,NGPT15009,18,false,
163634,NGPT15010,18,false,
163635,NGPT15012,18,false,
163636,NGPT15014,22,false,
163637,NGPT15017,18,false,
163638,NGPT15018,367,false,
163639,NGPT15020,378,false,
163640,NGPT15022,1006,false,
163641,NGPT15023,367,false,
163642,NGPT15024,367,false,
163643,NGPT15025,18,false,
163644,NGPT15028,367,false,
163645,NGPT15030,1006,false,
163646,NGPT15031,16,false,
163647,NGPT15044,1006,false,
163648,NGPT15048,1006,false,
163649,NGPT15049,16,false,
163650,NGPT15050,3354,false,
163651,NGPT15055,3354,false,
163652,NGPT15056,636,false,
163653,NGPT15061,3354,false,
163654,NGPT15064,16,false,
163655,NGPT15070,18,false,
163656,NGPT15071,18,false,
163657,NGPT15074,3354,false,
163658,NGPT15076,16,false,
163659,NGPT15078,18,false,
163660,NGPT15087,18,false,
163661,NGPT15091,3354,false,
163662,NGPT15093,16,false,
163663,NGPT15095,3354,false,
163664,NGPT15096,3354,false,
163665,NGPT15098,18,false,
163666,NGPT15099,18,false,
163667,NGPT15100,644,false,
163668,NGPT15101,16,false,
163669,NGPT15102,3354,false,
163670,NGPT15103,16,false,
163671,NGPT15110,644,false,
163672,NGPT15111,3354,false,
163673,NGPT15113,3354,false,
163674,NGPT15126,1006,false,
163675,NGPT15127,636,false,
163676,NGPT15130,378,false,
163677,NGPT15134,367,false,
163678,NGPT15137,633,false,
163679,NGPT15139,636,false,
163680,NGPT15141,1006,false,
163681,NGPT15143,16,false,
163682,NGPT15149,18,false,
163683,NGPT15152,3354,false,
163684,NGPT15153,373,false,
163685,NGPT15155,3354,false,
163686,NGPT15164,18,false,
163687,NGPT15166,3354,false,
163688,NGPT15171,1006,false,
163689,NGPT15174,657,false,
163690,NGPT15175,16,false,
163691,NGPT15176,373,false,
163692,NGPT15179,3354,false,
163693,NGPT15181,373,false,
163694,NGPT15183,18,false,
163695,NGPT15185,367,false,
163696,NGPT15188,16,false,
163697,NGPT15190,373,false,
163698,NGPT15192,3354,false,
163699,NGPT15199,1006,false,
163700,NGPT15200,16,false,
163701,NGPT15201,16,false,
163702,NGPT15202,367,false,
163703,NGPT15206,16,false,
163704,NGPT15207,18,false,
163705,NGPT15217,16,false,
163706,NGPT15218,18,false,
163707,NGPT15222,3354,false,
163708,NGPT15224,,false,
163709,NGPT15225,18,false,
163710,NGPT15226,1006,false,
163711,NGPT15229,1006,false,
163712,NGPT15237,367,false,
163713,NGPT15241,18,false,
163714,NGPT15243,16,false,
163715,NGPT15244,2405,false,
163716,NGPT15245,18,false,
163717,NGPT15246,367,false,
163718,NGPT16003,18,false,
163719,NGPT16007,21,false,
163720,NGPT16008,657,false,
163721,NGPT16009,21,false,
163722,NGPT16012,16,false,
163723,NGPT16015,,false,
163724,NGPT16016,367,false,
163725,NGPT16021,18,false,
163726,NGPT16023,18,false,
163727,NGPT16025,18,false,
163728,NGPT16027,16,false,
163729,NGPT16028,16,false,
163730,NGPT16031,367,false,
163731,NGPT16034,367,false,
163732,NGPT16038,18,false,
163733,NGPT16039,18,false,
163734,NGPT16042,1006,false,
163735,NGPT16045,666,false,
163736,NGPT16047,3354,false,
163737,NGPT16054,636,false,
163738,NGPT16057,16,false,
163739,NGPT16062,18,false,
163740,NGPT16063,3354,false,
163741,NGPT16070,16,false,
163742,NGPT16071,367,false,
163743,NGPT16074,16,false,
163744,NGPT16076,3354,false,
163745,NGPT16077,16,false,
163746,NGPT16081,18,false,
163747,NGPT16085,16,false,
163748,NGPT16086,2405,false,
163749,NGPT16087,18,false,
163750,NGPT16089,18,false,
163751,NGPT16100,18,false,
163752,NGPT16101,3354,false,
163753,NGPT16102,18,false,
163754,NGPT16105,16,false,
163755,NGPT16106,16,false,
163756,NGPT16109,18,false,
163757,NGPT16111,16,false,
163758,NGPT16112,18,false,
163759,NGPT16113,18,false,
163760,NGPT16116,16,false,
163761,NGPT16120,16,false,
163762,NGPT16123,18,false,
163763,NGPT16125,16,false,
163764,NGPT16127,18,false,
163765,NGPT16128,627,false,
163766,NGPT16136,18,false,
163767,NGPT16137,18,false,
163768,NGPT16144,18,false,
163769,NGPT16154,16,false,
163770,NGPT16158,3354,false,
163771,NGPT16170,1006,false,
163772,NGPT16171,16,false,
163773,NGPT16174,16,false,
163774,NGPT16177,367,false,
163775,NGPT16178,636,false,
163776,NGPT16179,16,false,
163777,NGPT16183,367,false,
163778,NGPT16194,18,false,
163779,NGPT16196,367,false,
163780,NGPT16199,,false,
163781,NGPT16204,18,false,
163782,NGPT16206,3354,false,
163783,NGPT16207,18,false,
163784,NGPT16211,16,false,
163785,NGPT16213,367,false,
163786,NGPT16214,18,false,
163787,NGPT16216,18,false,
163788,NGPT16223,657,false,
163789,NGPT16224,373,false,
163790,NGPT16225,373,false,
163791,NGPT16229,16,false,
163792,NGPT16230,3354,false,
163793,NGPT16231,22,false,
163794,NGPT16232,16,false,
163795,NGPT16233,18,false,
163796,NGPT16234,18,false,
163797,NGPT16235,18,false,
163798,NGPT16237,,false,
163799,NGPT16240,3354,false,
163800,NGPT16241,367,false,
163801,NGPT16246,18,false,
163802,NGPT16251,16,false,
163803,NGPT16254,18,false,
163804,NGPT16257,16,false,
163805,NGPT16260,636,false,
163806,NGPT16262,3354,false,
163807,NGPT16263,18,false,
163808,NGPT16267,3354,false,
163809,NGPT16270,367,false,
163810,NGPT16275,367,false,
163811,NGPT16276,636,false,
163812,NGPT16277,18,false,
163813,NGPT16281,367,false,
163814,NGPT16282,18,false,
163815,NGPT16285,3354,false,
163816,NGPT16287,1006,false,
163817,NGPT16288,18,false,
163818,NGPT16289,367,false,
163819,NGPT16290,3354,false,
163820,NGPT16291,16,false,
163821,NGPT16296,18,false,
163822,NGPT16298,,false,
163823,NGPT16300,3354,false,
163824,NGPT16301,18,false,
163825,NGPT16302,18,false,
163826,NGPT16304,16,false,
163827,NGPT16307,16,false,
163828,NGPT16308,627,false,
163829,NGPT16309,18,false,
163830,NGPT16314,3354,false,
163831,NGPT16319,18,false,
163832,NGPT16323,16,false,
163833,NGPT16330,18,false,
163834,NGPT16332,3354,false,
163835,NGPT16337,367,false,
163836,NGPT16345,657,false,
163837,NGPT17281,636,false,
163838,NGPT18016,16,false,
163839,NGPT18165,636,false,
163840,NGPT18278,367,false,
163841,NGPT18282,18,false,
163842,NGPT18321,654,false,
163843,NGPT18362,367,false,
163844,NGPT18555,18,false,
163845,NGPT19005,18,false,
163846,NGPT19012,367,false,
163847,NGPT19013,373,false,
163848,NGPT19014,367,false,
163849,NGPT19023,654,false,
163850,NGPT19024,636,false,
163851,NGPT19028,373,false,
163852,NGPT19040,367,false,
163853,NGPT19041,,false,
163854,NGPT19049,367,false,
163855,NGPT19055,367,false,
163856,NGPT19059,378,false,
163857,NGPT19064,18,false,
163858,NGPT19066,22,false,
163859,NGPT19073,373,false,
163860,NGPT19074,373,false,
163861,NGPT19081,654,false,
163862,NGPT19086,3354,false,
163863,NGPT19101,654,false,
163864,NGPT19106,3353,false,
163865,NGPT19113,21,false,
163866,NGPT19115,18,false,
163867,NGPT19118,16,false,
163868,NGPT19124,373,false,
163869,NGPT19125,22,false,
163870,NGPT19128,373,false,
163871,NGPT19129,654,false,
163872,NGPT19132,18,false,
163873,NGPT19137,,false,
163874,NGPT19146,4330,false,
163875,NGPT19152,367,false,
163876,NGPT19157,367,false,
163877,NGPT19162,373,false,
163878,NGPT19166,654,false,
163879,NGPT19172,654,false,
163880,NGPT19174,22,false,
163881,NGPT19189,636,false,
163882,NGPT19190,373,false,
163883,NGPT19192,18,false,
163884,NGPT19200,18,false,
163885,NGPT19201,378,false,
163886,NGPT19208,367,false,
163887,NGPT19210,3353,false,
163888,NGPT19211,654,false,
163889,NGPT19212,2813,false,
163890,NGPT19219,657,false,
163891,NGPT19224,367,false,
163892,NGPT19226,16,false,
163893,NGPT19229,3353,false,
163894,NGPT19236,636,false,
163895,NGPT19237,367,false,
163896,NGPT19240,1006,false,
163897,NGPT19243,3353,false,
163898,NGPT19244,636,false,
163899,NGPT19254,3353,false,
163900,NGPT19265,16,false,
163901,NGPT19268,636,false,
163902,NGPT19284,373,false,
163903,NGPT19291,654,false,
163904,NGPT19297,654,false,
163905,NGPT19301,4330,false,
163906,NGPT19303,1943,false,
163907,NGPT19304,3353,false,
163908,NGPT19306,3353,false,
163909,NGPT19318,1006,false,
163910,NGPT19321,18,false,
163911,NGPT19328,,false,
163912,NGPT19329,,false,
163913,NGPT19337,18,false,
163914,NGPT19338,18,false,
163915,NGPT19342,373,false,
163916,NGPT19346,1006,false,
163917,NGPT19362,636,false,
163918,NGPT19363,367,false,
163919,NGPT19375,23,false,
163920,NGPT19396,3353,false,
163921,NGPT19398,3474,false,
163922,NGPT19427,367,false,
163923,NGPT19430,378,false,
163924,NGPT19435,3359,false,
163925,NGPT19438,367,false,
163926,NGPT19441,367,false,
163927,NGPT19442,373,false,
163928,NGPT19446,18,false,
163929,NGPT19449,18,false,
163930,NGPT19450,367,false,
163931,NGPT19465,22,false,
163932,NGPT19466,636,false,
163933,NGPT19477,1006,false,
163934,NGPT19478,3353,false,
163935,NGPT19481,18,false,
163936,NGPT19485,18,false,
163937,NGPT19488,367,false,
163938,NGPT19490,3353,false,
163939,NGPT19499,373,false,
163940,NGPT19501,18,false,
163941,NGPT19505,18,false,
163942,NGPT19508,654,false,
163943,NGPT19510,3353,false,
163944,NGPT19511,16,false,
163945,NGPT19516,3359,false,
163946,NGPT19519,18,false,
163947,NGPT19536,654,false,
163948,NGPT19537,3353,false,
163949,NGPT19543,3474,false,
163950,NGPT19552,18,false,
163951,NGPT19553,3353,false,
163952,NGPT19555,373,false,
163953,NGPT19560,18,false,
163954,NGPT19561,18,false,
163955,NGPT19572,657,false,
163956,NGPT19587,367,false,
163957,NGPT19588,373,false,
163958,NGPT19589,373,false,
163959,NGPT19600,1006,false,
163960,NGPT19607,378,false,
163961,NGPT19619,3353,false,
163962,NGPT19621,3353,false,
163963,NGPT19622,18,false,
163964,NGPT19631,18,false,
163965,NGPT19639,3479,false,
163966,NGPT19645,3353,false,
163967,NGPT19672,16,false,
163968,NGPT19673,3353,false,
163969,NGPT20003,367,false,
163970,NGPT20007,373,false,
163971,NGPT20013,3479,false,
163972,NGPT20015,18,false,
163973,NGPT20018,,false,
163974,NGPT20023,367,false,
163975,NGPT20025,654,false,
163976,NGPT20026,373,false,
163977,NGPT20027,373,false,
163978,NGPT20028,654,false,
163979,NGPT20031,1122,false,
163980,NGPT20033,3354,false,
163981,NGPT20035,367,false,
163982,NGPT20036,1006,false,
163983,NGPT20037,636,false,
163984,NGPT20038,654,false,
163985,NGPT20039,16,false,
163986,NGPT20042,367,false,
163987,NGPT20043,3479,false,
163988,NGPT20046,373,false,
163989,NGPT20047,3353,false,
163990,NGPT20050,3353,false,
163991,NGPT20051,3479,false,
163992,NGPT20052,18,false,
163993,NGPT20055,1006,false,
163994,NGPT20059,3354,false,
163995,NGPT20066,3479,false,
163996,NGPT20068,654,false,
163997,NGPT20069,18,false,
163998,NGPT20073,1006,false,
163999,NGPT20076,22,false,
164000,NGPT20077,16,false,
164001,NGPT20079,3354,false,
164002,NGPT20080,3359,false,
164003,NGPT20084,373,false,
164004,NGPT20087,627,false,
164005,NGPT20089,841,false,
164006,NGPT20090,1006,false,
164007,NGPT20091,18,false,
164008,NGPT20094,654,false,
164009,NGPT20095,841,false,
164010,NGPT20096,654,false,
164011,NGPT20097,367,false,
164012,NGPT20098,22,false,
164013,NGPT20099,18,false,
164014,NGPT20100,22,false,
164015,NGPT20102,3353,false,
164016,NGPT20107,3354,false,
164017,NGPT20110,636,false,
164018,NGPT20115,22,false,
164019,NGPT20116,3966,false,
164020,NGPT20117,3479,false,
164021,NGPT20119,636,false,
164022,NGPT20120,654,false,
164023,NGPT20122,654,false,
164024,NGPT20123,654,false,
164025,NGPT20130,18,false,
164026,NGPT20131,654,false,
164027,NGPT20132,1943,false,
164028,NGPT20133,18,false,
164029,NGPT20138,654,false,
164030,NGPT20142,1122,false,
164031,NGPT20145,636,false,
164032,NGPT20148,636,false,
164033,NGPT20150,367,false,
164034,NGPT20154,654,false,
164035,NGPT20155,3353,false,
164036,NGPT20157,373,false,
164037,NGPT20158,3354,false,
164038,NGPT20159,636,false,
164039,NGPT20160,,false,
164040,NGPT20161,3353,false,
164041,NGPT20162,654,false,
164042,NGPT20163,367,false,
164043,NGPT20164,4314,false,
164044,NGPT20166,18,false,
164045,NGPT20167,18,false,
164046,NGPT20169,367,false,
164047,NGPT20170,654,false,
164048,NGPT20174,654,false,
164049,NGPT20175,367,false,
164050,NGPT20177,841,false,
164051,NGPT20183,3479,false,
164052,NGPT20187,654,false,
164053,NGPT20188,3474,false,
164054,NGPT20189,,false,
164055,NGPT20191,373,false,
164056,NGPT20193,1006,false,
164057,NGPT20194,367,false,
164058,NGPT20200,636,false,
164059,NGPT20203,3474,false,
164060,NGPT20204,367,false,
164061,NGPT20207,3353,false,
164062,NGPT20210,3353,false,
164063,NGPT20211,3353,false,
164064,NGPT20213,18,false,
164065,NGPT20220,367,false,
164066,NGPT20223,3354,false,
164067,NGPT20224,367,false,
164068,NGPT20225,654,false,
164069,NGPT20231,3479,false,
164070,NGPT20235,3353,false,
164071,NGPT20237,367,false,
164072,NGPT20238,3479,false,
164073,NGPT20241,373,false,
164074,NGPT20244,367,false,
164075,NGPT20249,18,false,
164076,NGPT20253,367,false,
164077,NGPT20258,654,false,
164078,NGPT20261,367,false,
164079,NGPT20265,636,false,
164080,NGPT20267,1122,false,
164081,NGPT20268,367,false,
164082,NGPT20269,3479,false,
164083,NGPT20270,373,false,
164084,NGPT20275,1006,false,
164085,NGPT20276,367,false,
164086,NGPT20280,367,false,
164087,NGPT20282,3359,false,
164088,NGPT20284,3966,false,
164089,NGPT20285,636,false,
164090,NGPT20286,3966,false,
164091,NGPT20290,16,false,
164092,NGPT20291,367,false,
164093,NGPT20299,367,false,
164094,NGPT20305,1122,false,
164095,NGPT20307,3966,false,
164096,NGPT20316,367,false,
164097,NGPT20322,3353,false,
164098,NGPT20359,18,false,
164099,NGPT20434,3966,false,
164100,NGPT20475,3354,false,
164101,NGPT20478,654,false,
164102,NGPT20479,654,false,
164103,NGPT21002,367,false,
164104,NGPT21018,627,false,
164105,NGPT21034,18,false,
164106,NGPT21050,373,false,
164107,NGPT21052,636,false,
164108,NGPT21056,18,false,
164109,NGPT21060,3359,false,
164110,NGPT21074,373,false,
164111,NGPT21075,3359,false,
164112,NGPT21076,18,false,
164113,NGPT21088,654,false,
164114,NGPT21092,654,false,
164115,NGPT21120,18,false,
164116,NGPT21129,18,false,
164117,NGPT21132,3359,false,
164118,NGPT21137,18,false,
164119,NGPT21149,18,false,
164120,NGPT21166,1006,false,
164121,NGPT21167,21,false,
164122,NGPT21178,2757,false,
164123,NGPT21180,18,false,
164124,NGPT21207,18,false,
164125,NGPT21214,18,false,
164126,NGPT21255,367,false,
164127,NGPT21262,1006,false,
164128,NGPT21297,654,false,
164129,NGPT21298,654,false,
164130,NGPT21302,627,false,
164131,NGPT21340,1006,false,
164132,NGPT21367,18,false,
164133,NGPT21368,367,false,
164134,NGPT21373,654,false,
164135,NGPT21374,3353,false,
164136,NGPT21376,373,false,
164137,NGPT21388,18,false,
164138,NGPT21389,18,false,
164139,NGPT21396,3474,false,
164140,NGPT21402,3353,false,
164141,NGPT21403,,false,
164142,NGPT21405,373,false,
164143,NGPT21407,373,false,
164144,NGPT21408,373,false,
164145,NGPT21411,654,false,
164146,NGPT21426,654,false,
164147,NGPT21431,18,false,
164148,NGPT21434,373,false,
164149,NGPT21460,373,false,
164150,NGPT21464,367,false,
164151,NGPT21465,3353,false,
164152,NGPT21468,367,false,
164153,NGPT21471,3359,false,
164154,NGPT21484,654,false,
164155,NGPT21485,644,false,
164156,NGPT21486,18,false,
164157,NGPT21488,3353,false,
164158,NGPT21497,3359,false,
164159,NGPT21498,1122,false,
164160,NGPT21500,373,false,
164161,NGPT21503,3479,false,
164162,NGPT21504,18,false,
164163,NGPT21506,654,false,
164164,NGPT21509,367,false,
164165,NGPT21540,3359,false,
164166,NGPT21541,3353,false,
164167,NGPT21543,654,false,
164168,NGPT21545,373,false,
164169,NGPT21546,3359,false,
164170,NGPT21547,654,false,
164171,NGPT21552,373,false,
164172,NGPT21562,3359,false,
164173,NGPT21564,367,false,
164174,NGPT21566,3966,false,
164175,NGPT21567,3353,false,
164176,NGPT21568,3966,false,
164177,NGPT21570,18,false,
164178,NGPT21571,367,false,
164179,NGPT21575,3474,false,
164180,NGPT21578,367,false,
164181,NGPT21580,18,false,
164182,NGPT21581,367,false,
164183,NGPT21582,18,false,
164184,NGPT21588,3359,false,
164185,NGPT21593,3474,false,
164186,NGPT21596,636,false,
164187,NGPT21597,3356,false,
164188,NGPT21601,4314,false,
164189,NGPT21602,1006,false,
164190,NGPT21605,16,false,
164191,NGPT21608,3359,false,
164192,NGPT21610,3474,false,
164193,NGPT21615,18,false,
164194,NGPT21616,654,false,
164195,NGPT21618,3359,false,
164196,NGPT21621,654,false,
164197,NGPT21624,1006,false,
164198,NGPT21635,3474,false,
164199,NGPT21637,1122,false,
164200,NGPT21639,627,false,
164201,NGPT21640,3474,false,
164202,NGPT21656,373,false,
164203,NGPT21667,18,false,
164204,NGPT21669,3479,false,
164205,NGPT21670,3359,false,
164206,NGPT21674,654,false,
164207,NGPT21675,1122,false,
164208,NGPT21676,636,false,
164209,NGPT21677,3359,false,
164210,NGPT21680,1006,false,
164211,NGPT21681,3353,false,
164212,NGPT21682,3353,false,
164213,NGPT21684,3359,false,
164214,NGPT21685,18,false,
164215,NGPT21690,3474,false,
164216,NGPT21691,367,false,
164217,NGPT21695,3474,false,
164218,NGPT21703,1006,false,
164219,NGPT21705,373,false,
164220,NGPT21706,18,false,
164221,NGPT21714,3474,false,
164222,NGPT21715,3474,false,
164223,NGPT21720,1122,false,
164224,NGPT21722,3359,false,
164225,NGPT21738,3359,false,
164226,NGPT21753,3359,false,
164227,NGPT21755,3353,false,
164228,NGPT21756,1122,false,
164229,NGPT21757,367,false,
164230,NGPT22005,3966,false,
164231,NGPT22006,3353,false,
164232,NGPT22013,1122,false,
164233,NGPT22014,654,false,
164234,NGPT22025,373,false,
164235,NGPT22030,18,false,
164236,NGPT22031,367,false,
164237,NGPT22034,1122,false,
164238,NGPT22035,3359,false,
164239,NGPT22038,1006,false,
164240,NGPT22042,3353,false,
164241,NGPT22044,654,false,
164242,NGPT22045,3479,false,
164243,NGPT22049,18,false,
164244,NGPT22050,3474,false,
164245,NGPT22056,22,false,
164246,NGPT22057,3474,false,
164247,NGPT22058,373,false,
164248,NGPT22059,3359,false,
164249,NGPT22064,18,false,
164250,NGPT22065,3359,false,
164251,NGPT22066,18,false,
164252,NGPT22068,3474,false,
164253,NGPT22097,3359,false,
164254,NGPT22101,373,false,
164255,NGPT22104,3479,false,
164256,NGPT22107,18,false,
164257,NGPT22112,654,false,
164258,NGPT22117,367,false,
164259,NGPT22121,3353,false,
164260,NGPT22130,3359,false,
164261,NGPT22131,,false,
164262,NGPT22133,3359,false,
164263,NGPT22134,367,false,
164264,NGPT22138,3966,false,
164265,NGPT22149,1122,false,
164266,NGPT22151,3353,false,
164267,NGPT22154,367,false,
164268,NGPT22155,367,false,
164269,NGPT22157,636,false,
164270,NGPT22164,18,false,
164271,NGPT22165,3353,false,
164272,NGPT22168,1122,false,
164273,NGPT22172,654,false,
164274,NGPT22174,3474,false,
164275,NGPT22184,18,false,
164276,NGPT22192,1006,false,
164277,NGPT22211,367,false,
164278,NGPT22212,18,false,
164279,NGPT22216,3354,false,
164280,NGPT22222,3353,false,
164281,NGPT22226,16,false,
164282,NGPT22231,3353,false,
164283,NGPT22232,367,false,
164284,NGPT22236,373,false,
164285,NGPT22237,3353,false,
164286,NGPT22247,367,false,
164287,NGPT22249,654,false,
164288,NGPT22259,636,false,
164289,NGPT22261,3359,false,
164290,NGPT22262,3359,false,
164291,NGPT22270,367,false,
164292,NGPT22279,367,false,
164293,NGPT22280,3353,false,
164294,NGPT22283,3354,false,
164295,NGPT22289,654,false,
164296,NGPT22290,18,false,
164297,NGPT22294,367,false,
164298,NGPT22295,3353,false,
164299,NGPT22297,4313,false,
164300,NGPT22307,22,false,
164301,NGPT22310,1122,false,
164302,NGPT22312,654,false,
164303,NGPT22314,3966,false,
164304,NGPT22315,367,false,
164305,NGPT22317,3474,false,
164306,NGPT22320,654,false,
164307,NGPT22321,3359,false,
164308,NGPT22322,3359,false,
164309,NGPT22325,3359,false,
164310,NGPT22327,367,false,
164311,NGPT22328,18,false,
164312,NGPT22329,367,false,
164313,NGPT22330,3359,false,
164314,NGPT22335,3359,false,
164315,NGPT22340,3353,false,
164316,NGPT22344,1122,false,
164317,NGPT22347,3353,false,
164318,NGPT22351,3353,false,
164319,NGPT22352,636,false,
164320,NGPT22353,3359,false,
164321,NGPT22360,16,false,
164322,NGPT22368,3474,false,
164323,NGPT22380,654,false,
164324,NGPT22381,,false,
164325,NGPT22385,1122,false,
164326,NGPT22399,367,false,
164327,NGPT22401,3966,false,
164328,NGPT22413,18,false,
164329,NGPT22418,1122,false,
164330,NGPT22426,1006,false,
164331,NGPT22427,3474,false,
164332,NGPT22429,367,false,
164333,NGPT22439,367,false,
164334,NGPT22442,1006,false,
164335,NGPT22443,1006,false,
164336,NGPT22444,18,false,
164337,NGPT22448,1122,false,
164338,NGPT22451,3479,false,
164339,NGPT22452,18,false,
164340,NGPT22468,3353,false,
164341,NGPT22471,367,false,
164342,NGPT22473,18,false,
164343,NGPT22482,3474,false,
164344,NGPT22483,367,false,
164345,NGPT22486,3359,false,
164346,NGPT22487,18,false,
164347,NGPT22489,3359,false,
164348,NGPT22492,654,false,
164349,NGPT22493,367,false,
164350,NGPT22498,18,false,
164351,NGPT22500,3359,false,
164352,NGPT22501,3359,false,
164353,NGPT22502,18,false,
164354,NGPT22506,3353,false,
164355,NGPT22509,3474,false,
164356,NGPT22511,1006,false,
164357,NGPT22512,3359,false,
164358,NGPT22513,3474,false,
164359,NGPT22528,373,false,
164360,NGPT22533,3359,false,
164361,NGPT22534,3479,false,
164362,NGPT22550,3353,false,
164363,NGPT22557,654,false,
164364,NGPT22558,3359,false,
164365,NGPT22559,3359,false,
164366,NGPT22567,367,false,
164367,NGPT22568,3474,false,
164368,NGPT22578,367,false,
164369,NGPT22581,3359,false,
164370,NGPT22582,3359,false,
164371,NGPT22584,3474,false,
164372,NGPT22590,373,false,
164373,NGPT22594,3353,false,
164374,NGPT22595,1006,false,
164375,NGPT22600,3359,false,
164376,NGPT22602,636,false,
164377,NGPT22603,22,false,
164378,NGPT22605,3359,false,
164379,NGPT22614,1122,false,
164380,NGPT22617,16,false,
164381,NGPT22619,3359,false,
164382,NGPT22623,367,false,
164383,NGPT22624,3359,false,
164384,NGPT22631,3479,false,
164385,NGPT22638,3353,false,
164386,NGPT22643,654,false,
164387,NGPT22645,367,false,
164388,NGPT22665,654,false,
164389,NGPT22666,22,false,
164390,NGPT22668,654,false,
164391,NGPT22670,1122,false,
164392,NGPT22674,3359,false,
164393,NGPT22681,16,false,
164394,NGPT22686,3353,false,
164395,NGPT22690,654,false,
164396,NGPT22691,3359,false,
164397,NGPT22694,3479,false,
164398,NGPT22696,367,false,
164399,NGPT22700,18,false,
164400,NGPT22705,373,false,
164401,NGPT22716,3474,false,
164402,NGPT22729,3474,false,
164403,NGPT22731,367,false,
164404,NGPT22734,3474,false,
164405,NGPT22735,367,false,
164406,NGPT22740,3353,false,
164407,NGPT22746,3966,false,
164408,NGPT22751,3353,false,
164409,NGPT22755,3359,false,
164410,NGPT22756,3359,false,
164411,NGPT22759,636,false,
164412,NGPT22764,367,false,
164413,NGPT22772,367,false,
164414,NGPT22773,3359,false,
164415,NGPT22786,654,false,
164416,NGPT22788,367,false,
164417,NGPT22799,3359,false,
164418,NGPT22800,22,false,
164419,NGPT22803,657,false,
164420,NGPT22815,3474,false,
164421,NGPT22816,3474,false,
164422,NGPT22818,3353,false,
164423,NGPT22825,367,false,
164424,NGPT22837,367,false,
164425,NGPT23004,636,false,
164426,NGPT23035,367,false,
164427,NGPT23037,367,false,
164428,NGPT23044,3479,false,
164429,NGPT23045,3359,false,
164430,NGPT23056,3479,false,
164431,NGPT23063,16,false,
164432,NGPT23087,367,false,
164433,NGPT23093,367,false,
164434,NGPT23101,367,false,
164435,NGPT23102,367,false,
164436,NGPT23104,367,false,
164437,NGPT23112,4644,false,
164438,NGPT23116,654,false,
164439,NGPT23127,373,false,
164440,NGPT23129,3474,false,
164441,NGPT23133,16,false,
164442,NGPT23147,18,false,
164443,NGPT23151,3474,false,
164444,NGPT23164,367,false,
164445,NGPT23165,367,false,
164446,NGPT23166,367,false,
164447,NGPT23168,18,false,
164448,NGPT23170,18,false,
164449,NGPT23175,367,false,
164450,NGPT23176,18,false,
164451,NGPT23177,3353,false,
164452,NGPT23183,367,false,
164453,NGPT23192,367,false,
164454,NGPT23193,3359,false,
164455,NGPT23194,18,false,
164456,NGPT23206,,false,
164457,NGPT23207,632,false,
164458,NGPT23209,367,false,
164459,NGPT23210,22,false,
164460,NGPT23212,3479,false,
164461,NGPT23215,18,false,
164462,NGPT23216,3966,false,
164463,NGPT23224,367,false,
164464,NGPT23225,367,false,
164465,NGPT23226,378,false,
164466,NGPT23228,367,false,
164467,NGPT23233,3479,false,
164468,NGPT23235,367,false,
164469,NGPT23242,367,false,
164470,NGPT23245,3353,false,
164471,NGPT23252,373,false,
164472,NGPT23253,3474,false,
164473,NGPT23257,367,false,
164474,NGPT23258,373,false,
164475,NGPT23263,3474,false,
164476,NGPT23267,3353,false,
164477,NGPT23276,3359,false,
164478,NGPT23279,16,false,
164479,NGPT23282,636,false,
164480,NGPT23285,3479,false,
164481,NGPT23290,373,false,
164482,NGPT23293,367,false,
164483,NGPT23308,3353,false,
164484,NGPT23310,367,false,
164485,NGPT23313,367,false,
164486,NGPT23315,657,false,
164487,NGPT23317,373,false,
164488,NGPT23319,3479,false,
164489,NGPT23323,3474,false,
164490,NGPT23324,3353,false,
164491,NGPT23326,367,false,
164492,NGPT23329,3353,false,
164493,NGPT23332,373,false,
164494,NGPT23347,3474,false,
164495,NGPT23348,367,false,
164496,NGPT23352,18,false,
164497,NGPT23355,3353,false,
164498,NGPT23356,367,false,
164499,NGPT23362,3474,false,
164500,NGPT23363,3353,false,
164501,NGPT23364,3353,false,
164502,NGPT23366,367,false,
164503,NGPT23373,18,false,
164504,NGPT23375,367,false,
164505,NGPT23391,18,false,
164506,NGPT23392,367,false,
164507,NGPT23399,657,false,
164508,NGPT23405,3474,false,
164509,NGPT23425,373,false,
164510,NGPT23433,3479,false,
164511,NGPT23441,367,false,
164512,NGPT23442,367,false,
164513,NGPT23445,,false,
164514,NGPT23452,,false,
164515,NGPT23454,367,false,
164516,NGPT23455,367,false,
164517,NGPT23460,367,false,
164518,NGPT23462,367,false,
164519,NGPT23463,367,false,
164520,NGPT23466,367,false,
164521,NGPT23467,18,false,
164522,NGPT23469,3353,false,
164523,NGPT23475,18,false,
164524,NGPT23489,3474,false,
164525,NGPT23493,367,false,
164526,NGPT23495,373,false,
164527,NGPT23515,373,false,
164528,NGPT23516,3474,false,
164529,NGPT23517,3474,false,
164530,NGPT23522,3353,false,
164531,NGPT23530,18,false,
164532,NGPT23532,367,false,
164533,NGPT23533,3474,false,
164534,NGPT23538,3353,false,
164535,NGPT23544,654,false,
164536,NGPT23559,367,false,
164537,NGPT23561,367,false,
164538,NGPT23565,18,false,
164539,NGPT23575,373,false,
164540,NGPT23623,367,false,
164541,NGPT23637,373,false,
164542,NGPT23638,373,false,
164543,NGPT23645,367,false,
164544,NGPT23652,657,false,
164545,NGPT23664,5671,false,
164546,NGPT23685,367,false,
164547,NGPT23691,367,false,
164548,NGPT23702,367,false,
164549,NGPT23712,18,false,
164550,NGPT23725,373,false,
164551,NGPT23727,3359,false,
164552,NGPT23735,373,false,
164553,NGPT23746,3966,false,
164554,NGPT23763,3353,false,
164555,NGPT23792,3353,false,
164556,NGPT23852,3479,false,
164557,NGPT23856,18,false,
164558,NGPT23859,18,false,
164559,NGPT23862,367,false,
164560,NGPT23880,5671,false,
164583,71094,,false,
164584,71098,,false,
164585,202454829,,false,
164586,12940,,false,
164587,25GB000040,,false,
164695,SMG-25-141,262,false,
164696,24-820,,false,
164697,25-2,,false,
164698,25-5,,false,
164699,25-6,,false,
164700,25-13,,false,
164701,24MN0434,262,false,
164702,24MN0435,104,false,
164703,24MN0437,87,false,
164704,24MN0447,45,false,
164705,24MN0453,5869,false,
164706,24MN0456,45,false,
164707,24MN0460,3,false,
164708,24MN0464,318,false,
164709,24MN0467,62,false,
164710,24MN0474,3,false,
164711,24MN0485,2887,false,
164712,24MN0486,45,false,
164713,24MN0489,93,false,
164714,24MN0491,45,false,
164715,LNP35267,178,false,
164716,2024NG03288,,false,
164717,SMG-25-75,407,false,
164718,202454321,,false,
164719,202454659,,false,
164720,202454910,,false,
164721,202454914,,false,
164722,202454915,,false,
164723,202455322,,false,
164724,202455328,,false,
164725,N25-0011,,false,
164726,N25-0023,,false,
164727,N25-0024,,false,